1877.742090 13.709000 0.060000
1879.738960 13.411000 0.057000
1884.756250 13.392000 0.051000
1885.824790 13.968000 0.047000
1887.720490 13.277000 0.051000
1899.749900 13.390000 0.044000
1900.759940 13.762000 0.046000
1902.746170 13.703000 0.047000
1903.769250 13.441000 0.048000
1904.760540 13.929000 0.056000
1905.752880 13.919000 0.054000
1906.748590 13.672000 0.048000
1907.753500 13.333000 0.047000
1908.745470 14.118000 0.048000
1913.717830 13.662000 0.040000
1915.729260 13.131000 0.049000
1919.764690 13.239000 0.047000
1920.716430 14.089000 0.043000
1921.712880 13.746000 0.048000
1922.712140 13.532000 0.049000
1924.701880 14.092000 0.051000
1926.699170 13.566000 0.045000
1928.700990 13.936000 0.047000
1929.696270 13.710000 0.047000
1930.696830 13.522000 0.045000
1931.691570 13.357000 0.046000
1932.687130 13.880000 0.046000
1933.687180 13.808000 0.049000
1934.685980 13.390000 0.045000
1936.660010 13.647000 0.045000
1937.698290 13.944000 0.046000
1946.680530 13.192000 0.049000
1952.642820 13.783000 0.060000
1958.622110 13.006000 0.057000
1961.628380 13.448000 0.054000
1966.616650 13.268000 0.056000
2031.469650 13.646000 0.051000
2033.488200 13.992000 0.052000
2068.488320 13.401000 0.041000
2085.478490 13.843000 0.052000
2185.853100 12.983000 0.056000
2189.887560 12.842000 0.055000
2239.762960 13.192000 0.059000
2440.456440 13.832000 0.051000
2443.463420 13.055000 0.046000
2454.474140 13.583000 0.057000
2470.457590 13.398000 0.059000
2557.832400 13.822000 0.057000
2559.848350 13.621000 0.048000
2562.822980 13.917000 0.050000
2610.632680 13.052000 0.062000
2610.639350 13.233000 0.062000
2610.643800 13.257000 0.061000
2611.723520 13.280000 0.046000
2611.725740 13.172000 0.046000
2611.727960 13.269000 0.046000
2611.730200 13.304000 0.048000
2611.732420 13.164000 0.046000
2611.734630 13.101000 0.046000
2611.736850 13.073000 0.047000
2611.739060 13.145000 0.047000
2611.741290 13.170000 0.045000
2611.743510 13.055000 0.047000
2611.745720 13.168000 0.047000
2611.747940 13.154000 0.046000
2611.750160 13.249000 0.046000
2611.754600 13.086000 0.046000
2611.756810 13.043000 0.047000
2611.759030 13.124000 0.045000
2611.761250 13.181000 0.047000
2611.763470 12.973000 0.047000
2611.765690 13.251000 0.046000
2611.767910 13.099000 0.047000
2611.770130 13.124000 0.059000
2611.772340 13.110000 0.059000
2611.774560 13.231000 0.059000
2611.776790 13.269000 0.059000
2611.779010 13.352000 0.059000
2611.781230 13.132000 0.058000
2611.783450 13.249000 0.058000
2611.785670 13.037000 0.059000
2611.787880 13.142000 0.057000
2611.790110 13.168000 0.058000
2611.792330 13.322000 0.059000
2611.794550 13.371000 0.060000
2611.796770 13.162000 0.059000
2611.798980 13.270000 0.058000
2611.801220 13.219000 0.057000
2611.803430 13.317000 0.059000
2611.805650 13.401000 0.057000
2611.807870 13.422000 0.058000
2611.810100 13.530000 0.058000
2611.812310 13.316000 0.057000
2611.814530 13.353000 0.057000
2611.816750 13.497000 0.056000
2611.818970 13.323000 0.056000
2611.821210 13.357000 0.058000
2611.823420 13.256000 0.057000
2611.825640 13.367000 0.059000
2611.848770 13.446000 0.050000
2611.850980 13.405000 0.052000
2611.853210 13.292000 0.052000
2611.855500 13.463000 0.051000
2611.857710 13.556000 0.051000
2611.859940 13.406000 0.052000
2613.637940 13.614000 0.050000
2613.669050 13.463000 0.049000
2613.673500 13.621000 0.049000
2613.684600 13.611000 0.049000
2613.689050 13.471000 0.047000
2613.695730 13.491000 0.049000
2614.656960 13.283000 0.050000
2614.661390 13.335000 0.049000
2614.663610 13.330000 0.049000
2614.665830 13.390000 0.048000
2614.668060 13.255000 0.048000
2614.670280 13.432000 0.046000
2614.672500 13.322000 0.046000
2614.676950 13.447000 0.047000
2614.679170 13.245000 0.046000
2614.683610 13.183000 0.046000
2614.685850 13.401000 0.046000
2614.690300 13.555000 0.047000
2614.692510 13.416000 0.046000
2614.699170 13.610000 0.046000
2614.701390 13.397000 0.047000
2614.703610 13.342000 0.048000
2614.708060 13.612000 0.047000
2614.710270 13.454000 0.048000
2614.712490 13.300000 0.046000
2614.714710 13.300000 0.046000
2614.719150 13.530000 0.047000
2614.721370 13.584000 0.045000
2614.723590 13.606000 0.045000
2614.725810 13.547000 0.045000
2614.732470 13.442000 0.045000
2614.736910 13.471000 0.045000
2614.739120 13.606000 0.047000
2614.741340 13.435000 0.046000
2614.743570 13.541000 0.045000
2614.756910 13.568000 0.049000
2614.761380 13.558000 0.050000
2614.768060 13.686000 0.048000
2614.770280 13.508000 0.050000
2614.772500 13.581000 0.050000
2614.774730 13.708000 0.050000
2614.776950 13.586000 0.051000
2614.781380 13.592000 0.051000
2614.821420 13.720000 0.052000
2614.823640 13.600000 0.052000
2614.825850 13.632000 0.052000
2614.828070 13.746000 0.050000
2614.834730 13.641000 0.050000
2614.850280 13.727000 0.050000
2615.610900 13.836000 0.053000
2615.613110 13.999000 0.053000
2615.621990 13.773000 0.054000
2615.626420 13.894000 0.055000
2615.630860 14.240000 0.054000
2615.659770 14.056000 0.051000
2615.677550 14.062000 0.047000
2615.681990 13.870000 0.045000
2615.686430 13.806000 0.047000
2615.693080 13.778000 0.045000
2615.697510 13.618000 0.045000
2615.699740 13.667000 0.044000
2615.701960 13.554000 0.044000
2615.704170 13.523000 0.045000
2615.706390 13.467000 0.046000
2615.708610 13.595000 0.046000
2615.710820 13.417000 0.045000
2615.713050 13.518000 0.047000
2615.715270 13.396000 0.048000
2615.717490 13.479000 0.049000
2615.724160 13.381000 0.045000
2615.726380 13.465000 0.044000
2615.728600 13.294000 0.043000
2615.730820 13.278000 0.045000
2615.733040 13.278000 0.046000
2615.735260 13.293000 0.047000
2615.737490 13.097000 0.045000
2615.739700 13.055000 0.045000
2615.741920 13.108000 0.045000
2615.744150 13.197000 0.044000
2615.746370 13.112000 0.044000
2615.748590 13.087000 0.044000
2615.750810 13.208000 0.043000
2615.753020 13.204000 0.044000
2615.755260 13.147000 0.044000
2615.757480 13.241000 0.044000
2615.759700 13.216000 0.050000
2615.761930 13.267000 0.046000
2615.764160 12.976000 0.050000
2615.779740 13.210000 0.048000
2615.781960 13.125000 0.047000
2615.784180 13.046000 0.044000
2615.786390 13.029000 0.046000
2615.788620 12.992000 0.045000
2615.804180 13.244000 0.048000
2615.806410 13.345000 0.045000
2615.808630 13.420000 0.046000
2615.821940 13.450000 0.049000
2615.824150 13.375000 0.045000
2615.826370 13.294000 0.044000
2615.828590 13.400000 0.044000
2615.830820 13.332000 0.045000
2615.833040 13.339000 0.045000
2615.835270 13.415000 0.045000
2615.837490 13.427000 0.043000
2615.841940 13.413000 0.045000
2615.848730 13.552000 0.046000
2615.850950 13.710000 0.046000
2617.603390 13.371000 0.060000
2617.605620 13.243000 0.057000
2617.612270 13.461000 0.057000
2617.630050 13.616000 0.055000
2617.636740 13.616000 0.054000
2617.638960 13.637000 0.053000
2617.643420 13.663000 0.052000
2617.652320 13.650000 0.049000
2617.656750 13.707000 0.050000
2617.672320 13.771000 0.048000
2617.701200 13.701000 0.046000
2617.705640 13.768000 0.046000
2617.725630 13.692000 0.045000
2617.732290 13.721000 0.045000
2617.754520 13.761000 0.044000
2617.758950 13.677000 0.046000
2617.783420 13.719000 0.047000
2617.792320 13.664000 0.048000
2617.832300 13.939000 0.045000
2618.603530 12.978000 0.059000
2618.607970 13.013000 0.058000
2618.610190 13.239000 0.058000
2618.616840 13.165000 0.058000
2618.619070 13.125000 0.058000
2618.621290 13.107000 0.057000
2618.625730 13.184000 0.057000
2618.630170 13.153000 0.057000
2618.641270 13.253000 0.056000
2618.647940 13.280000 0.054000
2618.654610 13.242000 0.052000
2618.656830 13.186000 0.052000
2618.659060 13.040000 0.053000
2618.661280 13.241000 0.052000
2618.663490 13.212000 0.051000
2618.665710 13.128000 0.052000
2618.667930 13.073000 0.052000
2618.670140 13.142000 0.051000
2618.672380 13.380000 0.050000
2618.676850 13.349000 0.049000
2618.681280 13.375000 0.050000
2618.687950 13.439000 0.049000
2618.696840 13.472000 0.050000
2618.752350 13.601000 0.048000
2618.754570 13.455000 0.048000
2618.776840 13.496000 0.050000
2619.725310 13.156000 0.048000
2619.745330 13.192000 0.048000
2619.749780 13.016000 0.050000
2619.783120 13.057000 0.053000
2619.800910 13.104000 0.055000
2623.793020 13.300000 0.036000
2625.785500 13.970000 0.037000
2637.767550 14.025000 0.036000
2639.792600 13.204000 0.039000
2642.721340 13.255000 0.037000
2644.756300 13.909000 0.040000
2646.738090 13.362000 0.037000
2649.725400 13.608000 0.035000
2651.695330 14.111000 0.035000
2655.749500 13.743000 0.037000
2658.718980 13.190000 0.038000
2662.706850 13.185000 0.037000
2666.695870 12.994000 0.034000
2670.694940 13.036000 0.035000
2672.702530 13.984000 0.035000
2674.683570 13.264000 0.036000
2676.674470 14.012000 0.038000
2680.656010 13.905000 0.035000
2681.779100 13.710000 0.040000
2688.797410 13.871000 0.041000
2690.722480 13.091000 0.047000
2692.779190 13.789000 0.040000
2694.700260 13.619000 0.038000
2696.715410 13.764000 0.040000
2698.710670 13.569000 0.037000
2700.693900 13.961000 0.038000
2704.661490 13.726000 0.040000
2706.640480 13.945000 0.037000
2709.681910 13.220000 0.041000
2710.821990 13.220000 0.035000
2713.709300 13.275000 0.037000
2717.770210 13.433000 0.043000
2720.610900 13.579000 0.039000
2723.662150 13.775000 0.043000
2725.652600 13.094000 0.038000
2727.646270 13.965000 0.040000
2732.722670 13.753000 0.044000
2734.580910 13.955000 0.041000
2736.551580 13.085000 0.039000
2739.671000 13.850000 0.044000
2741.626740 13.980000 0.037000
2742.731970 13.982000 0.036000
2744.621370 13.534000 0.035000
2747.666640 13.712000 0.037000
2751.560720 13.608000 0.035000
2754.561460 13.895000 0.037000
2756.560950 13.035000 0.033000
2760.570010 12.997000 0.036000
2762.566100 13.944000 0.038000
2764.550680 13.234000 0.036000
2766.608300 13.989000 0.035000
2770.602890 13.957000 0.038000
2783.506640 13.268000 0.044000
2785.510690 13.932000 0.039000
2787.510540 13.190000 0.036000
2790.542290 13.778000 0.038000
2809.536560 13.837000 0.035000
2811.535010 13.117000 0.033000
2834.465890 13.211000 0.041000
2836.470610 13.852000 0.038000
2886.905940 13.694000 0.041000
2894.904280 13.905000 0.040000
2899.891740 13.753000 0.036000
2906.890880 13.926000 0.036000
2916.844730 12.982000 0.037000
2931.848700 13.532000 0.038000
2934.838280 13.878000 0.037000
2942.844680 13.882000 0.036000
2946.782180 13.771000 0.039000
2960.800410 13.813000 0.037000
2963.809080 13.177000 0.035000
2970.817630 13.823000 0.036000
2974.765390 13.709000 0.044000
2976.807660 13.935000 0.036000
2978.806840 13.435000 0.036000
2981.773360 13.868000 0.040000
2987.773150 13.640000 0.043000
2990.775090 13.304000 0.038000
2993.770760 13.777000 0.036000
2996.748850 13.960000 0.035000
2998.808500 13.376000 0.036000
3006.731910 13.186000 0.035000
3008.757600 13.914000 0.037000
3010.770180 13.118000 0.035000
3013.701600 13.613000 0.035000
3016.765350 14.042000 0.036000
3018.770170 13.194000 0.038000
3023.759530 13.921000 0.037000
3030.757830 12.995000 0.033000
3033.658660 13.232000 0.036000
3039.824490 14.238000 0.038000
3042.728370 13.427000 0.036000
3045.622590 13.192000 0.037000
3048.673290 13.862000 0.037000
3053.702020 13.246000 0.036000
3058.591460 13.760000 0.035000
3060.656560 13.639000 0.034000
3067.730990 14.000000 0.035000
3069.734710 13.419000 0.037000
3073.801790 13.338000 0.037000
3076.609600 13.285000 0.033000
3078.607790 13.999000 0.035000
3086.652840 14.115000 0.035000
3092.658080 13.484000 0.034000
3096.644730 13.342000 0.035000
3100.688950 13.567000 0.035000
3104.694520 13.421000 0.038000
3110.703210 13.731000 0.035000
3112.701400 13.351000 0.034000
3115.513230 13.270000 0.036000
3118.653530 14.174000 0.037000
3122.552550 13.593000 0.033000
3124.583600 13.586000 0.036000
3126.603560 13.860000 0.037000
3128.625260 12.996000 0.035000
3132.646190 13.061000 0.037000
3134.652060 13.761000 0.035000
3146.579440 13.675000 0.042000
3163.505600 13.496000 0.035000
3165.525420 13.760000 0.038000
3168.527190 14.099000 0.034000
3171.558170 13.006000 0.039000
3176.457910 13.826000 0.034000
3179.494580 13.989000 0.037000
3184.499180 13.839000 0.036000
3187.477440 13.956000 0.038000
3357.777940 13.674000 0.048000
3363.761860 13.825000 0.057000
3387.686680 14.038000 0.049000
3389.732160 13.239000 0.051000
3391.787340 13.817000 0.049000
3393.811950 13.848000 0.039000
3394.794850 12.972000 0.047000
3397.652150 12.974000 0.045000
3399.712520 13.977000 0.048000
3404.727340 13.843000 0.050000
3406.773960 13.725000 0.046000
3411.673840 13.873000 0.047000
3415.740570 13.864000 0.048000
3431.770690 13.949000 0.054000
3437.563290 13.888000 0.050000
3440.594340 13.039000 0.047000
3443.632220 13.610000 0.051000
3445.618900 14.114000 0.056000
3457.687910 13.999000 0.041000
3459.670020 13.459000 0.045000
3466.541200 14.000000 0.053000
3471.554370 13.220000 0.043000
3473.549470 14.090000 0.044000
3481.628950 13.888000 0.056000
3487.650120 13.447000 0.044000
3492.649830 13.351000 0.053000
3499.654960 13.428000 0.045000
3502.499960 13.446000 0.045000
3509.561760 13.901000 0.040000
3512.561050 14.235000 0.053000
3520.552120 13.991000 0.042000
3526.586970 13.430000 0.045000
3529.496180 13.669000 0.051000
3539.504530 14.014000 0.062000
3547.490990 13.795000 0.039000
3554.496160 13.134000 0.040000
3558.478460 13.259000 0.042000
3561.463970 13.377000 0.042000
3564.471400 13.858000 0.043000
3631.888630 13.452000 0.042000
3636.892690 13.401000 0.044000
3641.872060 13.887000 0.045000
3654.851140 13.586000 0.053000
3657.853900 13.790000 0.048000
3664.833670 13.792000 0.060000
3668.865140 14.018000 0.042000
3672.822850 14.108000 0.044000
3699.781840 14.051000 0.057000
3703.767390 13.846000 0.059000
3707.765150 14.016000 0.047000
3712.828700 13.739000 0.046000
3721.768240 13.609000 0.046000
3737.739930 13.304000 0.047000
3740.709120 13.608000 0.045000
3745.791310 13.443000 0.045000
3758.673320 13.867000 0.054000
3760.751960 13.483000 0.046000
3765.780950 13.178000 0.047000
3768.652220 13.270000 0.045000
3787.737540 14.026000 0.047000
3792.632050 13.321000 0.049000
3794.686250 14.010000 0.041000
3796.709700 13.324000 0.041000
3801.588580 14.115000 0.049000
3817.595560 13.925000 0.060000
3819.623860 13.447000 0.050000
3830.596290 13.688000 0.042000
3832.611100 14.088000 0.045000
3834.602620 13.725000 0.043000
3850.616420 13.643000 0.045000
3852.611630 13.839000 0.040000
3854.622660 13.408000 0.047000
3861.622670 13.989000 0.049000
3868.527160 13.881000 0.042000
3870.529790 13.212000 0.040000
3872.546900 13.868000 0.051000
3876.551570 13.794000 0.049000
3882.507800 13.019000 0.054000
3886.516750 13.096000 0.044000
3890.542650 13.129000 0.055000
3896.550030 13.560000 0.043000
3901.530790 13.570000 0.044000
3903.550950 14.223000 0.042000
3905.544350 13.715000 0.046000
3908.478970 13.768000 0.041000
4089.724570 13.107000 0.053000
4103.803090 14.378000 0.043000
4106.714440 14.313000 0.039000
4109.770820 13.148000 0.046000
4125.666500 14.081000 0.045000
4127.713250 13.714000 0.042000
4129.712180 13.873000 0.040000
4131.752150 13.748000 0.049000
4133.782090 12.876000 0.053000
4140.683550 13.145000 0.044000
4142.711420 13.843000 0.053000
4144.750800 13.300000 0.042000
4147.608000 13.366000 0.044000
4150.681280 13.718000 0.052000
4152.691350 13.089000 0.045000
4154.710310 13.957000 0.060000
4156.711930 13.161000 0.047000
4160.732790 13.198000 0.042000
4162.729600 13.648000 0.042000
4164.747570 13.141000 0.042000
4172.753310 13.197000 0.042000
4182.634250 13.779000 0.045000
4184.629960 14.179000 0.051000
4190.655400 13.684000 0.047000
4200.619010 13.807000 0.045000
4203.626930 13.114000 0.043000
4205.629500 13.994000 0.050000
4208.694040 13.688000 0.061000
4216.655050 13.713000 0.050000
4231.564270 14.114000 0.054000
4235.566400 14.001000 0.045000
4246.541630 13.191000 0.041000
4249.522080 13.374000 0.039000
4256.539430 13.920000 0.040000
4258.550170 13.125000 0.047000
4278.488950 13.932000 0.042000
4285.505150 13.421000 0.049000
4293.465940 13.256000 0.040000
4297.474800 13.281000 0.046000
4300.465710 13.420000 0.048000
4372.877790 13.614000 0.048000
4380.865320 13.923000 0.052000
4392.847840 13.908000 0.057000
4411.814690 14.139000 0.056000
4421.836180 13.396000 0.048000
4425.848870 13.647000 0.045000
4429.782680 13.343000 0.044000
4432.808470 13.801000 0.043000
4435.817520 13.605000 0.043000
4441.826210 13.426000 0.043000
4448.773900 13.416000 0.049000
4457.750710 13.173000 0.051000
4463.734140 13.801000 0.043000
4466.731870 14.022000 0.051000
4478.769610 13.459000 0.044000
4487.735360 13.634000 0.063000
4489.791860 13.409000 0.043000
4492.657530 13.424000 0.041000
4497.821040 13.252000 0.050000
4502.793160 14.079000 0.042000
4505.628000 13.934000 0.046000
4507.684760 13.490000 0.049000
4515.761970 13.936000 0.046000
4518.593130 13.638000 0.040000
4522.637960 13.659000 0.044000
4524.657700 14.026000 0.042000
4526.671330 14.011000 0.042000
4528.722040 13.300000 0.045000
4530.818340 13.958000 0.041000
4536.688320 13.946000 0.046000
4538.730930 13.830000 0.058000
4540.787720 13.309000 0.056000
4548.719940 14.043000 0.045000
4551.652410 12.953000 0.044000
4555.698180 13.358000 0.042000
4557.750240 14.133000 0.044000
4560.574190 14.076000 0.040000
4562.622070 13.606000 0.044000
4566.691210 13.853000 0.041000
4568.702250 14.151000 0.042000
4570.722580 13.553000 0.048000
4572.638590 13.817000 0.044000
4574.654610 13.653000 0.047000
4580.630190 13.956000 0.040000
4583.686950 13.108000 0.045000
4589.602720 13.746000 0.043000
4591.631750 14.285000 0.042000
4594.525120 13.641000 0.043000
4600.548260 13.807000 0.046000
4602.578850 13.302000 0.044000
4607.482160 14.170000 0.041000
4609.532340 13.501000 0.053000
4611.595370 13.905000 0.049000
4620.513510 13.608000 0.044000
4623.511910 13.936000 0.049000
4633.508330 12.971000 0.046000
4641.483520 13.282000 0.051000
4645.502730 13.366000 0.052000
4653.474750 14.140000 0.046000
4655.479060 13.768000 0.055000
4743.882820 13.837000 0.045000
4747.863620 14.061000 0.043000
4763.830390 13.923000 0.043000
4770.847810 13.259000 0.042000
4774.806120 13.978000 0.044000
4782.841110 13.676000 0.041000
4792.847970 13.701000 0.039000
4796.820760 13.830000 0.046000
4805.816690 13.167000 0.042000
4808.826570 13.470000 0.044000
4812.803570 13.634000 0.041000
4819.780810 13.987000 0.041000
4822.760140 13.894000 0.050000
4825.753790 13.766000 0.042000
4831.735080 13.689000 0.042000
4834.721270 13.815000 0.045000
4837.715440 14.244000 0.049000
4848.687160 13.424000 0.039000
4850.752510 14.073000 0.038000
4856.724480 13.119000 0.053000
4860.669340 14.106000 0.042000
4865.685060 13.745000 0.044000
4868.660090 13.980000 0.041000
4870.752610 13.623000 0.043000
4872.810040 13.151000 0.047000
4877.784780 14.027000 0.042000
4883.610910 13.430000 0.041000
1964.630420 13.722000 0.051000
2614.688080 13.569000 0.046000
2614.696960 13.558000 0.046000
2614.705820 13.523000 0.046000
2615.679770 13.926000 0.047000
2615.790840 13.258000 0.047000
2617.634520 13.651000 0.054000
2617.785650 13.828000 0.047000
2619.747560 13.110000 0.050000
4253.544820 13.419000 0.049000
2610.648230 13.145000 0.060000
2619.854250 13.298000 0.058000
4290.471510 13.607000 0.043000
1965.614600 13.495000 0.056000
1968.608910 13.262000 0.061000
1977.591290 13.241000 0.064000
1979.620760 13.288000 0.061000
1981.602290 13.281000 0.060000
1982.593450 13.507000 0.055000
1985.577960 12.961000 0.065000
2614.654730 13.057000 0.050000
2614.694730 13.391000 0.046000
2614.730260 13.850000 0.047000
2617.616700 13.632000 0.055000
2617.618930 13.506000 0.056000
2617.658970 13.651000 0.049000
2617.727850 13.812000 0.045000
2617.730060 13.800000 0.046000
2617.747820 13.817000 0.045000
4862.759980 14.250000 0.057000
1868.816090 13.141000 0.064000
1870.750920 13.633000 0.070000
1871.859780 13.564000 0.071000
1873.755370 13.685000 0.068000
1875.743940 13.440000 0.070000
1889.711870 13.710000 0.062000
1950.645420 13.258000 0.068000
2027.512600 13.654000 0.054000
2053.471170 13.889000 0.066000
2057.497360 13.773000 0.061000
2059.505050 13.328000 0.070000
2064.505040 13.118000 0.049000
2173.880390 13.394000 0.067000
2200.831620 13.227000 0.066000
2610.621580 13.315000 0.065000
2611.864380 13.546000 0.053000
2611.866590 13.595000 0.056000
2615.766380 13.000000 0.050000
2615.768610 13.041000 0.048000
2615.773070 13.310000 0.049000
2615.777520 13.045000 0.060000
2615.795290 13.085000 0.056000
2615.797520 13.000000 0.049000
2615.799740 13.052000 0.048000
2615.801960 13.242000 0.050000
2615.810840 13.411000 0.055000
2615.813060 13.471000 0.053000
2615.817490 13.370000 0.057000
2615.819720 13.456000 0.052000
2621.850380 13.787000 0.040000
2635.748690 13.481000 0.041000
2712.598020 13.409000 0.039000
2793.468050 13.697000 0.041000
2796.469440 13.823000 0.044000
3088.663220 13.408000 0.038000
3090.665920 14.385000 0.039000
3419.808420 13.868000 0.062000
3427.807120 13.672000 0.054000
3447.623570 13.653000 0.052000
3455.685690 13.817000 0.073000
3477.652060 13.777000 0.072000
3483.650000 13.490000 0.070000
3490.652820 13.687000 0.041000
3516.565750 13.722000 0.065000
3660.861900 13.940000 0.057000
3715.796690 14.046000 0.062000
3718.780300 12.960000 0.048000
3734.764980 13.357000 0.051000
3748.698750 13.554000 0.053000
3751.688810 13.865000 0.050000
3753.785810 13.327000 0.053000
3763.662190 13.656000 0.057000
3773.634070 13.974000 0.052000
3775.683590 13.808000 0.048000
3789.786410 13.250000 0.049000
3803.702050 13.683000 0.048000
3805.701700 13.873000 0.051000
3808.697590 13.209000 0.066000
3821.678920 13.871000 0.053000
3823.688600 13.568000 0.048000
3825.701140 14.036000 0.045000
3828.529990 13.979000 0.072000
3859.656940 13.447000 0.067000
3865.629940 13.870000 0.048000
3892.549160 13.975000 0.062000
3899.499540 14.044000 0.047000
4167.698300 13.432000 0.052000
4472.788310 13.625000 0.047000
4476.713990 13.448000 0.054000
4500.647500 13.935000 0.055000
4643.493460 13.544000 0.066000
4729.882780 13.660000 0.069000
4885.800870 13.861000 0.055000
4888.641450 13.851000 0.049000
4893.622080 14.058000 0.046000
4908.699590 13.987000 0.053000
4917.548070 13.627000 0.046000
4919.639490 13.987000 0.045000
5129.840320 13.407000 0.055000
1993.566940 13.018000 0.071000
2609.682330 13.410000 0.071000
1948.613590 29.999000 0.053000
1949.668080 29.999000 0.065000
1954.644130 29.999000 0.052000
1955.638260 29.999000 0.051000
1959.634310 29.999000 0.053000
1984.576140 29.999000 0.063000
1994.595430 29.999000 0.068000
2191.847550 29.999000 0.058000
2193.845880 29.999000 0.062000
2217.795860 29.999000 0.057000
2224.780370 29.999000 0.058000
2226.768870 29.999000 0.056000
2234.760630 29.999000 0.053000
2243.730900 29.999000 0.062000
2609.624550 29.999000 0.069000
2609.640110 29.999000 0.070000
2609.642320 29.999000 0.069000
2609.644540 29.999000 0.070000
2609.646760 29.999000 0.072000
2609.653420 29.999000 0.069000
2609.668990 29.999000 0.069000
2609.680110 29.999000 0.066000
2609.684550 29.999000 0.070000
2609.691220 29.999000 0.069000
2609.702320 29.999000 0.068000
2609.713420 29.999000 0.066000
2609.726740 29.999000 0.065000
2609.742270 29.999000 0.063000
2609.746700 29.999000 0.061000
2609.753390 29.999000 0.061000
2609.768950 29.999000 0.059000
2609.775630 29.999000 0.059000
2609.793450 29.999000 0.058000
2609.797900 29.999000 0.058000
2609.802340 29.999000 0.060000
2609.813440 29.999000 0.059000
2609.817880 29.999000 0.055000
2609.833420 29.999000 0.054000
2609.842300 29.999000 0.057000
2609.848980 29.999000 0.056000
2609.851200 29.999000 0.060000
2609.853420 29.999000 0.060000
2610.659330 29.999000 0.060000
2610.661550 29.999000 0.060000
2610.666000 29.999000 0.054000
2610.668220 29.999000 0.068000
2610.674890 29.999000 0.055000
2610.683760 29.999000 0.066000
2610.699350 29.999000 0.064000
2610.728230 29.999000 0.062000
2610.732680 29.999000 0.061000
2610.734910 29.999000 0.060000
2610.761570 29.999000 0.059000
2610.772660 29.999000 0.057000
2610.774890 29.999000 0.058000
2610.783760 29.999000 0.056000
2610.785990 29.999000 0.056000
2611.621380 29.999000 0.056000
2611.634700 29.999000 0.055000
2611.645790 29.999000 0.054000
2611.659110 29.999000 0.052000
2611.667990 29.999000 0.052000
2611.699070 29.999000 0.047000
2611.752370 29.999000 0.046000
2613.646820 29.999000 0.049000
2613.655690 29.999000 0.051000
2613.657920 29.999000 0.051000
2613.664610 29.999000 0.050000
2613.677940 29.999000 0.049000
2613.717940 29.999000 0.052000
2613.720160 29.999000 0.048000
2613.722390 29.999000 0.049000
2613.726820 29.999000 0.050000
2613.735710 29.999000 0.051000
2613.737920 29.999000 0.050000
2613.742360 29.999000 0.049000
2614.754690 29.999000 0.047000
2614.759160 29.999000 0.050000
2614.765840 29.999000 0.050000
2614.808080 29.999000 0.051000
2614.812520 29.999000 0.051000
2614.854730 29.999000 0.051000
2614.856950 29.999000 0.051000
2614.861420 29.999000 0.053000
2614.863640 29.999000 0.053000
2615.615340 29.999000 0.055000
2615.619770 29.999000 0.055000
2615.633090 29.999000 0.052000
2615.653100 29.999000 0.052000
2615.664230 29.999000 0.048000
2615.666450 29.999000 0.048000
2615.670880 29.999000 0.047000
2615.673100 29.999000 0.047000
2615.675310 29.999000 0.047000
2615.688650 29.999000 0.048000
2615.695300 29.999000 0.045000
2617.665650 29.999000 0.048000
2617.670100 29.999000 0.048000
2617.674540 29.999000 0.047000
2617.676760 29.999000 0.046000
2617.681200 29.999000 0.046000
2617.683430 29.999000 0.047000
2617.685640 29.999000 0.046000
2617.687860 29.999000 0.046000
2617.690090 29.999000 0.046000
2617.692300 29.999000 0.045000
2617.694520 29.999000 0.046000
2617.696750 29.999000 0.045000
2617.698970 29.999000 0.045000
2617.703420 29.999000 0.047000
2617.707860 29.999000 0.047000
2617.710090 29.999000 0.046000
2617.734510 29.999000 0.045000
2617.736730 29.999000 0.045000
2617.834520 29.999000 0.045000
2617.836730 29.999000 0.046000
2617.838950 29.999000 0.045000
2617.841180 29.999000 0.046000
2618.632390 29.999000 0.056000
2618.634610 29.999000 0.056000
2618.636820 29.999000 0.056000
2618.639040 29.999000 0.056000
2618.643480 29.999000 0.055000
2618.645700 29.999000 0.054000
2618.650170 29.999000 0.054000
2618.652390 29.999000 0.055000
2618.694600 29.999000 0.049000
2618.741250 29.999000 0.047000
2618.745690 29.999000 0.047000
2618.747900 29.999000 0.047000
2618.750120 29.999000 0.047000
2618.756790 29.999000 0.049000
2618.759010 29.999000 0.051000
2618.761260 29.999000 0.050000
2618.763480 29.999000 0.049000
2618.772390 29.999000 0.050000
2618.836910 29.999000 0.055000
2618.843570 29.999000 0.048000
2619.600890 29.999000 0.064000
2619.611970 29.999000 0.064000
2619.616420 29.999000 0.063000
2619.774230 29.999000 0.053000
2619.776470 29.999000 0.054000
2619.778680 29.999000 0.055000
2619.834250 29.999000 0.056000
2619.847580 29.999000 0.059000
2925.870540 29.999000 0.036000
3055.770570 29.999000 0.038000
3071.750740 29.999000 0.035000
3102.683120 29.999000 0.036000
1925.705010 29.999000 0.057000
1953.652180 29.999000 0.050000
2214.783200 29.999000 0.059000
2230.752500 29.999000 0.058000
2241.749810 29.999000 0.060000
2248.692040 29.999000 0.064000
2578.822180 29.999000 0.048000
2609.631230 29.999000 0.069000
2609.633440 29.999000 0.071000
2609.635660 29.999000 0.071000
2609.637880 29.999000 0.073000
2609.651190 29.999000 0.067000
2609.655640 29.999000 0.069000
2609.666770 29.999000 0.067000
2609.693440 29.999000 0.068000
2609.735620 29.999000 0.065000
2609.737830 29.999000 0.065000
2609.766740 29.999000 0.062000
2609.773400 29.999000 0.058000
2609.782310 29.999000 0.061000
2609.788970 29.999000 0.061000
2609.795690 29.999000 0.060000
2609.815650 29.999000 0.057000
2609.820100 29.999000 0.058000
2609.828970 29.999000 0.059000
2610.637130 29.999000 0.062000
2610.641570 29.999000 0.062000
2610.646010 29.999000 0.060000
2610.657110 29.999000 0.061000
2610.663770 29.999000 0.057000
2610.697120 29.999000 0.064000
2610.706020 29.999000 0.061000
2610.708240 29.999000 0.061000
2610.748230 29.999000 0.059000
2610.752680 29.999000 0.059000
2610.754900 29.999000 0.060000
2610.766010 29.999000 0.054000
2610.779320 29.999000 0.056000
2610.790430 29.999000 0.053000
2611.619150 29.999000 0.055000
2611.623600 29.999000 0.055000
2611.625810 29.999000 0.055000
2611.628030 29.999000 0.056000
2611.636910 29.999000 0.054000
2611.641350 29.999000 0.054000
2611.648010 29.999000 0.054000
2611.661320 29.999000 0.051000
2611.683540 29.999000 0.049000
2611.690200 29.999000 0.048000
2611.710210 29.999000 0.046000
2611.712420 29.999000 0.047000
2611.714640 29.999000 0.046000
2613.629060 29.999000 0.050000
2613.631300 29.999000 0.049000
2613.653480 29.999000 0.050000
2613.675730 29.999000 0.051000
2613.680160 29.999000 0.048000
2613.713500 29.999000 0.049000
2613.733490 29.999000 0.051000
2613.757950 29.999000 0.052000
2614.745790 29.999000 0.046000
2614.748010 29.999000 0.046000
2614.750230 29.999000 0.045000
2614.779170 29.999000 0.051000
2615.648660 29.999000 0.052000
2615.655320 29.999000 0.052000
2615.719710 29.999000 0.048000
2615.721940 29.999000 0.048000
2615.846520 29.999000 0.046000
2617.723410 29.999000 0.046000
2617.776770 29.999000 0.047000
2617.843400 29.999000 0.046000
2617.845620 29.999000 0.046000
2617.847840 29.999000 0.049000
2617.850070 29.999000 0.049000
2617.852290 29.999000 0.050000
2617.854510 29.999000 0.048000
2617.856720 29.999000 0.049000
2617.858940 29.999000 0.049000
2617.861180 29.999000 0.049000
2618.683500 29.999000 0.049000
2618.685720 29.999000 0.049000
2618.690170 29.999000 0.048000
2618.692390 29.999000 0.050000
2618.699050 29.999000 0.050000
2618.701270 29.999000 0.049000
2618.703490 29.999000 0.048000
2618.707930 29.999000 0.049000
2618.710150 29.999000 0.048000
2618.712370 29.999000 0.049000
2618.714590 29.999000 0.048000
2618.719030 29.999000 0.048000
2618.721260 29.999000 0.047000
2618.723480 29.999000 0.049000
2618.725700 29.999000 0.048000
2618.727920 29.999000 0.048000
2618.730150 29.999000 0.047000
2618.732360 29.999000 0.048000
2618.734590 29.999000 0.048000
2618.736800 29.999000 0.048000
2618.739020 29.999000 0.048000
2618.767950 29.999000 0.050000
2618.770170 29.999000 0.050000
2618.774600 29.999000 0.050000
2618.779050 29.999000 0.050000
2618.783490 29.999000 0.050000
2618.785710 29.999000 0.051000
2618.790170 29.999000 0.050000
2618.792390 29.999000 0.050000
2618.796850 29.999000 0.050000
2618.799070 29.999000 0.050000
2618.801290 29.999000 0.050000
2618.803520 29.999000 0.051000
2618.807950 29.999000 0.051000
2618.810170 29.999000 0.050000
2618.812390 29.999000 0.049000
2618.816840 29.999000 0.049000
2618.819060 29.999000 0.049000
2618.821280 29.999000 0.050000
2618.823490 29.999000 0.050000
2618.825730 29.999000 0.051000
2618.827940 29.999000 0.048000
2618.830160 29.999000 0.047000
2618.832380 29.999000 0.049000
2618.839120 29.999000 0.048000
2618.841350 29.999000 0.048000
2618.845800 29.999000 0.048000
2618.848020 29.999000 0.048000
2618.850240 29.999000 0.048000
2618.854670 29.999000 0.048000
2618.856910 29.999000 0.049000
2619.603110 29.999000 0.065000
2619.605320 29.999000 0.063000
2619.614200 29.999000 0.063000
2619.618630 29.999000 0.063000
2619.620850 29.999000 0.063000
2619.623070 29.999000 0.063000
2619.625300 29.999000 0.062000
2619.627530 29.999000 0.062000
2619.631990 29.999000 0.061000
2619.634210 29.999000 0.060000
2619.636420 29.999000 0.060000
2619.638640 29.999000 0.059000
2619.640850 29.999000 0.059000
2619.643090 29.999000 0.059000
2619.645310 29.999000 0.059000
2619.647520 29.999000 0.058000
2619.649740 29.999000 0.058000
2619.651960 29.999000 0.058000
2619.654190 29.999000 0.056000
2619.658640 29.999000 0.056000
2619.660850 29.999000 0.054000
2619.663070 29.999000 0.055000
2619.665300 29.999000 0.054000
2619.667520 29.999000 0.054000
2619.669740 29.999000 0.053000
2619.674190 29.999000 0.053000
2619.676410 29.999000 0.053000
2619.678630 29.999000 0.053000
2619.683100 29.999000 0.053000
2619.685320 29.999000 0.053000
2619.692000 29.999000 0.051000
2619.694220 29.999000 0.051000
2619.696450 29.999000 0.050000
2619.698670 29.999000 0.051000
2619.700890 29.999000 0.050000
2619.703110 29.999000 0.051000
2619.707540 29.999000 0.050000
2619.712000 29.999000 0.050000
2619.714220 29.999000 0.051000
2619.716440 29.999000 0.051000
2619.718650 29.999000 0.050000
2619.720880 29.999000 0.049000
2619.723100 29.999000 0.049000
2619.727530 29.999000 0.050000
2619.729750 29.999000 0.049000
2619.731980 29.999000 0.050000
2619.736420 29.999000 0.050000
2619.738630 29.999000 0.049000
2619.740870 29.999000 0.049000
2619.785350 29.999000 0.053000
2619.787580 29.999000 0.053000
2619.789800 29.999000 0.055000
2619.792010 29.999000 0.052000
2619.794250 29.999000 0.056000
2619.796470 29.999000 0.054000
2619.798690 29.999000 0.053000
2619.803140 29.999000 0.054000
2619.805350 29.999000 0.054000
2619.807570 29.999000 0.057000
2619.809790 29.999000 0.055000
2619.812000 29.999000 0.055000
2619.814220 29.999000 0.054000
2619.816450 29.999000 0.053000
2619.818680 29.999000 0.054000
2619.820900 29.999000 0.053000
2619.823120 29.999000 0.055000
2619.825360 29.999000 0.053000
2619.829800 29.999000 0.057000
2619.832030 29.999000 0.058000
2619.856470 29.999000 0.059000
2619.860920 29.999000 0.060000
2660.709830 29.999000 0.038000
2678.655410 29.999000 0.034000
2683.696070 29.999000 0.037000
2707.832160 29.999000 0.042000
2715.683350 29.999000 0.041000
2831.482130 29.999000 0.042000
2910.888090 29.999000 0.037000
2922.828670 29.999000 0.036000
2940.799470 29.999000 0.039000
2948.847390 29.999000 0.042000
2956.789950 29.999000 0.039000
2984.782360 29.999000 0.036000
3064.776470 29.999000 0.045000
3098.659750 29.999000 0.037000
3106.688890 29.999000 0.038000
3156.559210 29.999000 0.038000
3463.741170 29.999000 0.042000
3650.854910 29.999000 0.046000
3724.787400 29.999000 0.046000
3731.764330 29.999000 0.057000
3743.708870 29.999000 0.051000
3755.826970 29.999000 0.044000
3783.630190 29.999000 0.051000
3798.781850 29.999000 0.045000
3810.749030 29.999000 0.062000
3812.802510 29.999000 0.043000
3836.636560 29.999000 0.061000
4188.631150 29.999000 0.038000
4192.658150 29.999000 0.041000
4237.591330 29.999000 0.049000
4368.886180 29.999000 0.047000
4403.834370 29.999000 0.046000
4778.794440 29.999000 0.045000
1967.613750 29.999000 0.056000
2171.896300 29.999000 0.063000
2183.885280 29.999000 0.051000
2202.816670 29.999000 0.058000
2212.791180 29.999000 0.057000
2215.858520 29.999000 0.061000
2466.454190 29.999000 0.055000
2566.830530 29.999000 0.053000
2609.626780 29.999000 0.071000
2609.628990 29.999000 0.070000
2609.662320 29.999000 0.066000
2609.686770 29.999000 0.069000
2609.689000 29.999000 0.068000
2609.700110 29.999000 0.068000
2609.704540 29.999000 0.069000
2609.708970 29.999000 0.065000
2609.711190 29.999000 0.065000
2609.715640 29.999000 0.066000
2609.717860 29.999000 0.064000
2609.722290 29.999000 0.063000
2609.724520 29.999000 0.067000
2609.728960 29.999000 0.066000
2609.748940 29.999000 0.064000
2609.751160 29.999000 0.061000
2609.777850 29.999000 0.059000
2609.784530 29.999000 0.055000
2609.786750 29.999000 0.057000
2609.800120 29.999000 0.060000
2609.804560 29.999000 0.057000
2609.822320 29.999000 0.055000
2609.826750 29.999000 0.058000
2609.840070 29.999000 0.057000
2609.844520 29.999000 0.056000
2609.855640 29.999000 0.055000
2610.623810 29.999000 0.061000
2610.626030 29.999000 0.061000
2610.628250 29.999000 0.063000
2610.650450 29.999000 0.058000
2610.652660 29.999000 0.058000
2610.654880 29.999000 0.059000
2610.670440 29.999000 0.055000
2610.672660 29.999000 0.056000
2610.681540 29.999000 0.066000
2610.690440 29.999000 0.065000
2610.694910 29.999000 0.064000
2610.701560 29.999000 0.064000
2610.703790 29.999000 0.063000
2610.719350 29.999000 0.062000
2610.721580 29.999000 0.062000
2610.723790 29.999000 0.062000
2610.730450 29.999000 0.061000
2610.737120 29.999000 0.061000
2610.746010 29.999000 0.060000
2610.750450 29.999000 0.059000
2610.763790 29.999000 0.058000
2610.777100 29.999000 0.057000
2610.781540 29.999000 0.056000
2610.788210 29.999000 0.056000
2610.792640 29.999000 0.054000
2610.794890 29.999000 0.053000
2610.797120 29.999000 0.054000
2610.803790 29.999000 0.055000
2611.630250 29.999000 0.055000
2611.643560 29.999000 0.055000
2611.652440 29.999000 0.052000
2611.656890 29.999000 0.052000
2611.663540 29.999000 0.051000
2611.670210 29.999000 0.052000
2611.672420 29.999000 0.051000
2611.674640 29.999000 0.050000
2611.679090 29.999000 0.048000
2611.692420 29.999000 0.048000
2611.696850 29.999000 0.049000
2611.719090 29.999000 0.047000
2611.721300 29.999000 0.047000
2611.862160 29.999000 0.051000
2613.613500 29.999000 0.050000
2613.617950 29.999000 0.049000
2613.622380 29.999000 0.049000
2613.624590 29.999000 0.050000
2613.626830 29.999000 0.049000
2613.633510 29.999000 0.049000
2613.635730 29.999000 0.049000
2613.640160 29.999000 0.050000
2613.642380 29.999000 0.051000
2613.644610 29.999000 0.052000
2613.649040 29.999000 0.049000
2613.651260 29.999000 0.049000
2613.660140 29.999000 0.052000
2613.666830 29.999000 0.050000
2613.671270 29.999000 0.047000
2613.682380 29.999000 0.048000
2613.691300 29.999000 0.048000
2613.700170 29.999000 0.049000
2613.702400 29.999000 0.049000
2613.704620 29.999000 0.049000
2613.706840 29.999000 0.048000
2613.709060 29.999000 0.048000
2613.711270 29.999000 0.048000
2613.715720 29.999000 0.048000
2613.724610 29.999000 0.050000
2613.729040 29.999000 0.049000
2613.731260 29.999000 0.053000
2613.740140 29.999000 0.050000
2613.744590 29.999000 0.049000
2613.746810 29.999000 0.049000
2613.749040 29.999000 0.050000
2613.751280 29.999000 0.050000
2613.753500 29.999000 0.051000
2613.755730 29.999000 0.051000
2613.760180 29.999000 0.050000
2614.752460 29.999000 0.047000
2614.763600 29.999000 0.049000
2614.783600 29.999000 0.051000
2614.785830 29.999000 0.051000
2614.788050 29.999000 0.050000
2614.790270 29.999000 0.051000
2614.792490 29.999000 0.050000
2614.794740 29.999000 0.051000
2614.796970 29.999000 0.051000
2614.799190 29.999000 0.051000
2614.803650 29.999000 0.051000
2614.805860 29.999000 0.052000
2614.810300 29.999000 0.051000
2614.814750 29.999000 0.051000
2614.816970 29.999000 0.052000
2614.819180 29.999000 0.051000
2614.832520 29.999000 0.052000
2614.836950 29.999000 0.051000
2614.839180 29.999000 0.051000
2614.841390 29.999000 0.052000
2614.843620 29.999000 0.052000
2614.845840 29.999000 0.052000
2614.848050 29.999000 0.050000
2614.852500 29.999000 0.050000
2615.608680 29.999000 0.054000
2615.617550 29.999000 0.054000
2615.624200 29.999000 0.055000
2615.628650 29.999000 0.053000
2615.635300 29.999000 0.055000
2615.637520 29.999000 0.052000
2615.639750 29.999000 0.052000
2615.641970 29.999000 0.052000
2615.650880 29.999000 0.051000
2615.657550 29.999000 0.052000
2615.662000 29.999000 0.049000
2615.668660 29.999000 0.047000
2615.684200 29.999000 0.049000
2615.775290 29.999000 0.048000
2615.793060 29.999000 0.046000
2615.815280 29.999000 0.049000
2615.839720 29.999000 0.044000
2617.607830 29.999000 0.057000
2617.610050 29.999000 0.056000
2617.621150 29.999000 0.055000
2617.623370 29.999000 0.055000
2617.625590 29.999000 0.055000
2617.627820 29.999000 0.054000
2617.632290 29.999000 0.054000
2617.641200 29.999000 0.053000
2617.645640 29.999000 0.052000
2617.647860 29.999000 0.050000
2617.650100 29.999000 0.050000
2617.654540 29.999000 0.051000
2617.661210 29.999000 0.049000
2617.663420 29.999000 0.048000
2617.667870 29.999000 0.048000
2617.738940 29.999000 0.045000
2617.741160 29.999000 0.044000
2617.743390 29.999000 0.045000
2617.745610 29.999000 0.045000
2617.750040 29.999000 0.045000
2617.756740 29.999000 0.046000
2617.761190 29.999000 0.047000
2617.763410 29.999000 0.046000
2617.765630 29.999000 0.046000
2617.767870 29.999000 0.045000
2617.770090 29.999000 0.046000
2617.772320 29.999000 0.046000
2617.774540 29.999000 0.047000
2617.778980 29.999000 0.047000
2617.781210 29.999000 0.048000
2617.787880 29.999000 0.046000
2617.790100 29.999000 0.047000
2617.794540 29.999000 0.046000
2617.796770 29.999000 0.047000
2617.798990 29.999000 0.047000
2617.801210 29.999000 0.046000
2617.803420 29.999000 0.046000
2617.807880 29.999000 0.046000
2617.810100 29.999000 0.046000
2617.812320 29.999000 0.045000
2617.816770 29.999000 0.045000
2617.818990 29.999000 0.045000
2617.821200 29.999000 0.045000
2617.823420 29.999000 0.044000
2617.825640 29.999000 0.046000
2617.830080 29.999000 0.045000
2618.599080 29.999000 0.058000
2618.601310 29.999000 0.058000
2618.605760 29.999000 0.060000
2618.612410 29.999000 0.058000
2618.614630 29.999000 0.059000
2618.623500 29.999000 0.057000
2618.627940 29.999000 0.056000
2618.765710 29.999000 0.049000
2619.596440 29.999000 0.065000
2619.598660 29.999000 0.065000
2619.607540 29.999000 0.064000
2619.609760 29.999000 0.064000
2619.687570 29.999000 0.052000
2619.689790 29.999000 0.052000
2619.734200 29.999000 0.050000
2619.752000 29.999000 0.050000
2619.754220 29.999000 0.051000
2619.756440 29.999000 0.050000
2619.758670 29.999000 0.050000
2619.760880 29.999000 0.052000
2619.763110 29.999000 0.051000
2619.765320 29.999000 0.052000
2619.767540 29.999000 0.053000
2619.769780 29.999000 0.055000
2619.772000 29.999000 0.054000
1918.729730 29.999000 0.046000
1939.640140 29.999000 0.045000
1978.604250 29.999000 0.064000
1980.608500 29.999000 0.064000
2198.826260 29.999000 0.064000
2228.758840 29.999000 0.058000
2232.836470 29.999000 0.057000
2236.755700 29.999000 0.060000
2609.648980 29.999000 0.069000
2609.657860 29.999000 0.070000
2609.660090 29.999000 0.068000
2609.664550 29.999000 0.067000
2609.671220 29.999000 0.068000
2609.673450 29.999000 0.068000
2609.675660 29.999000 0.065000
2609.695650 29.999000 0.068000
2609.697870 29.999000 0.067000
2609.706750 29.999000 0.066000
2609.720070 29.999000 0.065000
2609.740050 29.999000 0.065000
2609.755630 29.999000 0.064000
2609.757850 29.999000 0.061000
2609.762300 29.999000 0.065000
2609.764520 29.999000 0.057000
2609.771170 29.999000 0.059000
2609.780090 29.999000 0.061000
2609.791200 29.999000 0.057000
2609.806790 29.999000 0.059000
2609.809000 29.999000 0.056000
2609.811220 29.999000 0.058000
2609.824540 29.999000 0.056000
2609.831200 29.999000 0.058000
2609.835630 29.999000 0.058000
2609.837850 29.999000 0.055000
2609.857860 29.999000 0.057000
2610.630470 29.999000 0.062000
2610.634910 29.999000 0.060000
2610.679320 29.999000 0.068000
2610.686000 29.999000 0.064000
2610.688220 29.999000 0.064000
2610.692660 29.999000 0.063000
2610.710480 29.999000 0.063000
2610.712690 29.999000 0.061000
2610.714910 29.999000 0.063000
2610.739350 29.999000 0.061000
2610.741560 29.999000 0.060000
2610.743800 29.999000 0.059000
2610.759340 29.999000 0.060000
2610.768230 29.999000 0.056000
2610.770440 29.999000 0.057000
2610.799330 29.999000 0.055000
2610.801570 29.999000 0.056000
2611.632460 29.999000 0.056000
2611.650220 29.999000 0.054000
2611.654650 29.999000 0.052000
2611.676860 29.999000 0.049000
2611.681310 29.999000 0.049000
2611.685760 29.999000 0.048000
2611.687990 29.999000 0.047000
2611.703510 29.999000 0.047000
2611.705750 29.999000 0.046000
2611.707990 29.999000 0.047000
2611.716860 29.999000 0.045000
2613.615730 29.999000 0.048000
2613.620160 29.999000 0.050000
2613.662360 29.999000 0.051000
2613.693520 29.999000 0.049000
2613.697950 29.999000 0.047000
2614.681400 29.999000 0.046000
2614.728030 29.999000 0.045000
2614.830290 29.999000 0.051000
2617.712300 29.999000 0.045000
2617.714520 29.999000 0.045000
2617.716750 29.999000 0.045000
2617.718980 29.999000 0.045000
2617.721190 29.999000 0.045000
2617.814540 29.999000 0.046000
2618.716820 29.999000 0.049000
2618.781270 29.999000 0.051000
2618.794630 29.999000 0.049000
2618.805730 29.999000 0.049000
2618.814620 29.999000 0.049000
2619.671960 29.999000 0.054000
2619.705320 29.999000 0.049000
2619.709780 29.999000 0.051000
2619.827580 29.999000 0.058000
2619.836460 29.999000 0.059000
2619.838690 29.999000 0.059000
2619.840910 29.999000 0.057000
2619.843140 29.999000 0.059000
2619.845360 29.999000 0.058000
2619.849800 29.999000 0.056000
2619.852030 29.999000 0.058000
2619.858680 29.999000 0.058000
2619.863130 29.999000 0.062000
2619.865350 29.999000 0.062000
2632.816880 29.999000 0.041000
2664.698280 29.999000 0.034000
2813.533520 29.999000 0.033000
2952.796220 29.999000 0.046000
3035.707770 29.999000 0.040000
3130.645720 29.999000 0.038000
3144.529200 29.999000 0.036000
3153.579820 29.999000 0.045000
3543.491010 29.999000 0.047000
4136.634180 29.999000 0.054000
4174.810410 29.999000 0.059000
4177.720190 29.999000 0.062000
4180.601520 29.999000 0.042000
4194.694090 29.999000 0.049000
4197.688700 29.999000 0.043000
4213.663710 29.999000 0.060000
4227.538140 29.999000 0.039000
4229.555240 29.999000 0.042000
4274.514090 29.999000 0.047000
4283.487030 29.999000 0.047000
4295.472170 29.999000 0.043000
4350.909080 29.999000 0.057000
4364.871130 29.999000 0.044000
4376.877490 29.999000 0.046000
4384.855350 29.999000 0.049000
4388.867870 29.999000 0.041000
4407.863280 29.999000 0.044000
4438.809710 29.999000 0.046000
4485.683260 29.999000 0.047000
4494.716390 29.999000 0.045000
4509.762210 29.999000 0.045000
4512.610220 29.999000 0.049000
4520.645260 29.999000 0.040000
4542.678240 29.999000 0.044000
4546.709150 29.999000 0.044000
4564.707320 29.999000 0.057000
4576.683170 29.999000 0.055000
4587.583790 29.999000 0.047000
4596.531470 29.999000 0.040000
4616.599090 29.999000 0.045000
4626.498340 29.999000 0.041000
4630.544240 29.999000 0.043000
4647.519240 29.999000 0.050000
4666.461420 29.999000 0.041000
4755.849020 29.999000 0.049000
4759.834970 29.999000 0.044000
4767.822270 29.999000 0.043000
4786.825110 29.999000 0.045000
4802.794320 29.999000 0.045000
4815.781370 29.999000 0.041000
4842.800430 29.999000 0.044000
4853.728730 29.999000 0.044000
5021.481150 29.999000 0.049000
5087.893610 29.999000 0.052000
1880.857830 13.453000 0.043000
1954.642600 13.015000 0.044000
3452.600360 13.068000 0.056000
3363.759500 29.999000 0.042000
3372.785310 29.999000 0.052000
1880.755430 13.293000 0.067000
1954.662920 13.212000 0.058000
3391.694000 13.759000 0.053000
3452.619520 13.091000 0.059000
3363.781820 29.999000 0.057000
3367.729860 29.999000 0.061000
