1877.630750 13.300000 0.050000
1878.622630 13.376000 0.044000
1880.608610 12.792000 0.056000
1889.605220 13.080000 0.047000
2156.767800 12.784000 0.062000
2166.783080 12.884000 0.054000
2167.770370 13.425000 0.056000
2168.783210 13.410000 0.053000
2169.790390 13.332000 0.054000
2171.727720 12.879000 0.067000
2172.782730 13.208000 0.052000
2173.766650 13.271000 0.058000
2174.765790 13.213000 0.062000
2177.761000 13.199000 0.057000
2183.722010 13.258000 0.053000
2185.710480 12.984000 0.054000
2190.729150 13.156000 0.048000
2191.734740 12.952000 0.054000
2192.722910 13.254000 0.057000
2193.724860 13.229000 0.051000
2194.720830 13.156000 0.048000
2196.722370 12.956000 0.053000
2198.711720 13.491000 0.048000
2199.711260 13.308000 0.048000
2200.757850 13.235000 0.050000
2201.703660 12.942000 0.048000
2202.706870 13.171000 0.048000
2203.694010 13.378000 0.049000
2204.693510 13.313000 0.050000
2206.690610 12.980000 0.042000
2212.586040 13.472000 0.048000
2213.657570 13.611000 0.051000
2214.665760 13.363000 0.050000
2215.672520 13.267000 0.049000
2217.677970 12.794000 0.046000
2221.664010 12.996000 0.048000
2222.673920 12.730000 0.051000
2224.653320 13.426000 0.050000
2225.660370 13.466000 0.045000
2226.657300 12.935000 0.043000
2227.650090 12.678000 0.046000
2229.649170 13.335000 0.048000
2230.647140 13.208000 0.048000
2232.642410 12.770000 0.047000
2235.630060 13.353000 0.043000
2236.629940 13.109000 0.047000
2237.632040 12.768000 0.047000
2240.625730 13.287000 0.048000
2241.629470 13.089000 0.049000
3358.738710 13.245000 0.047000
3383.590260 12.981000 0.048000
3395.648880 12.632000 0.047000
3398.588190 13.011000 0.044000
3400.634910 12.709000 0.046000
3450.515440 12.926000 0.050000
3561.931550 13.207000 0.064000
3570.891870 13.430000 0.041000
3574.895220 13.277000 0.043000
3577.917420 13.065000 0.048000
3583.934490 12.762000 0.052000
3591.859370 13.250000 0.040000
3600.884120 13.355000 0.071000
3603.859820 12.925000 0.044000
3617.861720 13.093000 0.052000
3624.819540 13.053000 0.043000
3628.798700 12.963000 0.040000
3630.864360 13.233000 0.056000
3633.783620 12.869000 0.041000
3639.760780 13.226000 0.068000
3642.756220 13.001000 0.048000
3646.771250 13.526000 0.047000
3651.791640 13.259000 0.048000
3656.734740 13.384000 0.046000
3658.722310 12.984000 0.045000
3665.753540 13.371000 0.063000
3668.833520 13.359000 0.039000
3671.686210 13.471000 0.049000
3673.728440 12.939000 0.055000
3676.656900 13.563000 0.058000
3680.664610 13.408000 0.043000
3699.799980 13.219000 0.055000
3704.751180 13.220000 0.057000
3711.654700 13.401000 0.057000
3736.651860 12.856000 0.072000
3757.584930 13.533000 0.075000
3759.644390 13.144000 0.046000
3791.575360 12.916000 0.048000
3794.557850 13.465000 0.045000
3906.933700 13.255000 0.051000
4106.645130 12.991000 0.046000
4109.661590 13.487000 0.049000
4125.610510 13.300000 0.047000
4131.647770 13.134000 0.071000
4140.620580 13.385000 0.066000
4145.613660 13.429000 0.064000
4160.564830 13.600000 0.072000
4162.565550 13.346000 0.075000
4173.503860 12.688000 0.041000
4175.522610 13.459000 0.064000
4180.499570 13.372000 0.057000
4183.502970 12.885000 0.059000
4295.914530 13.240000 0.065000
4305.890450 12.989000 0.058000
4316.890530 12.704000 0.047000
4338.833790 13.435000 0.041000
4343.821140 13.407000 0.047000
4349.819540 13.261000 0.066000
4352.816200 12.617000 0.041000
4355.798640 13.419000 0.042000
4358.798260 13.449000 0.042000
4363.799060 13.477000 0.046000
4365.788450 13.418000 0.046000
4368.761400 13.414000 0.042000
4372.800960 13.034000 0.052000
4375.797360 13.386000 0.045000
4378.746180 13.290000 0.053000
4380.801310 13.394000 0.064000
4383.729100 13.391000 0.043000
4385.778240 13.201000 0.045000
4388.710140 13.337000 0.042000
4392.733960 12.883000 0.049000
4399.736810 13.447000 0.076000
4402.774130 13.203000 0.059000
4408.721940 12.782000 0.059000
4411.681750 13.279000 0.058000
4422.709900 13.157000 0.058000
4425.804090 13.302000 0.077000
4428.605240 13.018000 0.053000
4432.709300 13.188000 0.053000
4437.626980 13.092000 0.043000
4441.783240 13.266000 0.068000
4462.669180 13.222000 0.052000
4477.627380 13.298000 0.075000
4490.649540 12.455000 0.046000
4493.598940 13.317000 0.061000
4505.552880 12.984000 0.059000
4520.548670 12.624000 0.044000
4522.569230 13.327000 0.051000
4534.519290 13.050000 0.048000
4541.516450 13.172000 0.058000
4547.502050 13.177000 0.050000
4554.490830 13.118000 0.046000
4648.936520 12.717000 0.046000
4652.919050 12.912000 0.044000
4656.908800 13.234000 0.049000
4662.926880 12.977000 0.048000
4666.899410 13.283000 0.047000
4674.910330 13.369000 0.042000
4683.895070 12.828000 0.044000
4690.848230 13.460000 0.047000
4694.831430 13.539000 0.045000
4698.827520 12.784000 0.054000
4701.843470 13.390000 0.040000
4704.847740 12.882000 0.066000
4708.814390 13.060000 0.076000
4720.815260 13.590000 0.057000
4722.858690 13.310000 0.053000
4725.821160 13.470000 0.070000
4728.786490 12.899000 0.055000
4734.849930 13.065000 0.051000
4738.851310 13.224000 0.044000
4741.761620 13.415000 0.069000
4754.707800 12.766000 0.043000
4757.697660 13.382000 0.073000
4759.807440 13.043000 0.051000
4762.700610 13.471000 0.066000
4764.781750 12.926000 0.060000
4767.676470 13.192000 0.056000
4769.773560 13.059000 0.045000
4772.667040 13.214000 0.066000
4774.719730 12.946000 0.041000
4779.642580 12.745000 0.059000
4782.705580 13.512000 0.054000
4785.635090 13.561000 0.044000
4794.655290 13.041000 0.059000
4802.623950 13.483000 0.048000
4804.659610 13.067000 0.044000
4806.728080 12.401000 0.055000
4808.769970 13.517000 0.053000
4814.619920 13.137000 0.044000
4816.707100 12.596000 0.063000
4819.731980 13.361000 0.057000
4822.640200 13.324000 0.071000
4837.645890 13.519000 0.055000
4860.648880 13.391000 0.071000
4881.559620 13.036000 0.066000
5041.904130 13.330000 0.049000
5087.808650 13.580000 0.045000
5098.755230 13.417000 0.050000
5144.740580 13.377000 0.058000
5147.801080 13.051000 0.066000
5155.670760 13.339000 0.064000
2186.745160 12.926000 0.055000
2189.761530 13.348000 0.062000
2207.684030 13.110000 0.054000
2228.651690 13.469000 0.048000
2234.632220 13.293000 0.050000
2239.618250 13.595000 0.053000
2242.625100 12.853000 0.050000
2243.629550 13.513000 0.059000
2248.624140 13.567000 0.057000
2249.625110 13.245000 0.052000
2250.617220 13.330000 0.063000
2251.618220 12.966000 0.064000
2252.612690 12.779000 0.062000
2253.610980 13.608000 0.056000
2255.608870 13.371000 0.064000
3387.605040 13.479000 0.088000
3620.848610 13.605000 0.081000
3663.697550 12.900000 0.078000
3717.783400 13.284000 0.087000
3722.735770 13.136000 0.076000
3733.718430 13.389000 0.084000
3754.678360 13.490000 0.043000
3780.606240 13.332000 0.056000
4104.594260 13.562000 0.092000
4134.575240 13.408000 0.086000
4152.588710 13.101000 0.054000
4298.924960 13.418000 0.059000
4334.870110 13.372000 0.048000
4340.862190 13.444000 0.057000
4420.679490 13.265000 0.079000
4457.654790 13.199000 0.078000
4459.755570 12.879000 0.068000
4510.576400 12.608000 0.066000
4731.769460 13.350000 0.067000
4797.656830 13.441000 0.084000
4811.621290 13.217000 0.052000
4824.741790 13.473000 0.080000
4827.671230 13.649000 0.078000
4848.619570 12.997000 0.081000
4857.629100 12.688000 0.078000
5014.919410 12.887000 0.050000
5023.897260 13.215000 0.046000
5048.832900 13.088000 0.046000
5063.868240 13.458000 0.052000
5070.850340 12.989000 0.049000
5074.852310 13.211000 0.063000
5084.806250 12.989000 0.054000
5093.790050 13.593000 0.049000
5106.813060 12.774000 0.050000
5131.681040 12.687000 0.062000
2244.632310 29.999000 0.060000
2260.597360 29.999000 0.069000
3356.639890 29.999000 0.057000
3457.489260 29.999000 0.044000
3636.792020 29.999000 0.043000
3660.765500 29.999000 0.056000
3707.649410 29.999000 0.049000
3730.718520 29.999000 0.073000
4127.609620 29.999000 0.060000
4308.860920 29.999000 0.045000
4430.663560 29.999000 0.043000
4465.612070 29.999000 0.078000
4517.565260 29.999000 0.050000
4525.540350 29.999000 0.047000
4531.529530 29.999000 0.044000
4538.504430 29.999000 0.054000
4644.928410 29.999000 0.049000
4840.594870 29.999000 0.065000
2143.880560 13.473000 0.070000
2460.883640 13.362000 0.041000
2470.884340 13.158000 0.036000
2885.819550 12.759000 0.033000
2946.707660 12.857000 0.031000
2956.733140 12.732000 0.035000
2976.645590 12.749000 0.034000
2465.888520 13.220000 0.051000
2129.803810 13.078000 0.073000
2496.888850 13.342000 0.046000
2498.891650 13.059000 0.048000
2501.842560 13.160000 0.052000
2563.732880 12.848000 0.064000
2564.732740 13.068000 0.044000
2838.890130 12.994000 0.044000
3615.882460 10.821000 0.058000
1868.633410 13.257000 0.069000
1869.620610 13.124000 0.065000
1870.634330 12.897000 0.066000
1872.628310 13.387000 0.062000
1873.632440 13.355000 0.076000
1874.624100 13.202000 0.076000
1875.624380 12.870000 0.067000
1876.618480 13.366000 0.059000
1879.612890 13.115000 0.044000
1881.609050 13.228000 0.050000
1884.585860 13.136000 0.056000
1886.608600 13.175000 0.043000
1887.595520 13.290000 0.055000
1888.601570 13.348000 0.063000
1899.575950 13.128000 0.065000
1902.552160 13.377000 0.048000
1904.559530 13.246000 0.050000
1908.549980 13.354000 0.046000
1913.535380 13.336000 0.050000
1915.602480 13.110000 0.057000
1921.580020 12.891000 0.052000
1923.593990 13.451000 0.051000
1925.600380 13.193000 0.055000
1930.538470 13.177000 0.049000
1932.592850 12.624000 0.053000
1936.534200 12.806000 0.053000
1939.552470 13.383000 0.053000
1947.522120 12.824000 0.056000
1961.518270 13.153000 0.056000
2104.892880 13.034000 0.069000
2105.928140 12.783000 0.074000
2113.925370 13.403000 0.062000
2117.841160 13.444000 0.066000
2128.796620 13.345000 0.071000
2130.807410 12.753000 0.076000
2133.841710 13.415000 0.060000
2134.862520 13.111000 0.071000
2135.862510 13.014000 0.069000
2136.892840 12.743000 0.046000
2140.838940 12.951000 0.067000
2144.862810 13.486000 0.060000
2471.855020 13.148000 0.044000
2502.846440 13.016000 0.052000
2523.812920 12.876000 0.046000
2540.729170 13.313000 0.055000
2544.809330 12.992000 0.053000
2553.698380 12.749000 0.038000
2559.735580 13.396000 0.041000
2560.742950 13.503000 0.044000
2561.752620 13.453000 0.055000
2562.724230 13.117000 0.043000
2565.745230 13.370000 0.051000
2577.739270 13.490000 0.045000
2624.657980 12.967000 0.047000
2627.669600 13.674000 0.046000
2629.666580 13.198000 0.042000
2634.617580 12.917000 0.048000
2638.649230 13.203000 0.056000
2640.647130 12.852000 0.057000
2642.644870 13.427000 0.046000
2644.640690 13.115000 0.063000
2646.619930 13.273000 0.047000
2649.613970 13.119000 0.047000
2651.607140 13.215000 0.047000
2653.621130 13.280000 0.052000
2658.634970 13.557000 0.048000
2662.631550 13.400000 0.054000
2664.622760 13.211000 0.048000
2666.620150 12.887000 0.053000
2668.625760 13.343000 0.046000
2670.618820 13.153000 0.051000
2674.607090 13.224000 0.054000
2678.578550 13.344000 0.048000
2684.599160 13.353000 0.047000
2693.545000 13.378000 0.044000
2695.539770 13.058000 0.047000
2697.539080 13.516000 0.047000
2699.542230 13.347000 0.045000
2701.537870 12.803000 0.040000
2703.535590 13.369000 0.053000
2705.527610 13.204000 0.043000
2707.530130 13.433000 0.045000
2709.533040 13.300000 0.053000
2712.519380 13.106000 0.044000
2714.529490 13.455000 0.045000
2723.502110 13.353000 0.043000
2725.503640 13.186000 0.046000
2734.477310 13.346000 0.043000
2814.915110 13.291000 0.046000
2833.914790 12.992000 0.042000
2841.852930 13.362000 0.045000
2859.827250 12.726000 0.038000
2871.915660 13.401000 0.048000
2875.857570 12.855000 0.050000
2877.863170 13.504000 0.042000
2883.847210 13.455000 0.046000
2892.855430 13.421000 0.052000
2894.778740 12.876000 0.044000
2896.771090 13.492000 0.041000
2903.853770 13.441000 0.041000
2906.766600 13.445000 0.048000
2909.749730 13.190000 0.045000
2911.734780 13.402000 0.043000
2913.719450 13.135000 0.045000
2916.671600 13.393000 0.043000
2926.764040 13.106000 0.041000
2930.755720 12.848000 0.049000
2932.749850 13.404000 0.052000
2934.744780 13.203000 0.044000
2940.683430 12.818000 0.042000
2942.680710 13.510000 0.042000
2944.690800 13.157000 0.042000
2946.671790 13.507000 0.040000
2948.719210 13.520000 0.049000
2950.678790 12.797000 0.044000
2954.710290 13.474000 0.054000
2960.703740 13.120000 0.048000
2962.762820 12.797000 0.040000
2964.768760 13.435000 0.043000
2968.783710 13.366000 0.042000
2971.589670 13.148000 0.044000
2973.627810 13.324000 0.046000
2975.630970 13.050000 0.050000
2977.641060 13.270000 0.042000
2979.663030 13.119000 0.044000
2981.681930 13.051000 0.046000
2983.710580 13.388000 0.040000
2985.760640 13.431000 0.048000
2988.660750 13.445000 0.047000
2992.757340 13.090000 0.043000
2995.606170 13.148000 0.041000
3000.629670 13.278000 0.047000
3006.636000 13.048000 0.040000
3010.669520 13.187000 0.040000
3012.688760 12.869000 0.040000
3017.701130 13.086000 0.041000
3019.699370 13.296000 0.041000
3030.643590 13.307000 0.042000
3035.565790 13.331000 0.043000
3044.585840 13.436000 0.042000
3050.555570 13.651000 0.040000
3053.551900 12.782000 0.047000
3058.556650 12.642000 0.046000
3061.532590 13.345000 0.046000
3067.542930 12.917000 0.042000
3070.527000 13.464000 0.044000
3073.522340 12.655000 0.047000
3076.529190 13.431000 0.048000
3079.523060 13.382000 0.043000
3082.511300 13.176000 0.043000
3086.513100 13.031000 0.044000
3185.922010 12.970000 0.045000
3266.824540 13.069000 0.050000
3294.756730 13.326000 0.065000
3404.644040 13.098000 0.071000
3414.553620 12.809000 0.059000
3416.567900 13.331000 0.071000
3426.536740 13.436000 0.047000
3430.567960 12.775000 0.050000
3433.519080 13.344000 0.056000
3436.533120 13.661000 0.043000
3442.517640 13.242000 0.039000
3445.517890 12.962000 0.048000
3454.506240 13.124000 0.047000
3461.480330 13.392000 0.073000
3599.879930 13.093000 0.042000
3654.701890 13.054000 0.074000
3656.727460 13.473000 0.071000
3660.740120 13.609000 0.048000
3668.810570 13.244000 0.044000
3671.670570 13.385000 0.043000
3673.709680 13.093000 0.053000
3675.761000 12.890000 0.060000
3680.652020 13.521000 0.060000
3699.792770 13.277000 0.067000
3707.641730 13.529000 0.059000
3711.642450 13.447000 0.071000
3713.615620 13.117000 0.068000
3722.588420 13.492000 0.050000
3724.746400 13.318000 0.064000
3744.596050 13.052000 0.059000
3751.673460 13.006000 0.048000
3759.586190 13.354000 0.049000
3762.584230 13.415000 0.051000
3765.579330 13.013000 0.044000
3768.566030 13.485000 0.057000
3790.548130 13.248000 0.052000
3793.539820 13.493000 0.053000
3796.532910 12.934000 0.048000
3799.532810 13.512000 0.059000
3809.511380 13.136000 0.047000
3812.504800 12.831000 0.045000
3821.492020 13.453000 0.054000
3824.487680 13.533000 0.056000
3827.479450 12.661000 0.075000
4103.630420 13.276000 0.068000
4105.656200 13.150000 0.076000
4107.667160 13.000000 0.042000
4131.609120 13.182000 0.068000
4133.617730 12.882000 0.050000
4135.641410 13.824000 0.065000
4140.596620 13.535000 0.040000
4143.557890 12.766000 0.058000
4157.585090 13.246000 0.053000
4162.541120 13.120000 0.056000
4167.543480 13.258000 0.056000
4372.740740 12.426000 0.046000
4392.726990 13.024000 0.041000
4404.700260 13.320000 0.045000
4452.639500 13.326000 0.052000
4462.641110 13.229000 0.050000
4465.600310 13.394000 0.053000
4473.700860 13.238000 0.065000
4482.624180 13.625000 0.048000
4494.645900 13.033000 0.073000
4498.638340 13.368000 0.072000
4517.552530 13.302000 0.051000
4769.657280 12.768000 0.046000
4780.711490 12.840000 0.042000
4809.655390 13.011000 0.046000
4825.763120 13.191000 0.066000
4836.591730 12.810000 0.054000
4858.617300 13.322000 0.075000
4879.558210 13.367000 0.062000
5099.851840 13.184000 0.044000
2556.780230 13.436000 0.050000
4918.496220 13.057000 0.066000
2529.745810 13.226000 0.055000
4867.595500 12.749000 0.073000
1871.643570 13.250000 0.082000
2069.921740 12.791000 0.084000
2080.934710 12.902000 0.081000
2086.905620 13.400000 0.083000
2088.894970 13.297000 0.082000
2094.871270 12.677000 0.084000
2095.897830 12.456000 0.088000
2096.886810 13.139000 0.086000
2131.814410 13.443000 0.082000
2132.832680 13.413000 0.077000
2558.686500 12.634000 0.060000
2574.804850 12.856000 0.060000
2655.634110 12.936000 0.058000
2660.634740 13.051000 0.061000
2676.593270 12.866000 0.057000
2689.542090 13.473000 0.055000
2691.538390 12.841000 0.056000
2721.490620 12.873000 0.051000
2900.767750 12.597000 0.043000
2966.739760 13.287000 0.046000
3092.494820 13.291000 0.050000
3367.689240 13.311000 0.060000
3382.608070 13.292000 0.090000
3409.569570 12.871000 0.085000
3458.484900 13.354000 0.079000
3621.818600 13.591000 0.090000
3665.677560 13.589000 0.079000
3702.638120 13.207000 0.082000
3704.742090 13.116000 0.086000
3715.649050 12.572000 0.086000
3717.700880 13.444000 0.082000
3719.767720 13.366000 0.064000
3727.605620 13.654000 0.066000
3730.680080 13.144000 0.082000
3733.660990 13.354000 0.079000
3736.615830 13.628000 0.098000
3741.600380 13.405000 0.094000
3746.679840 12.866000 0.047000
3756.660530 12.760000 0.062000
3775.596920 13.170000 0.070000
3778.557100 13.659000 0.077000
3780.603300 13.596000 0.071000
3787.573140 13.249000 0.064000
3802.530910 12.987000 0.050000
3805.524740 13.085000 0.071000
3815.503130 13.412000 0.085000
3818.494770 13.333000 0.084000
4111.667840 13.328000 0.082000
4504.577680 13.195000 0.046000
4817.640910 13.271000 0.081000
4846.678920 12.822000 0.093000
4852.597200 13.240000 0.077000
4855.603400 13.210000 0.086000
5164.741620 13.159000 0.052000
1965.505980 29.999000 0.060000
1968.524560 29.999000 0.063000
2067.943520 29.999000 0.083000
2680.581190 29.999000 0.050000
2853.868610 29.999000 0.052000
3041.631230 29.999000 0.045000
3097.480150 29.999000 0.045000
3636.783460 29.999000 0.045000
3662.799490 29.999000 0.068000
3754.612960 29.999000 0.054000
2672.619420 29.999000 0.044000
2728.486760 29.999000 0.044000
2861.856480 29.999000 0.043000
2918.719940 29.999000 0.050000
2923.746430 29.999000 0.050000
2958.730270 29.999000 0.043000
3008.652250 29.999000 0.049000
3101.474680 29.999000 0.042000
4418.836620 29.999000 0.062000
4457.634700 29.999000 0.057000
4507.549450 29.999000 0.045000
4510.553010 29.999000 0.056000
4522.562410 29.999000 0.045000
4807.610980 29.999000 0.042000
4814.712240 29.999000 0.083000
2491.823770 29.999000 0.045000
2495.823220 29.999000 0.040000
2497.892480 29.999000 0.042000
2508.814100 29.999000 0.057000
2511.782170 29.999000 0.048000
2554.767040 29.999000 0.048000
2718.495120 29.999000 0.047000
2810.903780 29.999000 0.045000
3089.503920 29.999000 0.044000
3278.737660 29.999000 0.049000
3583.901400 29.999000 0.049000
3590.855730 29.999000 0.056000
3749.620250 29.999000 0.052000
3773.576430 29.999000 0.063000
1919.553260 29.999000 0.044000
2055.939500 29.999000 0.085000
2453.875160 29.999000 0.049000
2464.939230 29.999000 0.046000
4174.535130 29.999000 0.056000
4182.511670 29.999000 0.054000
4193.479000 29.999000 0.071000
4378.730040 29.999000 0.059000
4398.801570 29.999000 0.072000
4424.784660 29.999000 0.047000
4427.659480 29.999000 0.051000
4459.717180 29.999000 0.074000
4467.689360 29.999000 0.045000
4470.644860 29.999000 0.055000
4479.624160 29.999000 0.046000
4490.569200 29.999000 0.050000
4492.625080 29.999000 0.043000
4501.588840 29.999000 0.045000
4520.539990 29.999000 0.049000
4525.537730 29.999000 0.054000
4528.532520 29.999000 0.068000
4531.526890 29.999000 0.060000
4534.516710 29.999000 0.049000
4537.539880 29.999000 0.045000
4540.526500 29.999000 0.053000
4543.511770 29.999000 0.046000
4546.515140 29.999000 0.047000
4549.503270 29.999000 0.047000
4553.489890 29.999000 0.045000
4557.482530 29.999000 0.043000
4561.477400 29.999000 0.048000
4778.686810 29.999000 0.044000
4794.737940 29.999000 0.074000
4797.735530 29.999000 0.068000
4802.698920 29.999000 0.072000
4805.599810 29.999000 0.050000
4823.650750 29.999000 0.066000
4828.607560 29.999000 0.069000
4833.639900 29.999000 0.074000
4838.656060 29.999000 0.069000
4843.712210 29.999000 0.078000
4862.546040 29.999000 0.083000
4864.601260 29.999000 0.066000
4870.594580 29.999000 0.059000
4882.561540 29.999000 0.063000
4904.533110 29.999000 0.074000
5132.730140 29.999000 0.054000
5162.651830 29.999000 0.052000
