1868.777180 11.681000 0.041000
1869.769750 11.358000 0.042000
1870.834460 10.623000 0.040000
1873.791920 11.588000 0.040000
1875.789230 11.610000 0.042000
1876.819270 11.393000 0.040000
1877.780800 11.756000 0.038000
1878.813470 11.615000 0.034000
1879.781610 11.267000 0.037000
1881.760710 10.499000 0.038000
1884.733430 11.593000 0.038000
1885.739050 11.064000 0.037000
1886.748200 11.667000 0.036000
1887.741050 11.303000 0.038000
1888.731060 11.753000 0.039000
1889.750380 11.571000 0.037000
1899.704670 11.478000 0.035000
1900.713930 11.595000 0.035000
1902.693880 11.614000 0.036000
1903.720880 11.095000 0.038000
1904.691180 11.631000 0.038000
1905.700150 11.242000 0.037000
1906.691250 11.739000 0.037000
1907.698260 11.448000 0.036000
1908.690530 11.557000 0.036000
1913.667330 11.637000 0.035000
1914.685670 11.248000 0.036000
1915.687460 11.792000 0.038000
1918.662310 11.533000 0.037000
1919.678470 10.621000 0.040000
1920.677680 11.613000 0.036000
1922.671000 11.646000 0.035000
1923.667920 11.209000 0.037000
1924.658530 11.699000 0.040000
1925.668280 11.426000 0.041000
1926.660200 11.671000 0.035000
1928.662010 10.601000 0.035000
1929.659350 11.572000 0.036000
1930.657480 10.928000 0.035000
1931.650280 11.626000 0.038000
1932.647330 11.207000 0.035000
1933.649010 11.742000 0.037000
1934.646930 11.407000 0.035000
1936.627590 11.492000 0.035000
1937.693520 11.006000 0.036000
1940.646780 11.598000 0.036000
1945.629040 11.581000 0.036000
1946.625540 10.494000 0.037000
1948.581210 10.527000 0.037000
1953.607890 11.826000 0.036000
1955.603110 10.532000 0.033000
1958.586890 11.625000 0.037000
1959.598900 11.126000 0.037000
1961.583850 11.263000 0.037000
1963.573740 11.494000 0.036000
1964.585980 10.655000 0.036000
1965.574620 11.583000 0.036000
1966.587770 10.827000 0.037000
1967.575410 11.620000 0.039000
1968.570710 11.042000 0.039000
1984.524500 10.490000 0.041000
2026.498430 11.470000 0.039000
2031.488490 11.086000 0.041000
2033.513830 11.436000 0.043000
2057.451230 11.617000 0.040000
2069.474790 11.499000 0.041000
2133.926960 11.385000 0.041000
2171.863420 11.544000 0.038000
2183.844800 10.811000 0.038000
2186.827250 11.647000 0.035000
2188.848080 11.731000 0.037000
2190.804570 11.635000 0.038000
2191.885040 11.695000 0.035000
2193.814660 11.594000 0.038000
2195.800830 11.713000 0.045000
2199.808590 10.918000 0.045000
2201.811490 10.773000 0.037000
2206.798560 11.819000 0.035000
2212.760840 10.863000 0.035000
2213.787810 11.670000 0.037000
2215.765980 11.686000 0.037000
2222.816730 11.785000 0.040000
2225.717380 11.211000 0.039000
2227.731390 11.550000 0.036000
2228.848800 11.360000 0.041000
2230.729070 10.834000 0.037000
2232.787970 11.458000 0.037000
2237.710840 10.734000 0.040000
2240.803810 11.889000 0.039000
2241.788810 11.592000 0.038000
2242.781650 11.254000 0.041000
2444.454940 10.662000 0.038000
2502.922800 11.643000 0.039000
2521.887080 11.179000 0.037000
2558.827400 11.669000 0.037000
2560.815130 11.800000 0.035000
2562.817180 10.689000 0.038000
2566.813030 11.120000 0.044000
2577.763150 11.146000 0.035000
2621.790440 11.782000 0.039000
2623.733520 11.836000 0.036000
2625.721460 11.001000 0.040000
2635.684540 11.560000 0.035000
2639.697660 11.679000 0.033000
2641.709510 11.828000 0.035000
2643.728360 10.642000 0.035000
2645.705620 10.830000 0.033000
2650.658050 11.655000 0.034000
2652.682660 11.079000 0.034000
2657.717370 11.825000 0.036000
2659.745260 10.571000 0.037000
2661.742450 10.965000 0.035000
2663.738900 11.227000 0.036000
2665.730580 11.388000 0.033000
2667.731250 11.604000 0.037000
2669.720710 11.612000 0.036000
2671.719820 11.692000 0.035000
2673.715650 11.701000 0.035000
2675.702130 11.774000 0.033000
2677.684190 11.305000 0.035000
2679.655640 10.528000 0.045000
2680.811300 11.279000 0.038000
2683.772650 11.619000 0.037000
2689.648580 11.621000 0.038000
2690.771990 11.478000 0.039000
2693.535150 11.610000 0.039000
2694.783430 11.613000 0.037000
2696.742070 11.627000 0.037000
2698.771410 11.724000 0.037000
2700.710520 11.799000 0.043000
2706.647530 10.751000 0.038000
2710.600780 11.046000 0.034000
2711.698830 10.489000 0.037000
2713.661810 10.531000 0.038000
2719.589900 11.065000 0.035000
2720.718350 10.702000 0.038000
2722.632100 10.698000 0.036000
2724.629990 10.767000 0.035000
2726.628370 11.088000 0.037000
2728.619650 11.288000 0.037000
2730.615600 11.481000 0.037000
2733.662010 11.086000 0.037000
2735.657800 11.297000 0.037000
2737.644940 11.437000 0.038000
2739.635150 11.575000 0.038000
2741.602550 11.924000 0.037000
2743.610140 11.650000 0.037000
2750.640470 11.614000 0.037000
2752.594660 11.597000 0.036000
2755.582630 11.288000 0.036000
2759.606840 11.591000 0.040000
2761.587580 11.628000 0.037000
2763.584020 11.700000 0.039000
2766.564590 11.463000 0.037000
2770.577910 11.621000 0.037000
2776.519700 11.802000 0.038000
2783.528610 11.796000 0.035000
2785.530360 11.317000 0.036000
2787.525100 10.632000 0.036000
2791.494160 11.114000 0.044000
2794.478820 12.186000 0.037000
2797.478540 11.571000 0.043000
2811.458700 11.281000 0.035000
2813.465710 11.504000 0.036000
2860.925530 11.838000 0.035000
2877.909730 11.400000 0.036000
2884.895780 11.174000 0.035000
2893.873920 11.155000 0.038000
2896.863870 11.806000 0.036000
2899.879930 11.592000 0.034000
2903.900360 11.820000 0.039000
2911.840940 11.085000 0.034000
2915.881670 11.624000 0.035000
2922.802000 11.215000 0.035000
2924.854960 11.624000 0.035000
2927.821330 10.770000 0.034000
2929.835590 11.187000 0.039000
2932.839690 11.417000 0.033000
2940.755480 11.070000 0.033000
2942.805140 11.532000 0.037000
2950.746240 11.667000 0.036000
2956.824000 11.310000 0.035000
2963.783240 10.903000 0.033000
2970.775480 10.523000 0.033000
2973.799530 11.725000 0.034000
2975.740050 11.648000 0.035000
2977.738010 11.761000 0.040000
2979.758790 10.491000 0.045000
2981.785090 11.091000 0.035000
2984.728940 11.616000 0.034000
2986.782230 10.517000 0.034000
2989.719420 11.591000 0.034000
2991.766840 11.672000 0.034000
2994.696400 11.186000 0.034000
2996.755790 11.593000 0.033000
3001.745090 11.290000 0.034000
3006.665220 11.833000 0.035000
3010.731750 11.241000 0.034000
3012.790760 11.688000 0.036000
3018.694570 11.621000 0.034000
3031.607220 11.687000 0.034000
3033.662510 10.919000 0.034000
3035.644810 10.593000 0.035000
3039.645770 11.310000 0.034000
3042.642020 11.241000 0.035000
3044.666370 10.886000 0.035000
3047.619830 11.674000 0.035000
3052.651880 11.589000 0.036000
3054.682090 11.643000 0.036000
3056.719040 10.761000 0.034000
3061.565550 11.432000 0.035000
3066.673940 11.540000 0.036000
3068.637870 11.608000 0.036000
3070.665630 11.642000 0.036000
3072.739200 10.809000 0.037000
3074.708920 10.510000 0.038000
3076.734070 11.129000 0.034000
3078.727650 11.274000 0.039000
3081.553080 11.591000 0.035000
3085.593400 11.804000 0.044000
3087.589440 10.682000 0.040000
3091.626250 11.311000 0.038000
3093.607530 11.409000 0.033000
3097.611150 11.624000 0.037000
3099.649350 11.814000 0.037000
3101.654740 10.809000 0.038000
3103.651730 10.773000 0.035000
3105.645070 11.046000 0.036000
3107.649600 11.359000 0.035000
3109.652190 11.540000 0.035000
3112.499580 11.651000 0.036000
3122.525250 11.455000 0.034000
3124.553980 11.582000 0.035000
3126.582650 11.680000 0.035000
3128.608040 11.168000 0.037000
3131.501810 11.400000 0.036000
3133.520420 11.620000 0.036000
3145.533860 11.167000 0.033000
3154.515210 11.258000 0.040000
3158.504800 11.589000 0.036000
3162.485440 11.615000 0.037000
3164.506980 11.766000 0.035000
3168.479940 10.491000 0.033000
3175.474320 11.773000 0.035000
3333.798530 10.721000 0.038000
3356.706660 11.600000 0.042000
3385.623670 11.606000 0.033000
3394.793560 11.021000 0.036000
3397.621520 11.432000 0.035000
3399.688620 11.640000 0.037000
3404.701450 11.589000 0.038000
3406.743690 11.766000 0.040000
3410.790540 10.845000 0.042000
3417.616310 11.652000 0.038000
3419.608470 11.721000 0.037000
3425.656060 10.968000 0.040000
3431.654220 11.615000 0.041000
3433.676450 11.682000 0.041000
3436.661930 11.333000 0.037000
3439.653020 10.627000 0.036000
3443.530240 11.765000 0.037000
3447.576180 11.109000 0.041000
3454.585800 11.080000 0.040000
3456.582640 11.317000 0.036000
3458.571180 11.444000 0.038000
3460.576100 11.598000 0.036000
3462.582820 11.685000 0.040000
3464.617300 11.828000 0.036000
3466.632180 10.577000 0.037000
3469.624620 11.648000 0.034000
3471.637550 11.742000 0.035000
3476.542720 11.426000 0.039000
3478.566670 11.580000 0.036000
3480.588830 11.577000 0.037000
3484.617320 10.620000 0.044000
3490.540090 11.103000 0.040000
3496.598180 11.635000 0.035000
3499.587100 11.415000 0.036000
3502.485360 11.695000 0.037000
3504.527180 10.493000 0.039000
3511.533940 11.437000 0.035000
3520.473040 11.785000 0.044000
3525.498720 11.595000 0.043000
3528.476120 11.284000 0.040000
3530.472860 11.474000 0.041000
3540.472170 10.491000 0.038000
3544.465060 11.119000 0.041000
3619.907970 11.314000 0.042000
3629.885340 11.730000 0.036000
3633.875740 10.601000 0.037000
3639.874420 11.434000 0.034000
3643.863370 11.644000 0.034000
3651.857210 10.656000 0.041000
3655.809010 11.017000 0.038000
3661.857850 11.624000 0.039000
3665.819430 11.673000 0.039000
3669.867840 10.942000 0.034000
3673.799290 11.093000 0.036000
3699.771680 11.693000 0.040000
3702.786660 11.478000 0.036000
3705.764520 10.508000 0.039000
3708.751700 11.667000 0.036000
3712.788930 10.792000 0.036000
3717.728470 11.605000 0.040000
3722.709840 11.385000 0.041000
3725.755040 11.026000 0.037000
3728.689740 11.683000 0.041000
3731.809710 11.679000 0.044000
3737.713700 11.950000 0.037000
3742.670870 11.603000 0.038000
3744.755640 11.685000 0.040000
3747.660540 11.178000 0.043000
3752.717600 11.064000 0.040000
3754.791240 11.529000 0.041000
3757.625220 11.702000 0.039000
3759.691220 10.565000 0.043000
3761.809060 11.543000 0.042000
3764.659810 11.697000 0.042000
3767.640940 11.430000 0.040000
3769.738570 11.624000 0.042000
3772.593660 10.607000 0.038000
3776.738590 11.630000 0.040000
3778.712840 11.685000 0.040000
3780.752950 11.603000 0.039000
3788.605910 10.567000 0.046000
3790.666280 11.284000 0.046000
3792.738330 11.596000 0.043000
3795.565320 11.753000 0.041000
3799.681180 11.632000 0.037000
3802.571650 11.619000 0.042000
3804.640560 10.673000 0.040000
3806.638830 11.064000 0.040000
3811.657910 10.503000 0.039000
3815.690420 11.383000 0.039000
3817.702550 11.612000 0.040000
3820.550340 11.665000 0.042000
3822.609230 10.646000 0.038000
3824.635520 11.141000 0.038000
3826.650160 11.492000 0.039000
3828.663590 11.604000 0.038000
3831.536270 11.825000 0.040000
3835.586290 11.251000 0.042000
3851.507200 10.483000 0.041000
3853.525220 10.995000 0.033000
3858.520750 11.212000 0.043000
3860.549080 10.910000 0.043000
3862.539880 11.174000 0.037000
3864.567920 11.503000 0.038000
3866.588220 11.582000 0.038000
3869.512450 10.719000 0.038000
3871.517260 11.109000 0.038000
3875.519790 11.529000 0.036000
3877.529820 11.598000 0.038000
3881.508730 11.685000 0.036000
3891.495830 11.356000 0.037000
3894.481930 10.628000 0.036000
3898.481930 11.150000 0.039000
3901.474730 11.790000 0.038000
3904.468130 11.537000 0.037000
3907.466420 11.133000 0.038000
3983.904270 12.225000 0.045000
4091.696130 11.686000 0.038000
4105.654030 11.462000 0.041000
4107.712750 11.640000 0.033000
4125.747060 11.780000 0.035000
4127.708730 11.783000 0.043000
4129.710120 10.650000 0.036000
4137.790290 11.620000 0.038000
4140.585970 11.737000 0.037000
4142.630810 10.615000 0.040000
4144.680660 11.262000 0.040000
4152.635780 11.625000 0.037000
4162.710210 11.530000 0.040000
4164.738360 11.627000 0.044000
4172.738980 10.817000 0.045000
4175.521860 11.122000 0.036000
4180.730330 11.664000 0.041000
4183.541610 11.608000 0.037000
4185.558960 11.733000 0.038000
4190.695040 10.621000 0.037000
4193.517780 11.227000 0.036000
4201.578170 11.803000 0.035000
4204.574140 11.586000 0.034000
4207.631260 11.453000 0.040000
4216.545810 11.123000 0.036000
4227.580090 11.611000 0.034000
4230.482020 11.866000 0.038000
4232.504700 10.639000 0.035000
4234.513900 11.086000 0.034000
4238.555210 11.620000 0.042000
4256.475680 11.477000 0.036000
4258.485800 11.623000 0.033000
4269.471470 11.629000 0.036000
4278.455970 11.673000 0.037000
4332.912280 10.529000 0.038000
4340.905950 11.640000 0.041000
4344.907370 11.680000 0.039000
4348.900870 11.522000 0.035000
4354.902740 11.276000 0.034000
4358.888590 11.569000 0.035000
4362.884110 11.681000 0.032000
4366.850520 11.787000 0.034000
4373.865150 11.825000 0.040000
4377.857400 10.608000 0.040000
4381.849540 11.278000 0.038000
4385.836120 11.549000 0.033000
4408.788930 11.085000 0.037000
4411.834050 10.504000 0.041000
4420.859300 10.748000 0.044000
4423.806460 11.621000 0.038000
4427.786250 11.714000 0.036000
4430.769470 11.603000 0.036000
4433.758900 10.814000 0.034000
4436.764260 11.723000 0.039000
4439.743490 11.526000 0.033000
4460.686690 10.530000 0.037000
4462.750440 11.285000 0.033000
4465.675200 11.719000 0.037000
4467.786390 11.047000 0.038000
4470.680970 11.596000 0.038000
4473.731700 11.492000 0.039000
4478.811610 11.446000 0.041000
4484.807110 11.642000 0.041000
4489.667670 11.042000 0.036000
4491.701930 11.448000 0.033000
4493.724350 11.598000 0.033000
4497.652270 11.586000 0.039000
4499.746200 10.684000 0.037000
4502.663190 11.553000 0.035000
4504.721050 11.601000 0.040000
4506.802650 10.564000 0.037000
4509.637460 11.240000 0.038000
4511.708290 11.630000 0.035000
4515.616080 11.561000 0.040000
4517.678040 11.872000 0.043000
4519.682190 10.485000 0.042000
4521.700770 10.962000 0.035000
4523.726480 11.391000 0.034000
4525.781600 11.608000 0.036000
4528.587180 11.710000 0.041000
4530.651090 10.718000 0.045000
4532.718630 11.429000 0.034000
4536.563980 11.110000 0.037000
4538.631690 11.571000 0.038000
4540.630250 11.666000 0.043000
4542.640610 11.579000 0.044000
4546.674550 10.743000 0.038000
4548.671660 11.070000 0.039000
4551.624970 11.645000 0.037000
4555.652680 10.641000 0.036000
4557.678940 11.173000 0.038000
4559.689500 11.558000 0.037000
4562.548100 11.722000 0.041000
4564.608270 10.813000 0.036000
4566.616130 10.836000 0.035000
4568.638590 11.369000 0.037000
4570.620730 11.434000 0.035000
4574.624120 11.654000 0.044000
4579.518760 10.886000 0.039000
4582.543150 11.802000 0.037000
4585.576760 11.595000 0.035000
4588.536360 11.108000 0.038000
4590.560630 11.480000 0.041000
4592.586280 11.612000 0.036000
4595.495580 10.516000 0.038000
4597.508600 11.149000 0.038000
4599.555920 11.521000 0.039000
4602.511370 10.722000 0.040000
4607.506520 11.724000 0.041000
4609.547190 10.633000 0.038000
4618.491280 11.791000 0.038000
4622.492360 10.834000 0.041000
4627.489260 11.755000 0.035000
4631.474800 10.805000 0.039000
4643.458170 11.763000 0.044000
4700.917780 11.801000 0.030000
4704.906830 10.552000 0.034000
4709.900460 11.714000 0.036000
4721.894300 11.554000 0.045000
4730.880690 11.612000 0.040000
4734.894340 11.688000 0.036000
4741.856570 11.591000 0.035000
4749.870640 10.783000 0.039000
4753.826570 11.169000 0.034000
4756.844530 11.300000 0.034000
4760.827530 10.916000 0.033000
4764.805370 11.344000 0.033000
4768.800680 11.604000 0.034000
4771.819050 11.268000 0.040000
4775.778530 11.515000 0.032000
4782.823190 11.517000 0.039000
4786.807360 11.638000 0.035000
4792.785250 11.597000 0.036000
4795.775410 11.626000 0.038000
4798.773380 11.220000 0.033000
4801.755590 11.814000 0.037000
4804.744170 11.579000 0.037000
4807.735140 11.063000 0.034000
4813.745990 11.640000 0.036000
4816.713340 11.003000 0.034000
4819.763790 10.906000 0.034000
4822.706710 11.558000 0.035000
4825.693900 10.979000 0.042000
4831.678450 11.543000 0.035000
4834.665230 10.817000 0.036000
4836.761460 11.528000 0.035000
4839.644300 11.803000 0.037000
4843.778530 11.491000 0.039000
4846.739650 10.502000 0.039000
4849.653850 11.597000 0.037000
4857.702940 10.659000 0.037000
4863.688940 11.414000 0.039000
4879.594950 10.760000 0.040000
4881.642990 11.354000 0.036000
5086.897200 11.651000 0.043000
5155.846370 10.721000 0.044000
2252.736590 11.595000 0.042000
2247.753260 11.785000 0.043000
2249.761670 11.899000 0.042000
2251.739810 11.827000 0.044000
1872.713920 11.837000 0.043000
1874.822630 11.208000 0.046000
1952.600940 11.296000 0.040000
1977.546100 11.008000 0.044000
1979.538090 11.242000 0.043000
1994.492980 11.648000 0.044000
2131.928540 11.185000 0.045000
2135.925740 11.567000 0.047000
2143.911680 11.734000 0.043000
2197.808220 11.841000 0.046000
2208.850520 10.858000 0.045000
2216.850430 11.767000 0.039000
2221.768060 10.978000 0.040000
2234.713640 11.293000 0.040000
2235.771250 10.510000 0.043000
2239.767220 11.219000 0.042000
2248.770180 11.278000 0.042000
2250.748350 11.417000 0.042000
2253.733910 10.943000 0.046000
2257.738050 11.222000 0.044000
2258.766270 11.823000 0.046000
2496.927140 11.400000 0.045000
2498.927420 11.574000 0.045000
2526.887940 10.530000 0.045000
2539.839000 11.120000 0.045000
2553.834130 10.579000 0.047000
2574.774400 11.635000 0.046000
2944.794460 11.669000 0.044000
3028.800800 11.611000 0.044000
3063.590490 11.613000 0.046000
3089.618600 11.023000 0.045000
3408.742410 11.715000 0.045000
3413.572650 11.133000 0.049000
3415.604510 11.510000 0.041000
3423.627900 10.861000 0.049000
3492.547260 11.400000 0.043000
3658.810760 11.772000 0.038000
3714.811030 10.981000 0.043000
3719.787120 12.180000 0.044000
3734.739810 11.009000 0.043000
3739.795400 10.813000 0.042000
3749.767790 11.544000 0.044000
3774.689040 11.493000 0.048000
3783.798410 11.675000 0.048000
3797.614220 10.709000 0.046000
3833.568100 10.777000 0.043000
3837.626090 11.559000 0.042000
3886.527110 11.583000 0.047000
4133.779920 11.497000 0.047000
4135.831490 11.714000 0.047000
4146.717950 11.580000 0.043000
4154.670160 11.816000 0.040000
4196.579450 10.832000 0.045000
4778.824930 11.094000 0.043000
4810.712870 11.698000 0.047000
4861.631100 10.849000 0.047000
4868.760400 11.432000 0.043000
4870.802320 11.665000 0.045000
4906.675350 11.463000 0.049000
4945.617330 10.615000 0.049000
5099.858890 11.709000 0.047000
5140.833450 11.658000 0.045000
5162.814020 11.810000 0.048000
5165.779100 11.653000 0.046000
4572.606500 29.999000 0.037000
2715.671530 29.999000 0.036000
3114.528710 29.999000 0.034000
3473.628320 29.999000 0.040000
4487.626070 29.999000 0.038000
1880.751260 11.502000 0.031000
2167.840260 10.941000 0.032000
2171.847330 11.427000 0.040000
2173.830010 11.552000 0.033000
2183.840270 10.814000 0.033000
2184.859290 11.686000 0.036000
2186.822770 11.654000 0.033000
2190.802500 11.706000 0.034000
2191.875970 11.590000 0.032000
2193.812630 11.621000 0.035000
2201.809570 10.670000 0.033000
2206.796690 11.782000 0.031000
2212.759040 10.823000 0.036000
2213.786020 11.651000 0.037000
2215.764210 11.622000 0.035000
2222.810120 11.740000 0.038000
2225.713430 11.208000 0.034000
2227.722760 11.459000 0.039000
2228.839710 11.231000 0.036000
2229.831460 11.771000 0.039000
2232.745330 11.205000 0.036000
2233.825230 10.535000 0.036000
2235.801680 10.729000 0.040000
2237.709240 10.918000 0.039000
2240.799610 11.826000 0.038000
2249.746380 11.626000 0.039000
2250.744380 11.284000 0.039000
2252.735060 11.463000 0.039000
3365.733640 11.703000 0.033000
3385.809390 11.010000 0.031000
3390.664210 11.531000 0.035000
3449.620680 11.540000 0.034000
2054.464760 10.467000 0.049000
2188.843630 11.758000 0.047000
2197.806240 11.806000 0.045000
2199.806650 10.951000 0.041000
2216.848670 11.529000 0.044000
2221.764060 10.960000 0.040000
2239.756500 11.086000 0.040000
2243.782410 11.583000 0.043000
2244.802000 10.821000 0.044000
2247.751750 11.641000 0.045000
2248.768670 11.241000 0.042000
2251.738290 11.753000 0.040000
2255.730870 10.683000 0.042000
2241.787250 29.999000 0.038000
2947.769190 10.910000 0.033000
2140.914250 11.187000 0.042000
