2174.761210 13.576000 0.054000
2228.646600 13.250000 0.058000
2232.635060 13.554000 0.053000
2250.607050 13.177000 0.059000
2252.600670 13.368000 0.060000
2260.566900 13.045000 0.064000
2653.621130 13.848000 0.052000
3294.756730 13.404000 0.065000
4697.866630 13.403000 0.043000
1919.553260 13.509000 0.044000
1921.580020 13.682000 0.052000
2197.732070 13.552000 0.048000
2216.665390 13.462000 0.054000
2230.637560 13.667000 0.050000
2236.624800 13.565000 0.051000
2251.612990 13.131000 0.059000
3544.932950 13.474000 0.071000
3654.701890 12.872000 0.074000
3680.652020 13.818000 0.060000
4334.832030 13.708000 0.049000
4643.922910 13.674000 0.051000
1868.633410 13.462000 0.069000
1869.620610 13.115000 0.065000
1870.634330 13.881000 0.066000
1872.628310 13.054000 0.062000
1873.632440 13.792000 0.076000
1874.624100 13.540000 0.076000
1875.624380 12.774000 0.067000
1876.618480 13.628000 0.059000
1878.617460 13.062000 0.046000
1879.612890 13.534000 0.044000
1880.598280 13.194000 0.062000
1881.609050 13.667000 0.050000
1884.585860 14.048000 0.056000
1886.608600 12.903000 0.043000
1887.595520 13.514000 0.055000
1888.601570 13.533000 0.063000
1889.600030 12.788000 0.049000
1899.575950 13.507000 0.065000
1902.552160 13.355000 0.048000
1904.559530 13.694000 0.050000
1908.549980 13.101000 0.046000
1913.535380 13.403000 0.050000
1915.602480 13.729000 0.057000
1923.593990 13.645000 0.051000
1925.600380 13.102000 0.055000
1930.538470 13.304000 0.049000
1932.592850 13.711000 0.053000
1936.534200 13.110000 0.053000
1939.552470 13.024000 0.053000
1947.522120 13.133000 0.056000
1954.514210 13.381000 0.061000
1961.518270 13.123000 0.056000
2105.928140 13.688000 0.074000
2113.925370 13.597000 0.062000
2128.796620 13.166000 0.071000
2129.803810 13.773000 0.073000
2130.807410 13.348000 0.076000
2133.841710 13.457000 0.060000
2134.862520 13.062000 0.071000
2136.892840 13.420000 0.046000
2156.760560 13.015000 0.075000
2166.774100 13.544000 0.051000
2167.763620 13.268000 0.063000
2168.771960 13.619000 0.060000
2169.780450 13.503000 0.054000
2171.707060 13.627000 0.059000
2172.757280 13.484000 0.049000
2173.755360 12.887000 0.062000
2177.731140 13.502000 0.053000
2183.687680 13.385000 0.058000
2185.705810 13.509000 0.052000
2186.735990 13.506000 0.050000
2192.720410 13.188000 0.059000
2193.717830 13.816000 0.056000
2194.713780 13.522000 0.052000
2198.704620 12.888000 0.047000
2199.704170 13.592000 0.056000
2200.750780 13.398000 0.047000
2201.694050 13.055000 0.048000
2202.697200 13.526000 0.053000
2206.683140 13.090000 0.050000
2212.575540 13.704000 0.057000
2213.647680 13.554000 0.051000
2214.663040 13.295000 0.049000
2215.663040 13.310000 0.050000
2217.672920 13.103000 0.052000
2219.644970 13.540000 0.048000
2224.646000 13.536000 0.052000
2226.647740 12.881000 0.048000
2227.641620 13.583000 0.052000
2234.622580 12.836000 0.054000
2237.622430 12.782000 0.054000
2239.613080 13.173000 0.055000
2242.617700 12.917000 0.056000
2249.617590 13.319000 0.057000
2453.875160 13.161000 0.049000
2464.939230 13.359000 0.046000
2471.855020 12.877000 0.044000
2496.888850 12.971000 0.046000
2501.842560 13.315000 0.052000
2523.812920 12.983000 0.046000
2540.729170 13.280000 0.055000
2544.809330 13.738000 0.053000
2553.698380 13.651000 0.038000
2559.735580 13.401000 0.041000
2560.742950 12.807000 0.044000
2561.752620 13.569000 0.055000
2562.724230 13.346000 0.043000
2563.732880 12.833000 0.064000
2565.745230 13.071000 0.051000
2577.739270 12.793000 0.045000
2624.657980 13.061000 0.047000
2627.669600 12.922000 0.046000
2629.666580 13.357000 0.042000
2634.617580 13.509000 0.048000
2638.649230 12.935000 0.056000
2640.647130 13.445000 0.057000
2642.644870 13.558000 0.046000
2644.640690 12.916000 0.063000
2646.619930 13.087000 0.047000
2649.613970 13.162000 0.047000
2651.607140 13.682000 0.047000
2658.634970 13.073000 0.048000
2662.631550 13.371000 0.054000
2666.620150 12.958000 0.053000
2672.619420 13.102000 0.044000
2674.607090 13.153000 0.054000
2678.578550 13.566000 0.048000
2684.599160 13.658000 0.047000
2695.539770 13.573000 0.047000
2697.539080 13.765000 0.047000
2699.542230 13.159000 0.045000
2701.537870 13.502000 0.040000
2703.535590 13.516000 0.053000
2705.527610 12.745000 0.043000
2707.530130 13.257000 0.045000
2709.533040 13.578000 0.053000
2714.529490 13.677000 0.045000
2725.503640 13.503000 0.046000
2728.486760 13.511000 0.044000
2814.915110 13.609000 0.046000
2833.914790 12.850000 0.042000
2841.852930 12.847000 0.045000
2861.856480 13.071000 0.043000
2871.915660 13.505000 0.048000
2875.857570 13.018000 0.050000
2877.863170 13.135000 0.042000
2883.847210 12.902000 0.046000
2892.855430 13.744000 0.052000
2894.778740 12.874000 0.044000
2896.771090 13.398000 0.041000
2903.853770 12.916000 0.041000
2906.766600 13.541000 0.048000
2909.749730 13.624000 0.045000
2911.734780 13.095000 0.043000
2913.719450 13.177000 0.045000
2916.671600 12.878000 0.043000
2926.764040 13.351000 0.041000
2930.755720 13.191000 0.049000
2932.749850 13.666000 0.052000
2940.683430 13.461000 0.042000
2942.680710 13.524000 0.042000
2944.690800 13.028000 0.042000
2946.671790 13.364000 0.040000
2950.678790 12.923000 0.044000
2958.730270 13.153000 0.043000
2964.768760 12.871000 0.043000
2971.589670 13.314000 0.044000
2973.627810 13.830000 0.046000
2977.641060 13.370000 0.042000
2983.710580 13.076000 0.040000
2985.760640 13.612000 0.048000
2988.660750 13.544000 0.047000
2992.757340 12.940000 0.043000
2995.606170 13.550000 0.041000
3000.629670 12.873000 0.047000
3006.636000 13.586000 0.040000
3008.652250 13.320000 0.049000
3017.701130 13.112000 0.041000
3019.699370 13.592000 0.041000
3030.643590 13.513000 0.042000
3035.565790 13.549000 0.043000
3044.585840 13.309000 0.042000
3050.555570 12.906000 0.040000
3053.551900 12.839000 0.047000
3061.532590 13.563000 0.046000
3067.542930 12.698000 0.042000
3076.529190 13.691000 0.048000
3079.523060 13.137000 0.043000
3082.511300 13.529000 0.043000
3185.922010 13.506000 0.045000
3266.824540 13.367000 0.050000
3358.717450 13.599000 0.052000
3394.653210 13.679000 0.074000
3404.644040 12.760000 0.071000
3414.553620 13.633000 0.059000
3426.536740 12.788000 0.047000
3430.567960 13.418000 0.050000
3433.519080 14.005000 0.056000
3442.517640 13.096000 0.039000
3445.517890 13.278000 0.048000
3448.527340 13.199000 0.057000
3454.506240 12.751000 0.047000
3461.480330 13.589000 0.073000
3560.939230 13.274000 0.075000
3564.914730 13.351000 0.054000
3570.862860 13.025000 0.046000
3574.865790 13.619000 0.045000
3583.901400 13.746000 0.049000
3590.855730 13.020000 0.056000
3599.879930 13.318000 0.042000
3615.882460 13.168000 0.058000
3618.816200 13.023000 0.069000
3625.797930 13.471000 0.043000
3631.759800 13.243000 0.056000
3639.758240 13.675000 0.055000
3651.766380 13.121000 0.072000
3656.727460 13.494000 0.071000
3660.740120 13.021000 0.048000
3668.810570 13.166000 0.044000
3673.709680 13.194000 0.053000
3675.761000 13.623000 0.060000
3699.792770 13.078000 0.067000
3707.641730 12.808000 0.059000
3711.642450 13.385000 0.071000
3713.615620 14.012000 0.068000
3724.746400 13.029000 0.064000
3744.596050 13.679000 0.059000
3751.673460 13.101000 0.048000
3759.586190 13.366000 0.049000
3762.584230 13.418000 0.051000
3765.579330 13.155000 0.044000
3768.566030 13.203000 0.057000
3790.548130 13.276000 0.052000
3793.539820 13.387000 0.053000
3796.532910 13.118000 0.048000
3799.532810 13.094000 0.059000
3809.511380 13.547000 0.047000
3812.504800 13.365000 0.045000
3821.492020 13.103000 0.054000
3824.487680 13.001000 0.056000
3827.479450 12.806000 0.075000
3902.932740 12.708000 0.059000
3906.920030 13.527000 0.048000
4103.630420 13.502000 0.068000
4105.656200 12.997000 0.076000
4107.667160 13.503000 0.042000
4119.689970 13.382000 0.048000
4126.656110 13.651000 0.069000
4131.609120 13.595000 0.068000
4133.617730 13.017000 0.050000
4135.641410 13.537000 0.065000
4140.596620 13.476000 0.040000
4143.557890 13.623000 0.058000
4157.585090 13.498000 0.053000
4162.541120 13.434000 0.056000
4167.543480 13.664000 0.056000
4174.535130 13.342000 0.056000
4182.511670 13.318000 0.054000
4304.861600 14.106000 0.047000
4310.905280 13.382000 0.041000
4314.878880 12.697000 0.049000
4338.805510 13.384000 0.043000
4354.784720 13.509000 0.047000
4357.791930 13.568000 0.062000
4362.790040 13.796000 0.049000
4367.768060 12.836000 0.046000
4369.811080 13.208000 0.043000
4372.740740 13.177000 0.046000
4375.784640 13.277000 0.040000
4378.730040 12.848000 0.059000
4380.788110 13.435000 0.068000
4383.719530 13.286000 0.050000
4385.768630 13.629000 0.042000
4388.704050 13.349000 0.039000
4392.726990 12.858000 0.041000
4404.700260 13.624000 0.045000
4413.711030 13.510000 0.041000
4418.836620 13.586000 0.062000
4424.784660 13.657000 0.047000
4431.758160 12.880000 0.049000
4436.754070 13.454000 0.062000
4452.639500 13.656000 0.052000
4462.641110 13.562000 0.050000
4465.600310 13.603000 0.053000
4467.689360 13.161000 0.045000
4470.644860 13.181000 0.055000
4473.700860 12.899000 0.065000
4479.624160 13.761000 0.046000
4482.624180 13.309000 0.048000
4490.569200 13.735000 0.050000
4492.625080 13.153000 0.043000
4494.645900 13.524000 0.073000
4498.638340 12.806000 0.072000
4517.552530 13.106000 0.051000
4520.539990 12.865000 0.049000
4531.526890 12.829000 0.060000
4534.516710 12.749000 0.049000
4537.539880 12.850000 0.045000
4553.489890 13.274000 0.045000
4561.477400 13.245000 0.048000
4628.931640 13.044000 0.051000
4632.933490 13.860000 0.044000
4651.902790 13.247000 0.073000
4662.891270 12.762000 0.057000
4665.927960 12.825000 0.054000
4674.885140 13.143000 0.052000
4686.842460 13.628000 0.046000
4693.862160 13.637000 0.042000
4700.839760 13.381000 0.045000
4703.837140 13.283000 0.054000
4707.801200 13.762000 0.047000
4715.865250 12.849000 0.048000
4719.831010 13.406000 0.041000
4726.843780 13.119000 0.067000
4729.783560 12.989000 0.045000
4733.769100 13.654000 0.048000
4740.752740 12.842000 0.043000
4748.721650 12.941000 0.060000
4753.758050 13.253000 0.045000
4758.772730 13.628000 0.060000
4769.657280 13.435000 0.046000
4773.780520 13.239000 0.066000
4776.640400 13.022000 0.058000
4778.686810 13.358000 0.044000
4786.793320 13.447000 0.063000
4794.737940 13.702000 0.074000
4797.735530 13.476000 0.068000
4802.698920 13.829000 0.072000
4805.599810 13.532000 0.050000
4807.610980 13.350000 0.042000
4809.655390 13.231000 0.046000
4823.650750 13.108000 0.066000
4825.763120 13.527000 0.066000
4828.607560 13.496000 0.069000
4836.591730 13.394000 0.054000
4838.656060 13.633000 0.069000
4858.617300 13.654000 0.075000
4870.594580 13.546000 0.059000
4879.558210 13.299000 0.062000
5041.867880 13.497000 0.048000
5084.793830 13.349000 0.052000
5099.851840 12.937000 0.044000
5104.798750 13.307000 0.053000
5111.735290 13.582000 0.048000
5124.785930 13.033000 0.046000
2660.634740 13.336000 0.061000
2248.618920 12.811000 0.064000
2253.601210 13.150000 0.064000
2255.601350 13.530000 0.062000
4540.526500 13.513000 0.053000
4864.601260 13.350000 0.066000
5022.894060 13.372000 0.053000
1871.643570 13.442000 0.082000
2055.939500 13.310000 0.085000
2067.943520 12.894000 0.083000
2069.921740 13.557000 0.084000
2080.934710 13.421000 0.081000
2086.905620 13.505000 0.083000
2088.894970 13.496000 0.082000
2094.871270 13.384000 0.084000
2095.897830 12.828000 0.088000
2096.886810 13.572000 0.086000
2131.814410 12.998000 0.082000
2132.832680 13.705000 0.077000
2529.745810 13.013000 0.055000
2558.686500 13.378000 0.060000
2574.804850 13.002000 0.060000
2655.634110 12.846000 0.058000
2676.593270 13.409000 0.057000
2691.538390 12.894000 0.056000
2721.490620 13.327000 0.051000
3092.494820 12.743000 0.050000
3386.640710 13.435000 0.077000
3388.690340 13.544000 0.087000
3390.667060 13.053000 0.092000
3399.580690 13.577000 0.084000
3409.569570 12.963000 0.085000
3458.484900 13.369000 0.079000
3621.818600 13.027000 0.090000
3662.799490 13.362000 0.068000
3665.677560 12.782000 0.079000
3702.638120 14.035000 0.082000
3704.742090 13.320000 0.086000
3715.649050 13.188000 0.086000
3717.700880 13.547000 0.082000
3719.767720 13.004000 0.064000
3727.605620 13.838000 0.066000
3730.680080 13.901000 0.082000
3733.660990 13.689000 0.079000
3736.615830 13.979000 0.098000
3741.600380 14.424000 0.094000
3746.679840 13.185000 0.047000
3749.620250 12.788000 0.052000
3754.612960 13.420000 0.054000
3773.576430 13.283000 0.063000
3775.596920 13.728000 0.070000
3780.603300 13.049000 0.071000
3787.573140 13.435000 0.064000
3802.530910 12.924000 0.050000
3805.524740 13.624000 0.071000
3815.503130 13.378000 0.085000
3818.494770 13.136000 0.084000
3983.810610 13.180000 0.052000
4111.667840 12.858000 0.082000
4282.926720 13.556000 0.071000
4398.801570 12.893000 0.072000
4427.659480 13.095000 0.051000
4444.709660 13.391000 0.078000
4459.717180 13.181000 0.074000
4504.577680 13.966000 0.046000
4525.537730 13.405000 0.054000
4528.532520 13.226000 0.068000
4756.695390 13.145000 0.068000
4814.712240 13.477000 0.083000
4817.640910 13.373000 0.081000
4843.712210 13.152000 0.078000
4846.678920 12.644000 0.093000
4852.597200 13.345000 0.077000
4855.603400 13.872000 0.086000
4862.546040 13.279000 0.083000
4867.595500 13.341000 0.073000
4882.561540 12.828000 0.063000
4904.533110 13.041000 0.074000
4918.496220 13.016000 0.066000
5009.938200 13.422000 0.064000
5018.931840 13.059000 0.057000
5048.824820 13.299000 0.048000
5063.866060 12.757000 0.054000
5070.848040 13.406000 0.047000
5087.792700 13.291000 0.055000
5093.773190 13.115000 0.056000
5106.801340 13.518000 0.049000
5118.676500 12.961000 0.047000
5132.730140 13.167000 0.054000
5162.651830 13.727000 0.052000
5164.741620 13.604000 0.052000
2222.668870 29.999000 0.051000
2229.646340 29.999000 0.053000
2243.622140 29.999000 0.062000
2498.891650 29.999000 0.048000
2502.846440 29.999000 0.052000
2554.767040 29.999000 0.048000
2668.625760 29.999000 0.046000
2723.502110 29.999000 0.043000
2838.890130 29.999000 0.044000
2853.868610 29.999000 0.052000
2859.827250 29.999000 0.038000
2900.767750 29.999000 0.043000
2918.719940 29.999000 0.050000
2923.746430 29.999000 0.050000
2954.710290 29.999000 0.054000
2960.703740 29.999000 0.048000
2962.762820 29.999000 0.040000
2966.739760 29.999000 0.046000
2968.783710 29.999000 0.042000
2975.630970 29.999000 0.050000
2981.681930 29.999000 0.046000
3058.556650 29.999000 0.046000
3073.522340 29.999000 0.047000
3089.503920 29.999000 0.044000
3278.737660 29.999000 0.049000
3577.889550 29.999000 0.046000
3633.832370 29.999000 0.044000
3642.753650 29.999000 0.044000
3722.588420 29.999000 0.050000
3756.660530 29.999000 0.062000
4429.713190 29.999000 0.042000
4457.634700 29.999000 0.057000
4737.805120 29.999000 0.043000
4783.802870 29.999000 0.074000
4833.639900 29.999000 0.074000
1965.505980 29.999000 0.060000
1968.524560 29.999000 0.063000
2207.681370 29.999000 0.049000
2241.617570 29.999000 0.052000
2256.600190 29.999000 0.066000
2257.595230 29.999000 0.067000
2263.547840 29.999000 0.068000
2497.892480 29.999000 0.042000
2508.814100 29.999000 0.057000
2511.782170 29.999000 0.048000
2556.780230 29.999000 0.050000
2564.732740 29.999000 0.044000
2670.618820 29.999000 0.051000
2680.581190 29.999000 0.050000
2693.545000 29.999000 0.044000
2712.519380 29.999000 0.044000
2718.495120 29.999000 0.047000
2734.477310 29.999000 0.043000
2810.903780 29.999000 0.045000
2934.744780 29.999000 0.044000
2948.719210 29.999000 0.049000
2979.663030 29.999000 0.044000
3010.669520 29.999000 0.040000
3070.527000 29.999000 0.044000
3101.474680 29.999000 0.042000
3416.567900 29.999000 0.071000
3436.533120 29.999000 0.043000
3628.852540 29.999000 0.043000
3636.783460 29.999000 0.045000
3671.670570 29.999000 0.043000
3778.557100 29.999000 0.077000
4193.479000 29.999000 0.071000
4501.588840 29.999000 0.045000
4507.549450 29.999000 0.045000
4510.553010 29.999000 0.056000
4522.562410 29.999000 0.045000
4543.511770 29.999000 0.046000
4546.515140 29.999000 0.047000
4549.503270 29.999000 0.047000
4557.482530 29.999000 0.043000
2204.686360 29.999000 0.049000
2244.627150 29.999000 0.065000
2254.603930 29.999000 0.065000
2491.823770 29.999000 0.045000
2495.823220 29.999000 0.040000
2664.622760 29.999000 0.048000
2689.542090 29.999000 0.055000
3012.688760 29.999000 0.040000
3041.631230 29.999000 0.045000
3086.513100 29.999000 0.044000
3097.480150 29.999000 0.045000
4340.859980 29.999000 0.046000
4351.810790 29.999000 0.054000
4407.841100 29.999000 0.055000
4655.895410 29.999000 0.071000
4710.822970 29.999000 0.054000
4721.773960 29.999000 0.052000
4724.797500 29.999000 0.070000
4763.802900 29.999000 0.043000
4771.710970 29.999000 0.043000
4780.711490 29.999000 0.042000
5014.880650 29.999000 0.053000
2212.608390 13.700000 0.052000
2460.883640 13.174000 0.041000
2470.884340 13.357000 0.036000
2885.819550 13.334000 0.033000
2946.707660 13.473000 0.031000
2976.645590 13.471000 0.034000
3358.601520 13.335000 0.052000
3363.678480 13.672000 0.074000
3386.646790 13.465000 0.053000
4119.693140 13.139000 0.058000
4283.931150 12.997000 0.046000
4291.914880 13.487000 0.040000
4295.917010 13.668000 0.055000
4316.900040 13.348000 0.042000
4332.868040 13.676000 0.068000
4349.839890 13.540000 0.070000
4353.799900 12.737000 0.044000
4357.774150 13.461000 0.043000
4368.772450 13.738000 0.043000
4375.804490 13.112000 0.046000
4378.756520 12.894000 0.054000
4644.938240 13.558000 0.048000
4649.919250 13.641000 0.051000
4655.921830 13.409000 0.053000
4666.902000 13.562000 0.043000
4690.868410 12.767000 0.041000
4694.859150 13.591000 0.044000
4698.845560 12.841000 0.052000
4701.863880 12.835000 0.046000
4715.885770 13.036000 0.050000
4722.815320 13.412000 0.052000
4725.828780 13.395000 0.055000
4728.799710 13.335000 0.044000
4734.854240 13.651000 0.060000
4759.815200 13.474000 0.062000
4764.792190 13.480000 0.047000
4767.687610 13.256000 0.044000
4772.743080 13.625000 0.055000
4779.737020 12.772000 0.066000
5087.818930 13.295000 0.046000
5124.802080 13.191000 0.053000
5144.756690 13.013000 0.052000
2465.888520 13.200000 0.051000
4298.927400 14.080000 0.054000
4312.865640 13.304000 0.063000
4341.900410 13.522000 0.051000
4662.929410 13.099000 0.075000
4731.785750 13.343000 0.052000
5014.929120 13.444000 0.053000
5023.910460 13.380000 0.054000
5048.852860 13.492000 0.052000
5063.887120 12.936000 0.051000
5084.827000 13.462000 0.057000
5093.800470 13.439000 0.059000
5106.826150 13.499000 0.070000
5122.776150 13.735000 0.052000
5135.735860 13.051000 0.076000
2956.733140 29.999000 0.035000
5164.752950 29.999000 0.065000
1884.598840 13.688000 0.043000
1885.608830 13.608000 0.034000
1904.568280 13.551000 0.043000
1913.544170 13.432000 0.035000
1919.535220 13.290000 0.038000
1923.587210 13.693000 0.039000
1929.600760 13.704000 0.041000
1931.575630 12.756000 0.043000
1933.583390 13.417000 0.037000
1940.568900 13.573000 0.040000
1953.556060 13.077000 0.048000
2087.901870 13.143000 0.065000
2104.895200 13.673000 0.062000
2105.930460 13.510000 0.068000
2113.929860 13.666000 0.057000
2115.885210 13.384000 0.051000
2117.850310 13.063000 0.059000
2128.800940 13.123000 0.066000
2130.809430 13.496000 0.064000
2131.816410 12.934000 0.068000
2132.834670 13.691000 0.068000
2133.845970 13.457000 0.056000
2134.864490 13.069000 0.066000
2143.790800 13.711000 0.061000
2144.860170 13.546000 0.066000
2460.875310 13.257000 0.039000
2624.659860 13.084000 0.036000
2629.668510 13.594000 0.042000
2642.597520 13.594000 0.038000
2649.573590 12.801000 0.029000
2651.578650 13.591000 0.034000
2655.613040 12.768000 0.038000
2664.606550 13.590000 0.036000
2666.603960 12.791000 0.032000
2668.609610 13.436000 0.033000
2674.591000 13.076000 0.042000
2676.577150 13.448000 0.039000
2678.562510 13.692000 0.039000
2680.565150 12.927000 0.041000
2690.587800 13.382000 0.050000
2698.576810 13.593000 0.036000
2700.578740 13.601000 0.029000
2702.570540 12.944000 0.030000
2704.559200 13.368000 0.032000
2723.505030 13.578000 0.030000
2725.506570 13.817000 0.029000
2727.502410 13.087000 0.030000
2729.502740 13.399000 0.033000
2733.490470 13.135000 0.031000
2740.473380 13.578000 0.031000
2871.913050 13.505000 0.028000
2875.864160 12.974000 0.026000
2892.864070 13.290000 0.034000
2921.821400 13.077000 0.040000
2930.764460 13.256000 0.028000
2932.760370 13.393000 0.026000
2942.694280 13.777000 0.026000
2944.694670 13.119000 0.030000
2958.764330 13.129000 0.028000
2963.664730 13.290000 0.029000
2965.689780 13.667000 0.031000
2969.653880 13.137000 0.034000
2974.586570 13.475000 0.029000
2976.634860 13.923000 0.034000
2980.670140 13.396000 0.029000
2988.748630 13.461000 0.032000
2991.576750 13.032000 0.030000
2993.620100 13.561000 0.038000
2995.670360 13.581000 0.032000
2997.694080 13.142000 0.029000
3000.691520 13.117000 0.027000
3006.696760 12.790000 0.027000
3018.597270 13.601000 0.036000
3023.539710 13.611000 0.031000
3025.675720 13.229000 0.030000
3045.614850 12.768000 0.028000
3048.597670 13.595000 0.031000
3056.588060 12.911000 0.031000
3061.583060 13.370000 0.026000
3067.560990 12.855000 0.031000
3070.537920 13.016000 0.032000
3076.545980 13.675000 0.029000
3096.498450 13.361000 0.033000
3193.940620 13.587000 0.057000
3366.767610 13.935000 0.052000
1950.528960 13.127000 0.063000
1959.574620 12.572000 0.060000
2135.887600 13.785000 0.064000
2672.603280 13.351000 0.039000
3092.498000 12.745000 0.043000
3372.648030 13.603000 0.066000
1937.528780 29.999000 0.037000
1946.580350 29.999000 0.040000
1966.535420 29.999000 0.049000
1981.513930 29.999000 0.054000
2129.808190 29.999000 0.065000
2658.613940 29.999000 0.036000
2684.585030 29.999000 0.038000
2686.591380 29.999000 0.039000
2692.585120 29.999000 0.045000
2694.584680 29.999000 0.034000
2735.490870 29.999000 0.032000
2845.927480 29.999000 0.036000
2923.752450 29.999000 0.029000
2934.756060 29.999000 0.029000
2948.737490 29.999000 0.039000
2956.730110 29.999000 0.032000
2967.666530 29.999000 0.045000
2978.650880 29.999000 0.033000
2982.674710 29.999000 0.030000
2984.674410 29.999000 0.027000
3008.689100 29.999000 0.028000
3010.706010 29.999000 0.036000
3012.729140 29.999000 0.035000
3016.585800 29.999000 0.039000
3029.677580 29.999000 0.032000
3034.590350 29.999000 0.029000
3036.634200 29.999000 0.029000
3040.634660 29.999000 0.032000
3051.582160 29.999000 0.032000
3054.573680 29.999000 0.028000
3059.553390 29.999000 0.031000
3073.535560 29.999000 0.033000
3079.533780 29.999000 0.035000
3082.519670 29.999000 0.029000
3086.524320 29.999000 0.031000
3089.507130 29.999000 0.041000
3102.482510 29.999000 0.033000
2954.702350 13.631000 0.040000
