1868.684240 12.343000 0.054000
1869.669300 12.602000 0.050000
1870.679480 12.528000 0.066000
1871.685520 12.285000 0.070000
1872.679280 12.799000 0.073000
1873.676490 12.561000 0.063000
1874.668210 12.440000 0.062000
1875.670470 12.611000 0.052000
1876.664780 12.568000 0.059000
1877.667440 12.445000 0.050000
1878.659350 12.730000 0.043000
1879.662680 12.609000 0.046000
1880.647300 12.637000 0.054000
1881.651140 12.591000 0.046000
1885.647340 12.389000 0.043000
1886.646090 12.734000 0.042000
1888.641350 12.416000 0.051000
1889.640130 12.745000 0.049000
1899.616910 12.628000 0.051000
1907.609720 12.686000 0.045000
1918.578800 12.733000 0.044000
2086.938480 12.672000 0.065000
2156.825530 12.680000 0.055000
2166.824870 12.218000 0.043000
2167.818750 12.754000 0.053000
2168.876430 12.677000 0.060000
2172.765220 12.404000 0.053000
2173.803710 12.881000 0.058000
2177.782670 12.373000 0.053000
2183.746490 12.303000 0.055000
2185.757370 12.594000 0.048000
2190.776830 12.728000 0.040000
2192.762630 12.196000 0.060000
2193.771720 12.740000 0.047000
2194.765730 12.674000 0.039000
2196.804400 12.829000 0.054000
2212.644210 12.330000 0.056000
2250.651830 12.525000 0.053000
2253.645640 12.476000 0.055000
2453.930970 12.789000 0.045000
2465.926230 12.723000 0.040000
2467.927520 12.153000 0.040000
2471.890620 12.892000 0.046000
2498.868830 12.547000 0.046000
2539.734220 12.512000 0.056000
2558.854590 12.081000 0.033000
2559.811670 12.705000 0.040000
2561.726870 12.801000 0.036000
2562.812390 12.774000 0.059000
2563.798070 12.479000 0.039000
2565.803140 12.797000 0.034000
2579.692070 12.631000 0.047000
2622.720770 12.307000 0.038000
2636.758290 12.532000 0.034000
2638.747310 12.679000 0.042000
2647.576820 12.508000 0.036000
2836.928420 12.749000 0.032000
2840.920390 12.587000 0.033000
2854.869810 12.656000 0.034000
2860.907730 12.716000 0.034000
2911.766350 12.318000 0.035000
3273.795060 12.178000 0.040000
3276.808660 12.249000 0.045000
3291.848330 12.114000 0.041000
3298.771410 12.811000 0.046000
3356.668150 12.793000 0.061000
3383.661530 12.761000 0.065000
3385.672220 12.580000 0.068000
3387.677060 12.407000 0.055000
3389.713720 12.632000 0.058000
3395.657290 12.669000 0.067000
3397.701920 12.845000 0.072000
3400.599490 12.799000 0.066000
3403.620580 12.731000 0.042000
3405.646360 12.068000 0.042000
3407.660840 12.609000 0.048000
3414.635800 11.993000 0.054000
3416.632960 12.725000 0.071000
3421.577520 12.546000 0.049000
3425.616750 12.366000 0.042000
3432.558760 12.674000 0.047000
3434.558550 12.289000 0.065000
3446.524780 12.298000 0.050000
3449.527000 12.318000 0.054000
3455.492210 12.747000 0.063000
3460.490370 12.408000 0.053000
3463.484980 12.361000 0.043000
3466.483830 12.298000 0.046000
3470.482160 12.729000 0.042000
3473.479970 12.782000 0.037000
3563.937220 12.294000 0.043000
3575.913620 12.813000 0.037000
3579.920300 12.849000 0.044000
3601.860780 12.485000 0.040000
3621.873520 12.304000 0.047000
3625.867600 12.842000 0.034000
3629.798030 12.517000 0.039000
3632.830010 12.699000 0.044000
3639.785460 12.799000 0.038000
3642.809220 12.741000 0.042000
3646.826720 12.719000 0.034000
3652.767940 12.614000 0.043000
3654.825570 12.727000 0.065000
3658.759790 12.709000 0.063000
3666.738890 12.810000 0.043000
3669.823210 12.761000 0.032000
3672.729730 12.813000 0.037000
3675.714840 12.706000 0.049000
3700.667360 12.239000 0.046000
3706.639860 12.709000 0.054000
3708.788720 12.813000 0.066000
3712.748710 12.039000 0.073000
3717.608040 12.392000 0.054000
3727.612730 12.551000 0.048000
3749.625150 12.437000 0.046000
3754.617850 12.744000 0.068000
3756.666350 12.404000 0.053000
3761.632700 12.335000 0.039000
3771.627460 12.820000 0.066000
3774.597930 12.771000 0.049000
3776.619040 12.306000 0.050000
3789.557430 12.952000 0.066000
3791.593650 11.997000 0.056000
3794.576250 12.566000 0.043000
3797.548930 12.764000 0.049000
3799.596250 12.561000 0.042000
3802.545270 12.398000 0.045000
3805.537240 12.175000 0.055000
3809.515250 12.813000 0.041000
3811.534170 12.294000 0.067000
3816.521810 12.683000 0.040000
3819.511750 12.435000 0.057000
3822.502620 12.447000 0.046000
3827.504920 12.709000 0.043000
3833.491520 12.616000 0.045000
4089.653580 12.681000 0.052000
4091.742700 12.595000 0.072000
4107.628020 12.585000 0.042000
4125.653740 12.753000 0.052000
4129.644760 12.457000 0.067000
4131.673130 12.718000 0.062000
4134.581860 12.596000 0.038000
4140.627240 12.631000 0.038000
4147.639930 12.347000 0.039000
4151.584080 12.874000 0.067000
4153.586280 12.208000 0.067000
4155.606290 12.562000 0.067000
4160.599690 12.761000 0.046000
4162.597090 11.929000 0.073000
4182.530270 12.223000 0.057000
4190.516970 12.649000 0.049000
4197.498520 12.053000 0.047000
4201.487020 12.769000 0.040000
4205.481910 12.569000 0.050000
4297.923870 12.628000 0.056000
4301.917530 12.621000 0.057000
4304.927720 12.548000 0.058000
4307.931780 12.567000 0.039000
4316.925650 12.459000 0.043000
4330.869230 12.623000 0.042000
4333.869550 12.702000 0.039000
4338.870310 12.861000 0.039000
4358.823250 12.895000 0.039000
4364.849080 12.766000 0.039000
4367.816330 12.645000 0.059000
4373.799860 12.685000 0.040000
4376.801900 12.643000 0.046000
4379.787060 12.725000 0.046000
4382.766560 12.602000 0.040000
4384.808570 12.496000 0.043000
4387.770120 12.479000 0.056000
4399.870640 12.184000 0.064000
4403.735440 12.545000 0.047000
4407.756550 12.143000 0.054000
4413.751310 12.103000 0.047000
4427.703580 12.357000 0.041000
4429.764550 12.823000 0.039000
4432.646110 12.724000 0.038000
4437.654670 12.642000 0.060000
4439.775410 12.514000 0.058000
4442.701510 12.381000 0.067000
4453.614880 12.525000 0.042000
4455.687520 12.883000 0.072000
4457.779720 12.505000 0.061000
4460.668010 12.405000 0.042000
4462.731200 12.555000 0.040000
4474.629200 12.307000 0.048000
4477.599560 12.222000 0.054000
4479.673070 12.642000 0.067000
4482.651460 12.628000 0.046000
4490.584060 12.608000 0.059000
4492.662320 12.156000 0.068000
4494.669510 12.696000 0.042000
4504.582340 12.770000 0.044000
4509.566130 12.145000 0.064000
4518.564520 12.407000 0.050000
4520.600610 12.669000 0.038000
4522.606700 12.565000 0.042000
4524.607110 12.182000 0.042000
4527.570680 12.209000 0.045000
4530.559970 12.239000 0.041000
4533.542050 12.523000 0.040000
4537.523460 12.731000 0.046000
4542.529490 12.787000 0.052000
4547.518670 12.502000 0.055000
4553.505680 12.123000 0.041000
4556.505550 12.215000 0.044000
4562.483310 11.906000 0.038000
4565.474150 12.073000 0.057000
4570.483960 12.353000 0.041000
4574.470300 12.743000 0.044000
4664.924130 12.353000 0.056000
4671.910270 12.841000 0.053000
4676.935010 12.255000 0.054000
4681.916680 12.603000 0.045000
4685.893840 12.485000 0.045000
4693.892000 12.520000 0.043000
4697.908060 12.769000 0.042000
4700.888830 12.722000 0.041000
4703.918310 12.819000 0.045000
4707.894560 12.804000 0.044000
4716.851390 12.533000 0.043000
4720.876670 12.043000 0.052000
4724.868090 12.694000 0.045000
4727.855140 12.780000 0.038000
4730.863740 12.668000 0.061000
4740.776520 12.236000 0.050000
4743.787120 12.203000 0.061000
4752.768080 12.333000 0.040000
4755.756330 12.454000 0.044000
4758.745270 12.695000 0.050000
4761.749390 12.637000 0.053000
4764.740540 12.591000 0.043000
4767.728530 12.755000 0.052000
4770.717670 12.666000 0.042000
4773.702120 12.798000 0.043000
4775.779280 12.553000 0.039000
4778.690260 12.490000 0.052000
4780.752170 12.689000 0.057000
4784.649990 12.497000 0.041000
4787.709890 12.201000 0.064000
4792.656580 12.367000 0.050000
4794.770550 12.797000 0.066000
4797.779450 12.706000 0.056000
4802.803620 12.104000 0.069000
4807.665880 12.265000 0.040000
4809.728700 12.845000 0.052000
4814.770170 12.482000 0.068000
4818.603290 12.375000 0.048000
4823.686130 12.637000 0.068000
4826.659830 12.842000 0.071000
4831.630740 12.401000 0.054000
4836.624610 12.462000 0.053000
4838.679170 12.508000 0.072000
4843.634170 12.771000 0.051000
4846.631690 12.613000 0.054000
4861.560330 12.620000 0.066000
4881.572570 12.760000 0.071000
4884.569040 12.712000 0.067000
5048.915340 12.751000 0.061000
5086.843030 12.610000 0.042000
5089.878170 12.606000 0.043000
5092.839820 12.758000 0.048000
5098.788400 12.873000 0.059000
5113.779010 12.672000 0.048000
5132.726850 12.419000 0.047000
5144.776190 12.291000 0.041000
2094.924330 12.849000 0.076000
2096.929670 12.190000 0.086000
2103.905780 12.754000 0.072000
2186.803930 12.382000 0.056000
2244.666340 12.683000 0.058000
2247.654650 12.519000 0.059000
2248.656610 12.477000 0.061000
2249.658030 12.645000 0.054000
2251.650630 12.445000 0.057000
2252.645090 12.627000 0.057000
2254.641660 12.605000 0.060000
2255.639130 12.575000 0.059000
2256.640190 12.529000 0.062000
2257.636420 12.577000 0.068000
2258.635630 12.641000 0.061000
2260.627700 12.545000 0.061000
2262.626620 12.382000 0.067000
2263.622680 12.553000 0.070000
2264.622200 12.514000 0.069000
2496.937800 12.630000 0.050000
2503.854740 12.537000 0.059000
2549.774600 12.484000 0.063000
2886.843670 12.772000 0.055000
3279.789860 12.120000 0.059000
3358.773300 12.511000 0.098000
3365.645330 12.876000 0.095000
3410.576450 12.426000 0.091000
3412.620750 12.960000 0.085000
3419.543100 12.358000 0.093000
3430.546370 12.677000 0.089000
3440.540700 12.094000 0.046000
3443.564760 12.236000 0.091000
3457.520090 12.409000 0.084000
3597.869910 12.678000 0.045000
3618.853730 12.295000 0.057000
3649.791350 12.766000 0.046000
3660.818130 12.724000 0.080000
3663.749770 12.977000 0.078000
3678.844790 12.780000 0.092000
3703.686970 12.213000 0.078000
3719.735380 12.504000 0.092000
3722.598750 12.827000 0.079000
3724.753620 12.223000 0.085000
3730.687450 12.683000 0.095000
3733.668960 12.949000 0.082000
3736.629480 12.774000 0.086000
3741.607680 12.573000 0.081000
3744.601800 12.576000 0.080000
3746.688350 12.634000 0.070000
3751.678380 12.792000 0.079000
3758.702410 12.459000 0.077000
3764.600720 12.380000 0.078000
3766.641610 12.737000 0.082000
3778.627310 12.749000 0.087000
3813.536970 12.765000 0.084000
3830.498390 12.692000 0.077000
3836.484940 12.659000 0.037000
4127.671510 12.384000 0.062000
4136.584950 12.625000 0.082000
4142.645590 12.594000 0.083000
4172.530410 12.628000 0.062000
4174.544230 12.667000 0.063000
4185.510290 12.042000 0.066000
4341.837660 12.723000 0.049000
4347.875660 12.630000 0.054000
4351.836660 12.543000 0.047000
4354.850970 12.458000 0.062000
4410.708380 12.044000 0.095000
4424.733770 12.342000 0.075000
4465.640960 12.500000 0.078000
4468.628370 12.335000 0.076000
4470.761070 12.561000 0.076000
4487.689040 12.757000 0.051000
4501.604570 12.635000 0.076000
4506.647470 12.325000 0.073000
4511.599040 12.612000 0.066000
4539.555270 12.672000 0.059000
4559.499070 12.167000 0.063000
4820.712370 12.937000 0.083000
4848.678760 12.216000 0.078000
4851.645660 12.486000 0.088000
4857.658680 12.313000 0.077000
4872.595560 12.293000 0.087000
4917.496890 12.568000 0.072000
5022.932240 12.780000 0.050000
5066.908360 12.839000 0.050000
5070.868190 12.386000 0.049000
5074.914510 12.307000 0.053000
5083.854500 12.705000 0.066000
5123.726460 12.180000 0.049000
5129.762860 12.152000 0.046000
5147.841440 12.229000 0.061000
5155.813590 12.432000 0.073000
5155.842510 12.610000 0.061000
5164.642640 12.530000 0.044000
2554.848580 29.999000 0.056000
2680.634850 29.999000 0.038000
2895.819090 29.999000 0.039000
2897.845720 29.999000 0.045000
3589.880490 29.999000 0.047000
1887.639630 29.999000 0.050000
2088.946800 29.999000 0.081000
2544.867370 29.999000 0.045000
2553.759430 29.999000 0.054000
2621.639830 29.999000 0.033000
2634.743570 29.999000 0.041000
2640.745210 29.999000 0.043000
2831.915540 29.999000 0.035000
2879.866830 29.999000 0.037000
1869.646120 12.760000 0.052000
1921.553740 12.744000 0.039000
1925.581370 12.771000 0.041000
2144.813050 12.684000 0.070000
2624.714600 12.523000 0.052000
2689.545390 12.043000 0.054000
2705.530680 12.805000 0.039000
2717.501730 13.027000 0.045000
2720.497750 12.545000 0.036000
2932.773120 12.751000 0.033000
2948.750340 12.539000 0.042000
2954.737290 12.619000 0.035000
2963.692500 12.408000 0.030000
2969.677360 12.419000 0.033000
2988.760360 12.764000 0.045000
3018.603370 12.519000 0.037000
3045.581490 12.213000 0.041000
3051.564550 12.105000 0.052000
3061.580980 12.758000 0.033000
3067.558750 12.845000 0.034000
3073.532420 12.786000 0.034000
3079.528960 12.731000 0.032000
3089.509460 12.221000 0.037000
3098.481920 12.276000 0.038000
3101.484940 12.283000 0.036000
3746.540880 12.571000 0.056000
1870.656490 12.461000 0.059000
1871.660110 12.363000 0.063000
1872.649370 12.764000 0.065000
1873.648920 12.609000 0.061000
1874.642880 12.484000 0.066000
1875.640910 12.659000 0.051000
1876.639510 12.454000 0.042000
1879.632780 12.424000 0.042000
1881.623450 12.605000 0.045000
1884.607080 12.579000 0.054000
1885.623720 12.414000 0.045000
1886.620740 12.709000 0.040000
1887.614640 12.601000 0.052000
1888.618230 12.388000 0.045000
1902.569030 12.427000 0.043000
1908.566910 12.502000 0.039000
1913.550020 12.709000 0.040000
1915.562370 12.742000 0.042000
1919.538770 12.514000 0.036000
1923.577270 12.241000 0.042000
1929.604190 12.274000 0.045000
1933.586770 12.723000 0.041000
1937.532920 12.692000 0.039000
1941.535480 12.295000 0.043000
1946.589050 12.679000 0.046000
1953.561360 12.549000 0.056000
1963.534040 12.673000 0.052000
2082.928170 12.930000 0.072000
2103.883390 12.650000 0.067000
2104.935640 12.487000 0.066000
2116.855810 12.384000 0.062000
2117.909490 12.719000 0.059000
2128.829740 12.383000 0.062000
2129.837180 12.603000 0.066000
2130.836180 12.612000 0.062000
2131.840770 12.462000 0.063000
2133.881620 12.601000 0.046000
2134.909160 12.390000 0.054000
2445.921660 12.831000 0.046000
2453.926820 12.872000 0.038000
2460.899260 12.568000 0.043000
2467.891670 12.066000 0.031000
2496.817640 12.566000 0.043000
2497.930700 12.688000 0.039000
2499.833320 12.454000 0.039000
2501.880010 12.433000 0.043000
2540.766200 12.369000 0.050000
2556.824160 12.772000 0.036000
2559.763140 12.834000 0.036000
2560.778070 12.407000 0.036000
2561.785000 12.759000 0.038000
2562.770440 12.702000 0.041000
2563.763210 12.239000 0.040000
2564.758290 12.784000 0.038000
2565.778010 12.648000 0.040000
2577.811630 12.818000 0.060000
2621.625270 12.469000 0.035000
2622.697740 12.332000 0.046000
2627.721540 12.467000 0.035000
2629.733340 12.674000 0.050000
2634.717320 12.545000 0.039000
2636.741230 12.463000 0.043000
2638.730230 12.640000 0.042000
2640.728140 12.654000 0.038000
2642.740940 12.409000 0.034000
2644.721680 12.750000 0.041000
2653.650470 12.617000 0.053000
2655.678970 12.574000 0.039000
2658.666890 12.699000 0.038000
2662.663460 12.476000 0.040000
2664.654670 12.885000 0.034000
2666.652050 12.399000 0.036000
2668.657660 12.577000 0.035000
2672.651280 12.447000 0.035000
2674.638960 12.379000 0.038000
2676.625090 12.702000 0.038000
2678.610410 12.793000 0.042000
2680.613030 12.296000 0.035000
2684.621340 12.793000 0.037000
2691.541670 12.567000 0.054000
2693.548250 12.752000 0.040000
2695.542990 12.212000 0.037000
2697.542270 12.403000 0.042000
2699.545410 12.761000 0.037000
2701.541010 12.565000 0.043000
2703.538680 12.531000 0.048000
2707.533180 12.814000 0.039000
2722.501830 12.673000 0.036000
2724.504730 12.315000 0.037000
2728.503490 12.741000 0.034000
2730.499440 12.346000 0.035000
2734.489080 12.679000 0.036000
2736.487560 12.631000 0.036000
2841.901890 12.188000 0.037000
2853.904430 12.842000 0.035000
2858.862760 12.369000 0.035000
2860.873270 12.750000 0.032000
2862.865430 12.579000 0.035000
2874.856900 12.697000 0.039000
2877.836590 12.805000 0.033000
2883.869040 12.726000 0.034000
2885.837730 12.621000 0.034000
2892.902530 12.669000 0.042000
2894.807960 12.810000 0.034000
2896.800940 12.171000 0.036000
2898.792830 12.707000 0.041000
2900.797750 12.862000 0.037000
2905.754820 12.267000 0.033000
2908.790040 12.121000 0.033000
2911.729680 12.854000 0.036000
2915.769200 12.955000 0.039000
2917.744620 12.933000 0.040000
2921.762860 12.856000 0.039000
2923.757530 13.037000 0.038000
2930.786890 12.758000 0.033000
2934.773000 12.382000 0.048000
2937.712930 12.130000 0.035000
2940.734260 12.169000 0.046000
2942.707080 12.645000 0.034000
2958.770300 12.264000 0.033000
2961.644940 12.685000 0.035000
2965.708210 12.635000 0.034000
2972.611970 12.326000 0.033000
2974.663300 12.557000 0.038000
2978.664870 12.218000 0.038000
2980.684230 12.477000 0.039000
2982.691820 12.595000 0.040000
2984.697240 12.242000 0.036000
2986.713590 12.660000 0.035000
2991.583020 12.671000 0.032000
2993.626360 12.598000 0.037000
2997.700360 12.787000 0.035000
3000.697960 12.776000 0.045000
3006.703200 12.733000 0.038000
3008.695310 12.536000 0.034000
3010.712220 12.566000 0.035000
3016.591960 12.006000 0.038000
3031.618800 12.149000 0.032000
3033.628340 12.632000 0.039000
3035.627340 12.721000 0.036000
3039.641040 12.545000 0.034000
3042.636960 12.417000 0.036000
3048.571980 12.271000 0.038000
3054.558660 12.130000 0.037000
3070.535590 12.798000 0.035000
3086.529390 12.515000 0.039000
3092.500240 12.281000 0.034000
3104.480420 12.355000 0.034000
3112.466390 12.382000 0.035000
3265.832670 12.754000 0.057000
3291.762550 12.058000 0.057000
3298.744480 12.701000 0.048000
3746.543270 12.503000 0.066000
2660.666650 12.272000 0.048000
2709.536050 12.277000 0.040000
3746.537230 12.559000 0.094000
3746.546650 12.444000 0.084000
3748.534230 12.702000 0.072000
3748.537900 12.721000 0.087000
3748.540450 12.709000 0.074000
3748.543000 12.639000 0.082000
3748.545560 12.804000 0.091000
1931.581300 12.433000 0.057000
1950.527510 12.671000 0.071000
1959.577490 12.747000 0.071000
2088.919750 12.781000 0.074000
2106.885290 12.768000 0.075000
2493.850770 12.357000 0.054000
2503.823350 12.696000 0.048000
2520.826580 12.597000 0.065000
2529.776680 12.544000 0.052000
2553.743960 12.721000 0.056000
2554.813920 12.398000 0.057000
2579.670500 12.852000 0.044000
2646.701010 12.685000 0.050000
2670.650710 12.804000 0.035000
2967.687360 12.684000 0.050000
3059.541220 12.392000 0.053000
3419.537060 12.224000 0.058000
3433.527990 12.546000 0.081000
3449.512080 12.392000 0.087000
3746.534560 12.416000 0.104000
3746.549930 12.517000 0.091000
2523.844050 29.999000 0.045000
3271.781940 29.999000 0.032000
1868.659350 12.359000 0.057000
1869.651240 12.696000 0.065000
1870.663810 12.538000 0.071000
1871.667450 12.435000 0.066000
1872.656640 12.703000 0.066000
1873.656190 12.511000 0.065000
1874.650220 12.550000 0.069000
1875.645920 12.649000 0.050000
1876.646760 12.574000 0.057000
1877.647170 12.556000 0.052000
1878.639080 12.711000 0.043000
1879.635530 12.516000 0.046000
1886.623490 12.757000 0.043000
1888.620980 12.375000 0.054000
1889.621880 12.904000 0.047000
2082.932310 12.635000 0.080000
2088.928500 12.801000 0.074000
2094.903980 12.731000 0.076000
2136.835570 12.518000 0.069000
2156.799000 12.554000 0.050000
2166.809870 12.295000 0.054000
2167.791100 13.246000 0.053000
2168.858790 12.651000 0.044000
2169.821880 12.243000 0.052000
2171.771220 12.409000 0.050000
2172.812560 12.261000 0.051000
2173.793160 12.718000 0.054000
2177.756120 12.458000 0.049000
2183.728960 12.348000 0.054000
2185.742190 12.735000 0.045000
2189.774820 12.348000 0.056000
2191.761580 12.724000 0.053000
2192.751990 12.291000 0.054000
2193.747270 12.693000 0.050000
2194.745480 12.673000 0.045000
2195.750310 12.116000 0.047000
2197.769130 12.699000 0.052000
2198.736380 12.074000 0.050000
2200.769130 12.631000 0.050000
2201.740490 12.066000 0.045000
2202.736730 12.835000 0.043000
2204.730550 11.994000 0.053000
2206.743690 12.484000 0.047000
2208.683500 12.742000 0.052000
2214.691000 12.880000 0.046000
2215.686290 12.325000 0.047000
2217.700800 12.763000 0.044000
2219.676370 12.757000 0.045000
2222.692660 12.777000 0.047000
2224.674020 12.314000 0.048000
2225.683340 12.777000 0.046000
2226.673440 12.807000 0.048000
2227.670910 12.284000 0.043000
2228.674680 12.853000 0.047000
2229.672200 12.618000 0.050000
2230.663340 12.237000 0.047000
2232.665430 12.682000 0.044000
2234.653030 12.746000 0.051000
2235.650960 12.646000 0.047000
2237.648350 12.679000 0.048000
2239.641430 12.235000 0.048000
2241.641320 12.464000 0.049000
2242.639240 12.318000 0.052000
2243.643780 12.845000 0.056000
2248.636090 12.571000 0.061000
2249.637690 12.683000 0.054000
2250.631440 12.590000 0.053000
2251.632480 12.381000 0.058000
2252.624670 12.701000 0.058000
2253.622960 12.513000 0.058000
2256.619800 12.509000 0.061000
2258.616300 12.679000 0.064000
2260.607240 12.470000 0.060000
2445.930770 12.697000 0.049000
2467.905060 12.113000 0.039000
2496.824500 12.521000 0.043000
2497.939840 12.683000 0.043000
2499.844700 12.652000 0.042000
2501.886650 12.507000 0.041000
2559.784290 12.761000 0.032000
2562.775280 12.778000 0.031000
2564.770180 12.771000 0.028000
2565.780600 12.707000 0.026000
2638.744590 12.724000 0.036000
2830.927020 12.774000 0.030000
2860.882800 12.670000 0.030000
2883.875860 12.809000 0.026000
2893.756070 12.186000 0.031000
3269.805080 12.538000 0.047000
3298.752860 12.749000 0.055000
3383.648110 12.862000 0.058000
3394.610120 12.768000 0.051000
3398.651890 12.783000 0.038000
3404.615180 12.640000 0.037000
3406.613100 12.840000 0.050000
3408.622310 11.943000 0.041000
3411.560240 12.789000 0.063000
3413.604010 12.571000 0.046000
3415.587800 12.790000 0.037000
3417.602080 12.502000 0.042000
3419.593520 12.433000 0.065000
3426.583060 12.747000 0.054000
3433.564950 12.703000 0.043000
3439.557030 12.504000 0.065000
3445.532060 12.763000 0.064000
3452.496880 12.686000 0.057000
3458.487560 12.728000 0.068000
3461.483060 12.848000 0.054000
3464.477810 12.745000 0.081000
3470.472880 12.911000 0.072000
3562.916360 12.558000 0.057000
3570.927630 12.843000 0.040000
3578.910870 12.828000 0.035000
3584.893670 12.622000 0.042000
3588.891500 12.663000 0.040000
3591.907600 12.655000 0.037000
3596.921430 12.682000 0.039000
3601.832190 12.580000 0.038000
3617.876570 12.651000 0.046000
3620.893650 12.852000 0.080000
3624.860080 12.261000 0.041000
3628.834560 12.732000 0.036000
3631.818660 12.797000 0.037000
3634.815670 12.774000 0.043000
3647.788460 12.276000 0.034000
3650.755200 12.281000 0.037000
3653.760310 12.230000 0.036000
3657.784000 12.793000 0.080000
3659.771340 12.260000 0.051000
3662.731940 12.066000 0.041000
3664.806330 12.780000 0.073000
3668.743800 12.125000 0.034000
3671.709780 12.723000 0.034000
3673.750900 12.551000 0.046000
3676.685670 12.325000 0.046000
3680.699360 12.822000 0.064000
3700.643760 12.283000 0.047000
3703.659690 12.183000 0.072000
3706.622250 12.666000 0.079000
3708.734590 12.717000 0.059000
3712.683860 12.412000 0.054000
3714.678070 12.402000 0.056000
3726.750550 12.509000 0.060000
3730.586090 12.647000 0.076000
3733.635810 12.680000 0.054000
3735.743200 12.573000 0.046000
3740.672600 12.564000 0.078000
3743.630240 12.737000 0.063000
3745.718810 12.699000 0.038000
3748.629590 12.720000 0.070000
3750.659370 12.469000 0.068000
3753.669920 12.352000 0.075000
3756.589650 12.772000 0.051000
3758.652470 12.543000 0.044000
3761.610960 12.411000 0.037000
3766.587820 12.787000 0.046000
3768.658170 12.938000 0.044000
3771.552450 12.816000 0.052000
3773.613980 12.225000 0.040000
3775.632150 12.734000 0.060000
3789.554070 12.754000 0.043000
3791.586700 12.086000 0.041000
3794.572950 12.544000 0.043000
3797.545670 12.869000 0.040000
3803.540010 12.900000 0.049000
3806.527530 12.766000 0.040000
3810.513620 12.695000 0.069000
3812.536290 12.701000 0.048000
3815.516350 12.690000 0.041000
3818.507130 12.797000 0.041000
3821.504400 12.700000 0.042000
3824.498000 12.905000 0.044000
3827.487290 12.848000 0.052000
3834.475230 12.381000 0.059000
4533.529720 12.645000 0.035000
4770.698500 12.696000 0.038000
2186.784360 12.493000 0.060000
2257.617110 12.625000 0.065000
2264.599330 12.478000 0.067000
2265.598320 12.456000 0.072000
2529.783120 12.698000 0.054000
3291.829890 11.986000 0.058000
3455.497370 13.060000 0.091000
3655.762000 12.666000 0.082000
3721.747360 12.435000 0.082000
3724.672150 12.642000 0.093000
3738.627000 12.294000 0.083000
3778.568680 12.618000 0.084000
3780.626740 12.808000 0.082000
4507.636280 12.619000 0.062000
1881.635280 29.999000 0.046000
2240.648950 29.999000 0.049000
2244.644240 29.999000 0.060000
2255.618620 29.999000 0.055000
2261.606140 29.999000 0.063000
2262.608300 29.999000 0.063000
2263.599850 29.999000 0.068000
2503.827750 29.999000 0.053000
2523.850800 29.999000 0.038000
2540.777610 29.999000 0.052000
2544.842050 29.999000 0.044000
2577.814290 29.999000 0.055000
2579.673150 29.999000 0.038000
2621.632620 29.999000 0.036000
2636.755590 29.999000 0.033000
2640.742470 29.999000 0.031000
2647.562020 29.999000 0.038000
2691.574630 29.999000 0.047000
2693.579360 29.999000 0.033000
2697.575270 29.999000 0.029000
2703.564370 29.999000 0.030000
2705.556350 29.999000 0.029000
2714.532300 29.999000 0.030000
2717.529790 29.999000 0.031000
2834.907940 29.999000 0.049000
2841.906180 29.999000 0.036000
2867.830500 29.999000 0.030000
2874.876080 29.999000 0.038000
2877.845860 29.999000 0.026000
2898.800890 29.999000 0.034000
2900.807100 29.999000 0.037000
2911.736890 29.999000 0.029000
1869.664250 12.743000 0.058000
1871.678230 12.337000 0.073000
1872.671970 12.797000 0.071000
1874.663220 12.400000 0.069000
1875.663180 12.678000 0.054000
1876.662040 12.663000 0.047000
1879.655400 12.506000 0.048000
1881.646160 12.691000 0.045000
1884.627450 12.579000 0.058000
1885.642330 12.514000 0.045000
1886.641100 12.783000 0.044000
1887.636860 12.589000 0.052000
1888.638590 12.491000 0.049000
1902.598760 12.491000 0.044000
1903.617190 12.324000 0.045000
1904.597280 12.735000 0.048000
1905.609210 12.507000 0.045000
1906.602090 12.457000 0.043000
1907.607000 12.725000 0.045000
1908.597090 12.505000 0.044000
1913.573000 12.883000 0.044000
1915.576350 12.752000 0.045000
1918.576110 13.164000 0.043000
1920.567070 12.263000 0.040000
1922.565550 12.672000 0.042000
1924.561090 12.766000 0.045000
1926.553440 12.169000 0.044000
1928.559780 12.589000 0.043000
1930.588270 12.785000 0.044000
1932.567480 12.194000 0.042000
1934.570970 12.731000 0.042000
1937.564860 12.598000 0.042000
1940.561380 12.609000 0.043000
1946.572690 12.634000 0.045000
1949.563080 12.463000 0.046000
1953.536950 12.595000 0.046000
1968.516660 12.709000 0.052000
2088.933140 12.730000 0.071000
2103.904010 12.663000 0.071000
2105.903080 12.479000 0.069000
2116.885370 12.495000 0.060000
2129.859480 12.730000 0.066000
2130.861340 12.574000 0.061000
2131.865550 12.439000 0.067000
2132.879210 12.779000 0.060000
2133.896780 12.598000 0.043000
2144.833360 12.648000 0.071000
2467.918630 12.129000 0.038000
2470.922490 12.194000 0.038000
2496.843040 12.345000 0.044000
2498.857500 12.692000 0.045000
2501.897580 12.505000 0.045000
2540.797750 12.177000 0.056000
2544.862710 12.797000 0.043000
2558.849780 12.181000 0.042000
2559.809160 12.719000 0.044000
2561.719530 12.728000 0.041000
2562.804900 12.704000 0.059000
2577.827870 12.742000 0.055000
2621.637040 12.420000 0.038000
2622.712570 12.391000 0.034000
2624.721810 12.591000 0.048000
2629.740600 12.666000 0.046000
2636.743910 12.663000 0.047000
2638.732930 12.729000 0.042000
2640.730850 12.654000 0.042000
2642.743690 12.509000 0.039000
2644.724450 12.792000 0.049000
2649.693140 12.721000 0.034000
2651.660500 12.302000 0.038000
2653.655910 12.576000 0.041000
2655.681820 12.708000 0.047000
2662.666380 12.542000 0.044000
2664.657580 12.692000 0.049000
2666.654980 12.478000 0.040000
2668.660600 12.413000 0.036000
2674.641930 12.381000 0.038000
2676.628060 12.715000 0.041000
2678.613390 12.926000 0.044000
2680.616030 12.191000 0.040000
2686.640500 12.112000 0.043000
2688.631210 12.786000 0.038000
2690.630010 12.730000 0.040000
2692.624750 12.162000 0.052000
2694.625400 12.700000 0.036000
2698.618400 12.159000 0.037000
2700.617900 12.579000 0.039000
2705.507870 12.711000 0.041000
2707.510300 13.009000 0.037000
2709.518030 12.360000 0.040000
2711.528820 12.817000 0.035000
2713.545730 12.755000 0.038000
2715.543390 12.342000 0.034000
2718.536210 12.248000 0.040000
2725.530280 12.648000 0.036000
2727.526080 12.195000 0.034000
2729.524100 12.556000 0.034000
2735.507290 12.441000 0.035000
2742.478440 12.695000 0.035000
2744.481610 12.414000 0.039000
2831.904110 12.598000 0.038000
2836.914620 12.803000 0.038000
2840.901180 12.495000 0.039000
2853.922380 12.636000 0.036000
2858.879160 12.274000 0.036000
2860.893910 12.612000 0.035000
2867.834580 12.385000 0.035000
2875.906820 12.701000 0.034000
2879.859950 12.358000 0.047000
2885.871320 12.420000 0.036000
2895.814480 12.626000 0.033000
2897.841050 12.673000 0.038000
2902.824330 12.090000 0.038000
2905.840720 12.138000 0.035000
2908.817020 12.008000 0.034000
2911.754520 12.655000 0.033000
2915.796090 12.711000 0.035000
2923.782380 12.652000 0.048000
2926.803930 12.618000 0.033000
2928.806410 12.516000 0.036000
2930.805750 12.659000 0.037000
2939.738500 12.643000 0.032000
2943.676900 12.388000 0.034000
2946.730400 12.172000 0.035000
2956.778090 12.691000 0.039000
2961.665070 12.820000 0.034000
2963.714920 12.554000 0.033000
2970.640950 12.688000 0.036000
2974.802470 12.889000 0.039000
2976.685440 12.951000 0.046000
2980.709490 12.610000 0.034000
2987.596050 12.722000 0.034000
2989.666740 12.462000 0.037000
2991.694770 12.962000 0.034000
2998.564230 12.203000 0.035000
3001.606370 12.421000 0.041000
3007.626380 12.197000 0.034000
3009.671710 12.699000 0.034000
3013.673020 12.317000 0.035000
3035.630540 12.963000 0.034000
3042.645790 12.569000 0.037000
3044.669780 13.033000 0.038000
3272.804210 12.669000 0.041000
3281.789690 12.681000 0.057000
3294.850230 12.168000 0.065000
3298.727780 12.795000 0.071000
3410.569390 12.531000 0.055000
1873.671480 12.637000 0.066000
2883.909090 12.770000 0.035000
3005.615020 12.764000 0.035000
1870.674550 12.569000 0.075000
1959.560030 12.808000 0.054000
1979.527730 12.236000 0.058000
1984.500340 12.541000 0.054000
2082.939700 12.901000 0.075000
2086.933870 12.579000 0.075000
2094.913170 12.739000 0.076000
2114.884140 12.694000 0.071000
2128.847270 12.408000 0.075000
2135.841320 12.569000 0.077000
2465.917340 12.845000 0.052000
2538.837050 12.483000 0.052000
2549.766840 12.616000 0.066000
2553.754640 12.775000 0.053000
2554.841110 12.722000 0.053000
2579.687130 12.582000 0.049000
2627.728800 12.535000 0.040000
2634.719970 12.553000 0.045000
2658.669770 12.724000 0.040000
2672.654240 12.561000 0.041000
2723.531150 12.703000 0.056000
2984.757760 12.250000 0.046000
3278.795290 12.742000 0.061000
3752.534390 12.519000 0.078000
2684.624330 29.999000 0.040000
2921.789740 29.999000 0.039000
2944.791440 29.999000 0.038000
2982.720540 29.999000 0.039000
2564.808530 29.999000 0.038000
2950.727420 29.999000 0.055000
3011.668030 29.999000 0.036000
