1879.680460 13.510000 0.047000
1881.671150 13.821000 0.049000
1884.650460 14.059000 0.053000
1886.668700 14.072000 0.049000
1887.659600 14.212000 0.051000
1888.659020 14.391000 0.058000
1899.635020 13.991000 0.044000
1902.619750 14.067000 0.046000
1903.649440 14.332000 0.052000
1904.618300 13.924000 0.055000
1905.632530 14.065000 0.044000
1907.639450 13.782000 0.040000
1908.625010 13.779000 0.044000
1913.597340 14.114000 0.041000
1915.614630 13.981000 0.049000
1918.602390 13.692000 0.041000
1919.609960 14.358000 0.048000
1920.611900 13.955000 0.041000
1921.607050 13.907000 0.048000
1922.606020 13.815000 0.038000
1923.602200 13.611000 0.043000
1926.571290 13.961000 0.043000
1928.564120 14.147000 0.047000
1935.532800 13.860000 0.048000
1937.610640 13.942000 0.035000
1939.564510 13.625000 0.032000
1941.596220 13.408000 0.035000
1949.618480 13.922000 0.048000
1964.532980 14.005000 0.035000
1966.553590 13.827000 0.036000
1968.541010 13.647000 0.036000
2116.889940 14.075000 0.058000
2132.908200 14.052000 0.054000
2465.925130 13.713000 0.038000
2552.743280 14.162000 0.040000
2562.722790 13.696000 0.039000
2621.685880 13.706000 0.039000
2623.614900 13.202000 0.037000
2624.757970 13.972000 0.047000
2634.666440 13.815000 0.036000
2638.691200 13.782000 0.038000
2640.689250 13.643000 0.039000
2642.687110 13.251000 0.037000
2652.802690 14.213000 0.050000
2657.673400 13.228000 0.041000
2665.671630 13.936000 0.040000
2667.671130 14.011000 0.040000
2669.660570 14.025000 0.039000
2671.659710 13.533000 0.040000
2673.654220 13.280000 0.040000
2689.616040 13.823000 0.044000
2691.610180 13.878000 0.042000
2693.622650 13.972000 0.041000
2695.610670 14.183000 0.041000
2699.607340 13.716000 0.044000
2701.605400 13.530000 0.045000
2703.601260 13.297000 0.040000
2707.591680 14.285000 0.044000
2709.578330 14.032000 0.043000
2711.580240 14.141000 0.040000
2715.587930 13.620000 0.041000
2725.560250 14.082000 0.042000
2729.552030 13.600000 0.040000
2733.539970 13.522000 0.041000
2735.535670 14.269000 0.039000
2741.525560 13.961000 0.041000
2760.517120 13.929000 0.038000
2762.518330 13.600000 0.044000
2764.505200 13.700000 0.043000
2784.461370 13.587000 0.039000
2786.463990 13.927000 0.039000
2840.918780 13.816000 0.036000
2853.926580 13.661000 0.037000
2875.900150 13.964000 0.038000
2885.875380 13.255000 0.036000
2895.826930 13.854000 0.036000
2897.853530 13.909000 0.037000
2906.799340 14.207000 0.036000
2910.792050 13.710000 0.036000
2927.736320 13.439000 0.035000
2929.758330 13.587000 0.036000
2931.804620 13.104000 0.036000
2943.717140 13.441000 0.035000
2957.702640 13.649000 0.036000
2976.688370 13.900000 0.038000
2989.680930 13.583000 0.039000
2991.698110 13.442000 0.049000
3001.649560 13.960000 0.037000
3005.640210 13.342000 0.041000
3016.698820 13.962000 0.037000
3018.689350 13.846000 0.044000
3023.679890 13.950000 0.040000
3028.656560 13.937000 0.040000
3035.571240 13.323000 0.038000
3046.595090 13.822000 0.037000
3049.579880 13.515000 0.037000
3051.709270 14.061000 0.045000
3060.686760 14.261000 0.039000
3068.619690 13.176000 0.039000
3070.649920 13.352000 0.038000
3079.659540 13.997000 0.037000
3082.560060 13.285000 0.037000
3092.584030 14.052000 0.035000
3096.584980 13.513000 0.037000
3098.607590 13.362000 0.037000
3101.525010 13.802000 0.037000
3111.553210 13.735000 0.036000
3114.501320 14.176000 0.040000
3355.624010 13.866000 0.058000
3410.754040 13.847000 0.048000
3415.562360 13.193000 0.052000
3421.597750 13.854000 0.055000
3427.643070 14.273000 0.040000
3431.626920 13.402000 0.045000
3433.622920 13.357000 0.056000
3439.619530 14.456000 0.049000
3442.615960 14.015000 0.044000
3446.622640 13.894000 0.053000
3462.516720 13.939000 0.045000
3464.586430 13.649000 0.040000
3474.519050 13.845000 0.041000
3477.512170 13.231000 0.056000
3492.525070 13.532000 0.051000
3497.516030 14.078000 0.047000
3501.469550 14.219000 0.050000
3674.748760 13.250000 0.047000
3702.669580 13.801000 0.042000
3705.657630 14.180000 0.057000
3726.626760 13.936000 0.052000
3728.678950 13.757000 0.054000
3768.718660 13.497000 0.056000
3771.565430 13.890000 0.051000
3773.649880 13.746000 0.048000
3795.552520 13.311000 0.047000
3797.594280 13.501000 0.042000
3811.637220 13.712000 0.042000
3823.555700 13.805000 0.045000
3827.601460 13.337000 0.046000
3830.535110 14.088000 0.042000
3849.484710 14.068000 0.053000
3851.515790 14.154000 0.052000
3856.500130 13.529000 0.053000
3861.515930 13.871000 0.047000
3872.478530 13.309000 0.042000
4139.593540 14.100000 0.041000
4143.647090 13.937000 0.056000
4247.463340 13.684000 0.043000
4412.791350 13.911000 0.039000
4467.646280 14.082000 0.045000
4475.601320 13.573000 0.043000
4478.612860 13.346000 0.049000
4484.609010 13.797000 0.041000
4506.627520 13.729000 0.049000
4521.607670 13.736000 0.039000
4538.583430 13.690000 0.045000
4540.595070 13.717000 0.047000
4542.607130 13.182000 0.042000
4551.599450 13.621000 0.044000
4568.519710 13.650000 0.038000
4570.530210 13.479000 0.041000
4827.685010 13.695000 0.043000
4837.627750 14.271000 0.045000
4844.675060 13.288000 0.045000
4884.622880 14.149000 0.040000
3103.533940 13.944000 0.037000
3466.593440 14.268000 0.037000
3479.552630 13.517000 0.058000
3490.515340 13.587000 0.054000
3853.532170 14.205000 0.037000
1869.689540 13.953000 0.060000
1875.688220 14.060000 0.060000
1876.687020 13.699000 0.067000
1930.561090 14.232000 0.054000
2027.479920 13.824000 0.051000
2032.474370 13.224000 0.046000
2143.829060 14.218000 0.063000
2758.487720 13.588000 0.047000
3413.559920 13.532000 0.061000
3417.578420 14.299000 0.066000
3419.579640 13.950000 0.057000
3504.473150 13.519000 0.059000
3766.616880 13.456000 0.064000
3799.656900 13.486000 0.070000
4109.714370 13.805000 0.062000
4155.648740 14.210000 0.068000
4182.561740 14.029000 0.062000
4216.521780 13.898000 0.061000
4501.638250 14.514000 0.061000
5147.724000 13.538000 0.045000
1868.699670 29.999000 0.070000
1885.667330 29.999000 0.046000
1900.646410 29.999000 0.041000
1931.593480 29.999000 0.051000
1945.538580 29.999000 0.042000
1978.577000 29.999000 0.045000
1981.525290 29.999000 0.039000
1997.491950 29.999000 0.055000
2129.870040 29.999000 0.066000
2493.874510 29.999000 0.055000
2565.732090 29.999000 0.041000
2574.725590 29.999000 0.057000
2629.764340 29.999000 0.042000
2646.662440 29.999000 0.038000
2654.640060 29.999000 0.038000
2661.682350 29.999000 0.040000
2663.678790 29.999000 0.038000
2677.623820 29.999000 0.038000
2721.561330 29.999000 0.043000
2727.553890 29.999000 0.043000
2739.550320 29.999000 0.040000
2743.523240 29.999000 0.042000
2754.492630 29.999000 0.041000
2766.483300 29.999000 0.035000
2858.890100 29.999000 0.033000
2879.857570 29.999000 0.035000
2939.786820 29.999000 0.035000
2947.709440 29.999000 0.041000
2984.764390 29.999000 0.038000
2996.607730 29.999000 0.048000
2998.660020 29.999000 0.046000
3011.686170 29.999000 0.037000
3013.705920 29.999000 0.039000
3043.743960 29.999000 0.041000
3054.582450 29.999000 0.037000
3056.596940 29.999000 0.043000
3058.663260 29.999000 0.038000
3073.589150 29.999000 0.037000
3075.620780 29.999000 0.039000
3077.648650 29.999000 0.038000
3086.560980 29.999000 0.041000
3404.655140 29.999000 0.046000
3455.605100 29.999000 0.042000
3653.791310 29.999000 0.053000
3699.675450 29.999000 0.053000
3713.708210 29.999000 0.043000
3716.627110 29.999000 0.041000
3734.675540 29.999000 0.050000
3739.686600 29.999000 0.048000
3741.714690 29.999000 0.043000
3749.667570 29.999000 0.043000
3751.766060 29.999000 0.062000
3754.644540 29.999000 0.046000
3756.716050 29.999000 0.052000
3761.652770 29.999000 0.061000
3763.741390 29.999000 0.052000
3775.647950 29.999000 0.056000
3783.595550 29.999000 0.045000
3787.710460 29.999000 0.061000
3804.618820 29.999000 0.039000
3806.617350 29.999000 0.049000
3818.606170 29.999000 0.046000
3825.587390 29.999000 0.044000
3832.550690 29.999000 0.044000
3834.559840 29.999000 0.041000
3836.565580 29.999000 0.046000
3864.486890 29.999000 0.055000
3866.494620 29.999000 0.043000
3869.491640 29.999000 0.043000
3876.480420 29.999000 0.041000
3881.468010 29.999000 0.048000
4176.619950 29.999000 0.062000
1914.622160 29.999000 0.042000
1933.562280 29.999000 0.039000
1947.622090 29.999000 0.050000
1952.550510 29.999000 0.058000
1958.559450 29.999000 0.034000
1961.574460 29.999000 0.036000
2470.930010 29.999000 0.039000
2496.849000 29.999000 0.036000
2498.865520 29.999000 0.039000
2501.900760 29.999000 0.052000
2540.860890 29.999000 0.053000
2544.887470 29.999000 0.048000
2558.756050 29.999000 0.055000
2577.858870 29.999000 0.050000
2627.749870 29.999000 0.041000
2636.702100 29.999000 0.043000
2644.683010 29.999000 0.042000
2649.651980 29.999000 0.037000
2651.629170 29.999000 0.037000
2675.642050 29.999000 0.039000
2681.605880 29.999000 0.040000
2683.609380 29.999000 0.039000
2697.616890 29.999000 0.041000
2705.593480 29.999000 0.045000
2719.520740 29.999000 0.039000
2723.563400 29.999000 0.041000
2751.487240 29.999000 0.042000
2756.494450 29.999000 0.042000
2814.945950 29.999000 0.041000
2867.847390 29.999000 0.037000
2883.913300 29.999000 0.040000
2893.777390 29.999000 0.043000
2922.712330 29.999000 0.038000
2924.786140 29.999000 0.037000
2933.799450 29.999000 0.036000
2935.800230 29.999000 0.033000
2949.765320 29.999000 0.036000
2962.698030 29.999000 0.041000
2964.742850 29.999000 0.039000
2966.748230 29.999000 0.047000
2982.726850 29.999000 0.046000
3007.642840 29.999000 0.042000
3009.688330 29.999000 0.050000
3030.699900 29.999000 0.038000
3041.663000 29.999000 0.039000
3088.579880 29.999000 0.042000
3090.588990 29.999000 0.045000
3122.509380 29.999000 0.044000
3131.486440 29.999000 0.043000
3133.510350 29.999000 0.039000
3144.475660 29.999000 0.041000
3406.654970 29.999000 0.065000
3408.673480 29.999000 0.054000
3425.632720 29.999000 0.039000
3436.629290 29.999000 0.040000
3459.614550 29.999000 0.040000
3469.595130 29.999000 0.039000
3512.460950 29.999000 0.041000
3718.687420 29.999000 0.051000
3737.649540 29.999000 0.048000
3790.577220 29.999000 0.050000
3802.558290 29.999000 0.052000
3814.537130 29.999000 0.045000
4132.699930 29.999000 0.047000
4141.619120 29.999000 0.057000
4196.539190 29.999000 0.042000
4201.541410 29.999000 0.038000
4204.536940 29.999000 0.040000
4238.489120 29.999000 0.051000
4511.567780 29.999000 0.045000
4516.675510 29.999000 0.040000
4519.572200 29.999000 0.045000
4525.647030 29.999000 0.039000
4530.594110 29.999000 0.043000
4536.517930 29.999000 0.040000
4546.621250 29.999000 0.044000
4548.616450 29.999000 0.048000
4554.550440 29.999000 0.045000
4556.569830 29.999000 0.042000
4563.536920 29.999000 0.038000
4565.565500 29.999000 0.045000
4572.556980 29.999000 0.036000
4575.522310 29.999000 0.047000
4582.549810 29.999000 0.055000
4586.499000 29.999000 0.034000
4589.509920 29.999000 0.042000
4592.495150 29.999000 0.045000
4595.474960 29.999000 0.038000
4601.488190 29.999000 0.043000
4608.467070 29.999000 0.054000
4839.693350 29.999000 0.065000
4847.655090 29.999000 0.045000
4855.642600 29.999000 0.042000
4861.605660 29.999000 0.048000
4863.662600 29.999000 0.039000
4868.745670 29.999000 0.056000
4871.617160 29.999000 0.052000
4879.629830 29.999000 0.053000
4542.564560 13.312000 0.037000
4566.497190 13.097000 0.041000
4569.499880 13.213000 0.036000
4586.465860 12.975000 0.040000
2624.687130 13.622000 0.043000
2652.778160 14.155000 0.046000
2675.622950 13.972000 0.039000
2681.586780 13.877000 0.035000
2683.594870 13.648000 0.038000
2689.608210 14.037000 0.058000
2691.602350 14.107000 0.054000
2693.614820 14.250000 0.048000
2697.606460 14.096000 0.038000
2701.597580 13.456000 0.047000
2703.593440 13.338000 0.043000
2713.587260 13.886000 0.040000
2719.515520 14.203000 0.046000
2723.558190 13.755000 0.042000
2725.555060 14.392000 0.050000
2727.548700 14.004000 0.036000
2729.546840 13.755000 0.051000
2733.534790 13.582000 0.047000
2735.530500 14.143000 0.039000
2751.484490 14.036000 0.048000
2754.489900 14.172000 0.044000
2757.471730 14.172000 0.036000
2760.465390 13.394000 0.041000
2926.789860 14.262000 0.041000
2954.735520 13.864000 0.040000
2974.698330 13.305000 0.037000
2989.633640 13.573000 0.044000
2991.662390 13.608000 0.035000
3008.726890 13.215000 0.042000
3010.734100 13.913000 0.036000
3023.663560 13.798000 0.037000
3028.648120 13.905000 0.033000
3034.728950 13.743000 0.035000
3049.618910 13.415000 0.040000
3052.594050 13.413000 0.056000
3064.554580 13.625000 0.035000
3079.591830 13.739000 0.035000
3093.527000 13.031000 0.034000
3097.528040 13.357000 0.036000
3109.501200 13.821000 0.033000
3411.583400 13.788000 0.047000
3413.627290 13.711000 0.045000
3417.629630 13.209000 0.049000
3419.620130 14.524000 0.042000
3426.577120 13.836000 0.044000
3428.588990 13.917000 0.042000
3430.593460 13.673000 0.039000
3432.600630 13.338000 0.049000
3440.580020 13.751000 0.047000
3443.596200 13.832000 0.040000
3445.604120 13.947000 0.046000
3460.503700 13.320000 0.043000
3483.487560 14.271000 0.039000
3491.472470 13.364000 0.053000
3737.777750 13.740000 0.042000
3757.601660 13.765000 0.038000
3764.676190 13.738000 0.046000
3793.576380 13.574000 0.061000
3803.569970 13.806000 0.043000
3809.537740 13.725000 0.045000
3811.567090 13.310000 0.040000
3813.593810 13.513000 0.039000
3816.543270 13.945000 0.044000
3821.544690 13.880000 0.046000
3826.544090 13.441000 0.037000
3834.500370 13.879000 0.039000
3852.478040 13.782000 0.053000
4524.612240 13.812000 0.040000
4560.528160 13.389000 0.043000
3013.554390 13.627000 0.040000
3740.573980 14.216000 0.077000
3747.607680 13.532000 0.071000
1964.568810 29.999000 0.039000
2498.817510 29.999000 0.045000
2558.791960 29.999000 0.052000
2636.694920 29.999000 0.039000
2657.654430 29.999000 0.041000
2669.641520 29.999000 0.039000
2673.635150 29.999000 0.041000
2695.602830 29.999000 0.042000
2699.599510 29.999000 0.044000
2707.583830 29.999000 0.041000
2740.522720 29.999000 0.048000
2934.780890 29.999000 0.037000
2948.748650 29.999000 0.044000
2980.689870 29.999000 0.038000
2982.697820 29.999000 0.039000
2984.719300 29.999000 0.038000
3032.713350 29.999000 0.036000
3037.618740 29.999000 0.037000
3059.577950 29.999000 0.051000
3061.621530 29.999000 0.038000
3075.554650 29.999000 0.037000
3090.574110 29.999000 0.036000
3104.523250 29.999000 0.034000
3404.649320 29.999000 0.045000
3406.645950 29.999000 0.048000
3408.659330 29.999000 0.053000
3421.647350 29.999000 0.055000
3434.599400 29.999000 0.047000
3437.590620 29.999000 0.035000
3455.559400 29.999000 0.045000
3465.489710 29.999000 0.039000
3473.512750 29.999000 0.045000
3480.500190 29.999000 0.050000
3617.913250 29.999000 0.051000
3732.657150 29.999000 0.039000
3742.676460 29.999000 0.060000
3749.701290 29.999000 0.057000
3752.668790 29.999000 0.071000
3759.664760 29.999000 0.043000
3762.613710 29.999000 0.047000
3767.593350 29.999000 0.050000
3772.567860 29.999000 0.043000
3774.659290 29.999000 0.040000
3790.615380 29.999000 0.049000
3800.585740 29.999000 0.047000
3805.592130 29.999000 0.039000
3824.535600 29.999000 0.051000
3829.525590 29.999000 0.049000
3831.546390 29.999000 0.046000
3836.510510 29.999000 0.042000
3861.467880 29.999000 0.041000
4132.696810 29.999000 0.062000
4180.534840 29.999000 0.040000
4204.505960 29.999000 0.047000
4904.590550 29.999000 0.045000
2677.604740 29.999000 0.042000
2679.594960 29.999000 0.038000
2705.585610 29.999000 0.042000
2709.570500 29.999000 0.047000
2711.575000 29.999000 0.042000
2715.582670 29.999000 0.037000
2737.522490 29.999000 0.043000
2743.489780 29.999000 0.043000
2903.877330 29.999000 0.036000
2965.728540 29.999000 0.038000
2993.683340 29.999000 0.040000
2997.744470 29.999000 0.036000
3000.757860 29.999000 0.040000
3018.608060 29.999000 0.040000
3041.644550 29.999000 0.036000
3044.593620 29.999000 0.036000
3069.630790 29.999000 0.039000
3086.549580 29.999000 0.038000
3102.508060 29.999000 0.036000
3106.535570 29.999000 0.035000
3114.490250 29.999000 0.034000
3123.476750 29.999000 0.039000
3131.468170 29.999000 0.040000
3457.569500 29.999000 0.046000
3471.497380 29.999000 0.037000
3708.708050 29.999000 0.065000
3712.666330 29.999000 0.045000
3716.749640 29.999000 0.054000
3724.649630 29.999000 0.071000
3728.757240 29.999000 0.061000
3754.728220 29.999000 0.043000
3769.668600 29.999000 0.058000
3776.697260 29.999000 0.044000
3778.683520 29.999000 0.059000
3795.623600 29.999000 0.042000
3798.565930 29.999000 0.048000
3818.568650 29.999000 0.042000
3849.481770 29.999000 0.051000
4154.613420 29.999000 0.067000
4156.644350 29.999000 0.067000
4163.585320 29.999000 0.040000
4176.547820 29.999000 0.056000
4182.569490 29.999000 0.059000
4185.524220 29.999000 0.056000
4189.525270 29.999000 0.036000
4191.544930 29.999000 0.038000
4193.551620 29.999000 0.043000
4197.528510 29.999000 0.042000
4200.536940 29.999000 0.050000
4457.747300 29.999000 0.052000
4478.728190 29.999000 0.046000
4491.669960 29.999000 0.037000
4493.699950 29.999000 0.044000
4499.674590 29.999000 0.078000
4502.625330 29.999000 0.065000
4504.682250 29.999000 0.050000
4507.581710 29.999000 0.040000
4509.664840 29.999000 0.041000
4518.569810 29.999000 0.037000
4520.605370 29.999000 0.037000
4522.611840 29.999000 0.047000
4529.570810 29.999000 0.044000
4532.562650 29.999000 0.044000
4535.555850 29.999000 0.049000
4540.546410 29.999000 0.051000
4547.534690 29.999000 0.046000
4552.543530 29.999000 0.043000
4555.519040 29.999000 0.074000
4557.542600 29.999000 0.041000
4563.517330 29.999000 0.046000
4572.497440 29.999000 0.054000
4575.489450 29.999000 0.041000
4579.491400 29.999000 0.043000
4590.469840 29.999000 0.038000
4918.531150 29.999000 0.043000
4921.517670 29.999000 0.054000
2234.681870 13.995000 0.052000
2239.674200 13.953000 0.048000
3455.584720 14.026000 0.053000
4879.608490 14.481000 0.043000
1877.679130 13.835000 0.055000
1878.666500 13.510000 0.051000
1880.654470 13.348000 0.054000
1899.631210 14.013000 0.052000
1900.644900 13.922000 0.041000
1954.579290 13.532000 0.046000
2136.918150 14.121000 0.052000
2166.832670 13.747000 0.051000
2168.889520 13.887000 0.054000
2171.762050 14.245000 0.051000
2172.831660 13.901000 0.053000
2174.753790 14.115000 0.053000
2183.755500 13.377000 0.058000
2185.759460 13.572000 0.054000
2186.817580 13.126000 0.044000
2191.805940 14.426000 0.052000
2192.787300 14.231000 0.056000
2193.795680 14.079000 0.052000
2194.794870 14.190000 0.048000
2198.768960 13.618000 0.047000
2199.828480 13.590000 0.054000
2200.809100 13.505000 0.044000
2201.835760 13.408000 0.054000
2202.768130 14.255000 0.050000
2206.790210 14.061000 0.041000
2208.716530 13.907000 0.048000
2212.647390 13.148000 0.054000
2213.705120 13.493000 0.048000
2214.707400 13.189000 0.049000
2215.709170 13.573000 0.053000
2217.731630 14.250000 0.052000
2221.757090 14.119000 0.048000
2224.707970 14.019000 0.046000
2225.706280 13.858000 0.048000
2227.699460 13.700000 0.047000
2228.706500 13.630000 0.047000
2229.695030 13.411000 0.046000
2230.692970 13.239000 0.049000
2232.695050 14.181000 0.043000
2235.682780 14.188000 0.043000
2236.677670 13.865000 0.051000
2242.668790 13.449000 0.051000
2255.655480 13.925000 0.053000
3357.710710 13.633000 0.053000
3388.710260 13.204000 0.051000
3390.738620 14.235000 0.054000
3400.686840 13.500000 0.054000
3407.719340 14.335000 0.052000
3440.635160 14.372000 0.043000
3448.592880 13.391000 0.061000
3450.584290 14.238000 0.050000
3457.599640 14.036000 0.042000
3459.597330 13.933000 0.046000
3462.510980 13.916000 0.043000
3464.579840 13.876000 0.042000
3475.506360 13.680000 0.054000
3478.508160 13.767000 0.045000
3492.507780 13.504000 0.048000
3497.490170 14.174000 0.046000
3501.463340 14.170000 0.047000
3504.466920 13.730000 0.050000
3570.935440 13.632000 0.042000
3574.935610 13.958000 0.045000
3578.921520 13.870000 0.052000
3592.872410 14.036000 0.055000
3596.929080 13.709000 0.054000
3625.876620 13.843000 0.046000
3629.813250 13.330000 0.051000
3639.848320 14.100000 0.054000
3646.837750 13.344000 0.045000
3652.795060 14.309000 0.054000
3655.743460 13.698000 0.055000
3657.831970 13.892000 0.045000
3670.702350 13.614000 0.047000
3672.800650 13.849000 0.046000
3680.741530 13.961000 0.048000
3703.815580 13.970000 0.044000
3711.712080 13.971000 0.042000
3713.684370 13.877000 0.043000
3715.766270 13.772000 0.062000
3718.631080 13.369000 0.047000
3720.720760 13.400000 0.047000
3722.780970 13.286000 0.053000
3728.594690 13.923000 0.052000
3731.632050 13.865000 0.056000
3736.769570 13.847000 0.050000
3739.586430 14.213000 0.052000
3741.686200 14.051000 0.056000
3753.757010 13.487000 0.048000
3756.614820 14.121000 0.046000
3760.760780 14.045000 0.046000
3765.725270 13.629000 0.044000
3779.661230 13.531000 0.046000
3783.581720 14.413000 0.048000
3796.638770 13.517000 0.043000
3798.678900 13.648000 0.051000
3800.668970 13.882000 0.052000
3809.543340 13.562000 0.045000
3811.572580 13.287000 0.041000
3813.596650 13.451000 0.048000
3818.529430 13.940000 0.044000
3820.568880 13.876000 0.048000
3823.524050 13.539000 0.054000
3853.497090 13.982000 0.037000
3858.509070 13.714000 0.059000
3862.473970 13.756000 0.044000
3865.468140 14.183000 0.052000
3871.472970 13.342000 0.050000
4090.649280 14.184000 0.050000
4105.729560 14.100000 0.055000
4107.708110 14.028000 0.044000
4126.667070 13.872000 0.044000
4128.689790 14.350000 0.046000
4130.680400 13.466000 0.050000
4132.682030 13.153000 0.054000
4134.719310 13.563000 0.042000
4137.573190 13.960000 0.045000
4139.587260 13.834000 0.049000
4149.634860 14.472000 0.047000
4151.638420 14.279000 0.045000
4158.575980 13.647000 0.058000
4160.607610 13.900000 0.050000
4162.605170 13.321000 0.048000
4180.571930 13.985000 0.059000
4205.518150 13.668000 0.045000
4216.492620 14.093000 0.048000
4227.495470 13.935000 0.040000
4230.468030 14.272000 0.049000
4233.474280 13.754000 0.039000
4292.916950 14.115000 0.042000
4306.916610 13.939000 0.044000
4310.900020 13.768000 0.039000
4314.916490 13.552000 0.043000
4333.853290 14.353000 0.043000
4338.860330 13.762000 0.042000
4344.850030 13.342000 0.055000
4355.814960 13.517000 0.038000
4362.816520 14.005000 0.037000
4373.816740 13.366000 0.047000
4379.812900 14.069000 0.042000
4382.811350 14.665000 0.041000
4385.783220 13.779000 0.039000
4388.764020 13.405000 0.042000
4402.755870 13.751000 0.041000
4409.725510 13.919000 0.046000
4418.859300 14.038000 0.063000
4421.750270 14.146000 0.052000
4430.666080 13.575000 0.046000
4432.721570 13.611000 0.042000
4435.646710 14.390000 0.042000
4453.667470 13.931000 0.044000
4455.755350 14.430000 0.043000
4465.713880 13.260000 0.050000
4468.677050 14.039000 0.050000
4474.660980 13.656000 0.043000
4479.699230 13.605000 0.042000
4482.665570 14.287000 0.052000
4489.744440 13.776000 0.040000
4494.629090 13.394000 0.048000
4498.624390 14.338000 0.044000
4508.603320 13.474000 0.047000
4510.620380 13.186000 0.048000
4520.677560 13.990000 0.041000
4522.669890 13.908000 0.043000
4524.687510 13.831000 0.041000
4527.576340 14.109000 0.041000
4532.584290 14.545000 0.049000
4538.548270 13.689000 0.040000
4540.564960 13.234000 0.044000
4542.577980 13.570000 0.042000
4551.588770 13.718000 0.048000
4554.547330 13.406000 0.046000
4556.566790 13.447000 0.047000
4558.574530 13.864000 0.049000
4563.577110 13.921000 0.043000
4568.559820 14.006000 0.049000
4571.514040 13.270000 0.042000
4586.481570 13.238000 0.038000
4592.483350 14.223000 0.044000
4595.468980 13.930000 0.041000
4597.480320 13.658000 0.040000
4646.937020 13.726000 0.058000
4651.937300 14.019000 0.043000
4663.939740 13.226000 0.045000
4685.889070 14.294000 0.048000
4691.889670 13.647000 0.042000
4703.891020 14.229000 0.053000
4707.891030 13.750000 0.053000
4724.881060 13.309000 0.045000
4728.817200 14.195000 0.040000
4738.884040 13.526000 0.041000
4741.834280 14.398000 0.040000
4747.799290 14.241000 0.049000
4750.816030 13.940000 0.044000
4753.781290 13.459000 0.042000
4759.770260 14.232000 0.041000
4762.757910 13.937000 0.041000
4768.737240 13.304000 0.040000
4770.798940 13.300000 0.042000
4773.736650 14.044000 0.045000
4776.715040 13.715000 0.042000
4782.726040 13.285000 0.048000
4792.684710 13.786000 0.045000
4794.809520 14.528000 0.049000
4803.653590 14.316000 0.052000
4805.756000 14.205000 0.038000
4808.622490 13.709000 0.047000
4810.683510 13.611000 0.042000
4813.705560 13.330000 0.040000
4819.673890 14.035000 0.041000
4822.648630 13.985000 0.057000
4824.749590 14.217000 0.041000
4827.679130 13.811000 0.048000
4829.752880 13.748000 0.046000
4868.728310 13.888000 0.043000
4871.607990 13.512000 0.054000
4876.664870 13.401000 0.060000
4884.613600 13.883000 0.045000
5098.792670 13.814000 0.045000
5131.803390 13.870000 0.045000
5157.677770 14.090000 0.047000
2260.644200 13.449000 0.060000
1952.559640 13.745000 0.056000
2156.813580 13.921000 0.072000
2167.810470 13.567000 0.066000
2240.672390 13.874000 0.056000
2243.673500 13.825000 0.057000
2256.654380 13.809000 0.058000
2258.652060 13.721000 0.065000
3363.644480 13.928000 0.065000
3366.716840 14.143000 0.071000
3453.566770 13.944000 0.047000
3562.935980 13.967000 0.067000
3588.898990 13.699000 0.059000
3734.652910 13.466000 0.047000
3827.578070 13.528000 0.069000
4145.699490 14.009000 0.064000
4153.646480 13.944000 0.066000
4174.636560 13.748000 0.068000
4177.616410 13.415000 0.064000
4202.538180 13.755000 0.072000
4236.471370 13.221000 0.054000
4303.928860 14.197000 0.048000
4341.831510 13.421000 0.055000
4463.628360 13.315000 0.061000
4477.613840 13.523000 0.076000
4492.598330 13.541000 0.064000
4576.532140 13.843000 0.055000
4720.891240 13.977000 0.051000
4846.746970 13.433000 0.065000
4881.656220 14.411000 0.059000
4892.650960 13.364000 0.057000
4920.550650 13.388000 0.051000
5093.842810 14.036000 0.062000
5104.876310 13.524000 0.057000
2189.799150 29.999000 0.057000
2190.783170 29.999000 0.048000
2216.718470 29.999000 0.054000
2226.706900 29.999000 0.046000
2233.688230 29.999000 0.047000
2244.678030 29.999000 0.056000
2249.667520 29.999000 0.057000
2250.668100 29.999000 0.049000
2254.657980 29.999000 0.054000
3405.685200 29.999000 0.043000
3409.714620 29.999000 0.049000
3430.668980 29.999000 0.046000
3432.668240 29.999000 0.053000
3483.497940 29.999000 0.050000
3618.846290 29.999000 0.052000
3633.803330 29.999000 0.048000
3636.832170 29.999000 0.050000
3642.833720 29.999000 0.059000
3660.775740 29.999000 0.048000
3663.770460 29.999000 0.050000
3666.756850 29.999000 0.044000
3675.729260 29.999000 0.056000
3746.719760 29.999000 0.060000
3748.789490 29.999000 0.047000
3768.617720 29.999000 0.046000
3770.688390 29.999000 0.060000
3772.748490 29.999000 0.049000
3825.556810 29.999000 0.045000
4182.604390 29.999000 0.051000
4193.535490 29.999000 0.049000
4376.816120 29.999000 0.043000
4460.765710 29.999000 0.043000
4505.698060 29.999000 0.042000
4516.603280 29.999000 0.043000
4518.652870 29.999000 0.039000
4529.620330 29.999000 0.045000
4535.650220 29.999000 0.049000
4546.598620 29.999000 0.052000
4548.596040 29.999000 0.047000
4561.555860 29.999000 0.045000
4566.523490 29.999000 0.051000
4574.500420 29.999000 0.042000
4589.492980 29.999000 0.046000
4602.460740 29.999000 0.049000
4700.854010 29.999000 0.046000
1889.654230 29.999000 0.047000
2222.741280 29.999000 0.045000
2237.678950 29.999000 0.055000
2241.673610 29.999000 0.048000
2247.659580 29.999000 0.057000
2248.663780 29.999000 0.058000
2251.666920 29.999000 0.059000
2252.659190 29.999000 0.053000
3393.772570 29.999000 0.066000
3468.519880 29.999000 0.055000
3470.544250 29.999000 0.047000
3472.562400 29.999000 0.070000
3512.454510 29.999000 0.048000
3601.843440 29.999000 0.061000
3621.869210 29.999000 0.058000
3701.667840 29.999000 0.049000
3706.664410 29.999000 0.049000
3744.632630 29.999000 0.051000
3758.683780 29.999000 0.050000
3763.632320 29.999000 0.046000
3775.567750 29.999000 0.050000
3787.582590 29.999000 0.053000
3789.638410 29.999000 0.045000
3794.609920 29.999000 0.051000
3803.612350 29.999000 0.050000
3805.636050 29.999000 0.073000
3815.630050 29.999000 0.066000
3832.542360 29.999000 0.044000
3834.551440 29.999000 0.041000
3836.555700 29.999000 0.053000
3851.485750 29.999000 0.046000
3868.475440 29.999000 0.045000
3876.456780 29.999000 0.047000
4103.661820 29.999000 0.052000
4285.932780 29.999000 0.070000
4330.854070 29.999000 0.064000
4351.824110 29.999000 0.046000
4364.870680 29.999000 0.037000
4367.858930 29.999000 0.046000
4398.818870 29.999000 0.042000
4406.755580 29.999000 0.047000
4424.808480 29.999000 0.056000
4427.739150 29.999000 0.043000
4458.658290 29.999000 0.043000
4485.661200 29.999000 0.052000
4487.700020 29.999000 0.042000
4676.915370 29.999000 0.040000
4681.911490 29.999000 0.046000
4696.915850 29.999000 0.039000
4731.835320 29.999000 0.049000
4756.772030 29.999000 0.057000
4765.748150 29.999000 0.042000
4786.700570 29.999000 0.040000
4837.618510 29.999000 0.043000
4839.653810 29.999000 0.045000
4843.789620 29.999000 0.053000
4849.637690 29.999000 0.055000
4863.627980 29.999000 0.048000
4917.531230 29.999000 0.054000
5021.929740 29.999000 0.053000
5048.887920 29.999000 0.050000
5086.859460 29.999000 0.044000
5113.798400 29.999000 0.051000
5135.806120 29.999000 0.048000
5165.727710 29.999000 0.052000
3460.554110 13.768000 0.042000
3735.682180 13.516000 0.044000
4571.505800 13.260000 0.045000
2166.795140 13.717000 0.051000
2193.739890 14.206000 0.059000
2196.742170 13.498000 0.053000
2198.740000 13.413000 0.054000
2199.725990 13.132000 0.051000
2200.768240 13.473000 0.044000
2201.750970 13.943000 0.050000
2206.735590 14.381000 0.044000
2208.668650 14.018000 0.051000
2213.676900 13.550000 0.046000
2217.690240 13.807000 0.051000
2225.677160 13.918000 0.051000
2228.666210 13.214000 0.049000
2230.666070 13.501000 0.048000
3395.730810 14.007000 0.049000
3400.670430 13.458000 0.046000
3742.750250 14.232000 0.056000
3767.678360 13.091000 0.046000
2192.740160 29.999000 0.055000
2194.747070 29.999000 0.047000
2222.691050 29.999000 0.044000
2235.655980 29.999000 0.052000
2237.646590 29.999000 0.052000
2241.641790 29.999000 0.053000
2243.642040 29.999000 0.052000
2254.624150 29.999000 0.053000
2260.614720 29.999000 0.062000
3449.548530 29.999000 0.057000
3454.565250 29.999000 0.051000
3456.564140 29.999000 0.045000
3708.753900 29.999000 0.055000
3712.698740 29.999000 0.042000
3732.761600 29.999000 0.065000
3747.730530 29.999000 0.065000
3757.715140 29.999000 0.056000
3774.698260 29.999000 0.067000
3794.621340 29.999000 0.041000
3799.618860 29.999000 0.063000
3804.607190 29.999000 0.049000
3837.523300 29.999000 0.044000
2197.768350 29.999000 0.048000
2202.740210 29.999000 0.045000
2215.684840 29.999000 0.047000
2219.677070 29.999000 0.047000
2224.681270 29.999000 0.051000
2226.671770 29.999000 0.046000
2229.659170 29.999000 0.049000
2232.650180 29.999000 0.046000
2233.656840 29.999000 0.044000
2236.644570 29.999000 0.049000
2239.626140 29.999000 0.050000
2240.633620 29.999000 0.053000
2242.646440 29.999000 0.052000
3458.547060 29.999000 0.045000
3469.521300 29.999000 0.042000
3472.504080 29.999000 0.045000
3474.512760 29.999000 0.057000
3477.508450 29.999000 0.060000
3714.689890 29.999000 0.041000
3721.748780 29.999000 0.049000
3724.678410 29.999000 0.057000
3745.654770 29.999000 0.047000
3755.669280 29.999000 0.044000
3779.601620 29.999000 0.048000
3789.628620 29.999000 0.047000
3812.558310 29.999000 0.048000
3814.569740 29.999000 0.053000
3819.569240 29.999000 0.046000
3822.537260 29.999000 0.053000
3827.529490 29.999000 0.068000
3832.539260 29.999000 0.049000
3835.507970 29.999000 0.047000
3862.459560 29.999000 0.071000
4185.545130 29.999000 0.068000
4520.645760 29.999000 0.061000
4522.639330 29.999000 0.047000
4533.547520 29.999000 0.043000
4579.479590 29.999000 0.047000
4589.466510 29.999000 0.047000
4594.460380 29.999000 0.051000
