1947.558950 12.007000 0.065000
1954.529660 12.994000 0.064000
2468.927550 12.767000 0.048000
2496.861430 12.401000 0.045000
2498.871220 12.687000 0.044000
2519.834880 11.918000 0.037000
2577.827030 12.989000 0.059000
2627.618280 12.845000 0.032000
2634.690270 12.838000 0.043000
2636.718790 12.029000 0.033000
2640.705690 13.142000 0.033000
2642.703420 12.369000 0.035000
2644.699190 12.907000 0.038000
2646.678480 12.457000 0.034000
2649.667780 11.890000 0.035000
2654.545040 12.424000 0.045000
2657.592630 13.021000 0.036000
2659.605960 12.902000 0.048000
2661.602800 12.646000 0.048000
2663.601460 13.008000 0.041000
2665.598980 11.994000 0.050000
2667.598240 12.869000 0.042000
2671.591210 12.687000 0.049000
2673.585570 12.962000 0.046000
2675.573130 11.923000 0.042000
2684.536470 12.791000 0.040000
2686.550720 13.312000 0.049000
2688.553050 12.391000 0.051000
2692.548930 12.011000 0.058000
2694.550230 12.745000 0.037000
2696.550170 13.139000 0.040000
2698.544250 12.350000 0.036000
2700.548880 12.983000 0.039000
2703.508690 12.994000 0.045000
2709.503520 13.021000 0.037000
2717.491620 12.873000 0.035000
2722.487300 12.326000 0.039000
2854.893780 12.829000 0.031000
2858.914110 12.915000 0.033000
2861.885070 12.950000 0.033000
2867.869610 12.632000 0.036000
2875.904680 12.809000 0.036000
2879.874160 12.704000 0.039000
2883.894550 12.488000 0.038000
2885.857980 12.912000 0.040000
2892.891040 12.920000 0.039000
2908.806480 12.980000 0.041000
2911.764890 12.909000 0.033000
2915.787940 12.989000 0.044000
2927.794400 12.910000 0.038000
2929.751800 12.377000 0.054000
2931.782930 13.061000 0.040000
2933.773850 12.047000 0.038000
2935.750530 12.833000 0.033000
2939.730390 12.340000 0.035000
2943.680610 13.007000 0.041000
2948.768180 12.761000 0.045000
2956.720570 12.283000 0.038000
2958.754700 12.937000 0.031000
2960.715460 12.489000 0.035000
2962.774600 12.795000 0.035000
2965.648250 12.574000 0.042000
2967.676660 13.200000 0.032000
2969.669200 12.360000 0.040000
2972.628020 12.335000 0.035000
2974.761490 12.699000 0.036000
2976.679270 12.201000 0.040000
2984.643150 12.909000 0.035000
2986.651700 12.077000 0.036000
2991.596800 12.694000 0.038000
2993.642870 12.571000 0.035000
2995.706520 12.764000 0.033000
2997.724810 12.324000 0.038000
3001.557070 12.661000 0.032000
3009.581160 11.892000 0.048000
3011.601700 12.820000 0.037000
3013.611270 13.194000 0.042000
3016.620620 11.922000 0.039000
3018.619680 12.807000 0.033000
3031.596540 12.874000 0.037000
3036.560200 12.758000 0.041000
3043.574610 13.151000 0.049000
3049.556790 11.960000 0.036000
3052.545430 12.374000 0.039000
3055.541480 12.414000 0.038000
3064.508550 12.807000 0.037000
3068.508720 12.680000 0.038000
3071.516190 12.831000 0.039000
3082.490680 12.276000 0.038000
3266.860570 12.793000 0.045000
3271.811590 13.061000 0.030000
3294.839990 12.302000 0.058000
3298.723690 13.029000 0.045000
3382.646940 12.843000 0.058000
3385.581050 12.771000 0.070000
3395.562220 12.666000 0.064000
3411.534030 12.988000 0.067000
3420.558710 11.790000 0.069000
3447.496050 12.880000 0.069000
3573.922260 12.955000 0.037000
3577.918020 12.821000 0.044000
3585.907470 12.195000 0.047000
3589.927940 12.573000 0.046000
3601.875390 12.458000 0.045000
3620.887450 13.050000 0.067000
3624.862580 12.689000 0.040000
3628.846720 11.986000 0.038000
3631.824450 12.197000 0.040000
3636.852120 13.060000 0.038000
3639.806500 12.935000 0.051000
3642.798290 12.968000 0.043000
3646.797670 12.997000 0.035000
3652.758170 13.007000 0.041000
3654.813120 12.467000 0.069000
3658.750540 12.685000 0.071000
3664.776620 12.480000 0.065000
3668.751660 11.983000 0.051000
3671.718990 11.889000 0.037000
3673.775580 12.815000 0.048000
3676.710020 12.889000 0.045000
3680.702740 12.605000 0.038000
3699.641370 12.862000 0.040000
3704.679580 12.394000 0.048000
3706.781320 12.929000 0.065000
3713.630140 12.684000 0.049000
3726.686880 12.858000 0.072000
3730.584350 12.288000 0.049000
3736.603090 12.809000 0.070000
3768.557840 13.021000 0.056000
3773.534530 12.728000 0.070000
3788.567560 13.125000 0.070000
3801.507480 12.915000 0.055000
3811.496960 12.864000 0.044000
4104.614870 12.744000 0.054000
4106.667900 13.081000 0.036000
4129.530530 12.898000 0.058000
4156.512210 12.939000 0.037000
4159.514190 13.185000 0.062000
4161.533720 12.196000 0.067000
4177.493290 12.729000 0.065000
4297.934000 12.714000 0.048000
4301.927740 13.065000 0.049000
4305.914750 12.862000 0.035000
4310.916460 12.088000 0.037000
4333.893220 12.394000 0.039000
4353.880910 12.413000 0.040000
4357.813720 12.980000 0.037000
4361.815190 12.967000 0.039000
4363.836390 12.002000 0.036000
4365.834380 12.941000 0.034000
4368.820040 12.838000 0.037000
4371.787030 13.032000 0.043000
4377.787240 13.070000 0.055000
4380.776000 13.093000 0.051000
4383.772450 12.542000 0.046000
4386.756170 11.818000 0.036000
4388.813280 13.095000 0.035000
4402.757150 12.616000 0.052000
4406.723980 11.901000 0.038000
4411.748010 12.933000 0.049000
4420.707810 13.130000 0.071000
4422.780550 12.769000 0.052000
4426.672210 12.208000 0.048000
4429.683590 12.291000 0.039000
4431.725740 12.829000 0.040000
4433.801650 12.584000 0.051000
4436.661400 12.139000 0.066000
4438.761140 13.136000 0.069000
4441.654030 12.992000 0.054000
4444.652220 12.968000 0.046000
4462.618430 12.319000 0.042000
4473.684740 12.029000 0.052000
4479.621390 12.152000 0.058000
4491.570920 12.897000 0.071000
4493.626180 12.605000 0.056000
4497.577690 13.180000 0.052000
4503.564620 13.272000 0.058000
4506.560440 12.912000 0.044000
4511.546050 12.765000 0.055000
4518.534900 12.646000 0.057000
4521.528130 12.822000 0.061000
4524.518760 12.781000 0.054000
4527.516070 12.852000 0.058000
4533.508560 12.995000 0.045000
4665.937040 13.062000 0.046000
4671.928970 12.034000 0.056000
4677.934940 12.548000 0.043000
4682.906120 12.991000 0.040000
4690.889050 12.655000 0.037000
4694.891940 12.185000 0.042000
4698.880690 12.847000 0.040000
4703.870850 12.669000 0.038000
4707.874460 12.474000 0.042000
4720.854230 12.490000 0.042000
4730.855210 12.611000 0.042000
4738.834560 13.132000 0.042000
4741.796770 13.120000 0.044000
4744.787760 12.710000 0.044000
4747.764240 12.080000 0.040000
4750.756030 11.929000 0.042000
4752.835840 13.027000 0.038000
4760.735580 11.898000 0.036000
4763.727610 12.161000 0.044000
4766.719970 12.496000 0.042000
4769.707100 12.666000 0.038000
4774.698480 13.113000 0.040000
4776.752110 12.662000 0.038000
4779.689570 12.638000 0.040000
4784.738220 12.735000 0.043000
4787.708370 11.913000 0.045000
4792.647790 12.692000 0.071000
4794.769070 12.282000 0.056000
4797.774650 12.499000 0.044000
4802.770360 13.035000 0.054000
4805.623610 12.790000 0.041000
4807.642160 12.943000 0.059000
4814.706370 12.131000 0.057000
4817.634340 12.545000 0.071000
4820.657640 12.361000 0.060000
4823.648440 12.430000 0.056000
4826.634660 12.472000 0.071000
4839.677770 12.802000 0.051000
4842.624570 12.805000 0.048000
4860.630120 12.181000 0.063000
4883.522330 11.771000 0.066000
5040.923010 12.924000 0.043000
5082.864240 12.771000 0.053000
5085.886490 12.108000 0.048000
5088.834990 12.034000 0.044000
5098.780390 12.825000 0.041000
5106.839570 12.967000 0.042000
5122.861930 11.854000 0.045000
5131.727670 12.181000 0.045000
5144.736660 12.236000 0.046000
5147.784630 12.681000 0.050000
5155.694720 13.114000 0.056000
2568.668520 12.130000 0.068000
2491.872520 12.927000 0.053000
2493.884460 12.776000 0.044000
2946.718360 12.247000 0.057000
2982.644580 12.359000 0.054000
2988.715110 12.732000 0.071000
3046.567400 11.850000 0.050000
3075.508610 12.428000 0.045000
3078.500220 12.689000 0.045000
3365.595670 12.761000 0.091000
3383.573570 11.912000 0.087000
3391.552630 12.945000 0.090000
3400.569110 12.155000 0.081000
3406.545000 12.122000 0.101000
3408.563420 12.987000 0.098000
3413.576260 12.122000 0.091000
3418.524250 12.984000 0.057000
3426.530370 12.295000 0.081000
3434.534190 13.042000 0.095000
3438.512860 12.958000 0.090000
3597.884810 12.943000 0.058000
3701.763480 12.614000 0.054000
3711.654010 12.430000 0.081000
3719.627020 12.807000 0.099000
3721.653490 12.159000 0.096000
3733.634250 12.684000 0.086000
3740.703610 12.945000 0.083000
3746.574000 12.497000 0.091000
3748.678240 11.931000 0.090000
3751.632320 11.931000 0.074000
3754.604890 11.950000 0.090000
3756.646290 13.009000 0.048000
3759.576520 12.884000 0.082000
3762.575860 13.255000 0.105000
3765.568730 13.019000 0.090000
3775.582170 13.012000 0.073000
3778.545930 12.993000 0.081000
3791.549490 12.248000 0.091000
3794.534800 11.791000 0.076000
3804.508440 12.043000 0.096000
3808.502420 13.028000 0.077000
3814.491460 12.058000 0.065000
4091.607510 12.400000 0.087000
4131.578450 12.298000 0.073000
4133.602190 13.252000 0.092000
4135.612150 11.893000 0.092000
4140.593440 12.859000 0.098000
4143.554610 12.865000 0.101000
4146.543330 13.177000 0.100000
4164.525390 12.526000 0.082000
4167.513230 12.660000 0.098000
4338.873130 12.785000 0.053000
4347.903710 11.967000 0.068000
4374.832200 13.144000 0.043000
4409.688070 11.902000 0.074000
4452.653990 12.476000 0.074000
4457.604710 12.729000 0.073000
4459.654910 12.371000 0.073000
4464.690710 13.131000 0.074000
4467.617740 12.915000 0.075000
4470.618160 13.100000 0.078000
4515.547330 12.623000 0.066000
4539.501130 11.974000 0.079000
4757.784530 12.037000 0.078000
4828.665370 13.060000 0.083000
4831.603940 12.953000 0.056000
4833.684430 12.555000 0.080000
4845.615600 12.804000 0.076000
4848.612740 13.104000 0.085000
4851.605210 12.925000 0.077000
4857.619100 12.365000 0.079000
4870.563760 12.386000 0.080000
4876.572670 12.352000 0.080000
4879.571580 12.590000 0.073000
4886.557960 12.384000 0.078000
4890.512540 12.932000 0.087000
4894.517220 13.080000 0.070000
4905.502560 12.861000 0.086000
5049.895820 13.057000 0.044000
5066.901670 13.177000 0.047000
5070.875500 12.884000 0.045000
5074.885880 12.829000 0.051000
5104.832620 12.652000 0.051000
5113.809710 12.870000 0.051000
5128.760620 12.567000 0.050000
5135.820280 11.914000 0.048000
5161.733200 12.265000 0.069000
5164.627960 12.354000 0.059000
5167.663260 12.383000 0.057000
2839.932060 29.999000 0.041000
2950.709550 29.999000 0.040000
3040.561640 29.999000 0.040000
2894.832690 29.999000 0.036000
2921.779580 29.999000 0.035000
2944.795170 29.999000 0.039000
3058.534540 29.999000 0.053000
3724.625470 29.999000 0.061000
2954.697710 12.959000 0.052000
