2858.898090 13.432000 0.030000
3355.630730 13.781000 0.043000
3357.730710 13.780000 0.044000
3618.861960 13.700000 0.055000
3622.836840 13.570000 0.047000
3643.830710 13.708000 0.041000
4106.618540 13.455000 0.041000
4109.648610 13.547000 0.057000
4127.619550 13.875000 0.044000
4129.620020 14.193000 0.045000
4135.688750 13.295000 0.063000
4139.719420 13.354000 0.065000
4149.700870 13.868000 0.046000
4156.589290 13.505000 0.043000
4173.529930 13.509000 0.037000
4175.554690 14.131000 0.046000
4179.547760 13.641000 0.052000
4191.504310 13.432000 0.040000
4305.903120 13.575000 0.048000
4348.837640 13.223000 0.055000
4353.831630 14.408000 0.039000
4357.840260 13.722000 0.041000
4380.817270 13.922000 0.043000
4383.810240 13.878000 0.043000
4386.821770 14.002000 0.042000
4407.793210 13.961000 0.040000
4429.687400 13.696000 0.040000
4437.670580 13.874000 0.049000
4458.674130 13.586000 0.042000
4468.681120 13.881000 0.068000
4503.608160 14.086000 0.050000
4720.900350 14.003000 0.051000
4728.827670 13.560000 0.043000
4750.765650 13.565000 0.036000
4753.795850 13.693000 0.045000
4762.775700 14.799000 0.050000
4771.742800 13.703000 0.046000
4774.738760 13.823000 0.043000
4777.727490 13.691000 0.038000
4786.779490 13.568000 0.039000
4792.701000 13.539000 0.041000
4795.684070 13.767000 0.050000
4800.752200 13.388000 0.045000
4803.668310 13.135000 0.049000
4805.769210 14.133000 0.044000
4819.687120 13.717000 0.048000
4824.810580 13.909000 0.068000
4827.690510 14.014000 0.049000
4829.767780 13.665000 0.069000
4837.626590 13.958000 0.043000
4839.661890 13.452000 0.039000
4849.643070 13.747000 0.038000
4879.624750 13.834000 0.045000
4103.748720 13.207000 0.065000
4143.722480 14.055000 0.076000
4167.602780 13.512000 0.066000
4463.632370 13.977000 0.064000
4529.618110 13.649000 0.047000
4746.809310 13.686000 0.080000
4834.749270 14.075000 0.076000
4846.750840 13.725000 0.077000
4857.699030 13.308000 0.083000
4868.740050 13.380000 0.078000
4871.612230 13.594000 0.071000
4881.671990 13.698000 0.084000
4884.617550 13.794000 0.078000
5155.744200 13.551000 0.044000
2465.932240 29.999000 0.052000
2468.910310 29.999000 0.045000
2553.875250 29.999000 0.055000
2558.762370 29.999000 0.066000
2831.924280 29.999000 0.036000
2879.870830 29.999000 0.032000
2956.788170 29.999000 0.034000
3277.833620 29.999000 0.060000
3585.905360 29.999000 0.058000
4125.616550 29.999000 0.041000
4131.651590 29.999000 0.046000
4137.690450 29.999000 0.071000
4141.718560 29.999000 0.068000
4152.529120 29.999000 0.037000
4301.921270 29.999000 0.060000
4308.908230 29.999000 0.048000
4312.898530 29.999000 0.059000
4333.878450 29.999000 0.044000
4341.845340 29.999000 0.041000
4344.874590 29.999000 0.050000
4368.824270 29.999000 0.044000
4371.834290 29.999000 0.042000
4374.832760 29.999000 0.049000
4377.821740 29.999000 0.043000
4392.742130 29.999000 0.046000
4399.813470 29.999000 0.051000
4403.764550 29.999000 0.036000
4410.734540 29.999000 0.059000
4413.786860 29.999000 0.046000
4420.778010 29.999000 0.051000
4423.707050 29.999000 0.048000
4426.794850 29.999000 0.048000
4431.744060 29.999000 0.041000
4470.777750 29.999000 0.054000
4474.664890 29.999000 0.055000
4479.703910 29.999000 0.063000
4489.748160 29.999000 0.050000
4492.601970 29.999000 0.060000
4498.628740 29.999000 0.071000
4510.571810 29.999000 0.044000
4518.640560 29.999000 0.036000
4724.891140 29.999000 0.045000
4731.870010 29.999000 0.048000
4756.792100 29.999000 0.047000
4759.777250 29.999000 0.038000
4765.766960 29.999000 0.040000
4768.754820 29.999000 0.038000
4779.778530 29.999000 0.039000
4783.723800 29.999000 0.061000
4798.689250 29.999000 0.039000
4808.646260 29.999000 0.036000
4810.697280 29.999000 0.045000
4813.709580 29.999000 0.040000
4816.655140 29.999000 0.041000
4822.666210 29.999000 0.061000
5146.815380 29.999000 0.053000
2212.669840 14.215000 0.052000
3363.660170 13.532000 0.042000
3366.735200 13.961000 0.069000
3357.658780 14.042000 0.049000
4355.806690 13.147000 0.048000
4373.795250 13.642000 0.038000
4775.792950 13.242000 0.039000
4834.661760 13.857000 0.046000
1868.677250 14.133000 0.066000
1874.667980 14.118000 0.066000
1875.665700 13.891000 0.043000
1876.666750 13.459000 0.050000
1878.659120 13.765000 0.045000
1903.624460 13.823000 0.054000
1906.604900 13.869000 0.041000
1907.614310 13.771000 0.040000
1915.581580 13.357000 0.051000
1922.568700 13.250000 0.042000
1928.554110 13.891000 0.042000
2130.843420 13.856000 0.065000
2561.708860 13.710000 0.041000
2562.812910 13.854000 0.047000
2623.596610 13.672000 0.039000
2634.689640 13.315000 0.039000
2662.653440 13.580000 0.045000
2678.600970 13.741000 0.047000
2700.615800 13.601000 0.039000
2706.578140 13.834000 0.041000
2712.560720 13.563000 0.043000
2714.582340 13.894000 0.036000
2717.574030 14.238000 0.045000
2720.558260 14.038000 0.037000
2722.555240 13.951000 0.041000
2734.524130 14.340000 0.049000
2754.492770 13.954000 0.042000
2761.477640 13.827000 0.038000
2874.870210 13.959000 0.043000
2885.859710 13.613000 0.037000
2897.838170 13.151000 0.036000
2911.758210 13.268000 0.037000
2926.806990 13.767000 0.035000
2945.673520 13.591000 0.038000
2949.719450 13.830000 0.036000
2967.704670 14.155000 0.038000
2979.679740 13.806000 0.038000
2992.720530 13.847000 0.037000
3000.613860 13.568000 0.038000
3006.628290 13.547000 0.038000
3023.719170 14.090000 0.038000
3044.644080 13.770000 0.038000
3050.577330 13.516000 0.041000
3064.588410 13.426000 0.037000
3114.491180 13.381000 0.041000
3355.597300 13.546000 0.043000
3417.635770 14.411000 0.052000
3430.554200 13.685000 0.058000
3437.563590 13.535000 0.048000
3459.568750 13.661000 0.043000
3480.492140 13.442000 0.053000
3562.925550 13.415000 0.046000
3591.904330 14.287000 0.065000
3601.837490 13.294000 0.058000
3665.735020 13.238000 0.044000
3712.748850 13.562000 0.045000
3725.634330 13.360000 0.052000
3743.646030 13.508000 0.047000
3762.720740 13.806000 0.047000
3774.707580 13.922000 0.044000
3788.573800 13.768000 0.049000
3818.525700 13.314000 0.041000
3828.489550 13.532000 0.050000
3831.499190 13.903000 0.042000
4106.611610 13.490000 0.040000
4131.636940 13.537000 0.054000
4135.663020 13.074000 0.043000
4333.845860 13.297000 0.039000
4402.832470 13.170000 0.039000
4469.637310 13.519000 0.042000
4558.567470 13.376000 0.040000
4764.726770 13.318000 0.044000
4855.565950 13.488000 0.046000
1900.630440 13.560000 0.041000
1904.600030 13.524000 0.039000
1908.604400 13.117000 0.048000
1932.557270 13.699000 0.037000
1934.558520 13.820000 0.039000
1940.545300 13.180000 0.040000
2116.863340 13.901000 0.064000
2117.916830 13.762000 0.060000
2128.843520 13.673000 0.063000
2467.904140 13.703000 0.036000
2563.801100 13.342000 0.054000
2566.715100 13.191000 0.051000
2621.646450 13.772000 0.039000
2646.678320 13.979000 0.045000
2649.667760 13.741000 0.043000
2651.642580 13.766000 0.042000
2664.644720 14.013000 0.041000
2666.642170 13.303000 0.042000
2672.641630 13.699000 0.042000
2676.615580 13.698000 0.041000
2698.616220 13.476000 0.044000
2704.596300 13.981000 0.040000
2710.549310 13.910000 0.047000
2751.487440 13.458000 0.045000
2895.816280 13.756000 0.036000
2899.818060 14.020000 0.039000
2908.811500 13.930000 0.041000
2933.743640 13.940000 0.036000
2935.756640 13.629000 0.036000
2943.684540 13.631000 0.038000
2975.625010 13.751000 0.040000
2983.724990 13.892000 0.037000
3012.678360 13.935000 0.037000
3039.606020 13.389000 0.038000
3047.590810 13.998000 0.038000
3070.563130 13.575000 0.037000
3079.606890 13.545000 0.044000
3404.671440 13.956000 0.039000
3406.673040 13.460000 0.043000
3413.636010 13.269000 0.041000
3434.571110 13.393000 0.053000
3440.552780 13.655000 0.043000
3473.492920 13.282000 0.040000
3646.810400 14.091000 0.045000
3654.830220 13.822000 0.061000
3657.749170 13.759000 0.059000
3668.825720 13.603000 0.036000
3671.739260 13.803000 0.039000
3733.688170 13.644000 0.059000
3760.634770 13.886000 0.052000
3772.641740 13.291000 0.042000
3815.583280 13.643000 0.047000
3852.478620 14.057000 0.042000
4127.587140 13.448000 0.061000
4165.612110 13.880000 0.059000
4233.456010 13.287000 0.040000
4486.657930 13.200000 0.042000
4498.691590 13.381000 0.043000
4501.631940 13.166000 0.058000
4569.529660 13.459000 0.038000
4586.467250 13.210000 0.039000
5089.840930 13.247000 0.044000
1869.669070 14.059000 0.041000
1879.657900 13.846000 0.042000
1885.647130 13.797000 0.043000
1918.581420 13.669000 0.044000
1930.569060 13.861000 0.040000
1937.560870 13.680000 0.036000
1959.525590 13.536000 0.039000
2540.794650 14.326000 0.055000
2558.846180 13.727000 0.040000
2655.668320 13.921000 0.044000
2702.609030 14.161000 0.041000
2730.539010 13.907000 0.040000
2736.508970 13.920000 0.039000
2738.538120 13.995000 0.045000
2740.533540 14.197000 0.040000
2764.463290 13.969000 0.039000
2905.849230 13.991000 0.034000
2958.677060 14.033000 0.037000
3010.662280 13.829000 0.037000
3090.575840 14.400000 0.039000
3447.599630 13.985000 0.042000
3578.908990 14.427000 0.054000
3714.759590 14.139000 0.047000
4150.606350 14.217000 0.049000
4409.711140 13.750000 0.063000
2573.702260 12.859000 0.063000
3588.889280 13.923000 0.067000
4348.881390 12.997000 0.059000
1872.672220 13.412000 0.073000
2086.926570 13.198000 0.068000
2136.833230 13.812000 0.071000
2680.603680 13.289000 0.047000
2758.487790 13.684000 0.051000
2915.817760 13.254000 0.037000
2997.591550 14.424000 0.055000
3075.562330 13.515000 0.070000
3082.554100 13.541000 0.039000
3455.542990 13.428000 0.043000
3462.493730 13.749000 0.073000
3618.830420 13.803000 0.074000
3717.609110 14.112000 0.067000
3779.607500 13.255000 0.042000
3800.588350 13.861000 0.058000
4144.573730 14.212000 0.059000
4156.657470 13.486000 0.075000
4163.587890 13.796000 0.079000
5098.781970 13.034000 0.047000
5113.781640 13.247000 0.050000
1870.679270 14.060000 0.072000
1871.680750 14.134000 0.069000
2088.928050 14.060000 0.072000
2131.842980 13.877000 0.071000
2636.718230 13.864000 0.042000
2696.619170 13.981000 0.049000
3443.574090 13.768000 0.081000
3476.489370 13.597000 0.052000
3491.473860 13.497000 0.057000
3765.604980 13.605000 0.080000
3803.572390 13.706000 0.071000
4189.526840 13.419000 0.052000
4857.726200 13.126000 0.073000
5158.699120 13.482000 0.051000
2094.903350 13.982000 0.076000
2105.886290 13.926000 0.081000
2132.858940 14.073000 0.071000
2140.848880 14.195000 0.067000
2674.629380 14.195000 0.050000
3662.746860 13.658000 0.051000
3777.574330 13.904000 0.065000
1873.676260 29.999000 0.069000
1924.562010 29.999000 0.041000
1985.554260 29.999000 0.056000
2134.911250 29.999000 0.059000
2642.703100 29.999000 0.046000
2668.647860 29.999000 0.043000
2694.623090 29.999000 0.041000
2745.487340 29.999000 0.041000
2838.937880 29.999000 0.036000
2867.823580 29.999000 0.039000
2902.833510 29.999000 0.046000
2923.778790 29.999000 0.038000
2930.816020 29.999000 0.036000
2939.746120 29.999000 0.036000
2962.791220 29.999000 0.047000
2985.778240 29.999000 0.038000
3097.532090 29.999000 0.039000
3102.511890 29.999000 0.039000
3106.536740 29.999000 0.038000
3109.502270 29.999000 0.038000
3123.477420 29.999000 0.036000
3133.460600 29.999000 0.038000
3596.925520 29.999000 0.050000
3621.854750 29.999000 0.054000
3652.775400 29.999000 0.042000
3659.820400 29.999000 0.045000
3676.710120 29.999000 0.053000
3703.751150 29.999000 0.043000
3708.788910 29.999000 0.049000
3740.779440 29.999000 0.055000
3770.562870 29.999000 0.069000
3793.590950 29.999000 0.070000
3795.629460 29.999000 0.039000
3798.568510 29.999000 0.046000
4310.889360 29.999000 0.050000
4336.890270 29.999000 0.043000
4339.896070 29.999000 0.041000
4342.850900 29.999000 0.061000
4362.794720 29.999000 0.038000
4367.818720 29.999000 0.048000
4376.803900 29.999000 0.048000
4382.774610 29.999000 0.038000
4392.769910 29.999000 0.046000
4406.737070 29.999000 0.047000
4420.734220 29.999000 0.041000
4696.893610 29.999000 0.035000
4724.852360 29.999000 0.040000
4727.842420 29.999000 0.038000
4730.871120 29.999000 0.042000
4749.820480 29.999000 0.049000
4752.769710 29.999000 0.037000
4761.733340 29.999000 0.058000
4773.710180 29.999000 0.044000
4778.699620 29.999000 0.037000
4780.759260 29.999000 0.039000
4784.644080 29.999000 0.038000
4787.735730 29.999000 0.050000
4796.747470 29.999000 0.039000
4801.739320 29.999000 0.057000
4804.614740 29.999000 0.037000
4806.679940 29.999000 0.045000
4808.701360 29.999000 0.050000
4810.709780 29.999000 0.072000
4813.724590 29.999000 0.077000
4816.625300 29.999000 0.037000
4819.660380 29.999000 0.039000
4827.635360 29.999000 0.042000
4829.700180 29.999000 0.059000
4839.602460 29.999000 0.044000
4843.770580 29.999000 0.072000
4846.730390 29.999000 0.081000
1887.639400 29.999000 0.057000
1964.560170 29.999000 0.039000
1979.496290 29.999000 0.044000
2640.705280 29.999000 0.052000
2670.640980 29.999000 0.048000
2955.789130 29.999000 0.037000
2970.646170 29.999000 0.054000
2972.692460 29.999000 0.049000
3052.675410 29.999000 0.038000
3730.699180 29.999000 0.052000
4090.818110 29.999000 0.062000
4125.581860 29.999000 0.072000
4129.599460 29.999000 0.056000
4133.640390 29.999000 0.042000
4137.665500 29.999000 0.074000
4139.677290 29.999000 0.077000
4152.620460 29.999000 0.038000
4174.568110 29.999000 0.058000
4176.599110 29.999000 0.045000
4182.579640 29.999000 0.053000
4185.525940 29.999000 0.075000
4191.546410 29.999000 0.046000
4197.529730 29.999000 0.068000
4200.538110 29.999000 0.037000
4229.461950 29.999000 0.044000
4399.785110 29.999000 0.046000
4423.662950 29.999000 0.062000
4426.747910 29.999000 0.055000
4428.778020 29.999000 0.047000
4431.654330 29.999000 0.050000
4433.748190 29.999000 0.068000
4438.766100 29.999000 0.061000
4441.656470 29.999000 0.042000
4452.606230 29.999000 0.044000
4456.726950 29.999000 0.053000
4459.623310 29.999000 0.046000
4461.720850 29.999000 0.037000
4464.606790 29.999000 0.050000
4466.711770 29.999000 0.050000
4472.714580 29.999000 0.066000
4478.600080 29.999000 0.055000
4480.668970 29.999000 0.045000
4484.597060 29.999000 0.049000
4488.687380 29.999000 0.041000
4490.710880 29.999000 0.045000
4492.720430 29.999000 0.049000
4503.709160 29.999000 0.041000
4506.621870 29.999000 0.039000
4509.562930 29.999000 0.048000
4511.596030 29.999000 0.056000
4517.606920 29.999000 0.041000
4519.623830 29.999000 0.046000
4521.641000 29.999000 0.041000
4523.659700 29.999000 0.037000
4526.564450 29.999000 0.041000
4531.578130 29.999000 0.051000
4534.547160 29.999000 0.041000
4541.593690 29.999000 0.047000
4546.558770 29.999000 0.044000
4567.506370 29.999000 0.038000
4572.503860 29.999000 0.039000
4579.497180 29.999000 0.046000
4593.466630 29.999000 0.046000
4770.718910 29.999000 0.038000
4836.721460 29.999000 0.051000
4849.631040 29.999000 0.074000
4863.653050 29.999000 0.074000
4871.686820 29.999000 0.068000
4877.610460 29.999000 0.073000
1877.667200 29.999000 0.046000
1881.650900 29.999000 0.044000
1926.554430 29.999000 0.041000
1946.530120 29.999000 0.039000
1949.535460 29.999000 0.039000
2129.853450 29.999000 0.060000
2544.864000 29.999000 0.045000
2862.873820 29.999000 0.044000
2928.818780 29.999000 0.047000
4918.532730 29.999000 0.063000
5141.805250 29.999000 0.045000
2103.896300 29.999000 0.068000
2496.826980 29.999000 0.037000
2554.842120 29.999000 0.042000
2579.687600 29.999000 0.052000
2624.731930 29.999000 0.048000
2629.745960 29.999000 0.044000
2653.645020 29.999000 0.047000
2658.656730 29.999000 0.040000
2684.619350 29.999000 0.041000
2686.637910 29.999000 0.048000
2688.628690 29.999000 0.039000
2724.553380 29.999000 0.037000
2726.551750 29.999000 0.039000
2742.534350 29.999000 0.038000
2756.494550 29.999000 0.042000
2766.464740 29.999000 0.038000
2830.923690 29.999000 0.035000
2841.916780 29.999000 0.036000
2860.853790 29.999000 0.033000
2893.767230 29.999000 0.039000
2947.716140 29.999000 0.041000
2951.728890 29.999000 0.038000
2953.743230 29.999000 0.046000
2977.667070 29.999000 0.040000
2990.701350 29.999000 0.038000
3019.697290 29.999000 0.036000
3033.570890 29.999000 0.055000
3042.610300 29.999000 0.037000
3055.554830 29.999000 0.038000
3057.592620 29.999000 0.041000
3059.656710 29.999000 0.037000
3067.622590 29.999000 0.038000
3077.577820 29.999000 0.036000
3086.554320 29.999000 0.043000
3088.570830 29.999000 0.042000
3093.530930 29.999000 0.035000
3104.527060 29.999000 0.038000
3126.483380 29.999000 0.039000
3129.474830 29.999000 0.037000
3397.589450 29.999000 0.070000
3399.646810 29.999000 0.044000
3408.690050 29.999000 0.047000
3415.630060 29.999000 0.075000
3419.626160 29.999000 0.046000
3421.653310 29.999000 0.058000
3425.663730 29.999000 0.041000
3432.570770 29.999000 0.049000
3457.552650 29.999000 0.043000
3468.505740 29.999000 0.046000
3483.483150 29.999000 0.042000
3499.459630 29.999000 0.080000
3570.925380 29.999000 0.039000
3574.925310 29.999000 0.046000
3625.854140 29.999000 0.036000
3629.793880 29.999000 0.043000
3632.823290 29.999000 0.041000
3642.802290 29.999000 0.044000
3673.792570 29.999000 0.043000
3680.717990 29.999000 0.056000
3701.638190 29.999000 0.058000
3706.640820 29.999000 0.075000
3719.735900 29.999000 0.042000
3722.602360 29.999000 0.071000
3727.652880 29.999000 0.047000
3745.720030 29.999000 0.047000
3748.635480 29.999000 0.056000
3750.664460 29.999000 0.049000
3753.674510 29.999000 0.042000
3755.719400 29.999000 0.046000
3757.754930 29.999000 0.043000
3767.698030 29.999000 0.041000
3790.633570 29.999000 0.074000
3805.595480 29.999000 0.048000
3811.518830 29.999000 0.041000
3813.531450 29.999000 0.046000
3820.565210 29.999000 0.079000
3823.520260 29.999000 0.051000
3833.530350 29.999000 0.044000
3835.538840 29.999000 0.046000
3849.485100 29.999000 0.078000
3860.464870 29.999000 0.045000
3863.468670 29.999000 0.058000
4203.534580 29.999000 0.055000
4494.738050 29.999000 0.045000
4528.608720 29.999000 0.055000
4537.563540 29.999000 0.039000
4539.576920 29.999000 0.057000
4548.559980 29.999000 0.043000
4551.560270 29.999000 0.046000
4554.538310 29.999000 0.040000
4556.556990 29.999000 0.047000
4561.549130 29.999000 0.041000
4564.518820 29.999000 0.036000
4575.496870 29.999000 0.043000
4590.470450 29.999000 0.038000
1884.632170 29.999000 0.052000
1886.645870 29.999000 0.045000
1920.572460 29.999000 0.044000
1995.503310 29.999000 0.059000
2133.883750 29.999000 0.055000
2627.731460 29.999000 0.040000
2690.627550 29.999000 0.048000
2981.698470 29.999000 0.040000
3072.609640 29.999000 0.039000
3584.891560 29.999000 0.063000
4384.810330 29.999000 0.037000
1888.641110 29.999000 0.050000
1902.601480 29.999000 0.042000
1905.614230 29.999000 0.045000
1913.575970 29.999000 0.038000
1952.568830 29.999000 0.056000
2559.821810 29.999000 0.042000
2577.828380 29.999000 0.057000
2638.707290 29.999000 0.048000
2660.656560 29.999000 0.048000
2853.899870 29.999000 0.045000
2877.849920 29.999000 0.039000
3008.644950 29.999000 0.038000
3017.699000 29.999000 0.038000
3030.749600 29.999000 0.037000
3808.610570 29.999000 0.050000
4886.572560 29.999000 0.055000
5071.896900 29.999000 0.058000
5086.845820 29.999000 0.048000
5145.694200 29.999000 0.061000
5155.716070 29.999000 0.046000
1877.670150 13.959000 0.049000
1880.649990 14.024000 0.053000
1889.642910 13.852000 0.047000
2156.820590 13.609000 0.063000
2166.828670 13.883000 0.057000
2167.827240 13.683000 0.062000
2168.882910 13.230000 0.051000
2172.766630 13.925000 0.056000
2173.811790 14.053000 0.058000
2177.788490 13.759000 0.050000
2185.758430 13.555000 0.053000
2186.809700 13.714000 0.045000
2190.780020 13.891000 0.048000
2191.780030 14.060000 0.052000
2192.784230 13.603000 0.050000
2193.787620 13.819000 0.053000
2194.771090 14.100000 0.049000
2199.770990 13.734000 0.049000
2200.792230 13.246000 0.045000
2201.807630 13.926000 0.043000
2202.754480 13.938000 0.048000
2206.773910 13.657000 0.044000
2214.707160 13.500000 0.045000
2215.708930 13.792000 0.047000
2216.716040 13.852000 0.048000
2217.720230 13.562000 0.042000
2228.692920 13.588000 0.048000
2234.672540 13.678000 0.049000
2235.671590 13.527000 0.044000
2239.660690 13.560000 0.048000
2241.669170 13.645000 0.046000
3639.819220 13.853000 0.041000
3669.830660 13.333000 0.035000
4291.940980 13.398000 0.037000
4295.943170 13.453000 0.039000
4355.821760 13.212000 0.035000
4364.861570 13.681000 0.036000
4387.779530 13.232000 0.053000
4484.759000 13.347000 0.056000
4643.940000 13.248000 0.050000
4703.866900 13.692000 0.053000
4707.884980 13.491000 0.041000
4750.791820 13.492000 0.046000
4753.769840 13.355000 0.039000
4767.812080 13.645000 0.046000
4770.730140 13.737000 0.037000
4773.717530 14.068000 0.044000
4775.799750 13.356000 0.038000
5086.871190 14.019000 0.046000
1878.662070 14.186000 0.044000
2208.711350 14.410000 0.060000
3400.669410 14.070000 0.051000
4367.827840 13.651000 0.050000
1954.584270 13.437000 0.050000
2170.856020 13.826000 0.062000
2253.648430 13.515000 0.056000
2256.643050 13.322000 0.056000
2260.630560 13.153000 0.058000
3372.610120 14.191000 0.063000
3386.596420 14.515000 0.070000
3390.645860 13.943000 0.073000
3449.545760 14.029000 0.078000
4299.925800 13.849000 0.068000
4720.894120 13.844000 0.056000
2183.749910 29.999000 0.054000
2197.725760 29.999000 0.040000
2219.711720 29.999000 0.047000
2225.701700 29.999000 0.046000
3554.943320 29.999000 0.041000
3564.921910 29.999000 0.041000
3570.939870 29.999000 0.044000
3629.808090 29.999000 0.051000
3905.939940 29.999000 0.045000
3909.940700 29.999000 0.040000
4306.905920 29.999000 0.045000
4347.868680 29.999000 0.048000
4351.829520 29.999000 0.048000
4376.807260 29.999000 0.037000
4382.777280 29.999000 0.037000
4384.816630 29.999000 0.037000
4647.942900 29.999000 0.056000
4651.944810 29.999000 0.041000
4662.943120 29.999000 0.061000
4691.903710 29.999000 0.043000
4716.847460 29.999000 0.041000
4756.759950 29.999000 0.042000
4759.747470 29.999000 0.039000
2198.754800 29.999000 0.050000
2222.729860 29.999000 0.044000
2227.694920 29.999000 0.044000
2232.681510 29.999000 0.042000
2242.659880 29.999000 0.046000
2247.655140 29.999000 0.053000
2248.659310 29.999000 0.056000
2249.660780 29.999000 0.051000
2250.654580 29.999000 0.049000
2251.653390 29.999000 0.055000
2252.647890 29.999000 0.055000
2258.638430 29.999000 0.055000
3588.913510 29.999000 0.083000
3597.858180 29.999000 0.049000
3642.822340 29.999000 0.040000
4089.754540 29.999000 0.073000
4310.901190 29.999000 0.048000
4333.859530 29.999000 0.041000
4341.823180 29.999000 0.055000
4373.807790 29.999000 0.052000
4406.743590 29.999000 0.046000
4429.808530 29.999000 0.046000
4439.778650 29.999000 0.038000
4674.939400 29.999000 0.037000
4680.937630 29.999000 0.040000
4747.779750 29.999000 0.056000
4762.745970 29.999000 0.037000
4765.725490 29.999000 0.034000
4784.658250 29.999000 0.046000
2212.637530 29.999000 0.059000
2229.690500 29.999000 0.044000
2233.683730 29.999000 0.044000
2236.673190 29.999000 0.046000
2244.669040 29.999000 0.055000
2254.644450 29.999000 0.054000
2255.641940 29.999000 0.051000
3574.940570 29.999000 0.040000
4303.906980 29.999000 0.041000
4314.917790 29.999000 0.041000
4338.851940 29.999000 0.048000
4379.792430 29.999000 0.041000
4666.916060 29.999000 0.042000
4696.912810 29.999000 0.043000
4731.798100 29.999000 0.053000
4741.815960 29.999000 0.044000
5009.943660 29.999000 0.051000
5014.940060 29.999000 0.051000
5018.942650 29.999000 0.051000
5022.921110 29.999000 0.049000
5048.893640 29.999000 0.052000
5093.834950 29.999000 0.053000
5113.788800 29.999000 0.047000
5131.735080 29.999000 0.052000
5140.841770 29.999000 0.048000
