3382.701200 12.783000 0.062000
1880.717070 13.773000 0.060000
2156.872980 13.070000 0.053000
2166.877230 13.052000 0.062000
2168.828120 13.825000 0.056000
2171.818790 12.840000 0.062000
2172.875050 12.956000 0.054000
2183.799980 13.807000 0.051000
2184.801680 13.546000 0.051000
2185.826770 13.392000 0.053000
2190.839680 13.659000 0.049000
2193.877920 13.669000 0.051000
2199.756770 13.366000 0.055000
2201.770330 12.936000 0.047000
2212.714860 13.658000 0.052000
2214.779630 13.752000 0.053000
2215.829620 13.425000 0.055000
2216.777870 12.698000 0.050000
2225.799240 13.429000 0.053000
2227.689120 13.547000 0.052000
2228.745880 13.589000 0.052000
2229.778990 13.758000 0.047000
2230.764850 13.571000 0.051000
2232.748140 13.725000 0.048000
2234.775070 13.623000 0.048000
2235.735880 13.330000 0.049000
2236.740160 12.921000 0.051000
2239.720420 13.518000 0.052000
2240.726050 13.424000 0.053000
2241.743380 12.913000 0.053000
2250.710280 13.243000 0.055000
3386.792770 13.462000 0.047000
3391.646580 12.909000 0.056000
3448.600250 13.620000 0.048000
3450.590480 13.366000 0.058000
3452.691420 12.919000 0.047000
2213.760330 13.529000 0.054000
2222.682660 13.587000 0.048000
2233.797710 13.538000 0.046000
2237.748410 13.466000 0.052000
2189.818330 13.632000 0.057000
2192.765550 13.715000 0.065000
2224.754140 13.609000 0.058000
2242.719880 13.733000 0.061000
2249.713850 13.506000 0.056000
2251.706580 12.823000 0.060000
2252.710040 13.669000 0.058000
2253.698040 13.621000 0.058000
2260.686200 13.008000 0.065000
2243.712970 13.291000 0.057000
2247.712810 13.452000 0.061000
2254.712340 13.312000 0.057000
2257.697340 29.999000 0.067000
3365.713700 29.999000 0.049000
2244.748310 29.999000 0.059000
2255.697460 29.999000 0.058000
1878.694330 13.379000 0.059000
1913.614660 13.569000 0.047000
1949.566440 13.381000 0.045000
1961.560830 12.888000 0.041000
1965.557840 12.865000 0.041000
2169.803360 13.327000 0.051000
2194.747840 13.129000 0.055000
2234.716500 13.055000 0.049000
2236.707690 12.571000 0.051000
2250.686890 12.439000 0.053000
2468.938610 12.941000 0.052000
2552.764840 13.321000 0.049000
2625.645440 13.435000 0.044000
2638.760910 13.482000 0.046000
2651.680000 13.353000 0.047000
2673.745000 13.614000 0.053000
2695.624450 13.758000 0.047000
2697.630710 13.408000 0.044000
2713.604320 13.470000 0.044000
2745.545630 13.393000 0.044000
2776.468920 13.381000 0.043000
2797.471810 13.248000 0.048000
2861.891730 13.368000 0.043000
2900.813690 13.470000 0.047000
2915.854700 13.450000 0.048000
2922.737620 13.129000 0.050000
2924.805530 13.537000 0.046000
2929.775830 13.393000 0.044000
2955.720730 13.311000 0.044000
2970.716810 13.604000 0.049000
2979.712400 13.500000 0.043000
3010.718710 13.395000 0.048000
3015.766440 13.261000 0.046000
3085.547870 13.584000 0.044000
3091.588100 13.588000 0.046000
3513.495740 13.489000 0.047000
3572.941870 13.296000 0.047000
3618.885800 13.308000 0.058000
3622.858140 13.283000 0.052000
3733.786030 13.446000 0.058000
3808.648710 13.858000 0.053000
3837.568940 13.305000 0.048000
4105.774160 13.398000 0.059000
4130.636570 13.475000 0.060000
4132.635870 13.396000 0.053000
4160.702650 13.379000 0.045000
4189.569540 13.311000 0.042000
4191.576170 13.466000 0.044000
4250.481640 13.419000 0.046000
4306.927540 13.480000 0.048000
4330.909610 13.157000 0.053000
4378.854000 12.693000 0.047000
4406.818980 13.060000 0.051000
4409.762380 13.532000 0.048000
4421.781260 13.253000 0.048000
4430.708100 13.464000 0.046000
4443.697960 13.540000 0.054000
4486.681080 13.226000 0.063000
4506.636350 13.397000 0.061000
4516.680450 13.225000 0.047000
4523.579860 13.643000 0.060000
4538.554670 13.459000 0.043000
4559.619790 13.342000 0.052000
4586.511140 12.995000 0.043000
4594.496410 13.335000 0.045000
4596.499370 13.062000 0.045000
4609.486470 13.412000 0.050000
4682.914770 13.437000 0.048000
4694.899010 13.216000 0.045000
4728.877450 13.274000 0.048000
4744.811340 13.367000 0.058000
4747.823280 13.345000 0.052000
4769.774660 13.169000 0.047000
4792.711970 13.652000 0.044000
4818.697410 13.625000 0.046000
4846.646260 13.293000 0.050000
4848.739860 13.366000 0.048000
4857.561080 13.460000 0.047000
1881.686070 13.442000 0.060000
1884.672160 13.584000 0.066000
1885.682380 13.528000 0.047000
1886.685960 13.181000 0.058000
1887.676800 12.876000 0.058000
1888.678440 13.595000 0.064000
1899.654480 13.545000 0.053000
1903.655560 13.984000 0.058000
1904.638590 13.526000 0.062000
1905.654340 13.528000 0.054000
1906.642820 13.246000 0.050000
1907.645580 12.798000 0.044000
1908.644660 13.684000 0.047000
1914.630660 13.673000 0.044000
1915.636490 13.551000 0.059000
1920.636140 13.506000 0.046000
1921.631260 13.109000 0.050000
1922.618970 12.738000 0.045000
1923.621960 13.817000 0.053000
1926.609550 13.110000 0.044000
1929.581380 13.637000 0.045000
1931.606510 13.075000 0.054000
1932.608010 12.661000 0.042000
1933.605230 13.383000 0.043000
1934.602460 13.568000 0.044000
1935.546620 13.273000 0.045000
1937.587980 12.795000 0.040000
1941.579620 13.016000 0.043000
1945.570570 13.218000 0.047000
1963.630630 13.044000 0.046000
1967.563950 12.663000 0.042000
1982.557050 12.581000 0.043000
1985.524590 12.727000 0.048000
1996.533020 12.730000 0.058000
2026.533200 13.503000 0.052000
2031.530780 13.372000 0.052000
2116.922550 12.879000 0.062000
2130.927550 13.386000 0.065000
2133.868400 13.781000 0.068000
2166.845910 12.990000 0.053000
2167.909590 12.851000 0.057000
2173.898420 13.463000 0.055000
2191.860580 12.905000 0.049000
2196.747380 12.948000 0.057000
2199.731220 13.058000 0.051000
2201.733150 12.953000 0.049000
2206.713170 13.108000 0.051000
2216.748420 12.463000 0.055000
2232.715980 13.052000 0.050000
2233.720870 12.805000 0.050000
2235.710480 12.751000 0.050000
2248.696380 12.811000 0.054000
2499.870900 12.747000 0.043000
2519.854960 12.955000 0.054000
2540.889060 12.871000 0.058000
2545.756740 13.623000 0.050000
2559.763570 12.877000 0.051000
2623.648690 13.205000 0.045000
2630.798610 12.974000 0.052000
2634.756940 13.172000 0.045000
2642.798550 13.686000 0.047000
2644.741160 13.137000 0.048000
2646.720610 13.711000 0.045000
2649.710170 13.038000 0.045000
2653.666350 13.443000 0.046000
2655.704800 12.906000 0.047000
2659.813110 13.476000 0.049000
2661.774150 13.334000 0.051000
2663.767710 13.625000 0.050000
2665.760490 12.974000 0.048000
2667.760100 13.755000 0.050000
2669.765220 13.371000 0.044000
2671.748690 13.697000 0.052000
2675.731810 12.817000 0.050000
2677.713210 13.523000 0.054000
2679.693840 13.265000 0.051000
2681.675460 13.584000 0.048000
2683.666430 13.406000 0.047000
2685.631190 13.360000 0.047000
2691.623890 13.555000 0.047000
2693.636400 13.373000 0.047000
2699.621170 13.064000 0.044000
2703.615150 13.322000 0.044000
2705.607410 13.251000 0.049000
2707.605680 13.400000 0.046000
2709.590060 12.956000 0.046000
2711.592020 13.795000 0.044000
2715.609150 13.407000 0.045000
2719.532610 12.788000 0.048000
2725.572180 13.647000 0.049000
2727.565870 13.458000 0.044000
2729.564010 12.859000 0.046000
2733.552060 13.251000 0.045000
2735.547740 13.581000 0.045000
2737.539710 13.588000 0.049000
2739.562410 12.784000 0.044000
2741.537680 13.675000 0.043000
2743.535380 13.413000 0.046000
2750.534290 13.735000 0.048000
2752.526820 13.543000 0.045000
2757.521800 13.519000 0.054000
2761.539060 13.627000 0.044000
2763.535610 13.230000 0.053000
2766.528230 13.678000 0.054000
2770.529600 13.648000 0.055000
2783.476270 13.116000 0.050000
2785.482690 13.703000 0.051000
2787.482620 13.607000 0.047000
2794.469730 12.741000 0.060000
2867.866070 13.100000 0.047000
2886.856950 13.452000 0.043000
2893.794270 12.754000 0.050000
2897.867280 13.459000 0.046000
2905.831510 13.518000 0.042000
2908.860190 13.040000 0.047000
2911.818780 13.380000 0.046000
2927.753770 13.188000 0.046000
2932.793810 13.304000 0.046000
2934.811760 13.657000 0.044000
2939.817720 13.378000 0.042000
2949.802650 13.317000 0.044000
2965.712740 13.593000 0.044000
2967.775880 13.255000 0.045000
2973.676740 13.217000 0.054000
2981.727280 13.578000 0.048000
2983.779630 13.026000 0.048000
2988.716560 12.741000 0.044000
2990.805220 13.616000 0.046000
2993.639470 13.476000 0.053000
3000.731120 13.922000 0.044000
3006.769410 13.562000 0.045000
3017.765420 13.444000 0.043000
3023.807460 13.563000 0.048000
3034.675980 13.453000 0.045000
3043.664600 12.929000 0.045000
3045.703420 13.537000 0.049000
3048.662940 12.839000 0.046000
3051.614010 13.447000 0.051000
3053.663150 12.946000 0.045000
3064.653610 13.455000 0.047000
3078.673290 12.960000 0.044000
3081.546220 13.492000 0.044000
3089.582950 13.506000 0.049000
3093.586930 12.799000 0.041000
3101.624580 13.559000 0.042000
3103.629070 12.862000 0.043000
3108.536530 13.048000 0.044000
3110.544360 13.758000 0.042000
3114.568890 13.585000 0.054000
3121.566790 13.333000 0.041000
3131.529730 13.706000 0.048000
3133.537690 12.798000 0.046000
3154.469560 13.714000 0.047000
3158.465540 13.362000 0.048000
3162.469470 12.957000 0.065000
3356.707170 13.007000 0.052000
3373.701280 13.776000 0.053000
3386.679020 13.293000 0.063000
3388.732740 13.619000 0.058000
3390.795860 13.437000 0.060000
3398.618630 13.650000 0.049000
3400.688730 13.310000 0.052000
3407.735900 12.779000 0.060000
3412.594550 13.655000 0.052000
3414.603540 13.690000 0.050000
3416.607280 12.977000 0.051000
3424.664960 13.580000 0.053000
3426.662550 13.199000 0.050000
3432.670950 12.779000 0.054000
3434.663870 13.858000 0.058000
3438.535120 13.676000 0.053000
3445.667590 13.693000 0.047000
3454.645530 13.687000 0.051000
3456.640030 13.240000 0.051000
3458.629140 13.732000 0.051000
3462.636200 12.933000 0.050000
3468.571500 13.631000 0.045000
3470.589290 13.348000 0.044000
3472.592130 13.071000 0.049000
3475.525010 13.488000 0.050000
3477.569890 13.421000 0.051000
3479.591250 13.638000 0.051000
3484.568530 13.658000 0.049000
3492.484030 13.619000 0.058000
3497.489110 13.600000 0.045000
3500.496220 13.400000 0.052000
3502.528350 13.567000 0.051000
3511.478590 12.728000 0.048000
3520.460520 13.203000 0.049000
3528.458910 13.838000 0.056000
3576.922350 13.076000 0.059000
3588.917700 13.661000 0.061000
3601.888750 13.219000 0.062000
3626.842020 13.291000 0.046000
3630.819910 12.949000 0.052000
3634.839410 13.325000 0.053000
3641.855890 13.035000 0.057000
3646.859870 12.809000 0.055000
3659.801790 13.173000 0.060000
3665.801410 12.845000 0.059000
3669.797310 13.261000 0.053000
3672.778850 13.588000 0.056000
3675.765710 12.751000 0.054000
3680.775550 12.948000 0.054000
3699.714250 13.153000 0.063000
3702.701020 13.647000 0.063000
3705.691060 12.785000 0.068000
3708.677200 13.446000 0.055000
3712.731530 13.576000 0.061000
3714.727830 13.401000 0.055000
3717.661220 13.588000 0.059000
3719.747210 13.775000 0.049000
3722.635170 13.747000 0.061000
3725.699480 12.892000 0.052000
3727.729210 13.555000 0.055000
3730.786720 13.259000 0.057000
3736.713190 13.544000 0.051000
3741.698750 13.794000 0.051000
3744.643440 13.096000 0.058000
3746.745940 13.067000 0.061000
3749.657280 13.160000 0.062000
3751.763030 12.887000 0.048000
3754.637040 13.038000 0.050000
3758.729620 13.638000 0.058000
3761.648310 13.531000 0.064000
3763.738390 13.640000 0.054000
3766.613990 13.928000 0.054000
3768.715820 13.776000 0.049000
3771.567840 13.826000 0.055000
3773.664220 13.459000 0.059000
3775.669860 12.800000 0.047000
3783.599620 13.409000 0.053000
3787.600410 13.800000 0.052000
3789.663340 13.247000 0.053000
3791.728500 12.831000 0.056000
3793.705990 13.833000 0.056000
3796.586320 13.684000 0.053000
3798.630620 13.580000 0.049000
3800.635230 12.948000 0.050000
3803.610160 13.513000 0.049000
3805.633880 12.749000 0.047000
3810.652410 12.965000 0.045000
3812.655950 13.696000 0.048000
3814.655710 13.359000 0.056000
3817.562820 13.588000 0.050000
3819.597760 13.240000 0.051000
3821.638950 13.633000 0.048000
3824.547690 13.083000 0.058000
3826.556990 13.654000 0.048000
3828.590640 13.486000 0.045000
3833.546260 13.377000 0.051000
3835.557190 12.823000 0.047000
3848.502090 13.574000 0.052000
3850.552890 12.782000 0.048000
3852.539590 13.704000 0.052000
3854.546570 13.287000 0.049000
3862.508170 13.636000 0.044000
3864.536800 13.163000 0.052000
3867.526580 13.947000 0.055000
3870.477060 13.423000 0.051000
3872.502630 13.724000 0.049000
3883.481910 13.518000 0.050000
3892.460580 13.662000 0.058000
4109.591180 13.938000 0.052000
4126.597620 13.633000 0.062000
4128.614220 12.689000 0.054000
4134.656340 13.272000 0.047000
4136.676490 13.656000 0.046000
4140.673210 13.744000 0.053000
4142.701030 13.571000 0.054000
4152.644280 13.485000 0.048000
4156.688410 13.734000 0.051000
4162.711330 13.471000 0.049000
4165.580470 13.653000 0.050000
4168.614190 13.042000 0.047000
4173.591140 12.963000 0.049000
4183.574020 12.901000 0.068000
4185.569270 13.689000 0.051000
4193.580750 12.924000 0.045000
4204.599410 12.881000 0.050000
4227.494480 13.131000 0.043000
4229.519310 13.523000 0.047000
4247.477930 13.036000 0.041000
4258.471760 12.881000 0.045000
4303.922900 12.983000 0.052000
4310.930430 13.246000 0.042000
4333.902850 12.654000 0.048000
4338.907020 12.843000 0.045000
4348.884280 12.932000 0.050000
4353.873210 12.866000 0.045000
4357.862650 12.900000 0.047000
4361.874910 13.016000 0.042000
4364.803830 13.418000 0.050000
4368.832580 12.924000 0.046000
4371.848730 13.303000 0.048000
4375.843080 13.690000 0.046000
4382.786920 12.788000 0.046000
4385.853930 13.248000 0.043000
4392.769980 12.765000 0.048000
4398.852500 12.742000 0.048000
4412.806640 13.054000 0.046000
4418.802940 13.073000 0.049000
4424.828960 13.558000 0.047000
4427.811540 12.986000 0.046000
4432.763470 12.937000 0.045000
4435.681800 13.454000 0.048000
4440.683650 13.345000 0.049000
4448.794340 12.796000 0.064000
4453.736450 13.484000 0.046000
4461.674740 13.096000 0.043000
4463.756180 13.059000 0.046000
4503.737620 12.874000 0.056000
4508.718900 12.836000 0.050000
4511.574180 12.914000 0.049000
4518.731170 12.886000 0.044000
4521.560040 13.150000 0.048000
4527.626630 12.830000 0.052000
4532.604510 12.852000 0.065000
4535.676940 13.277000 0.046000
4542.585330 12.810000 0.045000
4546.609270 13.352000 0.049000
4557.578790 12.767000 0.046000
4562.542200 12.863000 0.054000
4566.610480 13.410000 0.053000
4568.622060 13.375000 0.051000
4570.610670 13.447000 0.049000
4572.603780 12.769000 0.045000
4575.542060 13.273000 0.050000
4579.542620 13.669000 0.046000
4582.564270 12.961000 0.055000
4591.549750 13.078000 0.059000
4601.512520 13.153000 0.051000
4666.933930 12.717000 0.046000
4690.896830 13.220000 0.046000
4698.887320 13.294000 0.046000
4702.870880 13.460000 0.046000
4725.852770 13.218000 0.047000
4740.828860 12.977000 0.045000
4760.805650 13.147000 0.048000
4766.788660 12.757000 0.047000
4772.769600 13.586000 0.044000
4778.733740 13.369000 0.052000
4786.734620 13.180000 0.054000
4795.710490 13.179000 0.065000
4804.677590 13.428000 0.047000
4806.769050 12.716000 0.051000
4809.668050 13.178000 0.046000
4815.644050 12.934000 0.049000
4823.757990 13.429000 0.046000
4826.708290 12.899000 0.050000
4829.634210 13.239000 0.046000
4831.759830 12.996000 0.047000
4834.602530 13.258000 0.046000
4836.675600 13.013000 0.051000
4853.789980 13.635000 0.044000
4860.590810 12.929000 0.045000
4865.615860 13.082000 0.052000
4867.797590 12.955000 0.060000
1958.525560 12.929000 0.056000
3638.859500 13.535000 0.067000
4529.679240 13.388000 0.065000
4648.943720 13.537000 0.070000
5157.719290 13.310000 0.063000
1869.711490 13.658000 0.071000
1998.539320 12.815000 0.057000
2094.943670 13.599000 0.070000
2128.891060 13.683000 0.070000
2129.898040 13.862000 0.074000
2131.899670 12.964000 0.072000
2143.854670 13.620000 0.070000
2621.721630 13.627000 0.051000
2640.758880 12.798000 0.050000
2689.629750 12.947000 0.052000
3030.640180 13.358000 0.060000
3405.687220 13.532000 0.057000
3409.727840 13.593000 0.074000
3418.619760 13.579000 0.054000
3592.899010 13.757000 0.072000
4234.486870 13.605000 0.073000
4501.645610 13.577000 0.067000
4851.655000 13.237000 0.066000
1900.661430 29.999000 0.052000
1918.608550 29.999000 0.048000
1978.561420 29.999000 0.048000
2183.786470 29.999000 0.049000
2189.809480 29.999000 0.062000
2212.689620 29.999000 0.058000
2225.773360 29.999000 0.048000
2226.739630 29.999000 0.049000
2230.725210 29.999000 0.058000
2240.702410 29.999000 0.053000
2249.692930 29.999000 0.055000
2256.675310 29.999000 0.059000
2658.678180 29.999000 0.054000
2755.524830 29.999000 0.050000
3072.602930 29.999000 0.043000
4175.595200 29.999000 0.058000
4458.717420 29.999000 0.047000
4466.670150 29.999000 0.053000
4468.792810 29.999000 0.059000
4484.620050 29.999000 0.054000
4488.719070 29.999000 0.046000
4490.768070 29.999000 0.048000
4525.605540 29.999000 0.050000
4540.571520 29.999000 0.053000
4548.605980 29.999000 0.046000
4555.583380 29.999000 0.045000
4838.737120 29.999000 0.046000
4869.686980 29.999000 0.049000
4877.648060 29.999000 0.049000
1889.670680 29.999000 0.057000
1919.627370 29.999000 0.053000
1980.588420 29.999000 0.049000
2185.794810 29.999000 0.053000
2190.819100 29.999000 0.050000
2213.739770 29.999000 0.054000
2222.753350 29.999000 0.051000
2228.727460 29.999000 0.053000
2229.730000 29.999000 0.052000
2237.713610 29.999000 0.054000
2239.697410 29.999000 0.051000
2243.692140 29.999000 0.055000
2244.715450 29.999000 0.059000
2252.682380 29.999000 0.055000
2254.677860 29.999000 0.056000
2255.676500 29.999000 0.056000
2258.670780 29.999000 0.063000
2260.665080 29.999000 0.062000
2562.887910 29.999000 0.066000
2895.840500 29.999000 0.046000
3443.678990 29.999000 0.050000
3653.780860 29.999000 0.062000
3662.803800 29.999000 0.068000
3756.707220 29.999000 0.047000
4236.494910 29.999000 0.054000
4256.461850 29.999000 0.046000
4402.798110 29.999000 0.046000
4492.819330 29.999000 0.050000
4564.591100 29.999000 0.050000
4589.522830 29.999000 0.048000
4618.459540 29.999000 0.045000
4622.464110 29.999000 0.058000
1947.570870 29.999000 0.046000
1994.514720 29.999000 0.052000
2172.776910 29.999000 0.059000
2192.820490 29.999000 0.048000
2217.759710 29.999000 0.060000
2224.735780 29.999000 0.051000
2227.778650 29.999000 0.049000
2241.703530 29.999000 0.052000
2242.694220 29.999000 0.059000
2251.687890 29.999000 0.060000
2636.771780 29.999000 0.048000
3372.858160 29.999000 0.051000
4285.943740 29.999000 0.070000
4299.935200 29.999000 0.058000
4456.631020 29.999000 0.046000
4652.945890 29.999000 0.051000
4672.912450 29.999000 0.050000
4721.803070 29.999000 0.057000
4754.813820 29.999000 0.051000
4757.808420 29.999000 0.049000
4763.784390 29.999000 0.050000
4775.752790 29.999000 0.050000
4782.753540 29.999000 0.054000
4798.709240 29.999000 0.050000
4801.692990 29.999000 0.047000
4843.648490 29.999000 0.045000
5147.753140 29.999000 0.054000
2947.779900 13.169000 0.042000
2956.824750 13.338000 0.049000
2143.921070 13.475000 0.071000
2212.748310 29.999000 0.057000
2519.925270 29.999000 0.063000
1880.667190 13.520000 0.051000
1954.574660 13.489000 0.041000
2156.822620 12.769000 0.056000
3366.735200 13.016000 0.051000
3450.617760 13.716000 0.040000
3391.643680 29.999000 0.047000
3448.624020 29.999000 0.045000
3453.585710 29.999000 0.053000
