1880.655170 12.475000 0.030000
1889.648080 11.530000 0.034000
1954.589210 12.446000 0.046000
2156.827200 12.426000 0.036000
2166.837670 12.199000 0.033000
2167.859360 12.487000 0.034000
2168.899520 11.949000 0.034000
2171.779200 11.606000 0.040000
2172.837070 12.438000 0.038000
2173.830570 11.367000 0.037000
2177.793060 12.219000 0.038000
2183.759010 12.435000 0.036000
2185.767600 12.277000 0.037000
2186.816720 12.376000 0.037000
2190.787000 12.316000 0.036000
2191.800800 12.565000 0.036000
2192.786680 11.677000 0.036000
2193.792680 12.477000 0.037000
2194.794370 12.647000 0.037000
2198.766360 12.306000 0.037000
2200.797070 11.994000 0.039000
2202.763420 12.511000 0.036000
2203.756090 11.985000 0.043000
2206.778760 12.336000 0.042000
2208.721050 11.706000 0.040000
2212.656710 12.496000 0.037000
2214.712100 12.285000 0.040000
2215.713890 12.571000 0.039000
2216.723230 11.758000 0.040000
2217.725190 12.521000 0.036000
2219.716720 12.146000 0.040000
2222.734850 12.510000 0.045000
2224.701710 11.811000 0.040000
2225.706750 12.468000 0.042000
2226.707400 12.104000 0.036000
2227.699970 12.106000 0.039000
2228.698000 12.433000 0.042000
2229.695580 11.556000 0.042000
2230.693520 12.238000 0.041000
2232.686600 11.929000 0.040000
2234.682490 11.940000 0.039000
2235.676710 12.164000 0.039000
2236.678310 12.461000 0.040000
2239.665840 12.608000 0.040000
2241.674290 12.510000 0.040000
3362.787240 12.208000 0.040000
3386.652980 11.782000 0.037000
3400.717460 12.407000 0.041000
3489.464060 11.521000 0.034000
3489.466550 11.519000 0.038000
3489.469840 11.555000 0.029000
3489.472290 11.570000 0.031000
3489.474730 11.595000 0.032000
3489.482940 11.668000 0.030000
3489.485450 11.644000 0.029000
3489.487950 11.688000 0.031000
3489.492980 11.730000 0.030000
3489.495510 11.760000 0.030000
3489.500760 11.774000 0.031000
3490.477900 12.503000 0.031000
3492.475040 12.085000 0.036000
3497.468720 12.239000 0.035000
3564.937850 12.606000 0.036000
4285.942260 12.245000 0.039000
4307.926820 12.544000 0.041000
4330.872200 12.290000 0.044000
4338.886380 12.411000 0.043000
4364.868130 12.263000 0.037000
4664.913450 11.938000 0.037000
4671.913100 12.613000 0.034000
4685.903710 11.951000 0.037000
4693.898470 11.957000 0.037000
4697.899020 12.562000 0.040000
4700.899390 12.381000 0.034000
4704.858340 12.333000 0.038000
4708.857880 12.545000 0.033000
4716.859090 11.994000 0.045000
5040.908040 12.623000 0.041000
5048.918020 11.678000 0.043000
2244.674180 12.385000 0.051000
2248.664460 12.004000 0.052000
2249.665940 12.555000 0.048000
2256.648230 12.091000 0.046000
2262.634660 12.241000 0.058000
2264.634770 12.256000 0.049000
2265.624750 12.444000 0.053000
5083.871830 12.275000 0.054000
2199.791860 12.490000 0.045000
2201.842280 12.479000 0.050000
2221.734210 11.654000 0.055000
2240.673070 12.016000 0.048000
2242.669480 11.371000 0.044000
2243.667380 12.258000 0.046000
2247.660290 12.592000 0.050000
2250.659740 11.342000 0.043000
2251.658560 12.223000 0.049000
2252.653060 12.417000 0.047000
2253.658070 11.745000 0.048000
2254.649630 12.406000 0.046000
2257.644420 12.333000 0.056000
2258.643610 11.427000 0.045000
2260.635760 12.435000 0.051000
2270.638960 12.348000 0.059000
3366.658170 12.384000 0.048000
3382.572780 12.435000 0.041000
3390.731920 12.547000 0.044000
3449.554470 11.248000 0.042000
3489.478060 11.503000 0.046000
3489.490470 11.662000 0.044000
4292.934610 11.432000 0.049000
4296.937600 12.368000 0.054000
4304.911390 12.436000 0.050000
4311.914080 12.638000 0.049000
4681.924680 12.584000 0.055000
5022.930190 11.448000 0.047000
5074.910320 12.601000 0.052000
1868.684710 11.601000 0.039000
1869.672020 12.343000 0.035000
1873.679180 11.633000 0.040000
1874.670900 12.225000 0.039000
1875.670940 12.576000 0.036000
1876.669690 11.550000 0.037000
1877.670150 12.429000 0.035000
1878.662070 12.481000 0.036000
1879.663160 12.008000 0.039000
1881.653880 11.948000 0.037000
1884.635200 11.505000 0.037000
1885.650090 12.385000 0.039000
1887.642360 12.024000 0.038000
1888.644110 12.345000 0.037000
1889.642910 11.519000 0.037000
1899.619840 12.554000 0.039000
1900.633420 11.894000 0.039000
1902.604530 12.688000 0.038000
1903.627430 12.186000 0.036000
1904.603040 12.544000 0.037000
1905.617210 11.408000 0.038000
1906.607890 12.281000 0.038000
1907.617280 12.554000 0.037000
1908.607370 11.813000 0.039000
1914.602070 12.303000 0.038000
1915.612530 12.599000 0.036000
1918.584370 12.266000 0.037000
1920.575380 12.558000 0.036000
1922.573970 12.413000 0.039000
1924.564920 11.850000 0.039000
1926.557380 12.468000 0.037000
1928.556980 12.517000 0.038000
1930.558350 12.363000 0.040000
1932.553360 11.929000 0.038000
1934.556860 11.492000 0.039000
1937.552810 11.719000 0.039000
1939.611690 11.522000 0.041000
1946.535290 12.571000 0.041000
1949.540380 12.493000 0.037000
1959.519100 12.363000 0.044000
1964.562690 12.309000 0.041000
1966.576100 12.076000 0.046000
1979.498630 11.538000 0.043000
1982.521040 11.909000 0.044000
2085.939380 12.488000 0.042000
2116.881270 12.194000 0.041000
2133.894570 12.681000 0.040000
2136.927230 11.574000 0.040000
2467.917130 12.486000 0.040000
2496.840920 12.324000 0.045000
2498.855340 11.978000 0.045000
2501.895360 12.285000 0.046000
2540.808520 11.897000 0.043000
2544.868600 12.496000 0.042000
2558.850960 11.881000 0.040000
2560.724680 12.482000 0.039000
2561.816190 12.015000 0.035000
2564.805080 12.276000 0.043000
2566.724880 12.398000 0.047000
2577.854710 12.406000 0.043000
2621.649460 12.520000 0.039000
2623.599620 12.362000 0.039000
2624.734930 11.687000 0.041000
2627.734470 12.122000 0.037000
2634.624950 12.500000 0.039000
2636.647060 12.423000 0.041000
2638.656750 12.071000 0.039000
2640.654700 11.458000 0.040000
2642.652500 12.527000 0.037000
2644.648390 12.488000 0.037000
2646.627700 12.143000 0.036000
2649.621810 12.366000 0.037000
2650.774790 11.815000 0.037000
2652.622670 12.534000 0.042000
2654.616590 12.166000 0.036000
2657.647540 12.428000 0.037000
2659.659220 12.111000 0.036000
2661.656340 11.632000 0.036000
2663.655080 12.538000 0.036000
2665.647830 12.519000 0.035000
2667.647180 12.238000 0.035000
2669.636610 11.586000 0.035000
2671.635600 12.614000 0.037000
2673.630060 12.581000 0.034000
2675.617760 12.265000 0.036000
2677.599480 11.431000 0.035000
2679.589600 12.660000 0.037000
2681.581300 12.469000 0.036000
2683.589290 12.203000 0.048000
2685.601740 11.735000 0.044000
2693.610990 11.895000 0.048000
2695.598900 12.517000 0.040000
2697.599480 12.589000 0.046000
2699.595380 12.430000 0.048000
2701.593320 11.967000 0.039000
2703.589080 11.954000 0.038000
2705.581140 12.357000 0.043000
2707.579230 12.386000 0.037000
2711.570190 11.638000 0.036000
2713.582330 12.556000 0.038000
2719.510260 12.710000 0.042000
2721.550720 12.525000 0.040000
2723.552740 12.511000 0.043000
2727.543040 11.387000 0.043000
2729.541090 12.512000 0.043000
2733.528820 12.151000 0.043000
2735.524450 11.557000 0.036000
2740.518760 12.276000 0.038000
2743.485690 11.249000 0.038000
2750.478620 12.504000 0.036000
2752.495820 12.414000 0.035000
2755.496000 12.445000 0.036000
2761.463050 12.568000 0.038000
2764.460460 11.597000 0.039000
2766.461900 12.504000 0.038000
2815.941610 12.478000 0.041000
2819.942370 11.711000 0.043000
2830.940040 12.158000 0.039000
2836.922510 12.553000 0.043000
2840.906420 11.560000 0.040000
2844.936770 12.576000 0.041000
2853.918110 11.480000 0.044000
2858.893430 12.586000 0.035000
2860.905920 12.495000 0.037000
2867.836890 11.939000 0.045000
2875.895040 12.378000 0.035000
2879.855070 12.590000 0.039000
2883.911020 12.402000 0.041000
2885.873220 11.927000 0.037000
2893.775650 11.525000 0.047000
2895.825290 12.440000 0.041000
2897.851960 12.565000 0.041000
2899.830120 12.539000 0.040000
2905.858410 12.545000 0.044000
2908.827490 12.605000 0.039000
2915.820220 12.424000 0.037000
2921.804480 12.485000 0.042000
2923.797040 12.477000 0.036000
2928.821320 12.511000 0.046000
2930.818710 12.119000 0.038000
2933.746260 12.041000 0.038000
2935.759280 11.423000 0.039000
2939.751090 12.400000 0.041000
2943.691770 12.302000 0.044000
2945.696990 12.546000 0.041000
2947.726160 12.385000 0.038000
2949.737650 12.206000 0.036000
2955.792130 12.457000 0.037000
2958.680130 12.539000 0.036000
2962.802000 12.482000 0.040000
2967.715020 11.911000 0.040000
2972.695560 11.372000 0.038000
2975.637980 11.444000 0.037000
2977.670160 12.559000 0.038000
2979.682920 12.404000 0.036000
2983.728240 12.128000 0.036000
2985.781500 11.948000 0.038000
2988.666040 11.528000 0.036000
2990.734940 11.229000 0.036000
2992.762520 12.666000 0.040000
2995.616380 12.516000 0.035000
2997.645170 12.400000 0.036000
3000.640370 12.457000 0.038000
3006.646900 12.463000 0.037000
3008.662830 12.503000 0.036000
3010.680220 12.388000 0.036000
3012.710560 12.255000 0.036000
3019.735910 11.572000 0.036000
3023.737190 12.495000 0.036000
3030.596580 11.927000 0.037000
3034.661820 12.502000 0.037000
3037.602950 12.550000 0.035000
3041.606740 11.890000 0.037000
3046.584020 11.470000 0.036000
3049.572820 11.894000 0.035000
3052.559790 12.093000 0.036000
3054.596050 11.781000 0.038000
3056.612700 12.290000 0.038000
3059.560120 11.947000 0.039000
3061.589720 12.584000 0.037000
3064.541260 12.706000 0.041000
3067.591780 11.596000 0.038000
3069.625860 12.301000 0.038000
3072.538540 12.622000 0.036000
3075.549340 11.537000 0.040000
3079.586340 12.478000 0.039000
3082.543800 12.516000 0.036000
3088.563040 11.447000 0.041000
3090.556230 12.514000 0.041000
3093.521040 12.511000 0.036000
3102.503980 12.132000 0.036000
3104.519040 11.498000 0.038000
3106.531260 12.668000 0.035000
3109.496760 12.657000 0.038000
3111.500860 12.438000 0.036000
3114.485620 12.571000 0.036000
3121.475180 12.419000 0.038000
3133.457480 11.449000 0.038000
3279.802550 12.465000 0.039000
3295.732730 12.495000 0.047000
3388.663280 12.271000 0.043000
3398.600680 12.503000 0.036000
3403.658820 12.478000 0.039000
3405.675490 12.492000 0.037000
3407.705630 12.223000 0.040000
3412.589690 12.249000 0.046000
3436.585760 11.720000 0.042000
3439.577870 12.055000 0.037000
3446.588570 12.462000 0.038000
3456.557740 12.467000 0.035000
3458.543900 12.330000 0.036000
3460.550790 11.978000 0.036000
3466.509170 12.334000 0.040000
3469.516900 12.606000 0.042000
3471.530380 12.305000 0.039000
3474.490430 12.769000 0.039000
3477.495650 12.440000 0.036000
3499.456440 12.632000 0.043000
3554.943320 11.500000 0.038000
3564.921910 12.643000 0.037000
3570.939870 11.820000 0.042000
3574.940570 12.552000 0.039000
3578.926190 11.887000 0.037000
3597.858180 12.132000 0.040000
3601.848970 12.680000 0.039000
3618.849970 12.138000 0.038000
3621.882140 12.498000 0.044000
3625.881180 11.372000 0.038000
3629.808090 12.366000 0.044000
3633.793550 12.591000 0.037000
3636.823650 11.654000 0.041000
3639.819220 12.077000 0.035000
3642.822340 12.327000 0.043000
3646.829000 12.209000 0.036000
3652.778160 11.650000 0.035000
3655.739180 11.840000 0.036000
3657.808700 11.543000 0.035000
3660.754270 11.675000 0.039000
3663.751570 12.006000 0.044000
3666.740700 12.293000 0.042000
3669.830660 12.562000 0.038000
3672.737540 12.589000 0.037000
3675.715690 12.598000 0.040000
3680.733440 12.633000 0.037000
3701.655770 12.559000 0.043000
3703.761710 12.463000 0.035000
3711.678700 12.432000 0.035000
3713.675660 11.869000 0.040000
3722.762680 12.728000 0.038000
3730.762510 12.724000 0.045000
3733.752960 11.417000 0.039000
3736.701970 11.491000 0.041000
3741.670050 12.667000 0.037000
3753.744570 12.363000 0.039000
3758.680100 12.361000 0.035000
3761.625250 12.322000 0.038000
3766.599230 12.050000 0.042000
3768.695310 12.053000 0.040000
3771.557940 11.559000 0.045000
3773.620350 11.684000 0.041000
3775.637710 12.474000 0.040000
3787.591770 12.134000 0.047000
3789.650450 11.857000 0.041000
3794.624620 11.422000 0.038000
3796.647860 12.721000 0.036000
3799.580410 12.637000 0.040000
3812.549480 12.628000 0.038000
3817.531750 12.511000 0.036000
3819.563260 12.349000 0.037000
3822.531170 12.470000 0.037000
3824.562730 12.150000 0.040000
3832.516680 12.169000 0.041000
3834.533880 11.588000 0.039000
3850.488750 11.706000 0.038000
3853.476940 11.993000 0.036000
3861.459000 11.956000 0.044000
3905.939940 11.857000 0.036000
3909.940700 12.568000 0.036000
4092.637340 12.383000 0.038000
4107.632510 12.552000 0.035000
4126.562370 12.550000 0.042000
4144.687300 12.275000 0.039000
4152.663520 12.533000 0.039000
4159.629620 12.438000 0.040000
4161.636500 12.266000 0.039000
4174.609050 12.087000 0.037000
4177.598930 12.335000 0.041000
4180.563150 12.329000 0.042000
4189.553930 12.575000 0.039000
4192.507540 12.560000 0.038000
4204.524500 12.438000 0.044000
4216.467160 12.642000 0.040000
4227.460380 11.607000 0.045000
4291.940980 12.650000 0.039000
4295.943170 12.125000 0.037000
4303.906980 12.102000 0.042000
4306.905920 12.287000 0.042000
4333.859530 12.652000 0.038000
4338.851940 12.394000 0.041000
4341.823180 12.539000 0.043000
4355.821760 12.659000 0.035000
4364.861570 12.345000 0.038000
4367.827840 12.405000 0.045000
4373.807790 12.687000 0.042000
4376.807260 12.731000 0.036000
4379.792430 11.388000 0.038000
4382.777280 11.657000 0.037000
4384.816630 12.015000 0.037000
4387.779530 11.516000 0.044000
4398.793170 12.052000 0.039000
4402.744410 12.778000 0.038000
4409.717530 12.183000 0.041000
4418.741030 12.740000 0.042000
4427.712060 11.834000 0.037000
4429.808530 11.863000 0.039000
4432.660440 12.321000 0.035000
4437.658900 12.581000 0.038000
4439.778650 12.889000 0.038000
4455.688560 12.494000 0.041000
4457.780590 12.515000 0.039000
4460.669070 12.402000 0.040000
4462.732360 12.440000 0.037000
4470.639470 12.389000 0.046000
4473.698940 12.706000 0.043000
4476.690280 12.661000 0.043000
4484.759000 11.548000 0.043000
4489.629680 12.377000 0.038000
4491.677120 12.468000 0.040000
4493.707020 12.403000 0.039000
4497.599810 12.675000 0.036000
4504.688940 12.331000 0.039000
4509.671970 12.375000 0.040000
4518.634970 12.544000 0.039000
4521.551220 12.736000 0.041000
4523.570440 12.672000 0.041000
4525.595820 12.297000 0.040000
4527.620320 11.845000 0.043000
4530.576630 11.911000 0.043000
4532.622610 11.606000 0.040000
4536.508450 12.200000 0.043000
4538.573990 12.033000 0.038000
4543.539850 11.502000 0.038000
4547.583900 12.467000 0.039000
4553.534720 12.729000 0.037000
4555.560740 12.541000 0.038000
4564.507460 11.307000 0.038000
4567.500430 11.833000 0.037000
4570.504350 12.174000 0.037000
4573.499270 12.345000 0.041000
4576.484420 12.416000 0.038000
4580.487350 11.568000 0.038000
4585.464550 12.316000 0.042000
4592.462040 12.562000 0.044000
4647.942900 12.442000 0.039000
4651.944810 12.164000 0.038000
4662.943120 12.273000 0.042000
4674.939400 11.635000 0.036000
4680.937630 12.274000 0.040000
4696.912810 12.217000 0.045000
4703.866900 11.385000 0.041000
4707.884980 12.659000 0.039000
4724.885110 11.627000 0.037000
4727.865420 11.775000 0.038000
4738.863980 12.334000 0.039000
4741.815960 12.392000 0.037000
4750.791820 12.595000 0.037000
4753.769840 12.532000 0.037000
4756.759950 11.552000 0.037000
4759.747470 11.759000 0.036000
4762.745970 12.132000 0.037000
4765.725490 12.374000 0.035000
4767.812080 12.440000 0.038000
4770.730140 12.112000 0.035000
4773.717530 12.248000 0.036000
4775.799750 12.162000 0.036000
4778.703520 12.093000 0.035000
4780.762360 11.880000 0.038000
4784.658250 12.394000 0.039000
4796.750650 12.233000 0.037000
4801.742540 11.879000 0.036000
4806.702020 11.756000 0.038000
4808.743660 12.462000 0.043000
4813.741110 12.591000 0.040000
4822.633940 12.419000 0.041000
4827.665070 12.559000 0.042000
4829.745780 12.646000 0.041000
4834.730210 12.542000 0.041000
4837.610380 12.656000 0.038000
4839.650600 12.500000 0.044000
4849.634130 12.154000 0.041000
4855.569760 12.455000 0.041000
5086.871190 12.359000 0.046000
4314.917790 12.363000 0.043000
1870.682180 12.572000 0.042000
1871.685990 11.969000 0.041000
1872.679740 12.494000 0.041000
1968.561280 11.393000 0.050000
1995.491750 11.728000 0.051000
2080.943470 12.568000 0.045000
2087.933430 12.249000 0.046000
2093.947310 12.574000 0.043000
2095.910780 12.247000 0.047000
2105.901510 11.823000 0.043000
2128.845220 12.620000 0.044000
2129.857400 11.964000 0.044000
2130.856510 12.442000 0.042000
2131.863430 11.340000 0.042000
2132.869750 12.381000 0.042000
2135.839100 12.505000 0.046000
2140.857740 12.293000 0.043000
2144.830940 12.611000 0.043000
2554.849580 12.558000 0.047000
2629.748970 11.494000 0.052000
2709.565810 12.035000 0.058000
2725.549500 12.051000 0.050000
2960.737990 12.470000 0.045000
2965.664120 12.106000 0.040000
3015.726850 12.408000 0.043000
3043.703850 11.844000 0.042000
3086.543720 12.099000 0.043000
3129.463600 12.361000 0.045000
3291.789060 11.846000 0.050000
3372.664500 12.408000 0.045000
3395.721530 12.315000 0.043000
3414.596190 12.616000 0.046000
3416.603020 12.446000 0.050000
3425.578690 12.609000 0.049000
3427.571390 12.468000 0.048000
3431.585860 11.878000 0.043000
3433.584620 12.144000 0.045000
3454.562220 12.320000 0.044000
3463.510680 11.995000 0.047000
3481.491040 11.575000 0.046000
3490.460910 12.439000 0.048000
3588.913510 11.731000 0.044000
3706.650270 12.496000 0.045000
3715.727750 11.536000 0.046000
3718.614330 12.239000 0.047000
3720.702110 12.580000 0.044000
3725.689310 12.582000 0.047000
3727.719740 12.509000 0.048000
3739.575160 12.629000 0.044000
3744.621200 12.650000 0.045000
3746.710230 12.391000 0.046000
3751.660710 12.636000 0.051000
3756.609350 12.317000 0.046000
3779.681370 12.201000 0.039000
3802.543130 12.833000 0.043000
3804.595600 12.486000 0.046000
3806.606830 12.395000 0.042000
3810.522970 12.720000 0.050000
3814.564330 12.571000 0.045000
3827.494250 12.247000 0.047000
3829.556610 12.025000 0.047000
3837.488440 11.684000 0.039000
3847.480660 12.167000 0.043000
4089.754540 11.628000 0.048000
4103.596250 11.381000 0.045000
4105.619130 12.689000 0.042000
4111.634730 11.993000 0.045000
4130.603600 12.353000 0.049000
4132.606820 11.809000 0.047000
4134.630250 11.766000 0.051000
4136.636690 12.465000 0.042000
4140.645130 12.140000 0.047000
4172.598620 12.247000 0.048000
4183.535790 12.433000 0.044000
4185.553150 12.189000 0.047000
4299.925800 12.706000 0.054000
4310.901190 12.684000 0.050000
4347.868680 12.044000 0.047000
4351.829520 12.296000 0.044000
4406.743590 12.205000 0.045000
4411.770150 11.926000 0.054000
4424.795130 11.997000 0.047000
4464.821130 12.794000 0.048000
4467.674560 12.322000 0.047000
4487.592510 12.477000 0.047000
4502.632190 10.607000 0.053000
4512.578350 12.252000 0.046000
4516.576750 12.556000 0.046000
4540.589040 11.432000 0.041000
4720.894120 12.642000 0.053000
4747.779750 12.532000 0.053000
4793.690840 11.534000 0.049000
4824.736310 12.291000 0.050000
4843.780880 12.195000 0.045000
4846.742720 12.338000 0.047000
4857.729270 12.582000 0.047000
4871.689740 12.317000 0.044000
4877.614230 12.796000 0.051000
4880.620290 11.569000 0.052000
4914.504700 12.557000 0.046000
4919.534500 12.661000 0.047000
4924.481090 12.645000 0.044000
5009.943660 11.843000 0.048000
5048.893640 12.663000 0.051000
5093.834950 11.907000 0.048000
5113.788800 12.465000 0.047000
5128.832300 12.422000 0.048000
5131.735080 12.037000 0.049000
5135.774300 12.586000 0.046000
5137.782870 12.773000 0.044000
5140.841770 12.283000 0.046000
5154.727650 11.480000 0.048000
5157.656390 11.328000 0.048000
5163.628990 12.041000 0.049000
5168.695760 12.179000 0.045000
1985.556500 12.447000 0.056000
1952.578540 12.929000 0.054000
1998.491620 10.586000 0.054000
4816.631890 29.999000 0.041000
3077.561930 29.999000 0.041000
3783.587390 29.999000 0.038000
4196.507900 29.999000 0.046000
4507.588300 29.999000 0.045000
4561.516010 29.999000 0.040000
4589.467300 29.999000 0.041000
3592.888850 29.999000 0.037000
4731.798100 29.999000 0.042000
4787.738800 29.999000 0.037000
4819.666120 29.999000 0.041000
5018.942650 29.999000 0.045000
2212.677070 12.462000 0.041000
3365.658620 11.825000 0.047000
2143.848750 12.511000 0.036000
2468.926130 12.022000 0.043000
2886.854090 12.510000 0.034000
2956.791130 11.820000 0.033000
2976.696190 12.605000 0.031000
2558.771790 11.332000 0.049000
2998.658070 12.542000 0.044000
5087.863120 29.999000 0.038000
