4312.936160 12.965000 0.052000
4365.864720 12.820000 0.040000
4376.844370 13.236000 0.037000
4386.822530 13.192000 0.037000
4740.888580 13.039000 0.041000
4764.826020 13.228000 0.040000
5085.877360 12.508000 0.044000
5118.805190 12.966000 0.044000
5162.765450 13.406000 0.042000
1980.582440 12.906000 0.048000
4379.864080 13.115000 0.037000
4532.701050 13.186000 0.045000
1869.748540 13.081000 0.058000
1870.763720 13.191000 0.058000
1872.766030 13.148000 0.058000
1873.779670 13.110000 0.052000
1877.761860 13.044000 0.050000
1878.743500 13.036000 0.049000
1879.753610 12.918000 0.037000
1881.727830 12.818000 0.045000
1884.709320 12.566000 0.045000
1885.719650 12.609000 0.040000
1886.720990 12.469000 0.045000
1887.714430 12.471000 0.051000
1888.711320 12.889000 0.052000
1889.710270 13.105000 0.053000
1899.687570 13.272000 0.040000
1900.696830 13.082000 0.041000
1902.674490 13.042000 0.040000
1903.691020 13.181000 0.051000
1904.673980 13.133000 0.046000
1905.682980 13.004000 0.043000
1906.674070 13.013000 0.042000
1907.681060 13.008000 0.039000
1908.673340 12.940000 0.043000
1913.650040 12.523000 0.035000
1914.666110 12.511000 0.038000
1915.665620 12.470000 0.047000
1918.645050 13.197000 0.040000
1919.653790 13.336000 0.044000
1921.651300 13.114000 0.040000
1922.650650 13.233000 0.042000
1923.646070 13.239000 0.044000
1924.645630 13.398000 0.040000
1926.640590 13.141000 0.035000
1928.651430 13.166000 0.037000
1929.642080 13.190000 0.037000
1930.640150 13.048000 0.035000
1931.635160 13.130000 0.041000
1933.631710 13.061000 0.041000
1934.624350 13.094000 0.040000
1936.606180 12.937000 0.037000
1938.601040 12.799000 0.040000
1940.608750 12.684000 0.037000
1945.597750 12.521000 0.048000
1946.617860 12.432000 0.040000
1948.569680 13.240000 0.042000
1952.585950 13.023000 0.052000
1953.586020 13.140000 0.042000
1955.582880 13.092000 0.040000
1958.572010 13.055000 0.044000
1963.558890 12.858000 0.043000
1965.549960 12.839000 0.041000
1967.544700 13.034000 0.044000
1985.513780 13.057000 0.052000
2026.503170 12.920000 0.037000
2031.491060 12.679000 0.039000
2033.516470 12.659000 0.055000
2443.448910 13.306000 0.046000
2499.908650 13.002000 0.043000
2502.906020 13.095000 0.048000
2545.787320 13.074000 0.045000
2560.795000 13.170000 0.048000
2562.784600 12.951000 0.054000
2564.786230 12.997000 0.045000
2621.755010 13.253000 0.034000
2623.709480 12.996000 0.033000
2625.697310 12.965000 0.035000
2631.808920 12.917000 0.040000
2635.664870 13.221000 0.034000
2637.678000 13.271000 0.034000
2639.678050 13.331000 0.037000
2641.687570 13.152000 0.034000
2643.692570 13.155000 0.034000
2645.681280 13.183000 0.034000
2650.636030 12.962000 0.033000
2652.660600 12.933000 0.034000
2654.652750 12.870000 0.040000
2657.686110 12.897000 0.037000
2659.697900 12.891000 0.036000
2663.691560 12.577000 0.036000
2667.683930 12.634000 0.039000
2669.673370 13.331000 0.036000
2671.672510 13.246000 0.038000
2673.667060 13.144000 0.035000
2675.654850 13.072000 0.036000
2677.636660 13.183000 0.034000
2678.807750 13.291000 0.033000
2680.648600 13.161000 0.034000
2683.688590 13.166000 0.034000
2686.790270 13.123000 0.046000
2688.687050 12.918000 0.034000
2690.681370 13.070000 0.039000
2691.786290 13.232000 0.042000
2694.525670 13.101000 0.042000
2698.548690 12.959000 0.044000
2700.553520 13.087000 0.042000
2706.525510 13.350000 0.045000
2709.702060 13.082000 0.038000
2711.625340 13.055000 0.041000
2713.625910 13.091000 0.032000
2715.638030 13.046000 0.036000
2719.547050 12.605000 0.032000
2720.689420 12.949000 0.042000
2722.614960 12.670000 0.040000
2724.612970 12.600000 0.034000
2726.611390 12.453000 0.035000
2730.598730 13.281000 0.039000
2733.645220 13.258000 0.035000
2735.641010 13.187000 0.031000
2737.628230 13.228000 0.041000
2739.620830 13.181000 0.036000
2741.588300 13.181000 0.039000
2743.595930 13.123000 0.042000
2750.573440 12.852000 0.041000
2752.549830 12.638000 0.040000
2755.545510 12.483000 0.035000
2757.542410 13.147000 0.032000
2761.545720 13.183000 0.034000
2763.542210 13.165000 0.040000
2766.532220 13.217000 0.041000
2770.547360 13.135000 0.034000
2776.488950 12.842000 0.037000
2783.498410 12.474000 0.037000
2785.502480 12.577000 0.033000
2787.502340 13.175000 0.034000
2791.485760 13.220000 0.042000
2794.475330 13.227000 0.039000
2797.475110 13.121000 0.039000
2811.455300 12.555000 0.034000
2862.917040 12.949000 0.044000
2876.890300 12.707000 0.036000
2884.862080 13.361000 0.034000
2893.842470 12.870000 0.039000
2899.818590 12.696000 0.040000
2906.828090 13.263000 0.036000
2910.835520 13.170000 0.032000
2912.847910 13.137000 0.034000
2922.773430 12.975000 0.039000
2924.832650 12.953000 0.035000
2927.786700 12.710000 0.036000
2929.803730 12.703000 0.038000
2932.819400 12.632000 0.034000
2935.790610 12.920000 0.035000
2939.863860 12.809000 0.037000
2943.807840 13.080000 0.033000
2948.819440 13.316000 0.040000
2951.807250 13.156000 0.036000
2957.763760 12.831000 0.039000
2965.818840 12.604000 0.039000
2968.750090 13.254000 0.036000
2971.737950 13.068000 0.031000
2974.738190 13.187000 0.042000
2978.750610 13.059000 0.037000
2982.762940 12.964000 0.034000
2985.701790 12.910000 0.032000
2987.755780 12.872000 0.036000
2989.789000 12.888000 0.032000
2992.682920 12.527000 0.040000
2996.739390 12.672000 0.034000
3011.776790 13.209000 0.038000
3019.669180 12.710000 0.037000
3023.675510 12.422000 0.044000
3028.655030 13.413000 0.032000
3030.698370 13.146000 0.032000
3032.720400 13.329000 0.039000
3036.820470 13.409000 0.042000
3040.825390 13.221000 0.036000
3043.678520 13.073000 0.036000
3045.724190 13.069000 0.037000
3048.689760 13.018000 0.038000
3051.630890 12.537000 0.037000
3053.685420 12.648000 0.037000
3055.749050 13.539000 0.042000
3058.577790 13.216000 0.033000
3060.642770 13.178000 0.032000
3067.694010 13.164000 0.032000
3069.707490 13.162000 0.039000
3071.726120 13.169000 0.037000
3074.632070 12.943000 0.035000
3076.658990 13.095000 0.031000
3078.660970 12.999000 0.035000
3086.700780 12.742000 0.033000
3089.536340 12.976000 0.035000
3091.543430 13.244000 0.034000
3097.570520 13.103000 0.033000
3099.593090 13.040000 0.036000
3103.605510 13.056000 0.034000
3105.602770 12.889000 0.038000
3107.603090 12.875000 0.034000
3109.608250 12.832000 0.040000
3111.606090 12.835000 0.032000
3113.626320 12.718000 0.036000
3121.587740 13.253000 0.032000
3126.531600 13.334000 0.035000
3128.561910 13.223000 0.034000
3130.572830 13.404000 0.035000
3132.579710 13.057000 0.036000
3144.549220 12.480000 0.033000
3154.486700 13.131000 0.037000
3162.478660 13.065000 0.036000
3165.473420 12.903000 0.034000
3169.459350 12.570000 0.034000
3175.465040 13.026000 0.032000
3357.686480 13.194000 0.045000
3394.717430 13.139000 0.045000
3396.802350 13.139000 0.040000
3406.659600 12.921000 0.036000
3408.677340 12.739000 0.035000
3410.757890 13.067000 0.040000
3417.574040 13.192000 0.046000
3421.592580 13.068000 0.043000
3425.628700 13.052000 0.046000
3433.618790 13.079000 0.039000
3436.625130 12.853000 0.033000
3439.608570 12.689000 0.037000
3442.597510 12.473000 0.031000
3444.613520 12.846000 0.051000
3446.620510 13.311000 0.055000
3455.603360 13.107000 0.035000
3457.618740 13.469000 0.034000
3459.612570 13.118000 0.033000
3463.656340 13.160000 0.048000
3468.653680 13.206000 0.048000
3471.519470 12.804000 0.049000
3473.530220 13.217000 0.052000
3475.575700 13.092000 0.059000
3481.608470 13.056000 0.059000
3489.585890 13.272000 0.039000
3491.592730 13.021000 0.048000
3509.533630 13.344000 0.037000
3517.475740 13.159000 0.048000
3521.475190 12.904000 0.044000
3592.911040 12.469000 0.040000
3603.904060 13.150000 0.046000
3625.895620 12.791000 0.037000
3629.842850 13.143000 0.046000
3633.841640 13.128000 0.046000
3636.875600 13.365000 0.043000
3640.836490 12.972000 0.036000
3651.843100 12.563000 0.050000
3654.845860 12.628000 0.054000
3657.833420 13.302000 0.045000
3660.842690 13.227000 0.052000
3663.834540 13.305000 0.044000
3666.827140 13.039000 0.044000
3673.811100 13.012000 0.052000
3680.833690 12.728000 0.048000
3701.743370 13.075000 0.050000
3704.736030 12.890000 0.056000
3707.726390 12.672000 0.040000
3711.779470 12.494000 0.042000
3713.755700 12.545000 0.046000
3716.710970 13.120000 0.035000
3719.717500 13.208000 0.057000
3722.682910 13.205000 0.042000
3725.733120 13.271000 0.051000
3731.719350 12.944000 0.042000
3737.690000 12.639000 0.040000
3739.743090 12.661000 0.036000
3742.627370 13.273000 0.047000
3744.710220 13.198000 0.038000
3749.726190 13.094000 0.039000
3752.686930 13.146000 0.035000
3754.748240 12.957000 0.038000
3756.798450 13.191000 0.035000
3759.619160 12.912000 0.040000
3764.638130 12.762000 0.038000
3766.740720 13.121000 0.047000
3771.691480 12.607000 0.046000
3773.789730 13.037000 0.046000
3776.569010 13.149000 0.054000
3778.594780 13.173000 0.043000
3780.650680 13.031000 0.047000
3783.671940 12.920000 0.046000
3787.685610 13.175000 0.056000
3789.740600 13.185000 0.043000
3792.591780 12.919000 0.045000
3794.651250 12.764000 0.034000
3796.667220 12.832000 0.044000
3800.728790 13.065000 0.043000
3805.643700 13.135000 0.049000
3808.655320 13.233000 0.045000
3812.669350 13.171000 0.044000
3819.543020 13.051000 0.037000
3821.597440 12.993000 0.042000
3823.633630 13.162000 0.037000
3828.520180 12.563000 0.045000
3830.583450 12.547000 0.048000
3832.595400 12.477000 0.036000
3834.592820 13.135000 0.051000
3850.592720 13.159000 0.056000
3854.596710 12.926000 0.042000
3860.522070 12.462000 0.040000
3862.521210 12.929000 0.037000
3864.547160 13.147000 0.046000
3866.547760 13.447000 0.040000
3871.496740 13.127000 0.036000
3875.498860 13.203000 0.034000
3877.499890 12.923000 0.038000
3881.491790 12.966000 0.039000
3886.509890 12.811000 0.039000
3891.493690 12.520000 0.036000
3894.480630 13.421000 0.037000
3898.480690 13.079000 0.036000
3901.473540 13.204000 0.039000
3904.466990 13.356000 0.039000
4091.679470 12.766000 0.062000
4104.729190 12.990000 0.042000
4106.786590 12.659000 0.042000
4111.673880 13.116000 0.047000
4126.717560 12.799000 0.046000
4128.753280 12.875000 0.060000
4133.566380 13.087000 0.037000
4135.618110 13.091000 0.038000
4137.628530 13.287000 0.038000
4139.638880 13.133000 0.042000
4141.659520 13.242000 0.050000
4143.676030 13.033000 0.049000
4149.650270 12.990000 0.034000
4151.656470 12.890000 0.059000
4161.681180 12.550000 0.045000
4163.697130 12.481000 0.040000
4165.735240 12.408000 0.055000
4168.729900 12.894000 0.047000
4173.707200 13.227000 0.058000
4176.537230 12.784000 0.038000
4179.615260 13.161000 0.037000
4183.652680 12.912000 0.036000
4189.604600 12.611000 0.039000
4191.627020 12.462000 0.037000
4193.627140 12.480000 0.041000
4202.552880 13.419000 0.038000
4205.527750 13.028000 0.036000
4216.519510 12.590000 0.041000
4227.528240 13.006000 0.047000
4229.545370 13.013000 0.048000
4233.552550 13.218000 0.040000
4235.556530 13.077000 0.046000
4238.531190 12.956000 0.041000
4257.492530 12.830000 0.039000
4269.470380 12.805000 0.043000
4306.940130 12.460000 0.043000
4331.911990 12.887000 0.035000
4340.880680 12.608000 0.037000
4343.903280 12.989000 0.039000
4346.900360 12.998000 0.046000
4350.882760 13.104000 0.052000
4354.877080 12.970000 0.038000
4358.862460 12.968000 0.041000
4362.852620 12.675000 0.035000
4404.770360 13.070000 0.035000
4408.768750 13.418000 0.043000
4411.813260 13.126000 0.043000
4423.789110 12.834000 0.049000
4427.767810 12.596000 0.040000
4430.756930 13.383000 0.037000
4433.739280 13.144000 0.042000
4436.732930 13.067000 0.039000
4439.730650 13.299000 0.037000
4448.705800 13.113000 0.035000
4456.741210 12.573000 0.037000
4461.764820 12.484000 0.036000
4464.657600 13.051000 0.037000
4469.680620 12.989000 0.040000
4475.653180 12.925000 0.045000
4478.672030 12.862000 0.047000
4484.787170 12.980000 0.055000
4486.796370 13.060000 0.051000
4489.595140 13.173000 0.047000
4491.645370 13.023000 0.059000
4493.682950 13.213000 0.040000
4497.618230 13.159000 0.040000
4499.729160 13.005000 0.044000
4502.653380 13.384000 0.037000
4509.620530 12.875000 0.036000
4511.659350 12.993000 0.038000
4517.650850 12.495000 0.039000
4519.656880 12.490000 0.044000
4523.690250 12.777000 0.035000
4525.727500 12.790000 0.056000
4527.741730 13.110000 0.047000
4530.624450 13.167000 0.040000
4538.609940 12.986000 0.036000
4540.618880 12.999000 0.042000
4542.628670 12.856000 0.037000
4546.656090 12.793000 0.039000
4548.652060 12.476000 0.038000
4551.613790 12.633000 0.042000
4555.637320 12.999000 0.044000
4557.646520 13.156000 0.041000
4560.553530 13.063000 0.036000
4562.579590 13.035000 0.038000
4564.628490 13.249000 0.047000
4566.644640 13.409000 0.046000
4569.520540 12.616000 0.036000
4571.543560 12.716000 0.034000
4573.580500 12.712000 0.037000
4575.617320 12.803000 0.042000
4579.619590 12.491000 0.036000
4586.567690 13.088000 0.038000
4589.534140 13.016000 0.035000
4591.580460 13.178000 0.055000
4594.504330 12.975000 0.040000
4596.501250 12.899000 0.035000
4600.536200 12.880000 0.045000
4603.528830 12.948000 0.040000
4607.530710 12.424000 0.047000
4610.489620 13.210000 0.045000
4618.479450 13.245000 0.038000
4622.482430 13.033000 0.039000
4627.484110 13.075000 0.042000
4631.473500 12.751000 0.037000
4684.924710 13.053000 0.037000
4703.892570 13.261000 0.043000
4717.877900 12.982000 0.041000
4721.856450 12.894000 0.039000
4726.846250 12.353000 0.045000
4729.871740 12.737000 0.036000
4744.856830 13.125000 0.037000
4752.803270 12.698000 0.035000
4755.833090 12.520000 0.034000
4758.836380 12.414000 0.040000
4761.860190 12.593000 0.036000
4768.784330 13.125000 0.035000
4771.801920 13.256000 0.039000
4774.804670 13.191000 0.040000
4780.800090 12.809000 0.042000
4784.741980 12.190000 0.041000
4787.771640 12.324000 0.043000
4793.765310 13.347000 0.039000
4796.812560 13.265000 0.039000
4805.721730 12.880000 0.038000
4808.714590 12.806000 0.034000
4815.691710 12.414000 0.044000
4818.743570 12.381000 0.036000
4829.778690 12.971000 0.038000
4840.625890 12.573000 0.039000
4842.726080 12.909000 0.040000
4845.701850 12.486000 0.040000
4847.760910 12.617000 0.038000
4850.652350 13.487000 0.038000
4852.789970 12.557000 0.046000
4855.724420 13.077000 0.035000
4863.684030 13.004000 0.034000
4868.756190 13.111000 0.049000
4876.627140 12.373000 0.046000
4879.590920 13.397000 0.037000
4881.639010 13.261000 0.034000
4904.529890 13.095000 0.039000
5098.885650 13.207000 0.040000
5113.858120 12.698000 0.043000
5128.837950 13.203000 0.046000
5131.818400 13.081000 0.048000
5144.859180 12.833000 0.042000
1996.517470 12.741000 0.060000
5105.838450 13.092000 0.047000
1868.756160 13.248000 0.071000
1871.784220 13.296000 0.064000
1875.763590 13.146000 0.069000
1876.753200 13.004000 0.066000
1925.650950 13.215000 0.056000
1950.563000 13.100000 0.062000
2556.833940 13.000000 0.061000
2558.807100 13.192000 0.052000
2566.789950 12.912000 0.051000
2628.682870 12.677000 0.044000
2759.569850 13.451000 0.044000
3001.728320 13.156000 0.037000
3034.743900 13.132000 0.050000
3082.708730 12.764000 0.043000
3382.684330 12.463000 0.059000
3399.599410 12.918000 0.064000
3412.810240 13.145000 0.066000
3419.575280 13.147000 0.067000
3461.622750 13.046000 0.057000
3495.589330 13.045000 0.056000
3499.538940 12.671000 0.068000
3644.829560 12.835000 0.072000
3727.826200 13.116000 0.057000
3734.716860 12.785000 0.047000
3761.740100 12.994000 0.063000
3769.623670 12.484000 0.067000
3798.719670 12.991000 0.069000
3803.620130 13.058000 0.065000
3810.658860 13.031000 0.073000
3816.697540 13.308000 0.065000
3825.646770 12.998000 0.045000
3908.453910 12.972000 0.066000
4153.662780 12.984000 0.070000
4155.659370 12.796000 0.066000
4157.716000 12.816000 0.066000
4159.689370 12.656000 0.063000
4254.495800 12.876000 0.062000
4336.901600 12.906000 0.046000
4420.831350 12.906000 0.045000
4824.663090 12.830000 0.044000
4837.696030 13.127000 0.053000
4857.818930 12.879000 0.069000
4861.626920 12.849000 0.041000
4906.610710 12.517000 0.048000
4919.618010 13.093000 0.058000
4926.554430 12.996000 0.054000
4945.614120 12.808000 0.052000
4966.516920 12.416000 0.040000
4969.506000 13.314000 0.044000
5075.893750 13.044000 0.047000
5158.742770 13.368000 0.071000
5165.740010 12.878000 0.040000
1920.658060 29.999000 0.041000
1982.536950 29.999000 0.042000
2488.936280 29.999000 0.048000
2497.911240 29.999000 0.049000
2578.771400 29.999000 0.056000
2702.545370 29.999000 0.040000
3101.598730 29.999000 0.034000
3814.666400 29.999000 0.059000
4181.638990 29.999000 0.047000
4196.637800 29.999000 0.045000
4466.758470 29.999000 0.049000
4472.757840 29.999000 0.038000
4504.706190 29.999000 0.037000
4870.798260 29.999000 0.074000
1961.557500 29.999000 0.044000
2696.554400 29.999000 0.041000
3123.595650 29.999000 0.049000
3513.473880 29.999000 0.033000
1978.557770 29.999000 0.049000
1998.521580 29.999000 0.061000
2745.608630 29.999000 0.037000
3158.482180 29.999000 0.037000
4185.645290 29.999000 0.069000
4369.826900 29.999000 0.041000
4372.850230 29.999000 0.051000
4382.858050 29.999000 0.038000
4400.784520 29.999000 0.049000
4459.668260 29.999000 0.046000
4708.897500 29.999000 0.040000
4777.792420 29.999000 0.039000
4802.731520 29.999000 0.035000
4821.678770 29.999000 0.040000
4827.695810 29.999000 0.037000
4899.686520 29.999000 0.048000
5089.862010 29.999000 0.039000
5123.806500 29.999000 0.052000
5168.727650 29.999000 0.063000
1878.706720 12.808000 0.056000
1879.837800 13.054000 0.042000
1881.789250 12.971000 0.047000
1884.745410 12.772000 0.054000
1885.758260 12.613000 0.051000
1886.783620 12.699000 0.048000
1887.755440 12.492000 0.053000
1889.771970 12.403000 0.055000
1899.709820 13.121000 0.041000
1900.725840 13.092000 0.043000
1902.699050 12.990000 0.043000
1903.735880 13.127000 0.055000
1904.714980 13.096000 0.059000
1905.723590 13.122000 0.058000
1906.705350 13.230000 0.056000
1907.707910 12.974000 0.045000
1908.706910 12.970000 0.047000
1913.679180 12.649000 0.043000
1914.693110 12.728000 0.043000
1915.699430 12.564000 0.062000
1918.672020 12.716000 0.044000
1919.730040 12.480000 0.042000
1920.687390 13.243000 0.045000
1921.678430 13.225000 0.048000
1922.680730 13.244000 0.046000
1926.672270 13.107000 0.043000
1928.671860 13.151000 0.043000
1929.662430 13.121000 0.041000
1930.667220 13.104000 0.042000
1932.652710 13.000000 0.039000
1934.658980 12.941000 0.044000
1937.674990 13.048000 0.038000
1939.605360 12.709000 0.040000
1940.658230 12.836000 0.038000
1945.654530 12.522000 0.040000
1946.647340 12.443000 0.048000
1947.649850 12.579000 0.044000
1948.698510 12.636000 0.047000
1949.642780 12.895000 0.040000
1955.611050 13.198000 0.042000
1958.590440 13.152000 0.043000
1959.613760 13.135000 0.042000
1961.594150 12.951000 0.037000
1963.588570 13.093000 0.039000
1964.596360 13.037000 0.039000
1965.582780 13.034000 0.038000
1966.593730 12.894000 0.037000
1967.593120 13.034000 0.040000
1968.581230 12.854000 0.039000
1977.577300 12.678000 0.049000
1979.546610 13.234000 0.047000
1981.554240 13.055000 0.047000
1984.535410 13.152000 0.044000
1993.530090 13.038000 0.051000
2032.520910 12.766000 0.058000
2561.796360 13.143000 0.056000
2621.798050 12.967000 0.044000
2623.750130 13.104000 0.046000
2625.735800 12.947000 0.043000
2637.708500 12.820000 0.043000
2639.725740 13.117000 0.048000
2641.721940 13.114000 0.045000
2643.731320 13.242000 0.045000
2645.720080 13.152000 0.043000
2650.686040 13.135000 0.045000
2657.720420 12.903000 0.046000
2659.748330 13.195000 0.046000
2661.745530 12.920000 0.046000
2663.742000 12.928000 0.045000
2665.733690 12.742000 0.046000
2667.734400 12.494000 0.044000
2673.718890 13.043000 0.046000
2675.705420 13.148000 0.044000
2683.633900 13.005000 0.044000
2684.781760 13.258000 0.047000
2686.690520 12.936000 0.045000
2689.711200 12.996000 0.046000
2691.648790 12.805000 0.043000
2693.661260 12.616000 0.048000
2696.770070 12.800000 0.055000
2698.806040 12.941000 0.048000
2700.731000 12.495000 0.054000
2706.660890 13.160000 0.049000
2710.602590 13.108000 0.044000
2711.700680 13.329000 0.047000
2713.663710 13.069000 0.045000
2714.762340 13.313000 0.044000
2717.628600 12.861000 0.047000
2719.690470 13.148000 0.042000
2723.645060 12.657000 0.047000
2725.640300 12.661000 0.046000
2727.633950 12.342000 0.044000
2732.712740 12.380000 0.050000
2734.570970 13.121000 0.047000
2736.544130 13.248000 0.044000
2738.568900 13.041000 0.047000
2740.564250 13.124000 0.046000
2742.565700 13.068000 0.051000
2744.562030 12.960000 0.049000
2746.578420 12.725000 0.045000
2750.600040 12.973000 0.050000
2752.566990 12.598000 0.045000
2755.560030 12.400000 0.042000
2757.556910 12.873000 0.043000
2759.584340 12.729000 0.043000
2761.560220 13.133000 0.043000
2766.546740 13.267000 0.043000
2770.564590 13.191000 0.044000
2776.491830 12.801000 0.049000
2783.503740 12.462000 0.044000
2785.507800 12.390000 0.045000
2787.507640 12.985000 0.044000
2790.539420 13.174000 0.045000
2861.931770 12.945000 0.039000
2893.883690 12.957000 0.047000
2896.873560 12.845000 0.045000
2905.887960 12.480000 0.043000
2911.869030 13.012000 0.043000
2916.814990 13.186000 0.043000
2923.837400 13.058000 0.054000
2927.793330 12.811000 0.042000
2930.830340 12.651000 0.043000
2933.816470 12.544000 0.044000
2940.764880 13.280000 0.048000
2942.813370 13.435000 0.044000
2950.762780 12.945000 0.044000
2956.830130 12.935000 0.049000
2963.799790 12.619000 0.044000
2973.817590 13.273000 0.044000
2975.773520 13.114000 0.043000
2979.764660 13.064000 0.044000
2981.798080 12.972000 0.041000
2984.740590 12.891000 0.041000
2987.720600 12.712000 0.044000
2989.794000 12.983000 0.041000
2992.721460 12.578000 0.040000
2997.712710 13.194000 0.045000
3000.761570 13.070000 0.041000
3005.674300 13.051000 0.045000
3007.739950 13.134000 0.048000
3012.663770 12.803000 0.044000
3017.718930 13.060000 0.049000
3019.727330 12.869000 0.045000
3028.688830 13.018000 0.050000
3030.728370 13.239000 0.044000
3033.615470 13.217000 0.044000
3035.661800 13.424000 0.039000
3039.662230 13.146000 0.044000
3042.656880 12.898000 0.041000
3044.680590 12.940000 0.043000
3047.634810 12.747000 0.045000
3050.612470 12.398000 0.044000
3061.660800 13.223000 0.041000
3077.550930 12.591000 0.039000
3081.609660 12.707000 0.043000
3356.737330 13.283000 0.048000
3373.830980 13.195000 0.047000
3389.698130 13.206000 0.057000
3394.784120 13.125000 0.051000
3397.628130 13.052000 0.046000
3419.660860 13.131000 0.062000
3421.681710 12.969000 0.055000
3425.695610 13.120000 0.048000
3431.678000 12.916000 0.044000
3433.700170 13.054000 0.062000
3436.688480 13.239000 0.040000
3439.679780 12.896000 0.044000
3447.581870 13.146000 0.055000
3455.649450 13.023000 0.047000
3459.652100 13.157000 0.044000
3461.657500 13.152000 0.043000
3466.538030 12.689000 0.048000
3469.544870 12.524000 0.048000
3471.551230 12.409000 0.043000
3473.542500 13.160000 0.044000
3495.527470 12.817000 0.041000
3497.600060 12.871000 0.042000
3629.890870 13.134000 0.047000
3639.893840 13.038000 0.050000
3643.882950 12.940000 0.049000
3652.834280 12.476000 0.048000
3655.835390 13.248000 0.047000
3658.828740 13.239000 0.056000
3670.800980 12.949000 0.041000
3677.792030 12.626000 0.051000
3702.765680 13.046000 0.048000
3705.818350 13.057000 0.052000
3708.768790 12.772000 0.055000
3712.804930 12.686000 0.046000
3715.749460 13.131000 0.051000
3718.726240 12.943000 0.058000
3721.728930 13.169000 0.049000
3724.718390 13.172000 0.057000
3727.705220 13.131000 0.050000
3730.770460 13.124000 0.049000
3733.754740 12.993000 0.054000
3736.720720 12.843000 0.054000
3739.672720 12.367000 0.057000
3741.739620 12.680000 0.051000
3744.680410 13.200000 0.045000
3749.689490 13.059000 0.055000
3751.781540 13.226000 0.052000
3754.671820 13.084000 0.050000
3756.746660 13.164000 0.048000
3758.832480 13.150000 0.054000
3768.729500 12.926000 0.046000
3771.596890 13.369000 0.052000
3775.700500 12.778000 0.058000
3779.778940 12.447000 0.057000
3783.611480 13.297000 0.052000
3787.700100 13.602000 0.054000
3789.755030 13.210000 0.051000
3792.619610 12.908000 0.052000
3798.769870 13.157000 0.060000
3801.562210 13.319000 0.059000
3803.639380 12.657000 0.046000
3805.659610 12.779000 0.056000
3808.675170 13.125000 0.051000
3810.697930 13.030000 0.058000
3812.700580 13.205000 0.054000
3819.546360 12.949000 0.050000
3821.601840 12.916000 0.051000
3830.551130 12.604000 0.042000
3832.560530 13.193000 0.056000
3834.570380 13.487000 0.058000
3836.586910 13.278000 0.052000
3854.619440 12.955000 0.050000
3860.525280 12.394000 0.051000
3862.524420 12.871000 0.052000
3866.550910 13.086000 0.044000
3876.584680 13.093000 0.047000
4091.719470 12.871000 0.052000
4103.744650 12.526000 0.050000
4105.837750 12.562000 0.043000
4131.607630 13.084000 0.042000
4133.661830 13.304000 0.060000
4135.685370 13.289000 0.061000
4137.687940 13.112000 0.052000
4139.717000 13.318000 0.043000
4141.716240 13.137000 0.051000
4143.720240 13.090000 0.061000
4149.678760 13.069000 0.047000
4151.720940 13.020000 0.050000
4153.700140 12.928000 0.053000
4157.805470 13.055000 0.050000
4160.548810 13.239000 0.042000
4162.585360 13.334000 0.052000
4166.651190 13.115000 0.056000
4174.632300 13.159000 0.045000
4189.621590 12.554000 0.035000
4191.646700 12.636000 0.058000
4193.675130 12.472000 0.045000
4202.559330 13.249000 0.042000
4204.657260 12.975000 0.055000
4227.534990 13.277000 0.035000
4229.552090 13.166000 0.041000
4231.561130 12.933000 0.044000
4233.561810 13.084000 0.046000
4235.563280 13.303000 0.042000
4247.519750 12.511000 0.035000
4277.460900 12.408000 0.045000
4284.465080 13.313000 0.057000
4334.920190 12.690000 0.040000
4340.918030 12.553000 0.049000
4349.890770 13.196000 0.042000
4355.879230 13.047000 0.042000
4363.862680 13.067000 0.044000
4367.877430 12.509000 0.042000
4375.883360 13.255000 0.048000
4379.834290 13.191000 0.040000
4383.842060 13.182000 0.042000
4386.860000 13.029000 0.036000
4408.790610 13.164000 0.043000
4411.835660 13.397000 0.052000
4421.818620 13.027000 0.044000
4425.826760 12.824000 0.054000
4428.798400 12.462000 0.047000
4431.785380 12.647000 0.043000
4437.767090 13.155000 0.043000
4440.755370 13.236000 0.038000
4452.711900 12.667000 0.051000
4457.722090 12.502000 0.058000
4460.709110 12.987000 0.039000
4463.696520 13.237000 0.038000
4465.783420 13.261000 0.045000
4468.717200 13.025000 0.044000
4474.726130 13.250000 0.062000
4480.659750 13.358000 0.058000
4484.672410 12.635000 0.043000
4486.724370 12.870000 0.051000
4488.787980 12.774000 0.043000
4491.627940 13.073000 0.042000
4493.674970 13.266000 0.045000
4497.655890 13.101000 0.045000
4499.750050 13.270000 0.062000
4502.667040 13.137000 0.059000
4504.735570 13.143000 0.039000
4507.606930 12.908000 0.043000
4509.691430 13.014000 0.046000
4511.757050 13.105000 0.039000
4517.689800 12.681000 0.045000
4519.693950 12.538000 0.042000
4521.710580 12.446000 0.038000
4523.739560 12.436000 0.043000
4525.786910 12.485000 0.039000
4528.592460 13.311000 0.043000
4530.655520 13.119000 0.040000
4532.728620 13.205000 0.041000
4536.568510 13.020000 0.041000
4542.646130 12.946000 0.046000
4546.680890 12.774000 0.048000
4548.677250 12.742000 0.040000
4550.739960 12.713000 0.048000
4553.566910 13.159000 0.045000
4555.592850 13.222000 0.039000
4557.607450 13.115000 0.037000
4559.654180 13.158000 0.040000
4561.689040 13.004000 0.050000
4564.536400 13.025000 0.039000
4568.591200 13.044000 0.042000
4570.582250 12.818000 0.039000
4572.587530 12.908000 0.038000
4574.612560 12.724000 0.043000
4576.624760 12.762000 0.046000
4580.604860 12.524000 0.043000
4585.497540 13.070000 0.055000
4587.602520 13.215000 0.050000
4589.626640 13.422000 0.042000
4592.524240 13.365000 0.042000
4594.575250 12.994000 0.035000
4596.577650 13.016000 0.039000
4607.479000 12.683000 0.046000
4609.527710 12.455000 0.045000
4620.540000 13.189000 0.046000
4623.532810 13.146000 0.046000
4626.504120 12.992000 0.053000
4631.517150 13.016000 0.048000
4641.480470 13.115000 0.053000
4643.490440 13.221000 0.050000
4701.918920 12.834000 0.042000
4721.902080 12.785000 0.047000
4726.898750 12.650000 0.048000
4730.893850 12.415000 0.046000
4741.875460 13.281000 0.044000
4749.877160 12.983000 0.057000
4753.832800 12.669000 0.038000
4757.826410 12.430000 0.053000
4761.809330 13.166000 0.050000
4764.839470 13.430000 0.040000
4768.816220 13.127000 0.053000
4772.804860 13.381000 0.042000
4776.787440 13.050000 0.060000
4779.828320 13.107000 0.044000
4783.826060 12.943000 0.049000
4787.776100 12.455000 0.047000
4793.812470 13.045000 0.048000
4797.795200 13.340000 0.054000
4804.724520 13.151000 0.056000
4807.742470 13.010000 0.052000
4813.754230 12.866000 0.045000
4816.738810 12.842000 0.051000
4819.797940 12.559000 0.049000
4822.726950 13.375000 0.044000
4825.705920 13.189000 0.044000
4828.698140 13.249000 0.041000
4831.686270 13.180000 0.044000
4837.674650 12.944000 0.040000
4839.771220 13.005000 0.041000
4842.673630 12.513000 0.042000
4845.711790 12.725000 0.043000
4847.770130 12.665000 0.039000
4850.683650 13.036000 0.046000
4853.684530 13.071000 0.040000
4862.697000 13.253000 0.053000
4865.647830 12.995000 0.044000
4867.813020 13.127000 0.049000
4870.645430 12.762000 0.043000
4872.699510 12.785000 0.050000
4877.686490 12.498000 0.041000
4880.684160 12.634000 0.043000
4917.544980 13.167000 0.048000
4919.635520 13.195000 0.045000
5087.877650 12.311000 0.045000
5106.850750 12.945000 0.051000
5111.841610 12.793000 0.051000
1868.798600 13.202000 0.069000
1869.777740 13.054000 0.073000
1871.730580 13.063000 0.074000
1872.840100 13.171000 0.063000
1874.712880 13.108000 0.077000
1875.790120 13.156000 0.075000
1888.757360 12.414000 0.063000
1924.670500 13.376000 0.063000
1925.671330 13.079000 0.054000
1931.657860 12.964000 0.051000
1952.617840 13.106000 0.060000
1995.529480 13.040000 0.058000
2030.468050 12.648000 0.070000
2053.502460 13.111000 0.050000
2056.464580 13.049000 0.068000
2068.520040 12.403000 0.071000
2519.926360 12.370000 0.057000
2565.810150 12.858000 0.067000
2574.780450 12.291000 0.052000
2577.769140 13.211000 0.060000
2631.859460 13.113000 0.071000
2647.700610 13.203000 0.056000
2652.694850 13.185000 0.048000
2654.693510 13.106000 0.043000
2669.723900 12.443000 0.044000
2721.647690 12.844000 0.056000
2977.746260 13.221000 0.054000
3399.698320 13.076000 0.071000
3404.710260 12.965000 0.061000
3406.758450 13.125000 0.063000
3415.685590 12.435000 0.068000
3417.675370 13.189000 0.074000
3423.668890 13.197000 0.061000
3445.567050 13.377000 0.056000
3491.525840 13.068000 0.067000
3621.900250 12.799000 0.061000
3633.888430 13.396000 0.058000
3666.807790 13.061000 0.075000
3761.665630 13.038000 0.058000
3796.697540 13.031000 0.063000
3814.720300 13.431000 0.069000
3816.746850 12.915000 0.066000
3823.637070 12.986000 0.050000
3825.655280 12.899000 0.069000
3827.697900 13.030000 0.066000
3848.581920 13.202000 0.056000
3852.608410 12.896000 0.071000
4126.766790 13.065000 0.065000
4128.791030 12.989000 0.064000
4145.802680 13.201000 0.070000
4164.601560 12.916000 0.063000
4181.675640 13.063000 0.064000
4183.719270 13.286000 0.070000
4185.708110 12.895000 0.059000
4196.700910 12.379000 0.046000
4215.650000 13.083000 0.046000
4237.588200 13.195000 0.061000
4404.830220 13.225000 0.044000
4538.637340 12.872000 0.046000
4540.641680 12.906000 0.048000
4602.595740 12.745000 0.066000
4800.776000 13.224000 0.044000
4810.734200 12.723000 0.047000
4856.684060 13.207000 0.068000
4875.655980 12.492000 0.051000
4884.828460 12.700000 0.076000
4892.745540 13.126000 0.051000
4906.601550 12.285000 0.050000
4908.696470 12.643000 0.063000
4914.710080 12.597000 0.052000
4926.558460 12.775000 0.063000
4929.660270 12.909000 0.048000
4985.504060 13.062000 0.049000
5083.898110 12.714000 0.049000
5099.868240 13.058000 0.045000
5118.854710 12.520000 0.057000
5137.794400 13.054000 0.049000
5164.730560 12.920000 0.044000
5168.724590 12.671000 0.052000
2671.723040 13.162000 0.046000
2556.867220 29.999000 0.058000
2681.638250 29.999000 0.044000
2884.908370 29.999000 0.048000
2944.802650 29.999000 0.048000
3662.830550 29.999000 0.057000
2921.865020 29.999000 0.048000
3009.775240 29.999000 0.042000
3015.722940 29.999000 0.048000
3059.617320 29.999000 0.040000
3673.828700 29.999000 0.054000
3766.627970 29.999000 0.070000
4172.621770 29.999000 0.049000
4477.740430 29.999000 0.046000
1880.747890 12.915000 0.057000
1954.596970 13.347000 0.048000
2156.890110 13.088000 0.052000
2166.896900 13.136000 0.057000
2168.852460 13.255000 0.053000
2172.811060 13.084000 0.049000
2183.833620 12.624000 0.049000
2185.889070 12.808000 0.052000
2189.845170 12.578000 0.046000
2191.795370 13.212000 0.052000
2193.787210 13.307000 0.052000
2201.795590 13.098000 0.050000
2212.740170 12.463000 0.051000
2213.781050 12.775000 0.049000
2215.743060 12.557000 0.052000
2216.845900 12.641000 0.049000
2222.788780 13.346000 0.052000
2224.790970 13.372000 0.051000
2226.722410 13.275000 0.049000
2227.807340 13.190000 0.051000
2230.830670 13.213000 0.049000
2232.785440 13.301000 0.048000
2233.826540 13.270000 0.050000
2234.794630 13.020000 0.054000
2235.757070 13.037000 0.051000
2236.798580 13.086000 0.051000
2237.769990 13.123000 0.052000
2239.748720 12.795000 0.054000
2240.789210 12.959000 0.053000
2241.778910 12.835000 0.053000
2248.760380 12.568000 0.053000
3385.818280 12.915000 0.042000
3390.656830 13.170000 0.048000
3399.830430 13.274000 0.042000
3449.648040 13.468000 0.053000
3452.570750 13.098000 0.051000
4683.932700 13.113000 0.044000
4691.927790 12.863000 0.039000
5098.887850 13.100000 0.048000
2199.786300 13.252000 0.067000
2203.771030 13.098000 0.053000
2221.746960 13.174000 0.056000
2242.748150 12.726000 0.055000
2243.769670 12.864000 0.057000
2244.791230 12.742000 0.058000
2247.736860 12.606000 0.060000
2249.747400 13.099000 0.059000
2250.738660 13.212000 0.054000
2251.728070 13.148000 0.060000
2254.731750 13.153000 0.058000
2255.725080 13.166000 0.058000
2257.730710 13.082000 0.060000
3373.799490 13.107000 0.051000
3365.729380 29.999000 0.059000
4729.886250 29.999000 0.060000
1880.816840 13.081000 0.049000
1954.622120 13.201000 0.049000
2173.852940 13.157000 0.056000
2183.858160 12.767000 0.057000
2185.812120 12.473000 0.052000
2189.849050 13.113000 0.053000
2191.815780 13.221000 0.056000
2193.821020 13.139000 0.058000
2201.822430 13.075000 0.048000
3362.736240 13.165000 0.054000
3365.809540 13.255000 0.054000
3385.820900 12.744000 0.051000
3392.778770 13.175000 0.043000
3400.626710 12.925000 0.056000
4683.935160 13.038000 0.040000
4693.926470 12.837000 0.044000
2197.819230 13.273000 0.058000
2199.819590 13.189000 0.063000
2212.767070 12.678000 0.054000
2244.714350 12.313000 0.061000
2247.763710 12.398000 0.063000
2248.789850 12.452000 0.066000
2250.779760 12.657000 0.067000
2251.768610 13.177000 0.062000
2253.755630 13.435000 0.068000
2254.750450 13.111000 0.064000
3452.573880 13.066000 0.067000
4701.924040 29.999000 0.045000
4743.849630 29.999000 0.043000
5092.872220 29.999000 0.052000
