1902.838130 13.141000 0.047000
1904.731050 13.214000 0.045000
1913.754130 13.112000 0.042000
1914.756080 13.300000 0.044000
1915.775160 13.421000 0.046000
1919.706960 13.196000 0.052000
1920.743590 12.369000 0.046000
1921.733230 12.463000 0.052000
1924.731140 13.114000 0.054000
1928.730230 13.072000 0.055000
1929.723950 12.833000 0.049000
1930.719370 12.497000 0.042000
1932.709600 12.666000 0.043000
1933.709680 12.864000 0.042000
1934.708470 13.066000 0.046000
1936.683220 13.181000 0.041000
1937.720330 13.280000 0.042000
1938.745130 13.278000 0.039000
1939.734330 13.250000 0.043000
1941.668120 13.032000 0.044000
1945.705820 13.109000 0.050000
1946.712920 13.041000 0.050000
1948.654550 13.002000 0.052000
1949.688320 13.298000 0.068000
1953.672510 12.276000 0.054000
1958.647180 13.021000 0.057000
1959.656830 12.934000 0.051000
1964.646310 12.617000 0.048000
1965.634910 12.639000 0.050000
1966.637310 12.785000 0.051000
1968.633810 13.019000 0.053000
1977.609570 12.464000 0.063000
1985.597290 13.163000 0.060000
2026.485930 13.045000 0.039000
2032.487560 12.943000 0.033000
2038.472640 13.204000 0.054000
2053.497010 13.014000 0.054000
2055.515880 12.327000 0.064000
2068.517310 12.979000 0.049000
2087.464400 12.378000 0.056000
2441.455700 13.273000 0.053000
2444.468190 12.664000 0.045000
2621.858090 13.045000 0.035000
2623.809750 13.119000 0.033000
2629.820620 12.429000 0.036000
2634.797320 13.089000 0.031000
2639.760560 13.250000 0.030000
2642.759650 12.259000 0.032000
2649.764350 13.321000 0.033000
2651.721400 13.199000 0.032000
2658.739530 13.238000 0.035000
2660.731560 13.051000 0.035000
2662.741090 13.113000 0.033000
2664.727860 12.533000 0.034000
2666.734600 12.800000 0.034000
2670.726900 13.347000 0.034000
2672.727570 13.311000 0.038000
2674.710790 12.806000 0.036000
2678.685840 12.763000 0.036000
2685.688120 13.197000 0.037000
2691.672150 13.055000 0.037000
2693.684720 13.255000 0.036000
2695.668220 13.364000 0.039000
2697.674450 12.831000 0.041000
2701.667890 13.001000 0.041000
2703.663810 13.337000 0.038000
2705.656210 13.121000 0.037000
2707.654770 13.112000 0.037000
2710.624150 12.502000 0.038000
2711.769930 13.191000 0.044000
2713.680780 13.106000 0.037000
2717.756250 12.590000 0.039000
2722.598360 12.323000 0.044000
2724.596520 13.084000 0.040000
2730.582520 13.311000 0.040000
2733.631470 12.745000 0.041000
2737.614660 13.116000 0.040000
2739.606820 13.114000 0.048000
2741.577120 12.993000 0.044000
2742.670330 12.639000 0.036000
2744.599330 12.701000 0.045000
2750.612130 13.148000 0.038000
2752.576750 13.355000 0.041000
2755.567250 12.438000 0.039000
2757.564220 12.907000 0.038000
2759.591730 13.112000 0.042000
2761.567680 13.124000 0.045000
2763.564240 13.430000 0.043000
2766.554400 12.241000 0.048000
2770.556130 13.105000 0.034000
2776.588980 12.569000 0.037000
2782.490300 13.129000 0.030000
2786.503070 13.163000 0.042000
2789.501690 12.440000 0.044000
2794.493870 13.352000 0.040000
2809.454920 13.175000 0.037000
2811.474140 12.623000 0.034000
2821.468950 12.322000 0.037000
2830.459550 13.204000 0.035000
2972.849190 13.332000 0.030000
3008.792390 12.362000 0.031000
3023.770250 12.935000 0.060000
3030.701760 12.992000 0.030000
3035.690190 13.108000 0.034000
3055.630080 12.078000 0.049000
3067.659180 12.680000 0.032000
3069.673100 12.969000 0.034000
3073.755100 12.316000 0.032000
3098.651820 12.276000 0.032000
3118.665770 12.615000 0.030000
3124.598940 13.091000 0.031000
3179.498960 12.838000 0.033000
3184.458120 13.290000 0.033000
3452.791290 12.477000 0.041000
1962.672710 13.350000 0.059000
2791.528680 12.964000 0.052000
2984.810150 13.491000 0.031000
3052.800010 12.229000 0.039000
2699.669810 12.545000 0.041000
3380.790170 13.216000 0.057000
1980.611200 29.999000 0.061000
1979.601390 29.999000 0.060000
2726.595040 29.999000 0.041000
2728.586410 29.999000 0.040000
2746.610610 29.999000 0.048000
2775.459470 29.999000 0.048000
2784.502370 29.999000 0.043000
2797.488870 29.999000 0.051000
2804.454280 29.999000 0.051000
3064.614830 29.999000 0.044000
2009.524460 29.999000 0.072000
3027.817720 29.999000 0.032000
3039.732480 29.999000 0.035000
3096.638270 29.999000 0.054000
3126.616320 29.999000 0.033000
3128.632740 29.999000 0.052000
1968.582290 12.864000 0.051000
1963.576070 13.441000 0.048000
1982.578520 13.421000 0.048000
1984.556510 13.036000 0.049000
2227.748370 13.272000 0.053000
2241.842040 12.180000 0.056000
2249.775150 13.533000 0.056000
2254.753120 12.539000 0.060000
2255.743040 12.473000 0.060000
3669.861000 13.131000 0.052000
4128.795860 13.293000 0.046000
4386.830090 13.203000 0.043000
4594.530150 13.065000 0.048000
1869.772310 13.012000 0.063000
1876.819170 12.411000 0.065000
1878.707940 12.315000 0.053000
1879.770190 13.018000 0.051000
1880.803590 13.155000 0.057000
1881.769550 13.291000 0.056000
1884.746510 13.215000 0.058000
1885.777850 13.004000 0.052000
1886.775450 12.480000 0.054000
1887.756480 12.279000 0.061000
1889.772980 12.906000 0.063000
1899.717480 12.483000 0.042000
1900.726680 12.771000 0.044000
1902.706660 12.968000 0.046000
1903.736710 13.121000 0.055000
1905.710790 13.238000 0.058000
1906.701650 13.226000 0.047000
1907.708660 13.284000 0.047000
1908.696440 13.222000 0.045000
1913.682170 12.862000 0.041000
1914.693800 13.079000 0.047000
1915.688920 13.149000 0.056000
1918.672700 13.240000 0.050000
1919.689130 13.295000 0.060000
1920.681350 12.746000 0.044000
1922.681440 12.584000 0.047000
1925.672020 13.230000 0.063000
1926.661700 13.138000 0.042000
1930.656680 13.145000 0.044000
1934.648430 12.922000 0.042000
1935.585620 12.726000 0.043000
1937.623540 13.118000 0.039000
1938.656960 13.194000 0.044000
1939.681570 13.267000 0.043000
1941.611890 13.425000 0.043000
1946.638930 12.903000 0.047000
1947.660810 12.955000 0.047000
1948.709660 13.388000 0.044000
1949.648190 13.231000 0.041000
1953.618960 13.386000 0.047000
1954.615540 13.070000 0.050000
1955.618630 12.272000 0.045000
1964.592860 13.092000 0.043000
1965.583770 12.518000 0.048000
1966.597000 12.491000 0.046000
1981.542070 12.818000 0.054000
2030.463680 13.242000 0.055000
2032.523540 12.328000 0.050000
2053.494170 13.169000 0.061000
2056.458740 12.361000 0.061000
2058.512120 12.947000 0.057000
2069.459190 13.051000 0.061000
2082.482010 13.180000 0.055000
2171.857840 13.098000 0.057000
2173.844970 13.199000 0.056000
2183.849910 13.381000 0.048000
2184.896290 12.952000 0.055000
2186.832160 12.538000 0.053000
2190.809300 12.951000 0.054000
2191.889680 13.148000 0.052000
2193.819170 13.177000 0.061000
2212.748310 12.599000 0.057000
2213.799510 13.098000 0.055000
2215.771540 13.203000 0.055000
2217.754640 13.094000 0.055000
2222.817450 12.811000 0.054000
2225.729680 13.011000 0.047000
2229.734220 13.416000 0.052000
2232.804140 12.654000 0.050000
2234.723030 12.712000 0.052000
2237.715650 13.136000 0.058000
2445.459920 12.723000 0.058000
2499.916820 12.392000 0.048000
2545.821910 12.511000 0.047000
2561.794320 13.225000 0.046000
2565.808000 12.171000 0.060000
2577.766660 12.115000 0.057000
2621.808280 12.660000 0.042000
2623.751130 12.822000 0.041000
2625.736740 13.074000 0.041000
2628.715980 13.379000 0.041000
2635.695070 12.990000 0.042000
2637.709290 13.129000 0.040000
2639.712810 13.247000 0.047000
2641.722700 13.213000 0.042000
2643.736670 12.279000 0.042000
2645.725390 12.801000 0.041000
2647.701320 12.994000 0.056000
2650.675450 13.341000 0.043000
2652.695550 13.268000 0.043000
2654.696500 12.210000 0.044000
2657.723400 12.920000 0.043000
2663.744970 12.505000 0.042000
2665.736680 12.678000 0.042000
2667.737380 13.096000 0.042000
2675.708480 12.460000 0.042000
2677.690570 12.538000 0.041000
2681.643680 13.096000 0.042000
2693.671460 13.274000 0.044000
2696.771070 12.294000 0.037000
2700.739480 12.986000 0.046000
2704.687770 13.142000 0.040000
2706.664660 13.151000 0.043000
2710.603880 12.403000 0.042000
2721.649230 12.372000 0.042000
2734.572830 12.578000 0.043000
2736.546040 12.926000 0.039000
2738.570880 13.217000 0.041000
2743.700040 12.874000 0.044000
2750.571800 13.223000 0.044000
2763.505040 13.081000 0.040000
2770.543900 13.046000 0.040000
2783.497460 13.054000 0.041000
2785.501570 13.199000 0.039000
2787.501460 12.689000 0.045000
2790.535730 12.874000 0.041000
2792.542670 13.111000 0.039000
2809.516200 12.433000 0.042000
2812.463730 12.660000 0.043000
2814.471200 12.989000 0.041000
2819.479380 12.987000 0.039000
2860.937760 13.065000 0.040000
2896.876820 13.163000 0.044000
2905.868020 13.186000 0.037000
2908.880560 13.300000 0.041000
2921.863140 12.612000 0.039000
2923.835470 12.795000 0.054000
2927.783940 13.197000 0.044000
2932.845970 12.535000 0.040000
2940.762490 13.227000 0.047000
2942.808700 13.225000 0.039000
2956.824750 12.881000 0.049000
2974.739190 13.036000 0.038000
2983.742510 13.006000 0.038000
2988.797250 12.528000 0.038000
2991.724350 12.919000 0.039000
3009.732090 12.369000 0.048000
3033.601010 12.505000 0.040000
3035.662800 12.736000 0.037000
3042.657900 13.243000 0.040000
3054.734870 12.548000 0.039000
3059.620090 13.018000 0.039000
3066.733740 12.842000 0.038000
3085.632370 13.548000 0.039000
3107.693460 12.477000 0.039000
3116.579260 13.269000 0.039000
3184.486950 13.129000 0.042000
3356.739260 12.473000 0.042000
3362.725760 13.304000 0.044000
3365.798910 12.625000 0.050000
3389.693950 12.355000 0.052000
3394.777160 13.303000 0.050000
3397.629160 13.209000 0.057000
3399.699360 12.582000 0.044000
3404.713970 13.160000 0.042000
3408.825930 12.743000 0.043000
3411.623970 12.365000 0.053000
3417.676410 13.291000 0.050000
3419.665820 13.328000 0.042000
3427.728120 13.348000 0.053000
3431.681950 12.684000 0.051000
3436.699200 12.957000 0.047000
3439.684070 13.323000 0.062000
3445.568700 12.453000 0.057000
3449.606240 13.179000 0.058000
3452.532110 13.223000 0.046000
3453.749710 12.475000 0.053000
3457.670930 13.035000 0.045000
3459.666230 13.182000 0.042000
3461.677300 13.298000 0.057000
3464.539330 13.228000 0.045000
3466.567230 12.785000 0.042000
3469.575180 12.942000 0.042000
3471.583710 13.054000 0.044000
3473.579700 13.292000 0.041000
3476.518690 13.004000 0.045000
3478.551100 12.630000 0.046000
3480.573440 12.983000 0.046000
3484.607380 13.227000 0.043000
3489.584270 12.499000 0.042000
3499.537450 12.917000 0.041000
3501.544380 12.554000 0.051000
3503.592140 13.097000 0.047000
3506.599900 13.249000 0.046000
3511.500230 12.451000 0.043000
3521.514520 12.440000 0.043000
3523.531310 12.781000 0.043000
3526.521380 13.223000 0.041000
3528.530670 13.236000 0.046000
3530.527270 13.343000 0.046000
3539.482680 13.158000 0.042000
3543.481580 12.643000 0.046000
3547.481610 12.944000 0.037000
3556.467050 12.522000 0.045000
3629.895200 13.229000 0.057000
3639.871890 13.411000 0.050000
3643.859430 12.531000 0.042000
3652.832200 13.393000 0.052000
3655.833210 12.495000 0.049000
3658.818920 12.852000 0.046000
3662.820920 13.392000 0.048000
3665.847410 12.332000 0.056000
3673.792130 13.344000 0.052000
3704.779210 13.397000 0.051000
3707.776090 13.233000 0.051000
3711.824910 12.662000 0.045000
3714.746680 12.922000 0.058000
3717.745770 13.287000 0.060000
3722.788000 12.542000 0.044000
3725.775730 13.106000 0.045000
3732.702180 12.485000 0.060000
3735.718790 12.842000 0.048000
3740.748370 13.170000 0.049000
3743.676150 13.119000 0.058000
3750.704420 13.415000 0.046000
3753.699440 13.354000 0.047000
3755.755490 12.445000 0.050000
3757.778900 13.109000 0.044000
3762.742610 13.283000 0.045000
3767.763630 12.988000 0.048000
3772.675650 13.215000 0.059000
3774.779020 12.479000 0.043000
3777.585950 13.026000 0.055000
3779.627800 12.465000 0.061000
3787.675960 13.201000 0.043000
3789.727600 12.801000 0.041000
3792.606600 12.826000 0.053000
3794.659380 13.183000 0.042000
3796.675220 13.297000 0.044000
3798.728420 12.453000 0.054000
3803.623150 13.166000 0.046000
3805.646680 13.156000 0.043000
3808.658780 13.181000 0.043000
3810.671580 12.514000 0.060000
3812.679680 12.873000 0.049000
3814.677360 13.106000 0.039000
3816.706420 13.546000 0.044000
3821.569350 13.323000 0.048000
3823.610570 12.422000 0.052000
3830.545380 13.271000 0.042000
3832.557790 13.175000 0.041000
3834.566940 12.417000 0.050000
3836.584300 12.990000 0.040000
3850.590200 13.272000 0.043000
3852.583450 13.269000 0.045000
3854.595040 12.368000 0.042000
3856.630930 12.862000 0.048000
3861.571490 13.213000 0.040000
3865.577390 12.823000 0.058000
3867.613520 12.736000 0.046000
3869.611200 13.194000 0.044000
3871.605030 13.352000 0.042000
3875.598450 12.527000 0.045000
3881.580140 13.140000 0.061000
3886.494570 13.176000 0.038000
3890.527720 12.685000 0.040000
3897.467620 13.402000 0.043000
3900.464190 12.667000 0.044000
3902.505690 12.866000 0.045000
3905.466560 13.111000 0.043000
3907.488360 13.166000 0.038000
4091.715650 12.833000 0.058000
4105.672870 13.080000 0.044000
4107.721570 13.278000 0.038000
4111.722300 12.294000 0.042000
4126.768430 13.176000 0.040000
4131.612970 13.333000 0.052000
4135.674260 12.865000 0.046000
4137.676840 13.009000 0.041000
4139.709500 13.395000 0.044000
4141.707590 13.271000 0.043000
4143.715590 12.343000 0.048000
4145.788450 12.913000 0.050000
4149.674940 13.432000 0.060000
4151.710300 13.368000 0.060000
4153.696430 13.346000 0.040000
4157.801010 13.025000 0.044000
4160.550850 12.804000 0.063000
4162.571950 13.202000 0.040000
4172.611020 13.145000 0.051000
4174.621610 13.362000 0.045000
4176.631620 12.771000 0.051000
4179.657230 12.800000 0.052000
4183.702460 13.358000 0.053000
4185.698750 13.332000 0.051000
4189.615670 12.300000 0.040000
4191.640830 12.880000 0.061000
4193.656910 13.363000 0.044000
4202.511110 12.617000 0.054000
4204.626780 13.136000 0.061000
4213.621800 12.995000 0.058000
4216.633350 13.169000 0.051000
4227.526810 13.080000 0.040000
4229.543180 13.272000 0.050000
4233.550410 12.239000 0.048000
4235.555220 12.683000 0.038000
4257.491560 12.565000 0.043000
4276.490340 12.950000 0.046000
4281.480240 13.113000 0.050000
4292.458180 12.896000 0.043000
4332.925970 12.376000 0.049000
4340.902520 13.107000 0.045000
4348.897060 13.185000 0.051000
4355.871680 12.423000 0.045000
4363.854050 13.306000 0.042000
4366.888480 12.281000 0.043000
4378.840730 12.292000 0.046000
4382.832120 13.288000 0.041000
4404.836960 13.164000 0.041000
4408.792970 13.452000 0.048000
4411.838630 12.392000 0.047000
4421.805450 12.414000 0.050000
4425.811040 13.002000 0.041000
4428.781460 13.130000 0.047000
4431.786860 12.957000 0.044000
4437.769310 13.151000 0.041000
4440.757630 13.285000 0.041000
4443.755720 13.329000 0.054000
4452.716730 13.429000 0.049000
4455.713170 12.787000 0.043000
4457.805580 12.993000 0.049000
4460.715080 12.765000 0.043000
4463.704410 13.189000 0.039000
4465.800590 12.570000 0.043000
4468.706580 12.707000 0.044000
4480.652910 12.553000 0.063000
4486.726790 13.437000 0.045000
4488.789690 12.621000 0.043000
4491.621470 12.386000 0.039000
4493.676600 13.057000 0.041000
4497.660880 13.441000 0.042000
4502.672380 12.936000 0.052000
4504.746670 13.171000 0.038000
4507.608840 13.117000 0.046000
4511.758990 12.722000 0.042000
4517.691950 13.293000 0.046000
4519.695900 13.358000 0.042000
4521.712650 12.212000 0.044000
4523.740880 12.820000 0.039000
4525.788290 13.121000 0.052000
4528.594580 13.311000 0.053000
4536.570850 12.746000 0.042000
4538.639710 13.245000 0.042000
4542.648650 12.760000 0.043000
4546.683380 13.001000 0.044000
4548.678980 12.983000 0.040000
4551.627680 13.172000 0.044000
4555.654770 12.305000 0.042000
4557.681950 12.850000 0.044000
4559.698200 13.193000 0.054000
4561.722590 13.365000 0.041000
4564.539600 13.383000 0.041000
4568.594480 12.793000 0.042000
4570.585560 13.104000 0.040000
4572.590820 13.174000 0.041000
4574.618680 13.091000 0.060000
4576.638930 12.461000 0.046000
4580.611900 13.130000 0.041000
4585.495260 13.152000 0.039000
4587.600240 12.915000 0.053000
4589.610560 12.493000 0.041000
4591.642080 13.090000 0.053000
4596.536580 13.376000 0.043000
4600.557650 12.462000 0.047000
4607.473840 13.060000 0.050000
4609.522510 13.011000 0.044000
4616.550600 13.078000 0.038000
4620.503980 13.313000 0.045000
4623.501730 12.323000 0.044000
4626.493910 12.937000 0.040000
4631.514330 13.387000 0.052000
4641.473880 13.142000 0.044000
4646.473380 12.893000 0.049000
4649.474820 13.137000 0.059000
4653.463090 13.244000 0.053000
4701.917840 12.580000 0.044000
4705.919720 13.174000 0.041000
4709.915400 12.973000 0.050000
4722.873400 12.468000 0.048000
4741.879340 13.411000 0.046000
4749.857940 13.248000 0.041000
4753.821450 13.267000 0.041000
4756.856180 12.721000 0.043000
4760.834500 13.214000 0.056000
4764.810550 13.268000 0.044000
4768.806510 12.609000 0.039000
4772.793990 13.072000 0.038000
4775.828430 13.306000 0.042000
4778.830160 12.479000 0.045000
4782.824840 13.032000 0.046000
4786.815190 12.948000 0.045000
4792.793750 13.023000 0.046000
4795.784490 13.113000 0.050000
4798.782910 12.754000 0.040000
4801.768760 12.588000 0.044000
4804.757810 13.101000 0.040000
4807.758810 13.340000 0.040000
4813.756210 12.635000 0.049000
4816.723710 13.174000 0.041000
4819.782370 13.392000 0.040000
4828.704000 13.278000 0.041000
4831.691340 13.381000 0.041000
4834.678900 12.443000 0.040000
4836.773090 13.001000 0.048000
4839.669360 13.163000 0.042000
4847.671790 12.527000 0.043000
4849.768490 13.230000 0.046000
4852.646820 13.179000 0.043000
4855.688030 12.756000 0.040000
4857.770130 13.042000 0.041000
4861.638530 13.175000 0.046000
4863.695520 13.250000 0.040000
4868.763560 13.056000 0.044000
4870.805560 13.134000 0.049000
4876.643170 13.491000 0.053000
4879.617770 12.178000 0.045000
4881.665160 12.802000 0.044000
4883.803880 13.341000 0.052000
4889.617870 12.779000 0.058000
4914.648760 13.038000 0.047000
4916.689120 13.230000 0.045000
4919.614790 13.275000 0.046000
5087.883630 12.885000 0.047000
5099.871450 12.742000 0.047000
5129.801090 13.287000 0.047000
1950.618990 13.383000 0.069000
1995.531130 13.038000 0.061000
2242.814990 12.217000 0.059000
2253.744630 12.671000 0.063000
2257.751240 12.989000 0.062000
2553.841140 12.817000 0.065000
1868.781930 13.135000 0.069000
1871.718090 13.131000 0.078000
1872.827630 13.261000 0.074000
1874.714190 13.219000 0.070000
1875.780180 12.392000 0.081000
1888.758380 12.603000 0.069000
1952.605160 13.335000 0.062000
1977.578520 12.241000 0.056000
1979.550100 12.463000 0.056000
1993.518150 13.017000 0.058000
2131.935840 12.166000 0.078000
2167.844040 12.588000 0.069000
2188.852880 12.742000 0.060000
2235.824460 13.067000 0.057000
2239.795100 13.072000 0.059000
2244.701340 12.089000 0.062000
2247.768790 12.775000 0.065000
2256.795420 12.953000 0.067000
2260.732500 13.247000 0.067000
2519.925270 12.386000 0.063000
2574.778060 13.150000 0.059000
2679.671200 12.834000 0.043000
2683.637020 13.040000 0.043000
2978.762590 12.565000 0.041000
3007.671760 13.278000 0.043000
3142.600120 12.549000 0.053000
3372.758540 13.069000 0.060000
3391.737450 13.091000 0.061000
3406.762110 13.041000 0.074000
3423.670020 12.536000 0.061000
3433.704270 12.780000 0.070000
3443.536540 13.275000 0.069000
3447.583470 12.770000 0.080000
3455.681950 12.620000 0.060000
3517.511920 13.210000 0.063000
3621.896400 12.513000 0.070000
3728.717440 13.739000 0.057000
3745.769240 12.790000 0.078000
3748.660910 13.061000 0.067000
3760.647520 13.459000 0.071000
3818.737220 12.890000 0.068000
3825.624600 12.993000 0.044000
3827.668850 13.191000 0.070000
3848.557670 12.919000 0.044000
3892.540780 13.022000 0.056000
4155.712900 12.410000 0.076000
4181.669530 13.006000 0.048000
4237.577370 13.149000 0.048000
4254.494830 13.190000 0.049000
4259.516970 12.924000 0.058000
4285.468350 13.390000 0.066000
4474.727870 13.166000 0.051000
4477.745840 12.237000 0.064000
4484.677430 13.216000 0.048000
4540.652780 13.387000 0.053000
4643.486390 12.692000 0.050000
4822.728810 12.486000 0.060000
4825.711810 12.975000 0.058000
4903.707600 13.005000 0.052000
4905.756040 13.056000 0.066000
4926.551360 12.661000 0.051000
4936.692340 12.903000 0.050000
5015.473610 13.073000 0.046000
5106.848840 13.048000 0.050000
5111.832760 12.354000 0.055000
5137.788260 12.857000 0.048000
1945.635390 29.999000 0.046000
2230.864440 29.999000 0.066000
2240.817900 29.999000 0.054000
2496.925350 29.999000 0.051000
2539.846790 29.999000 0.070000
2556.863090 29.999000 0.063000
2558.834160 29.999000 0.055000
2671.726040 29.999000 0.040000
2686.693700 29.999000 0.048000
2717.630030 29.999000 0.043000
2727.635630 29.999000 0.039000
2732.714560 29.999000 0.048000
2754.617800 29.999000 0.052000
2766.507780 29.999000 0.042000
2929.846560 29.999000 0.043000
3050.613610 29.999000 0.037000
3052.753010 29.999000 0.038000
3068.667360 29.999000 0.038000
3072.776690 29.999000 0.042000
3087.629870 29.999000 0.040000
3101.705630 29.999000 0.039000
3103.701870 29.999000 0.039000
3105.689550 29.999000 0.040000
3134.566460 29.999000 0.066000
3720.727750 29.999000 0.066000
4164.590720 29.999000 0.056000
4530.657700 29.999000 0.043000
4566.565690 29.999000 0.058000
2087.470470 29.999000 0.047000
2133.934260 29.999000 0.057000
2251.746120 29.999000 0.060000
2488.944580 29.999000 0.065000
2661.748500 29.999000 0.043000
2689.717060 29.999000 0.049000
2714.763720 29.999000 0.040000
2723.646630 29.999000 0.041000
2742.567780 29.999000 0.042000
2804.514110 29.999000 0.039000
2916.805310 29.999000 0.041000
3028.694970 29.999000 0.039000
3061.662900 29.999000 0.038000
3079.626440 29.999000 0.044000
3091.646340 29.999000 0.037000
3127.634530 29.999000 0.044000
3132.541360 29.999000 0.037000
3165.534160 29.999000 0.053000
3425.696860 29.999000 0.050000
1997.513520 29.999000 0.059000
2248.785920 29.999000 0.058000
2252.747650 29.999000 0.058000
2631.841460 29.999000 0.050000
3013.793930 29.999000 0.040000
3030.737400 29.999000 0.045000
3047.637410 29.999000 0.036000
3077.625270 29.999000 0.039000
3110.498740 29.999000 0.047000
3187.473400 29.999000 0.039000
4727.873120 29.999000 0.047000
4810.747360 29.999000 0.042000
5163.734900 29.999000 0.052000
1994.536900 13.259000 0.046000
1995.585910 13.249000 0.054000
2691.688910 13.030000 0.038000
2957.827510 13.031000 0.039000
3509.565880 12.608000 0.036000
3586.470770 12.691000 0.047000
4306.488010 13.317000 0.034000
4471.811210 13.565000 0.041000
4815.808490 13.148000 0.040000
1870.787080 13.269000 0.059000
1872.782510 13.325000 0.048000
1878.766670 12.793000 0.050000
1884.775920 13.285000 0.046000
1886.749780 12.669000 0.052000
1889.815890 13.102000 0.058000
1899.784990 12.894000 0.038000
1900.860720 12.985000 0.045000
1905.797070 13.219000 0.057000
1906.833090 12.569000 0.049000
1907.779090 12.585000 0.042000
1915.859190 13.516000 0.049000
1919.691320 13.256000 0.059000
1920.735150 12.258000 0.046000
1921.738420 12.529000 0.046000
1922.742120 12.911000 0.038000
1924.729510 12.957000 0.045000
1926.735900 13.160000 0.046000
1930.729080 12.426000 0.039000
1932.716980 12.701000 0.037000
1933.724170 12.744000 0.042000
1934.718220 13.086000 0.043000
1935.625150 12.906000 0.048000
1936.758960 13.281000 0.035000
1938.650690 13.097000 0.038000
1939.709310 13.130000 0.037000
1940.756570 12.397000 0.037000
1946.726820 13.228000 0.043000
1948.658410 13.053000 0.054000
1953.671040 12.377000 0.043000
1955.672860 12.569000 0.039000
1963.659610 12.707000 0.041000
1964.653950 12.478000 0.038000
1966.651620 12.799000 0.043000
1968.641460 12.929000 0.045000
1979.624190 12.837000 0.051000
1981.631930 13.136000 0.045000
1982.612750 13.162000 0.041000
1984.606670 13.446000 0.043000
1985.610320 13.543000 0.045000
1996.589000 13.326000 0.053000
1997.583010 13.063000 0.052000
1998.586900 12.500000 0.055000
2000.581680 12.585000 0.057000
2025.488890 12.864000 0.041000
2030.501510 13.277000 0.056000
2032.499060 12.731000 0.049000
2058.503460 12.913000 0.059000
2184.866140 13.084000 0.059000
2190.854880 13.005000 0.051000
2192.865710 13.225000 0.046000
2194.861680 13.179000 0.048000
2197.849160 12.314000 0.052000
2199.856390 12.781000 0.054000
2201.849720 13.065000 0.044000
2206.818190 13.235000 0.042000
2212.821160 12.871000 0.048000
2214.815290 13.067000 0.050000
2216.811990 13.104000 0.049000
2224.827820 13.131000 0.042000
2226.800500 13.043000 0.043000
2228.792720 13.593000 0.046000
2230.793800 12.446000 0.046000
2233.763870 12.591000 0.046000
2237.772350 13.190000 0.050000
2240.749970 13.404000 0.050000
2252.749630 13.137000 0.053000
2254.815750 12.695000 0.056000
2444.499980 12.713000 0.037000
2463.520960 13.017000 0.049000
2470.466320 13.114000 0.047000
2540.890690 13.446000 0.046000
2545.887960 12.884000 0.048000
2552.874890 12.727000 0.036000
2561.852170 13.259000 0.039000
2565.858470 12.461000 0.051000
2622.709710 12.320000 0.035000
2624.773470 12.986000 0.038000
2634.816120 13.089000 0.043000
2639.770330 13.331000 0.039000
2642.764800 12.239000 0.041000
2645.743440 12.818000 0.034000
2647.755970 13.323000 0.047000
2652.756830 13.145000 0.037000
2655.723820 12.497000 0.038000
2658.735590 12.930000 0.039000
2662.760040 13.039000 0.035000
2666.749020 12.895000 0.042000
2668.756950 13.188000 0.040000
2672.751070 13.341000 0.036000
2674.738880 12.486000 0.038000
2676.720770 12.420000 0.037000
2678.707220 12.827000 0.039000
2680.704770 13.077000 0.040000
2685.760810 12.072000 0.039000
2689.695970 12.781000 0.037000
2693.704000 13.175000 0.036000
2695.678150 13.164000 0.043000
2697.684410 12.676000 0.039000
2699.679730 12.671000 0.042000
2701.677820 12.901000 0.039000
2703.673720 13.311000 0.037000
2705.666120 13.053000 0.041000
2706.860610 12.705000 0.042000
2710.617950 12.369000 0.042000
2719.711360 12.195000 0.041000
2721.665850 12.373000 0.040000
2724.668840 13.082000 0.045000
2727.693850 13.342000 0.038000
2738.617170 13.179000 0.041000
2740.625010 13.134000 0.048000
2743.665540 12.605000 0.041000
2751.744590 12.376000 0.039000
2775.643790 12.629000 0.035000
2790.467590 12.567000 0.040000
2923.853280 12.895000 0.039000
2934.845340 12.880000 0.038000
2943.843230 12.226000 0.034000
2946.830500 13.082000 0.034000
2949.842820 13.304000 0.040000
2967.824470 13.092000 0.037000
2971.798130 13.225000 0.035000
2977.793040 12.521000 0.039000
2983.797050 13.296000 0.035000
2986.803160 12.358000 0.036000
2989.797540 12.828000 0.036000
2998.774520 12.488000 0.034000
3007.782570 12.996000 0.038000
3009.825800 12.584000 0.040000
3036.685030 12.885000 0.037000
3052.667440 13.458000 0.032000
3054.700110 12.092000 0.036000
3061.617200 13.392000 0.036000
3355.771920 12.400000 0.042000
3358.823310 13.105000 0.050000
3362.763670 13.129000 0.041000
3390.714770 12.681000 0.056000
3393.768730 12.982000 0.054000
3396.690730 13.304000 0.060000
3398.763860 12.508000 0.048000
3400.765710 12.984000 0.042000
3403.758430 13.417000 0.046000
3405.779550 13.545000 0.057000
3408.668040 13.268000 0.055000
3410.751050 12.829000 0.043000
3415.646480 13.164000 0.054000
3419.699740 13.285000 0.060000
3425.720510 13.277000 0.049000
3427.749960 13.167000 0.042000
3431.715260 12.305000 0.051000
3439.716800 13.314000 0.042000
3442.830150 13.085000 0.036000
3444.739660 12.936000 0.038000
3446.753180 13.143000 0.035000
3456.800880 13.184000 0.043000
3458.819530 13.094000 0.047000
3461.535100 13.155000 0.046000
3463.577110 13.156000 0.044000
3465.611460 12.676000 0.041000
3468.602830 12.727000 0.043000
3470.628130 13.171000 0.038000
3474.645110 12.782000 0.038000
3476.702730 12.993000 0.042000
3478.687390 12.978000 0.043000
3484.718030 12.491000 0.047000
3489.607920 12.673000 0.042000
3491.614840 12.952000 0.042000
3495.611570 13.216000 0.035000
3497.650840 12.021000 0.042000
3511.651480 12.979000 0.037000
3522.482260 12.430000 0.046000
3524.522050 12.781000 0.042000
3526.542160 13.106000 0.041000
3538.564570 13.203000 0.033000
3544.577080 12.789000 0.044000
3556.527480 12.739000 0.047000
3562.464740 13.151000 0.050000
3564.475620 13.361000 0.037000
3570.517170 13.282000 0.042000
3575.500870 12.926000 0.035000
3653.872520 12.723000 0.051000
3661.862610 13.239000 0.048000
3665.858890 12.320000 0.052000
3670.864520 13.242000 0.038000
3674.846200 13.370000 0.043000
3702.790780 13.009000 0.045000
3713.756670 12.722000 0.049000
3719.798540 13.088000 0.051000
3726.757820 13.261000 0.043000
3736.764090 13.185000 0.050000
3739.752480 13.129000 0.055000
3742.769490 12.397000 0.059000
3748.740980 13.177000 0.058000
3754.711940 12.985000 0.052000
3756.778830 12.684000 0.045000
3768.677830 12.795000 0.051000
3773.676610 13.269000 0.055000
3775.730480 12.463000 0.056000
3780.642680 12.635000 0.054000
3787.747440 12.194000 0.050000
3790.612490 12.211000 0.048000
3792.715230 13.270000 0.050000
3797.606520 13.249000 0.054000
3799.673520 12.426000 0.049000
3801.710920 12.984000 0.044000
3804.594060 13.012000 0.053000
3806.634130 13.348000 0.048000
3808.775220 12.569000 0.046000
3815.619500 13.060000 0.051000
3817.647720 13.151000 0.044000
3819.663980 13.348000 0.041000
3821.730730 12.649000 0.036000
3823.766140 13.055000 0.049000
3825.818680 13.127000 0.050000
3828.549840 13.229000 0.058000
3832.623850 12.268000 0.042000
3834.616650 12.648000 0.037000
3836.647240 13.130000 0.038000
3850.622310 13.241000 0.038000
3852.624300 13.275000 0.044000
3854.628750 12.323000 0.059000
3856.693970 12.947000 0.044000
3861.584620 13.185000 0.037000
3863.582600 13.249000 0.046000
3865.589810 12.343000 0.041000
3867.631510 12.780000 0.037000
3869.629290 13.067000 0.037000
3871.621520 13.143000 0.046000
3875.610040 12.518000 0.043000
3877.669710 12.860000 0.038000
3883.521740 13.221000 0.046000
3887.524250 12.907000 0.039000
3891.532730 12.817000 0.039000
3893.560310 13.147000 0.040000
3897.530880 13.407000 0.042000
3901.582640 13.073000 0.035000
3904.499010 13.056000 0.036000
3906.515980 13.028000 0.060000
3908.523910 13.137000 0.035000
4090.766990 12.764000 0.047000
4106.761310 13.485000 0.055000
4125.715980 13.063000 0.041000
4127.768920 13.137000 0.055000
4129.767570 13.275000 0.041000
4134.677230 12.615000 0.038000
4136.740540 13.029000 0.043000
4140.765340 13.040000 0.034000
4142.789300 12.516000 0.039000
4150.805150 13.304000 0.039000
4153.630030 13.371000 0.043000
4157.747480 12.802000 0.057000
4159.748080 13.145000 0.042000
4161.717490 13.170000 0.041000
4163.722030 13.033000 0.043000
4168.766150 13.022000 0.051000
4173.735660 12.958000 0.047000
4180.775360 13.255000 0.044000
4183.562630 13.137000 0.057000
4185.596420 13.193000 0.041000
4190.723240 13.073000 0.033000
4192.711890 12.989000 0.032000
4194.746000 13.503000 0.039000
4197.739980 12.282000 0.060000
4200.640880 12.598000 0.040000
4203.650380 13.056000 0.043000
4208.724140 12.563000 0.046000
4213.669460 13.086000 0.041000
4216.660080 13.261000 0.043000
4227.543470 13.189000 0.033000
4229.562210 13.313000 0.042000
4231.571350 13.459000 0.046000
4233.571280 12.221000 0.034000
4235.572760 12.739000 0.038000
4246.548280 12.774000 0.034000
4247.621430 13.118000 0.042000
4253.556350 12.914000 0.036000
4255.619750 12.759000 0.034000
4259.632710 13.249000 0.043000
4267.595710 12.887000 0.045000
4274.509590 13.105000 0.036000
4277.536190 12.557000 0.039000
4281.540130 13.211000 0.055000
4284.513440 13.248000 0.035000
4286.507290 12.972000 0.044000
4291.486420 12.770000 0.038000
4293.498740 13.200000 0.035000
4295.499110 13.233000 0.037000
4297.504580 13.386000 0.037000
4299.493680 12.006000 0.038000
4301.497060 12.626000 0.054000
4312.480010 12.608000 0.053000
4371.891880 13.515000 0.041000
4378.879410 12.608000 0.045000
4383.878660 13.221000 0.031000
4404.866730 12.982000 0.036000
4408.838370 13.376000 0.041000
4413.852910 12.835000 0.035000
4422.814760 12.582000 0.042000
4426.850680 13.286000 0.040000
4430.803340 13.150000 0.035000
4433.812460 12.554000 0.038000
4436.834190 13.248000 0.032000
4440.780040 13.250000 0.035000
4443.813520 12.073000 0.041000
4453.804140 12.964000 0.056000
4456.789900 12.805000 0.037000
4459.779740 13.134000 0.039000
4462.770290 13.202000 0.038000
4465.775320 12.589000 0.042000
4474.812050 13.064000 0.052000
4478.692300 12.153000 0.037000
4487.773100 12.166000 0.043000
4490.705480 12.607000 0.043000
4492.760930 13.103000 0.052000
4494.757920 13.146000 0.056000
4498.731590 12.482000 0.038000
4501.678450 12.938000 0.050000
4503.775310 13.246000 0.041000
4506.652950 13.212000 0.042000
4508.730340 12.927000 0.039000
4518.737900 13.372000 0.035000
4520.788240 12.474000 0.040000
4523.617640 12.181000 0.036000
4525.667750 12.904000 0.036000
4527.686870 13.259000 0.041000
4529.740770 13.068000 0.043000
4535.620910 12.769000 0.040000
4537.668390 13.214000 0.034000
4539.666570 13.261000 0.042000
4541.665720 13.155000 0.036000
4543.667510 12.382000 0.041000
4545.693910 12.796000 0.043000
4547.722820 12.933000 0.042000
4552.608090 13.217000 0.045000
4554.631110 13.089000 0.041000
4558.677140 12.993000 0.034000
4560.678740 13.117000 0.034000
4562.718470 13.242000 0.048000
4565.544910 13.164000 0.039000
4569.594960 12.963000 0.037000
4571.608280 12.966000 0.034000
4573.638020 13.338000 0.035000
4575.666210 12.441000 0.038000
4579.660190 12.888000 0.039000
4582.661030 12.975000 0.042000
4587.718060 12.549000 0.042000
4590.491870 12.398000 0.037000
4592.553900 13.288000 0.041000
4594.595900 13.188000 0.034000
4596.601850 13.225000 0.033000
4602.607920 12.992000 0.041000
4606.670160 13.016000 0.048000
4608.672730 12.495000 0.038000
4611.573350 12.775000 0.046000
4616.605040 13.125000 0.035000
4622.610470 12.705000 0.038000
4627.527100 13.102000 0.039000
4629.536760 13.321000 0.038000
4631.581470 12.329000 0.037000
4640.562530 13.124000 0.040000
4642.555170 12.432000 0.045000
4644.561680 12.815000 0.043000
4646.563980 13.262000 0.052000
4667.471630 12.297000 0.039000
4679.473680 12.866000 0.041000
4747.877830 13.039000 0.041000
4752.873890 13.163000 0.037000
4756.871280 12.680000 0.037000
4760.874010 13.218000 0.042000
4764.851140 13.155000 0.038000
4768.845860 12.773000 0.037000
4772.835720 13.197000 0.041000
4780.816720 12.807000 0.036000
4784.803980 13.259000 0.035000
4792.795930 12.977000 0.049000
4796.832820 13.005000 0.058000
4804.809450 13.172000 0.038000
4807.816010 13.258000 0.034000
4812.827180 12.941000 0.040000
4819.824850 12.926000 0.037000
4822.795070 12.548000 0.039000
4825.787410 13.160000 0.038000
4828.771070 13.226000 0.042000
4831.765730 12.610000 0.039000
4834.768870 12.777000 0.038000
4837.756220 13.370000 0.038000
4843.739250 12.776000 0.039000
4846.768090 12.827000 0.035000
4849.711910 12.989000 0.035000
4855.768150 12.495000 0.035000
4858.716920 12.892000 0.042000
4861.771170 13.301000 0.038000
4867.740600 12.935000 0.039000
4870.687730 12.972000 0.042000
4883.628960 13.048000 0.036000
4905.836480 12.472000 0.041000
4914.739340 13.221000 0.046000
4917.552360 13.036000 0.040000
4919.648480 13.344000 0.042000
4921.812490 12.837000 0.050000
4954.615940 12.418000 0.043000
4962.600280 13.316000 0.050000
4975.652000 12.483000 0.044000
4991.594610 12.895000 0.041000
5021.486130 12.909000 0.042000
5040.486660 13.270000 0.044000
5089.906810 12.545000 0.044000
5131.842010 13.218000 0.046000
5145.858670 12.700000 0.043000
5162.836730 13.417000 0.042000
1876.769800 12.154000 0.067000
1880.759050 13.023000 0.063000
1888.737060 12.604000 0.063000
1903.693780 13.091000 0.068000
1931.712450 12.472000 0.049000
1949.695900 13.353000 0.063000
2011.542510 12.383000 0.063000
2018.539070 13.293000 0.071000
2052.459650 13.171000 0.070000
2056.518020 12.695000 0.065000
2067.480300 12.590000 0.073000
2069.529000 13.182000 0.063000
2083.477360 13.116000 0.068000
2172.895230 13.257000 0.064000
2243.774120 12.209000 0.056000
2249.756220 13.286000 0.056000
2256.759500 12.853000 0.064000
2260.796460 13.299000 0.062000
2442.505650 12.513000 0.052000
2964.839910 12.370000 0.054000
3373.849190 12.578000 0.052000
3385.725340 13.314000 0.078000
3387.786690 12.261000 0.059000
3412.806340 13.195000 0.075000
3417.706990 13.250000 0.070000
3433.743480 13.201000 0.065000
3436.737840 13.276000 0.039000
3450.678150 13.186000 0.060000
3454.810320 13.184000 0.063000
3480.678690 13.024000 0.063000
3504.699280 13.299000 0.053000
3559.547700 13.315000 0.078000
3706.770710 12.974000 0.067000
3716.802260 13.054000 0.062000
3722.815880 12.672000 0.067000
3730.806110 12.457000 0.063000
3733.817520 13.002000 0.077000
3745.752780 12.513000 0.070000
3751.727840 13.535000 0.074000
3759.705360 13.156000 0.063000
3762.694750 13.213000 0.065000
3765.681030 12.603000 0.064000
3783.698670 13.262000 0.071000
3810.822300 13.343000 0.066000
3848.590960 13.060000 0.052000
3899.563520 12.231000 0.049000
4109.842350 12.370000 0.077000
4131.829080 12.606000 0.071000
4155.685910 12.367000 0.079000
4165.758550 12.597000 0.084000
4237.599240 13.414000 0.045000
4481.784350 13.099000 0.052000
4485.723780 13.155000 0.058000
4516.695560 13.186000 0.042000
4567.585260 12.495000 0.061000
4649.523000 13.178000 0.068000
4654.503710 12.443000 0.065000
4656.514310 12.658000 0.068000
4663.514870 13.497000 0.070000
4776.822830 13.337000 0.061000
4800.782920 12.344000 0.061000
4872.727660 13.046000 0.064000
4877.751310 12.364000 0.067000
4886.675420 13.633000 0.047000
4899.781780 12.862000 0.048000
4903.783930 13.085000 0.047000
4908.608740 13.220000 0.052000
4926.587890 12.878000 0.046000
4929.688720 13.320000 0.057000
4936.567050 12.897000 0.046000
4938.617960 13.241000 0.051000
4945.689370 13.014000 0.061000
4952.669240 13.205000 0.045000
4967.627020 12.843000 0.053000
4973.600520 13.307000 0.047000
4984.587270 13.304000 0.046000
5023.489020 12.478000 0.047000
5113.874980 12.914000 0.046000
2578.851790 29.999000 0.056000
2627.812300 29.999000 0.040000
2660.752720 29.999000 0.038000
2670.769310 29.999000 0.035000
2684.651680 29.999000 0.042000
3033.753110 29.999000 0.035000
3046.654720 29.999000 0.039000
3066.695010 29.999000 0.036000
3081.572570 29.999000 0.039000
3813.563720 29.999000 0.057000
4103.820530 29.999000 0.049000
1962.693900 29.999000 0.047000
2250.838490 29.999000 0.057000
2467.458180 29.999000 0.041000
2711.741710 29.999000 0.046000
2713.676860 29.999000 0.040000
2717.646610 29.999000 0.057000
2792.503660 29.999000 0.037000
3012.742000 29.999000 0.042000
3068.656960 29.999000 0.035000
3085.619200 29.999000 0.053000
3087.619800 29.999000 0.042000
3472.619990 29.999000 0.055000
