2623.732900 12.502000 0.030000
2630.795810 12.601000 0.043000
2636.771840 12.304000 0.039000
2653.670790 12.527000 0.039000
2658.663940 12.068000 0.033000
2662.660680 12.670000 0.031000
2664.651970 12.550000 0.038000
2666.649420 12.503000 0.032000
2668.655110 12.327000 0.028000
2670.648230 12.064000 0.036000
2674.636590 12.558000 0.036000
2676.622750 12.510000 0.033000
2678.608120 12.182000 0.030000
2680.610770 12.052000 0.032000
2685.589620 12.463000 0.036000
2689.597110 12.205000 0.036000
2691.591070 12.101000 0.038000
2693.595800 12.704000 0.045000
2695.591220 12.638000 0.029000
2697.591740 12.466000 0.041000
2699.587600 12.385000 0.037000
2701.585470 12.132000 0.029000
2703.581150 12.334000 0.033000
2705.573120 12.489000 0.029000
2707.571130 12.486000 0.029000
2713.512140 12.520000 0.039000
2715.516670 12.582000 0.034000
2718.514240 12.319000 0.031000
2721.509550 12.202000 0.030000
2723.516090 12.117000 0.030000
2725.515180 12.663000 0.036000
2727.510890 12.484000 0.035000
2729.511060 12.479000 0.039000
2733.498480 11.929000 0.042000
2735.498700 12.596000 0.033000
2740.492510 12.392000 0.032000
2742.501890 12.310000 0.030000
2744.517660 12.080000 0.033000
2752.477870 12.336000 0.036000
2755.480170 12.008000 0.032000
2757.479270 12.623000 0.032000
2760.472620 12.491000 0.031000
2896.900670 12.122000 0.037000
2911.888590 12.672000 0.034000
2916.874470 12.394000 0.031000
2926.855570 12.596000 0.037000
2932.852930 12.663000 0.034000
2935.870880 12.527000 0.036000
2943.828880 12.778000 0.032000
2946.813820 12.716000 0.031000
2948.842140 12.412000 0.029000
2958.842750 12.464000 0.034000
2964.786460 12.679000 0.031000
2967.776320 12.473000 0.030000
2970.813420 12.361000 0.032000
2975.753740 12.686000 0.030000
2977.749060 12.592000 0.038000
2979.757730 12.383000 0.031000
2981.764680 12.223000 0.033000
2986.765440 12.780000 0.031000
2989.720780 12.525000 0.030000
2991.750830 12.514000 0.030000
2996.727410 12.622000 0.029000
3001.720830 12.527000 0.028000
3005.752150 12.140000 0.030000
3007.720900 12.586000 0.032000
3013.691910 12.224000 0.033000
3016.697670 12.030000 0.032000
3018.688150 12.705000 0.029000
3025.647360 12.199000 0.030000
3029.649840 12.601000 0.030000
3031.703120 12.549000 0.031000
3033.710970 12.562000 0.030000
3035.663450 12.266000 0.031000
3044.602010 12.340000 0.031000
3046.654330 12.247000 0.032000
3052.602030 12.957000 0.035000
3054.631810 12.512000 0.030000
3056.644280 12.312000 0.033000
3061.628800 12.726000 0.036000
3068.539250 12.091000 0.034000
3070.572140 12.359000 0.032000
3072.618520 12.540000 0.032000
3075.571010 12.435000 0.031000
3077.586360 12.455000 0.031000
3082.587250 12.793000 0.032000
3086.588500 12.570000 0.033000
3089.526420 12.127000 0.032000
3098.493360 12.166000 0.033000
3100.534610 12.184000 0.034000
3103.502400 12.511000 0.030000
3108.490860 12.391000 0.030000
3110.504380 12.259000 0.031000
3113.484300 12.581000 0.034000
3124.476340 12.475000 0.033000
3128.463070 12.632000 0.034000
3132.458970 12.100000 0.034000
3717.706790 11.937000 0.035000
3726.676690 12.200000 0.040000
3758.617580 12.190000 0.037000
2660.663800 12.294000 0.055000
3059.585430 12.428000 0.042000
3383.638000 12.206000 0.044000
3415.543630 12.663000 0.052000
3450.534200 12.633000 0.057000
3453.529710 12.453000 0.054000
3460.501890 12.635000 0.040000
3465.496210 12.411000 0.054000
3468.537590 12.140000 0.047000
3471.500100 12.624000 0.039000
3794.602260 12.309000 0.044000
3865.455860 12.216000 0.058000
3387.732730 12.668000 0.032000
2621.844480 12.786000 0.028000
2623.764420 12.439000 0.024000
2625.747850 12.291000 0.027000
2631.790620 12.758000 0.027000
2637.720710 12.179000 0.025000
2639.717330 12.405000 0.023000
2641.720370 12.694000 0.027000
2645.713920 12.466000 0.031000
2652.693160 12.598000 0.025000
2654.687600 12.612000 0.030000
2662.681880 12.752000 0.029000
2668.676330 12.349000 0.039000
2670.669490 12.131000 0.040000
2672.670150 12.761000 0.037000
2676.644090 12.597000 0.028000
2678.629460 12.339000 0.035000
2680.632150 12.108000 0.030000
2688.605060 12.410000 0.034000
2690.603870 12.240000 0.030000
2692.601100 12.266000 0.037000
2694.600620 12.720000 0.033000
2698.592640 12.690000 0.035000
2700.594500 12.209000 0.034000
2702.586240 12.036000 0.029000
2704.574830 12.670000 0.037000
2706.556570 12.391000 0.027000
2713.536410 12.276000 0.031000
2715.534020 12.608000 0.030000
2718.529090 12.588000 0.026000
2721.521940 12.255000 0.039000
2725.525220 12.717000 0.031000
2727.520920 12.668000 0.028000
2729.521110 12.496000 0.027000
2733.508570 12.084000 0.026000
2741.483530 12.448000 0.032000
2743.497210 12.302000 0.031000
2751.525630 12.493000 0.027000
2754.526110 12.339000 0.027000
2757.472970 12.564000 0.030000
2760.466290 12.545000 0.027000
2923.856700 12.567000 0.038000
2927.850690 12.475000 0.039000
2940.857550 12.267000 0.032000
2943.860430 12.699000 0.032000
2946.848090 12.617000 0.036000
2949.857340 12.496000 0.026000
2963.811210 12.098000 0.027000
2975.775770 12.798000 0.028000
2979.779430 12.561000 0.032000
2981.795810 12.338000 0.032000
2986.790910 12.871000 0.027000
2989.738500 12.535000 0.032000
2991.785430 12.466000 0.027000
2994.732790 12.041000 0.029000
2996.771750 12.311000 0.027000
2998.769220 12.735000 0.030000
3001.743760 12.484000 0.027000
3008.718580 12.688000 0.029000
3013.747750 12.553000 0.033000
3016.727800 12.085000 0.028000
3018.725940 12.736000 0.028000
3025.657780 12.144000 0.028000
3031.713930 12.631000 0.030000
3033.716000 12.367000 0.029000
3035.733820 12.472000 0.028000
3044.612220 12.440000 0.030000
3046.670720 12.334000 0.031000
3047.548360 12.328000 0.034000
3047.601170 12.043000 0.036000
3049.645520 12.230000 0.030000
3052.612690 12.698000 0.035000
3054.640280 12.491000 0.029000
3056.692180 12.449000 0.026000
3059.593900 12.234000 0.036000
3061.642720 12.763000 0.035000
3064.572100 12.564000 0.027000
3068.571710 12.327000 0.032000
3070.602190 12.107000 0.031000
3072.634600 12.635000 0.031000
3075.582010 12.444000 0.030000
3077.603110 12.495000 0.028000
3081.621450 12.135000 0.031000
3086.560510 12.540000 0.033000
3088.577690 12.495000 0.033000
3090.581770 12.423000 0.035000
3096.591460 12.556000 0.030000
3099.519510 12.328000 0.032000
3101.556490 12.059000 0.030000
3103.563040 12.262000 0.029000
3106.512740 12.555000 0.028000
3108.527910 12.338000 0.029000
3110.534000 12.357000 0.029000
3112.545870 12.098000 0.030000
3116.485950 12.467000 0.031000
3123.490990 12.051000 0.030000
3126.491860 12.746000 0.031000
3132.472480 12.100000 0.032000
3356.716900 12.487000 0.030000
3362.704490 12.215000 0.033000
3383.667370 12.229000 0.036000
3385.745130 12.233000 0.037000
3396.706510 12.575000 0.038000
3411.667190 12.467000 0.029000
3416.556250 12.678000 0.033000
3425.650260 12.280000 0.041000
3427.660470 12.022000 0.036000
3433.639980 12.431000 0.030000
3436.649440 12.440000 0.037000
3439.640250 12.524000 0.031000
3442.641410 12.609000 0.034000
3460.543140 12.613000 0.031000
3491.493860 12.217000 0.035000
3499.472480 12.344000 0.035000
3653.880200 12.176000 0.036000
3657.870370 12.601000 0.030000
3661.876600 12.350000 0.036000
3671.842180 12.504000 0.034000
3675.833310 12.079000 0.029000
3680.839810 12.582000 0.030000
3700.775930 12.617000 0.034000
3703.765890 12.477000 0.030000
3712.759770 12.529000 0.030000
3715.737950 12.200000 0.034000
3718.727860 12.028000 0.032000
3724.706270 12.545000 0.030000
3726.805350 12.483000 0.034000
3733.778130 12.655000 0.031000
3736.777810 12.594000 0.036000
3739.667600 12.113000 0.031000
3741.761230 12.117000 0.034000
3744.682130 12.454000 0.038000
3751.737640 11.997000 0.037000
3754.646390 12.515000 0.031000
3756.719540 12.610000 0.032000
3759.637830 12.157000 0.032000
3762.629060 12.766000 0.033000
3764.703950 12.704000 0.038000
3767.615130 12.510000 0.038000
3780.709040 12.582000 0.037000
3796.605050 12.562000 0.034000
4106.759210 12.266000 0.033000
4109.815490 12.009000 0.036000
4128.606230 12.278000 0.030000
4139.732330 12.309000 0.037000
4142.583120 12.539000 0.028000
4144.662740 12.572000 0.032000
4146.695210 12.570000 0.036000
4152.645790 12.753000 0.031000
4154.680860 12.595000 0.033000
4164.629270 12.614000 0.040000
4172.632320 12.093000 0.038000
4175.565490 12.596000 0.034000
4181.599390 12.137000 0.043000
4189.567960 12.364000 0.038000
4197.545600 12.575000 0.036000
4380.886090 12.685000 0.035000
4384.878830 12.498000 0.040000
4402.853060 12.608000 0.033000
4407.848310 12.409000 0.035000
4410.825780 12.084000 0.037000
4421.798150 12.280000 0.039000
4425.795120 12.497000 0.035000
4428.776730 12.307000 0.040000
4437.758730 12.518000 0.031000
4440.746950 12.191000 0.034000
4443.767710 12.315000 0.035000
4457.724010 12.496000 0.033000
4461.751910 12.291000 0.032000
4464.709910 12.330000 0.032000
4467.699200 12.650000 0.038000
4479.659770 12.540000 0.035000
4482.692390 12.374000 0.035000
4490.699550 12.574000 0.035000
4492.717470 12.516000 0.038000
4503.711380 12.432000 0.042000
4516.599660 12.078000 0.038000
4518.649940 12.232000 0.034000
4520.678560 12.807000 0.038000
4522.671640 12.634000 0.038000
4525.572360 12.291000 0.037000
4527.607500 12.030000 0.040000
4529.653430 12.109000 0.038000
4532.596770 12.572000 0.040000
4536.533970 12.148000 0.034000
4538.597680 12.063000 0.034000
4543.522950 12.663000 0.040000
4547.576590 12.370000 0.040000
4554.590410 12.585000 0.037000
4560.513330 12.324000 0.041000
4570.478670 12.158000 0.035000
4572.538930 12.457000 0.037000
4575.508330 12.641000 0.037000
4580.500220 12.173000 0.036000
4586.477620 12.604000 0.035000
4589.488660 12.316000 0.038000
4592.478720 12.117000 0.040000
4602.466470 12.180000 0.037000
4753.862840 12.420000 0.033000
4757.861690 12.360000 0.040000
4762.858070 12.432000 0.032000
4766.868460 12.084000 0.032000
4770.839160 12.654000 0.034000
4774.839150 12.324000 0.032000
4778.830510 12.274000 0.031000
4782.841880 12.565000 0.034000
4792.809870 12.661000 0.030000
4795.803330 12.634000 0.032000
4798.805140 12.141000 0.032000
4801.787680 12.691000 0.030000
4804.779750 12.497000 0.032000
4807.777270 12.335000 0.030000
4810.765330 12.279000 0.039000
4816.780240 12.477000 0.037000
4819.764150 12.244000 0.030000
4822.738850 12.683000 0.029000
4825.727660 12.562000 0.033000
4828.719930 12.306000 0.034000
4831.707230 12.276000 0.034000
4836.802770 12.636000 0.034000
4839.690340 12.347000 0.035000
4843.711090 12.686000 0.035000
4846.689720 12.539000 0.040000
4848.793390 12.578000 0.042000
4851.679960 12.175000 0.038000
4861.637820 12.323000 0.038000
4863.695410 12.017000 0.030000
4871.632120 12.208000 0.038000
4877.606860 12.594000 0.034000
4886.559990 12.713000 0.037000
4893.652180 12.362000 0.040000
4907.619040 12.203000 0.041000
5125.870650 12.677000 0.041000
5131.853720 12.296000 0.039000
5146.851160 12.327000 0.039000
5155.834400 12.101000 0.038000
5159.780600 12.507000 0.039000
2658.687310 12.250000 0.046000
2664.673180 12.636000 0.048000
2674.657880 12.696000 0.053000
2686.609800 12.433000 0.049000
2745.512250 12.221000 0.051000
2912.886790 12.724000 0.051000
2918.878270 12.203000 0.042000
2954.835620 12.682000 0.059000
2960.812280 12.559000 0.049000
3389.786700 12.515000 0.057000
3398.764030 12.692000 0.046000
3404.686760 12.211000 0.036000
3406.692530 12.146000 0.051000
3408.705390 12.710000 0.048000
3413.713720 12.485000 0.047000
3431.648290 12.617000 0.051000
3444.630930 12.664000 0.052000
3453.611160 12.505000 0.047000
3456.532940 12.319000 0.043000
3458.534090 12.209000 0.040000
3462.569090 12.678000 0.043000
3465.519600 12.443000 0.049000
3468.554740 12.134000 0.040000
3470.564300 12.197000 0.042000
3478.480610 12.126000 0.045000
3480.538890 12.108000 0.047000
3483.494610 12.533000 0.041000
3730.709320 12.508000 0.050000
3769.694650 12.390000 0.057000
3771.743770 12.397000 0.044000
3778.656860 12.439000 0.052000
3788.688740 12.639000 0.041000
3791.627390 12.315000 0.054000
3793.672640 12.206000 0.042000
3798.674300 12.712000 0.047000
3800.659310 12.566000 0.051000
3805.584900 12.340000 0.049000
3808.611510 12.746000 0.041000
3810.612020 12.724000 0.044000
3812.619020 12.344000 0.041000
3814.621350 12.181000 0.047000
3817.552540 12.777000 0.048000
3819.587980 12.594000 0.053000
3822.551280 12.441000 0.049000
3824.586220 12.332000 0.044000
3826.584580 12.100000 0.039000
3833.503450 12.432000 0.050000
3835.522160 12.104000 0.045000
3850.477960 12.643000 0.051000
3852.500730 12.568000 0.041000
3860.478280 12.603000 0.042000
3862.485130 12.620000 0.043000
3865.477050 12.301000 0.045000
3869.463110 12.356000 0.050000
4125.774780 12.571000 0.045000
4133.688610 12.650000 0.054000
4135.702370 13.199000 0.049000
4137.703260 12.465000 0.044000
4150.636450 12.087000 0.039000
4160.614640 12.059000 0.056000
4179.558300 12.401000 0.041000
4191.574350 12.187000 0.041000
4193.577920 11.999000 0.043000
4200.550400 12.442000 0.041000
4204.509050 12.431000 0.040000
4229.469400 12.512000 0.041000
4231.475250 12.528000 0.039000
4235.457950 12.117000 0.043000
4470.699600 12.476000 0.041000
4473.749170 12.219000 0.043000
4476.755780 12.185000 0.051000
4488.682370 12.611000 0.051000
4494.736740 12.733000 0.040000
4498.693040 12.798000 0.057000
4501.634210 12.560000 0.040000
4506.624100 12.103000 0.043000
4508.710030 12.205000 0.044000
4510.665990 12.605000 0.050000
4552.567890 12.812000 0.040000
4557.524010 12.253000 0.039000
4562.559330 12.697000 0.044000
4565.492380 12.421000 0.042000
4857.671150 12.488000 0.037000
4866.677350 12.792000 0.043000
4880.612760 12.448000 0.040000
4882.683290 12.462000 0.048000
4888.676330 12.788000 0.050000
4891.589670 12.563000 0.053000
4901.644670 12.546000 0.046000
4905.575470 12.078000 0.050000
4911.585150 12.745000 0.056000
4916.528280 12.085000 0.050000
4919.516970 12.598000 0.045000
4929.571520 12.566000 0.051000
4936.515130 12.308000 0.052000
4939.499980 12.708000 0.051000
4967.460830 12.207000 0.053000
5166.778920 12.034000 0.047000
4162.614760 29.999000 0.049000
