2489.921640 13.456000 0.054000
2178.622420 14.313000 0.049000
2230.533870 13.592000 0.043000
3629.680990 13.475000 0.048000
3894.881040 13.623000 0.045000
4331.778710 14.187000 0.042000
4753.666740 13.625000 0.041000
1878.537920 13.822000 0.065000
1900.585570 12.854000 0.056000
2156.669850 13.513000 0.066000
2164.667970 14.009000 0.060000
2167.647380 14.077000 0.052000
2168.666030 13.849000 0.063000
2169.681950 13.352000 0.047000
2172.652010 13.715000 0.059000
2173.642770 13.262000 0.048000
2175.634850 13.980000 0.061000
2183.579000 13.715000 0.055000
2184.613300 14.114000 0.047000
2185.624070 13.482000 0.050000
2186.659010 13.094000 0.048000
2188.641570 14.072000 0.046000
2190.569710 14.137000 0.059000
2191.630500 13.793000 0.050000
2192.609480 13.973000 0.054000
2193.612810 13.573000 0.054000
2194.608400 13.308000 0.054000
2195.601460 14.053000 0.045000
2196.602750 13.989000 0.046000
2197.604730 13.644000 0.055000
2198.608120 12.937000 0.047000
2199.597450 14.136000 0.055000
2201.586230 13.617000 0.051000
2202.609390 12.966000 0.043000
2203.585540 14.107000 0.048000
2204.579010 14.057000 0.053000
2206.573160 12.951000 0.040000
2213.556060 13.625000 0.047000
2214.573510 13.280000 0.046000
2217.571020 13.833000 0.046000
2221.538110 13.754000 0.046000
2222.574670 13.269000 0.047000
2226.536200 13.156000 0.045000
2228.532760 13.857000 0.043000
2233.529130 14.100000 0.044000
2234.559570 13.311000 0.046000
2239.547700 12.919000 0.051000
2243.565700 13.014000 0.050000
3356.586570 12.939000 0.061000
3359.589840 13.379000 0.060000
3389.566250 13.118000 0.058000
3397.539800 13.073000 0.049000
3551.929130 13.807000 0.054000
3561.839710 14.021000 0.059000
3568.885980 13.623000 0.052000
3578.829660 13.734000 0.049000
3582.844630 13.961000 0.058000
3592.830670 13.857000 0.049000
3599.842060 13.739000 0.043000
3601.817080 13.446000 0.048000
3633.718860 13.497000 0.046000
3638.823100 13.402000 0.037000
3641.718840 13.865000 0.047000
3643.806970 13.006000 0.055000
3647.636980 13.835000 0.045000
3654.646780 13.154000 0.054000
3656.620400 13.585000 0.052000
3658.645040 13.228000 0.052000
3662.694100 13.378000 0.054000
3664.727440 13.667000 0.052000
3670.652500 13.392000 0.042000
3677.707760 14.179000 0.057000
3700.575920 13.822000 0.067000
3702.706590 13.731000 0.045000
3705.605290 14.167000 0.047000
3707.684170 13.657000 0.044000
3711.686140 13.686000 0.062000
3713.626260 14.079000 0.071000
3720.652490 13.207000 0.064000
3728.622340 13.136000 0.057000
3731.642400 13.653000 0.055000
3735.575810 13.748000 0.051000
3738.545120 13.655000 0.054000
3740.592840 13.509000 0.060000
3743.592930 13.862000 0.059000
3753.564430 13.367000 0.055000
3759.548050 13.834000 0.057000
3762.550080 14.085000 0.065000
3765.543460 13.093000 0.058000
3862.904320 13.322000 0.051000
3865.919690 13.865000 0.052000
3871.905460 13.090000 0.057000
3887.937520 13.377000 0.054000
3891.869850 13.226000 0.048000
3898.865170 13.610000 0.051000
3904.885830 13.098000 0.065000
3907.908200 13.835000 0.055000
3912.918440 13.286000 0.062000
4084.555850 13.624000 0.065000
4104.611510 13.446000 0.048000
4107.553400 13.753000 0.068000
4125.556620 13.206000 0.051000
4128.544490 13.739000 0.054000
4131.545920 13.851000 0.065000
4134.548640 13.830000 0.064000
4137.539830 13.237000 0.060000
4140.530160 13.706000 0.053000
4143.523010 14.152000 0.064000
4228.915880 13.886000 0.048000
4231.909560 12.902000 0.062000
4235.894380 12.975000 0.047000
4247.882420 13.302000 0.039000
4255.860770 13.357000 0.040000
4268.899540 13.056000 0.042000
4273.837320 13.565000 0.044000
4292.893070 13.686000 0.070000
4295.817110 13.589000 0.051000
4297.894500 13.017000 0.057000
4300.809070 13.332000 0.053000
4304.797700 13.600000 0.038000
4316.739610 13.227000 0.040000
4319.810430 14.041000 0.037000
4333.739570 13.221000 0.038000
4343.752720 13.704000 0.056000
4345.757460 13.387000 0.062000
4349.782750 13.727000 0.048000
4352.745120 13.898000 0.040000
4354.727730 13.258000 0.042000
4361.762050 13.666000 0.036000
4363.696830 13.901000 0.039000
4365.671390 13.480000 0.050000
4369.718380 13.554000 0.039000
4373.753210 13.909000 0.064000
4379.588730 14.016000 0.038000
4381.650900 13.702000 0.044000
4383.677060 14.139000 0.053000
4385.697050 14.133000 0.038000
4398.735310 13.600000 0.072000
4403.740240 13.213000 0.053000
4407.735020 13.290000 0.046000
4410.611800 13.237000 0.044000
4419.618300 12.998000 0.049000
4422.590850 13.571000 0.043000
4430.630110 13.859000 0.048000
4432.680370 13.028000 0.043000
4437.579070 13.874000 0.043000
4442.649760 13.891000 0.073000
4455.636840 13.567000 0.066000
4458.609450 13.626000 0.047000
4461.598990 14.191000 0.040000
4463.647740 13.735000 0.049000
4473.593620 13.446000 0.055000
4476.588870 13.476000 0.047000
4479.566760 13.833000 0.051000
4489.549090 13.163000 0.049000
4492.545130 13.788000 0.044000
4499.539450 14.034000 0.049000
4505.537740 13.148000 0.052000
4587.902770 13.974000 0.049000
4591.894380 13.571000 0.057000
4602.906440 13.523000 0.048000
4609.917670 13.773000 0.043000
4622.870600 13.827000 0.053000
4628.878730 13.262000 0.039000
4631.872910 13.501000 0.040000
4639.849470 13.335000 0.044000
4648.861090 13.224000 0.050000
4651.851910 13.795000 0.050000
4664.821230 13.553000 0.042000
4672.817000 13.571000 0.062000
4675.823560 14.260000 0.054000
4681.800420 13.230000 0.058000
4683.857270 13.976000 0.062000
4702.835510 13.035000 0.040000
4721.613850 13.073000 0.043000
4726.760370 13.406000 0.042000
4729.705780 13.704000 0.043000
4736.634920 14.094000 0.041000
4746.682440 13.265000 0.055000
4748.658060 13.822000 0.051000
4755.711110 13.113000 0.060000
4757.797010 13.936000 0.075000
4760.619290 13.937000 0.041000
4762.734830 13.884000 0.071000
4765.618800 13.789000 0.042000
4767.715310 13.113000 0.066000
4770.599930 13.386000 0.040000
4772.674930 13.679000 0.046000
4774.630150 13.536000 0.050000
4776.657760 13.809000 0.043000
4778.619360 13.761000 0.049000
4797.642330 14.099000 0.054000
4802.591370 13.728000 0.047000
4804.614320 13.232000 0.048000
4806.680260 13.591000 0.069000
4809.583110 13.694000 0.049000
4814.644270 13.857000 0.073000
4817.600300 13.806000 0.055000
4820.622190 13.076000 0.059000
4823.615970 14.246000 0.064000
4826.611370 14.529000 0.069000
4846.577110 14.376000 0.062000
4849.570210 12.881000 0.061000
4852.568130 13.492000 0.053000
4856.543530 13.628000 0.053000
4859.566280 14.109000 0.056000
4867.546350 13.901000 0.057000
4875.525110 14.050000 0.075000
4975.885900 13.292000 0.050000
5049.806230 13.499000 0.046000
5085.817230 14.124000 0.053000
5092.763040 13.973000 0.046000
1880.527730 13.816000 0.079000
2177.610920 13.208000 0.064000
3715.656770 13.965000 0.063000
3749.584640 13.060000 0.057000
3775.530230 13.518000 0.059000
3778.523320 13.814000 0.064000
3850.921490 13.361000 0.087000
4341.745640 13.100000 0.048000
4708.735440 13.813000 0.080000
4834.623980 13.897000 0.081000
4837.583270 13.763000 0.078000
5013.860230 13.881000 0.064000
5024.843310 13.692000 0.053000
5070.798070 13.300000 0.055000
5131.770690 13.544000 0.069000
5135.775820 13.494000 0.072000
5145.632130 13.818000 0.046000
2136.731540 29.999000 0.072000
2174.641130 29.999000 0.066000
2215.580100 29.999000 0.048000
2216.578160 29.999000 0.039000
2248.532350 29.999000 0.045000
2252.575960 29.999000 0.048000
2254.572040 29.999000 0.053000
2256.568630 29.999000 0.054000
3529.869590 29.999000 0.080000
3554.890910 29.999000 0.057000
3615.825970 29.999000 0.051000
3650.592690 29.999000 0.046000
3652.645330 29.999000 0.051000
3660.670510 29.999000 0.047000
3668.612260 29.999000 0.048000
3868.926920 29.999000 0.062000
3901.892730 29.999000 0.051000
4290.842820 29.999000 0.054000
4302.881230 29.999000 0.049000
4306.790280 29.999000 0.039000
4310.810410 29.999000 0.047000
4312.809410 29.999000 0.062000
4339.693860 29.999000 0.044000
4347.756500 29.999000 0.058000
4356.755830 29.999000 0.036000
4359.656390 29.999000 0.039000
4389.701360 29.999000 0.043000
4393.652320 29.999000 0.049000
4413.653710 29.999000 0.036000
4428.569430 29.999000 0.043000
4658.798620 29.999000 0.055000
4662.780930 29.999000 0.056000
4686.750100 29.999000 0.051000
4690.736660 29.999000 0.056000
4696.841430 29.999000 0.038000
4698.791750 29.999000 0.047000
4710.756190 29.999000 0.051000
4731.829440 29.999000 0.046000
4739.670940 29.999000 0.041000
4780.650160 29.999000 0.059000
4786.617580 29.999000 0.041000
4829.594860 29.999000 0.068000
4840.588100 29.999000 0.052000
4843.581260 29.999000 0.053000
2171.646030 29.999000 0.059000
2207.569720 29.999000 0.056000
2224.562980 29.999000 0.042000
2236.528270 29.999000 0.052000
2241.555950 29.999000 0.045000
3517.920200 29.999000 0.063000
3631.700520 29.999000 0.050000
3672.739020 29.999000 0.063000
3675.590930 29.999000 0.047000
3718.571130 29.999000 0.062000
3726.564960 29.999000 0.054000
3756.556980 29.999000 0.048000
3771.537310 29.999000 0.052000
3880.911220 29.999000 0.048000
4329.806740 29.999000 0.050000
4371.740640 29.999000 0.068000
4453.569480 29.999000 0.049000
4469.593880 29.999000 0.043000
4502.539640 29.999000 0.065000
4510.519280 29.999000 0.059000
4572.921320 29.999000 0.046000
4576.915030 29.999000 0.048000
4617.876830 29.999000 0.046000
4645.870910 29.999000 0.048000
4666.806610 29.999000 0.038000
4715.746460 29.999000 0.046000
4724.699790 29.999000 0.047000
4863.539530 29.999000 0.063000
4871.530360 29.999000 0.053000
4966.891280 29.999000 0.052000
4985.851200 29.999000 0.053000
5022.851610 29.999000 0.048000
5031.879150 29.999000 0.043000
5040.833460 29.999000 0.047000
5042.810010 29.999000 0.047000
5055.888160 29.999000 0.050000
5088.646440 29.999000 0.044000
5097.705780 29.999000 0.045000
5099.701450 29.999000 0.050000
5118.728150 29.999000 0.050000
5124.766370 29.999000 0.046000
5141.768150 29.999000 0.046000
3593.937320 13.513000 0.040000
2178.671020 13.344000 0.037000
2193.660100 13.742000 0.037000
2194.646820 13.089000 0.042000
2195.648860 13.798000 0.050000
2207.619470 14.217000 0.047000
2213.576920 13.446000 0.049000
2224.590310 13.927000 0.044000
2227.596110 13.152000 0.037000
2243.552620 13.000000 0.045000
2247.557870 13.017000 0.044000
2249.597830 14.212000 0.043000
2253.565520 13.994000 0.047000
3593.751530 13.121000 0.044000
3593.774900 12.873000 0.043000
3593.794090 13.152000 0.043000
3593.843380 13.408000 0.043000
3593.864140 13.545000 0.056000
3593.877270 13.479000 0.043000
3593.897200 13.567000 0.048000
3593.917210 13.586000 0.037000
3593.927320 13.423000 0.041000
3594.679150 13.953000 0.048000
3594.715100 14.179000 0.045000
3594.744140 14.388000 0.051000
3594.798230 13.904000 0.049000
3594.826520 13.945000 0.055000
3594.829020 13.743000 0.045000
3594.839390 13.977000 0.050000
3594.906420 12.929000 0.067000
3594.913900 13.021000 0.072000
3597.827920 13.364000 0.049000
3607.633240 13.915000 0.054000
3607.640750 13.878000 0.045000
3607.649200 13.801000 0.058000
3607.688680 13.805000 0.046000
3607.765980 13.659000 0.048000
3608.622300 13.213000 0.067000
3608.655440 13.422000 0.055000
3608.670450 13.435000 0.051000
3608.677910 13.486000 0.053000
3608.686190 13.392000 0.048000
3608.693630 13.494000 0.046000
3608.721120 13.735000 0.045000
3608.723610 13.688000 0.046000
3608.773750 13.752000 0.070000
3608.783770 13.768000 0.050000
3608.887610 13.890000 0.073000
3608.911670 14.019000 0.073000
3608.924280 13.907000 0.072000
3610.817790 12.949000 0.055000
3614.756810 13.925000 0.062000
3614.764280 14.062000 0.067000
3615.675440 13.779000 0.051000
3757.628450 13.326000 0.039000
3771.581540 13.686000 0.036000
3877.902430 14.210000 0.062000
4103.618810 13.791000 0.071000
4111.657310 14.297000 0.040000
4147.543830 13.921000 0.035000
4166.515490 13.045000 0.048000
4296.879240 13.624000 0.048000
4372.732680 14.204000 0.041000
4388.698490 14.152000 0.037000
4454.627140 13.554000 0.054000
4459.613940 13.644000 0.039000
4644.854100 13.108000 0.045000
4684.783790 13.957000 0.041000
4761.788620 13.999000 0.043000
4779.727160 13.269000 0.073000
4805.678590 14.036000 0.043000
5049.869830 13.264000 0.047000
5111.649340 13.538000 0.044000
1878.536030 13.656000 0.070000
1880.530540 13.946000 0.055000
1900.556660 13.332000 0.053000
2156.692410 13.458000 0.054000
2164.709390 13.655000 0.045000
2167.689930 14.121000 0.052000
2168.704150 13.856000 0.052000
2169.715660 13.425000 0.040000
2171.719300 14.195000 0.044000
2173.688440 13.441000 0.045000
2174.690550 13.305000 0.046000
2177.660440 13.344000 0.043000
2180.594680 13.642000 0.048000
2183.620610 14.112000 0.053000
2184.640310 13.994000 0.045000
2185.655690 13.590000 0.043000
2186.688380 13.033000 0.043000
2189.711160 13.667000 0.041000
2190.656700 12.939000 0.038000
2192.654630 14.064000 0.043000
2196.654690 14.258000 0.050000
2197.649800 13.758000 0.036000
2198.639710 12.992000 0.040000
2199.640340 13.849000 0.041000
2201.626890 13.511000 0.040000
2203.626140 14.046000 0.038000
2204.626320 13.836000 0.038000
2206.620700 13.287000 0.038000
2208.656790 14.043000 0.039000
2211.597920 14.043000 0.041000
2214.609800 13.339000 0.039000
2216.614420 13.956000 0.038000
2217.616340 13.945000 0.037000
2222.604270 13.553000 0.037000
2225.601500 13.882000 0.037000
2226.597740 13.538000 0.039000
2228.593140 13.921000 0.038000
2229.590710 13.655000 0.039000
2230.588540 13.560000 0.037000
2232.581210 13.714000 0.038000
2233.584060 13.928000 0.040000
2234.566840 13.651000 0.038000
2235.568720 12.950000 0.038000
2239.566400 13.029000 0.044000
2251.592800 13.512000 0.046000
2255.581700 13.344000 0.043000
3362.672390 13.954000 0.055000
3366.646810 13.885000 0.047000
3386.617370 13.913000 0.059000
3389.581010 13.110000 0.043000
3511.931520 13.396000 0.052000
3544.898210 13.424000 0.050000
3552.871990 13.120000 0.055000
3556.869330 13.220000 0.040000
3560.859910 13.343000 0.058000
3563.875710 13.789000 0.046000
3568.934350 13.690000 0.048000
3571.855340 14.128000 0.044000
3577.847220 13.046000 0.048000
3584.831170 13.676000 0.058000
3587.814030 13.779000 0.053000
3590.813590 13.931000 0.056000
3590.820540 13.818000 0.056000
3593.632590 13.761000 0.042000
3593.640040 13.861000 0.048000
3593.642540 14.036000 0.049000
3593.645060 14.160000 0.043000
3593.648440 14.059000 0.050000
3593.655920 13.617000 0.045000
3593.659270 13.959000 0.046000
3593.661650 13.909000 0.048000
3593.746530 13.048000 0.047000
3593.749030 13.034000 0.038000
3593.754040 12.896000 0.040000
3593.756560 13.042000 0.039000
3593.759060 12.929000 0.042000
3593.761560 12.878000 0.052000
3593.764100 13.007000 0.042000
3593.766600 12.955000 0.043000
3593.769100 13.017000 0.041000
3593.772420 13.033000 0.046000
3593.777430 13.222000 0.040000
3593.779900 12.936000 0.047000
3593.782410 12.884000 0.044000
3593.785710 13.098000 0.041000
3593.788220 13.180000 0.040000
3593.790710 13.055000 0.042000
3593.796470 13.145000 0.041000
3593.798910 13.085000 0.041000
3593.802340 13.129000 0.040000
3593.805620 13.370000 0.038000
3593.807990 13.186000 0.042000
3593.810490 13.302000 0.037000
3593.813870 13.146000 0.038000
3593.817120 13.214000 0.038000
3593.820380 13.144000 0.039000
3593.823640 13.243000 0.036000
3593.826020 13.084000 0.036000
3593.829380 13.197000 0.035000
3593.832630 13.363000 0.037000
3593.838400 13.419000 0.038000
3593.840950 13.303000 0.039000
3593.848430 13.451000 0.038000
3593.850930 13.275000 0.048000
3593.854270 13.341000 0.037000
3593.856660 13.338000 0.048000
3593.859190 13.361000 0.059000
3593.861690 13.291000 0.051000
3593.866630 13.540000 0.048000
3593.869900 13.476000 0.046000
3593.872300 13.322000 0.052000
3593.874790 13.519000 0.045000
3593.879750 13.361000 0.047000
3593.882260 13.372000 0.043000
3593.887270 13.565000 0.040000
3593.892280 13.353000 0.043000
3593.899730 13.395000 0.041000
3593.902250 13.359000 0.037000
3593.904720 13.460000 0.039000
3593.909720 13.700000 0.039000
3593.914710 13.729000 0.043000
3593.922280 13.525000 0.044000
3593.924840 13.312000 0.046000
3593.934840 13.563000 0.040000
3594.634980 13.718000 0.074000
3594.637510 13.683000 0.065000
3594.643250 13.877000 0.063000
3594.645740 13.852000 0.062000
3594.648260 13.752000 0.069000
3594.650740 13.670000 0.047000
3594.655790 14.039000 0.061000
3594.661690 13.847000 0.048000
3594.666590 13.812000 0.060000
3594.669090 13.983000 0.074000
3594.671590 13.919000 0.055000
3594.674090 14.377000 0.062000
3594.681650 14.531000 0.073000
3594.686650 14.035000 0.057000
3594.694180 13.901000 0.049000
3594.696700 13.933000 0.060000
3594.699210 13.884000 0.055000
3594.704360 13.971000 0.042000
3594.706870 14.093000 0.051000
3594.712600 14.239000 0.053000
3594.717600 14.323000 0.054000
3594.720120 13.911000 0.056000
3594.725900 13.783000 0.062000
3594.729150 13.753000 0.056000
3594.731640 13.728000 0.052000
3594.734120 14.162000 0.056000
3594.736630 14.109000 0.046000
3594.739130 14.487000 0.046000
3594.741640 14.341000 0.045000
3594.746640 14.016000 0.046000
3594.749140 13.792000 0.052000
3594.751670 14.080000 0.049000
3594.754180 14.341000 0.047000
3594.757450 14.000000 0.048000
3594.766120 13.692000 0.061000
3594.771040 14.006000 0.048000
3594.773560 14.157000 0.059000
3594.778540 13.889000 0.054000
3594.781020 13.919000 0.056000
3594.784310 14.250000 0.056000
3594.786740 13.648000 0.052000
3594.789270 13.806000 0.050000
3594.795860 13.924000 0.052000
3594.800730 13.970000 0.055000
3594.803250 13.894000 0.050000
3594.805760 13.801000 0.050000
3594.808250 14.261000 0.049000
3594.815820 14.163000 0.047000
3594.818330 13.818000 0.050000
3594.824020 13.790000 0.065000
3594.842810 14.149000 0.055000
3594.845180 14.047000 0.054000
3594.847700 13.980000 0.046000
3594.853470 14.055000 0.046000
3594.858490 13.610000 0.057000
3594.863520 13.397000 0.054000
3594.893810 12.951000 0.074000
3594.903890 12.916000 0.072000
3594.916410 13.212000 0.075000
3594.918920 13.159000 0.075000
3594.921490 13.000000 0.061000
3594.924700 12.904000 0.075000
3594.927200 13.080000 0.063000
3594.929710 13.140000 0.071000
3594.932210 12.956000 0.057000
3606.692350 13.848000 0.040000
3606.694820 13.754000 0.037000
3606.697310 13.753000 0.038000
3607.595970 13.586000 0.052000
3607.598420 13.714000 0.063000
3607.600900 13.798000 0.049000
3607.603440 13.976000 0.050000
3607.609950 13.847000 0.054000
3607.612450 13.936000 0.053000
3607.615730 13.872000 0.055000
3607.618230 13.561000 0.059000
3607.623230 13.722000 0.058000
3607.625740 13.918000 0.057000
3607.628250 13.921000 0.050000
3607.630720 13.912000 0.051000
3607.635770 13.972000 0.054000
3607.638270 13.839000 0.053000
3607.643250 13.699000 0.047000
3607.645740 13.885000 0.044000
3607.652370 13.908000 0.051000
3607.658010 13.904000 0.045000
3607.660510 14.098000 0.046000
3607.662970 14.447000 0.045000
3607.666310 13.870000 0.053000
3607.668680 13.982000 0.045000
3607.676220 13.846000 0.046000
3607.678660 13.713000 0.046000
3607.681170 13.761000 0.043000
3607.686170 13.792000 0.041000
3607.691180 13.884000 0.042000
3607.693690 13.941000 0.045000
3607.698690 13.759000 0.050000
3607.701170 13.922000 0.043000
3607.703650 14.070000 0.045000
3607.718690 13.754000 0.041000
3607.721180 13.674000 0.045000
3607.726940 13.980000 0.046000
3607.737680 13.839000 0.043000
3607.742700 13.693000 0.044000
3607.747760 13.990000 0.047000
3607.758500 14.061000 0.045000
3607.790860 13.687000 0.053000
3607.793340 13.576000 0.056000
3607.795850 14.029000 0.053000
3607.823370 13.866000 0.057000
3607.833330 13.589000 0.049000
3607.846770 13.777000 0.052000
3607.856790 13.770000 0.055000
3607.866790 14.067000 0.055000
3607.884290 13.949000 0.049000
3607.915830 13.954000 0.057000
3607.923330 13.525000 0.063000
3607.925830 13.932000 0.060000
3608.594430 13.248000 0.067000
3608.596970 13.059000 0.061000
3608.599490 13.145000 0.048000
3608.602050 13.190000 0.065000
3608.604590 13.301000 0.066000
3608.607200 13.259000 0.071000
3608.609660 13.336000 0.051000
3608.612090 13.540000 0.068000
3608.617140 13.451000 0.066000
3608.619700 13.136000 0.061000
3608.624760 13.366000 0.044000
3608.627240 13.405000 0.070000
3608.629790 13.458000 0.075000
3608.632260 13.481000 0.073000
3608.634770 13.409000 0.060000
3608.637280 13.536000 0.057000
3608.639800 13.361000 0.057000
3608.642230 13.354000 0.050000
3608.644770 13.414000 0.057000
3608.647240 13.467000 0.059000
3608.650530 13.357000 0.060000
3608.652930 13.625000 0.048000
3608.657950 13.459000 0.048000
3608.660430 13.484000 0.053000
3608.663000 13.474000 0.055000
3608.665500 13.642000 0.053000
3608.667960 13.526000 0.052000
3608.672960 13.528000 0.056000
3608.675470 13.824000 0.059000
3608.681190 13.532000 0.043000
3608.688690 13.346000 0.045000
3608.691130 13.627000 0.049000
3608.696140 13.601000 0.046000
3608.698640 13.634000 0.053000
3608.701080 13.489000 0.049000
3608.706070 13.371000 0.046000
3608.708580 13.498000 0.058000
3608.711110 13.533000 0.050000
3608.713610 13.789000 0.048000
3608.716120 13.810000 0.045000
3608.718620 13.767000 0.045000
3608.728580 13.523000 0.045000
3608.731120 13.849000 0.048000
3608.733630 13.536000 0.049000
3608.736130 13.743000 0.048000
3608.770540 13.711000 0.053000
3608.776280 13.781000 0.059000
3608.778780 13.827000 0.063000
3608.781280 13.628000 0.059000
3608.786260 13.756000 0.057000
3608.788770 13.877000 0.049000
3608.792030 13.675000 0.057000
3608.794530 13.777000 0.052000
3608.797020 13.733000 0.046000
3608.799530 13.936000 0.045000
3608.802070 13.783000 0.070000
3608.804590 13.887000 0.068000
3608.807110 13.707000 0.056000
3608.809590 13.988000 0.064000
3608.812110 13.924000 0.064000
3608.814630 13.822000 0.059000
3608.827170 13.879000 0.050000
3608.829680 13.740000 0.069000
3608.832160 13.721000 0.064000
3608.839760 13.739000 0.058000
3608.842190 13.624000 0.041000
3608.870270 13.684000 0.042000
3608.872700 13.885000 0.063000
3608.875180 13.836000 0.070000
3608.877610 13.823000 0.054000
3608.880110 13.776000 0.059000
3608.885110 13.822000 0.073000
3608.892650 13.896000 0.068000
3608.895920 13.962000 0.060000
3608.898430 13.729000 0.072000
3608.900940 13.879000 0.071000
3608.914180 14.521000 0.072000
3608.919240 13.945000 0.073000
3608.921740 14.081000 0.069000
3610.825400 12.814000 0.056000
3610.827920 13.212000 0.055000
3610.830390 13.133000 0.048000
3610.832930 12.987000 0.053000
3610.835460 13.148000 0.057000
3614.754330 13.828000 0.062000
3614.761780 13.952000 0.067000
3614.907300 13.312000 0.067000
3614.913130 13.370000 0.071000
3614.915650 13.286000 0.067000
3614.918150 13.471000 0.073000
3614.924020 13.689000 0.070000
3615.573070 13.784000 0.057000
3615.577980 14.030000 0.054000
3615.580500 13.784000 0.048000
3615.583020 13.910000 0.060000
3615.585490 13.597000 0.049000
3615.596400 14.009000 0.051000
3615.611250 14.282000 0.053000
3615.618740 14.080000 0.048000
3615.621270 13.819000 0.052000
3615.624570 14.100000 0.045000
3615.627050 13.815000 0.048000
3615.629540 13.607000 0.050000
3615.631980 13.978000 0.044000
3615.637040 13.895000 0.048000
3615.640430 14.163000 0.049000
3615.642810 13.768000 0.050000
3615.645310 13.910000 0.047000
3615.647810 13.637000 0.045000
3615.657850 14.083000 0.049000
3615.670410 13.958000 0.045000
3615.680380 13.636000 0.053000
3615.685320 13.624000 0.052000
3615.707790 13.543000 0.052000
3615.715990 14.099000 0.051000
3618.735780 13.776000 0.060000
3633.788030 14.182000 0.041000
3642.709500 13.180000 0.050000
3648.671170 14.077000 0.045000
3650.724260 13.504000 0.044000
3652.730240 13.451000 0.038000
3654.730770 13.597000 0.038000
3656.688940 13.626000 0.039000
3658.671040 13.448000 0.045000
3662.759450 13.190000 0.038000
3665.605060 13.592000 0.044000
3668.690990 13.881000 0.044000
3670.745460 13.576000 0.032000
3675.646070 13.182000 0.043000
3702.736660 13.728000 0.036000
3705.623410 13.873000 0.055000
3707.698260 13.891000 0.035000
3713.660160 14.061000 0.043000
3720.669510 13.459000 0.065000
3728.636030 13.234000 0.045000
3740.621940 13.609000 0.044000
3746.621850 13.626000 0.052000
3776.586080 13.574000 0.043000
3791.522630 13.874000 0.040000
3794.515680 13.235000 0.046000
3804.505130 13.711000 0.057000
3809.496670 13.716000 0.063000
3866.914810 13.683000 0.071000
3870.911080 13.535000 0.062000
3892.896030 13.269000 0.047000
3902.899680 13.724000 0.050000
3906.870110 14.056000 0.051000
3909.919060 14.230000 0.059000
4089.716890 12.910000 0.046000
4092.624590 13.277000 0.073000
4107.655730 13.959000 0.032000
4125.562930 13.059000 0.039000
4139.544820 13.801000 0.043000
4141.571380 13.505000 0.076000
4153.557750 13.461000 0.041000
4174.497340 12.950000 0.064000
4256.895370 13.498000 0.044000
4273.880210 14.131000 0.043000
4293.876850 13.265000 0.041000
4299.871110 13.835000 0.063000
4301.861780 13.064000 0.048000
4304.807080 13.381000 0.046000
4306.830840 14.239000 0.041000
4310.843500 13.770000 0.041000
4316.776860 13.531000 0.047000
4319.873550 13.682000 0.040000
4329.854310 13.599000 0.039000
4331.826710 13.998000 0.039000
4336.790730 13.915000 0.038000
4341.767370 13.371000 0.040000
4345.807530 13.321000 0.043000
4353.719480 13.319000 0.039000
4355.781620 13.827000 0.037000
4358.711110 13.327000 0.039000
4361.705550 13.640000 0.045000
4363.736900 13.787000 0.036000
4365.736350 13.544000 0.038000
4375.738320 13.890000 0.040000
4380.643250 13.895000 0.043000
4382.706610 13.389000 0.040000
4386.712260 13.370000 0.035000
4403.774990 13.615000 0.055000
4407.763530 13.547000 0.042000
4410.630100 13.640000 0.048000
4421.683520 13.755000 0.040000
4427.641000 13.249000 0.040000
4431.703910 13.539000 0.036000
4433.784840 13.318000 0.037000
4438.738630 14.120000 0.037000
4452.596920 12.998000 0.043000
4464.677810 13.727000 0.036000
4467.608270 13.725000 0.045000
4479.655240 13.652000 0.053000
4482.641410 13.603000 0.043000
4493.583360 13.113000 0.039000
4505.567030 13.245000 0.042000
4518.546420 13.310000 0.034000
4530.525560 12.918000 0.048000
4533.511400 13.761000 0.032000
4537.502260 13.446000 0.039000
4589.928130 13.952000 0.046000
4596.925810 13.886000 0.042000
4600.926770 13.873000 0.053000
4633.854770 13.917000 0.054000
4640.859240 13.143000 0.040000
4650.914790 14.005000 0.049000
4654.856040 13.852000 0.065000
4661.932180 13.296000 0.048000
4664.835690 13.168000 0.043000
4671.897850 14.107000 0.040000
4674.839440 14.122000 0.038000
4681.806780 12.996000 0.046000
4686.866550 13.953000 0.044000
4693.833160 13.358000 0.044000
4697.794780 13.059000 0.045000
4702.766930 13.788000 0.036000
4705.754780 13.458000 0.069000
4708.777170 14.062000 0.043000
4715.796760 14.264000 0.044000
4721.676750 13.125000 0.041000
4726.801730 13.384000 0.041000
4729.747000 13.818000 0.043000
4736.683980 13.732000 0.041000
4747.703920 13.852000 0.043000
4750.637210 13.146000 0.047000
4754.730630 13.637000 0.042000
4757.617010 13.788000 0.044000
4759.685860 13.506000 0.041000
4764.631130 13.787000 0.038000
4769.613230 13.671000 0.043000
4773.700880 13.695000 0.041000
4775.739970 13.403000 0.043000
4777.708170 13.981000 0.056000
4785.584060 13.756000 0.047000
4803.588040 13.778000 0.040000
4807.627330 13.627000 0.036000
4809.696930 13.737000 0.050000
4833.694110 13.007000 0.068000
4836.616720 13.266000 0.071000
4853.603040 13.294000 0.054000
4875.558580 13.808000 0.045000
5008.901850 13.228000 0.064000
5041.797530 13.026000 0.042000
5055.919310 13.817000 0.042000
5074.812900 12.933000 0.047000
5104.699220 13.782000 0.045000
5164.688600 13.113000 0.041000
3614.776750 14.009000 0.068000
3594.908910 12.978000 0.082000
3614.769310 13.559000 0.078000
3614.782650 13.409000 0.076000
3614.882360 13.285000 0.076000
3614.884870 13.292000 0.075000
3614.899840 13.418000 0.072000
2260.574560 13.328000 0.054000
3594.640870 13.618000 0.082000
3594.658310 14.020000 0.080000
3594.896330 12.976000 0.078000
3594.898840 12.963000 0.079000
3594.911420 12.819000 0.078000
3614.751810 14.343000 0.069000
3614.766800 13.818000 0.069000
3614.771800 13.422000 0.075000
3614.774260 13.255000 0.073000
3614.779240 13.506000 0.073000
3614.785030 13.312000 0.073000
3614.869980 13.205000 0.079000
3614.872440 13.105000 0.078000
3614.874910 13.516000 0.079000
3614.877370 13.189000 0.078000
3614.879870 13.268000 0.075000
3614.887360 13.318000 0.074000
3614.889860 13.296000 0.075000
3614.892360 13.239000 0.076000
3614.894850 13.290000 0.078000
3614.897350 13.181000 0.073000
3614.902340 13.492000 0.074000
3614.904860 13.437000 0.071000
3614.910740 13.234000 0.070000
3614.920640 13.078000 0.069000
4105.641370 13.208000 0.080000
4144.547900 13.930000 0.080000
4456.678530 13.137000 0.048000
4766.745030 13.985000 0.088000
4771.662820 13.071000 0.041000
2215.618810 29.999000 0.040000
3357.642450 29.999000 0.038000
3593.894710 29.999000 0.042000
3593.907220 29.999000 0.036000
3593.932330 29.999000 0.043000
3594.664060 29.999000 0.069000
3594.689130 29.999000 0.058000
3594.722640 29.999000 0.076000
3594.768520 29.999000 0.060000
3594.776030 29.999000 0.044000
3594.836520 29.999000 0.044000
3594.855970 29.999000 0.053000
3606.700730 29.999000 0.040000
3606.705580 29.999000 0.036000
3607.620730 29.999000 0.052000
3607.671190 29.999000 0.042000
3607.708760 29.999000 0.045000
3607.729430 29.999000 0.049000
3607.731930 29.999000 0.043000
3607.745230 29.999000 0.046000
3607.752740 29.999000 0.047000
3607.755220 29.999000 0.048000
3607.773480 29.999000 0.045000
3607.775990 29.999000 0.048000
3607.780900 29.999000 0.050000
3607.785880 29.999000 0.051000
3607.798360 29.999000 0.052000
3607.815900 29.999000 0.055000
3607.818370 29.999000 0.049000
3607.820870 29.999000 0.041000
3607.825830 29.999000 0.053000
3607.828360 29.999000 0.047000
3607.830790 29.999000 0.048000
3607.839280 29.999000 0.062000
3607.841750 29.999000 0.056000
3607.851810 29.999000 0.052000
3607.859270 29.999000 0.059000
3607.861770 29.999000 0.047000
3607.874280 29.999000 0.049000
3607.901750 29.999000 0.054000
3607.905050 29.999000 0.055000
3607.907550 29.999000 0.056000
3607.910840 29.999000 0.056000
3607.913380 29.999000 0.050000
3607.918340 29.999000 0.056000
3608.683680 29.999000 0.047000
3608.726110 29.999000 0.057000
3608.763070 29.999000 0.048000
3608.817110 29.999000 0.054000
3608.824650 29.999000 0.038000
3608.834680 29.999000 0.050000
3608.837190 29.999000 0.052000
3608.844720 29.999000 0.043000
3608.890120 29.999000 0.060000
3608.909150 29.999000 0.076000
3610.822860 29.999000 0.049000
3610.839020 29.999000 0.058000
3614.746890 29.999000 0.071000
3614.749310 29.999000 0.060000
3615.601290 29.999000 0.047000
3615.608760 29.999000 0.048000
3615.616230 29.999000 0.046000
3615.634520 29.999000 0.045000
3615.672950 29.999000 0.052000
3615.687860 29.999000 0.049000
3615.767720 29.999000 0.051000
3615.865440 29.999000 0.042000
3673.579060 29.999000 0.047000
3700.599940 29.999000 0.041000
3711.704230 29.999000 0.046000
3752.608720 29.999000 0.046000
5162.608740 29.999000 0.046000
2172.722640 29.999000 0.039000
2175.671770 29.999000 0.046000
2236.565170 29.999000 0.042000
2237.575080 29.999000 0.043000
2257.577810 29.999000 0.052000
3391.614850 29.999000 0.043000
3581.894360 29.999000 0.038000
3593.635010 29.999000 0.044000
3593.664190 29.999000 0.039000
3593.889780 29.999000 0.041000
3593.929830 29.999000 0.042000
3594.632560 29.999000 0.059000
3594.653300 29.999000 0.063000
3594.691650 29.999000 0.061000
3594.701740 29.999000 0.048000
3594.810770 29.999000 0.059000
3594.813310 29.999000 0.063000
3594.821630 29.999000 0.058000
3594.831520 29.999000 0.047000
3594.850200 29.999000 0.040000
3603.838500 29.999000 0.051000
3606.689950 29.999000 0.040000
3606.703110 29.999000 0.043000
3607.673710 29.999000 0.051000
3607.683660 29.999000 0.042000
3607.696170 29.999000 0.043000
3607.706210 29.999000 0.043000
3607.724430 29.999000 0.046000
3607.735190 29.999000 0.049000
3607.750260 29.999000 0.049000
3607.760990 29.999000 0.042000
3607.783380 29.999000 0.046000
3607.800850 29.999000 0.058000
3607.803330 29.999000 0.042000
3607.805820 29.999000 0.052000
3607.810850 29.999000 0.040000
3607.813360 29.999000 0.048000
3607.844240 29.999000 0.045000
3607.849290 29.999000 0.062000
3607.864290 29.999000 0.052000
3607.869290 29.999000 0.050000
3607.894240 29.999000 0.050000
3607.896720 29.999000 0.055000
3607.920850 29.999000 0.057000
3607.928330 29.999000 0.064000
3608.614630 29.999000 0.062000
3608.819610 29.999000 0.051000
3615.598780 29.999000 0.052000
3615.603750 29.999000 0.048000
3615.606250 29.999000 0.043000
3615.613710 29.999000 0.053000
3615.650330 29.999000 0.043000
3615.652830 29.999000 0.048000
3615.655380 29.999000 0.043000
3615.660370 29.999000 0.048000
3615.662880 29.999000 0.047000
3615.667910 29.999000 0.052000
3615.721060 29.999000 0.053000
3615.723630 29.999000 0.047000
3615.726990 29.999000 0.050000
3615.729410 29.999000 0.048000
3615.734510 29.999000 0.050000
3615.736960 29.999000 0.045000
3615.739470 29.999000 0.048000
3615.741920 29.999000 0.049000
3615.744430 29.999000 0.052000
3615.746930 29.999000 0.049000
3615.749480 29.999000 0.051000
3615.751950 29.999000 0.052000
3615.754490 29.999000 0.053000
3615.757830 29.999000 0.054000
3615.760210 29.999000 0.050000
3615.762760 29.999000 0.059000
3621.731130 29.999000 0.056000
3624.789520 29.999000 0.044000
3629.730010 29.999000 0.056000
3631.740860 29.999000 0.047000
3636.763510 29.999000 0.042000
3644.789770 29.999000 0.057000
3660.694930 29.999000 0.038000
3677.787240 29.999000 0.048000
3715.704400 29.999000 0.054000
3732.600750 29.999000 0.040000
3774.559480 29.999000 0.036000
3779.551390 29.999000 0.039000
3860.927080 29.999000 0.074000
3898.922590 29.999000 0.053000
4134.589400 29.999000 0.039000
4157.535720 29.999000 0.050000
4160.518390 29.999000 0.037000
4163.524550 29.999000 0.081000
4231.919620 29.999000 0.052000
4285.879110 29.999000 0.044000
4308.825790 29.999000 0.046000
4339.756400 29.999000 0.044000
4343.801020 29.999000 0.048000
4350.729320 29.999000 0.045000
4368.669620 29.999000 0.038000
4377.802560 29.999000 0.046000
4384.726260 29.999000 0.039000
4392.650780 29.999000 0.055000
4398.759060 29.999000 0.039000
4418.799860 29.999000 0.051000
4424.742070 29.999000 0.046000
4429.661860 29.999000 0.037000
4462.604670 29.999000 0.037000
4488.589780 29.999000 0.042000
4490.614960 29.999000 0.039000
4502.578870 29.999000 0.060000
4508.562770 29.999000 0.048000
4511.557390 29.999000 0.040000
4515.558550 29.999000 0.042000
4524.524230 29.999000 0.036000
4527.521840 29.999000 0.043000
4610.932630 29.999000 0.049000
4690.820770 29.999000 0.038000
4724.736110 29.999000 0.045000
4740.657150 29.999000 0.042000
4752.698470 29.999000 0.044000
4782.818800 29.999000 0.061000
4814.735610 29.999000 0.078000
4817.651730 29.999000 0.050000
4831.619360 29.999000 0.083000
4838.671360 29.999000 0.059000
4847.619550 29.999000 0.047000
4850.604910 29.999000 0.044000
4859.601510 29.999000 0.043000
4868.580480 29.999000 0.034000
4871.575760 29.999000 0.051000
4882.524170 29.999000 0.046000
4905.497360 29.999000 0.059000
5088.774440 29.999000 0.044000
5097.764030 29.999000 0.045000
5099.756740 29.999000 0.042000
5116.802170 29.999000 0.041000
5124.730380 29.999000 0.047000
1954.536640 29.999000 0.062000
2219.587230 29.999000 0.039000
3395.601780 29.999000 0.045000
3541.877780 29.999000 0.045000
3574.845220 29.999000 0.052000
3593.637530 29.999000 0.052000
3593.650870 29.999000 0.051000
3593.653380 29.999000 0.041000
3593.845920 29.999000 0.037000
3593.884760 29.999000 0.046000
3593.912210 29.999000 0.037000
3594.676520 29.999000 0.064000
3594.710220 29.999000 0.058000
3594.792650 29.999000 0.057000
3594.861010 29.999000 0.071000
3606.708080 29.999000 0.041000
3607.711250 29.999000 0.047000
3607.713770 29.999000 0.048000
3607.740180 29.999000 0.055000
3607.763490 29.999000 0.043000
3607.768470 29.999000 0.049000
3607.770970 29.999000 0.051000
3607.778470 29.999000 0.044000
3607.788380 29.999000 0.048000
3607.808350 29.999000 0.041000
3607.871770 29.999000 0.055000
3607.876780 29.999000 0.043000
3607.879290 29.999000 0.058000
3607.881780 29.999000 0.054000
3607.886800 29.999000 0.062000
3607.889250 29.999000 0.065000
3607.899230 29.999000 0.052000
3608.822110 29.999000 0.074000
3608.867890 29.999000 0.035000
3608.882620 29.999000 0.074000
3608.904270 29.999000 0.066000
3608.906640 29.999000 0.053000
3615.697800 29.999000 0.049000
3615.700310 29.999000 0.049000
3615.702840 29.999000 0.049000
3615.718520 29.999000 0.054000
3615.765250 29.999000 0.050000
3726.584480 29.999000 0.051000
3735.603730 29.999000 0.036000
3983.870660 29.999000 0.043000
4084.535850 29.999000 0.059000
1869.522600 13.753000 0.069000
1871.598150 12.958000 0.050000
1873.579770 14.122000 0.067000
1875.565270 12.941000 0.069000
1879.556090 13.010000 0.056000
1881.547690 14.036000 0.061000
1887.561050 13.228000 0.053000
1900.590050 12.971000 0.049000
1904.525560 13.795000 0.048000
1914.592940 13.772000 0.048000
1920.532390 13.101000 0.049000
1923.542690 13.625000 0.044000
2026.893740 13.042000 0.059000
2031.873620 13.947000 0.048000
2052.904580 13.920000 0.064000
2056.834160 13.870000 0.050000
2057.890430 13.943000 0.063000
2069.806850 14.026000 0.065000
2080.806820 14.119000 0.062000
2088.837580 13.087000 0.053000
2094.776760 13.700000 0.067000
2104.736060 13.317000 0.046000
2105.787750 13.903000 0.053000
2106.799260 13.998000 0.053000
2113.828540 13.476000 0.050000
2115.840630 14.048000 0.046000
2116.768760 13.250000 0.045000
2117.760690 14.235000 0.045000
2128.698540 13.220000 0.057000
2131.727710 13.708000 0.046000
2133.730010 13.629000 0.037000
2134.732210 14.242000 0.041000
2136.728720 13.386000 0.043000
2141.718390 13.027000 0.055000
2143.710400 13.965000 0.055000
2144.703070 13.433000 0.053000
2145.705470 13.015000 0.046000
2444.800470 14.254000 0.047000
2445.878830 13.706000 0.045000
2460.756180 13.795000 0.041000
2467.798380 13.695000 0.047000
2521.643840 13.069000 0.051000
2544.686620 13.796000 0.045000
2545.720860 13.558000 0.047000
2558.640920 12.946000 0.040000
2561.622580 13.912000 0.044000
2562.628170 12.991000 0.038000
2622.660640 13.886000 0.047000
2635.592230 13.464000 0.050000
2639.612160 13.806000 0.041000
2641.619560 13.971000 0.044000
2643.631270 13.857000 0.044000
2645.596910 14.032000 0.040000
2647.583160 13.821000 0.048000
2650.575470 13.694000 0.044000
2652.586260 13.272000 0.047000
2654.594330 14.133000 0.048000
2660.564060 13.516000 0.055000
2662.563530 13.918000 0.041000
2664.559690 13.775000 0.044000
2666.557170 13.743000 0.040000
2668.562990 13.710000 0.043000
2671.534040 14.001000 0.048000
2673.533250 12.883000 0.041000
2675.532440 14.164000 0.045000
2677.530890 13.160000 0.038000
2754.918250 13.564000 0.040000
2757.911430 13.582000 0.040000
2763.907500 13.664000 0.040000
2765.887310 13.636000 0.039000
2783.851670 12.992000 0.045000
2790.920260 13.581000 0.041000
2811.858040 13.471000 0.043000
2883.740760 14.145000 0.040000
2885.657520 13.128000 0.038000
2905.632930 13.160000 0.042000
2926.685070 13.575000 0.041000
2935.731500 12.912000 0.039000
2940.760410 13.916000 0.050000
2954.664250 13.485000 0.042000
2958.658900 13.547000 0.039000
2964.675350 13.873000 0.038000
2973.544000 13.916000 0.037000
2979.615850 13.209000 0.041000
2981.632670 13.917000 0.041000
2987.681860 13.639000 0.038000
3006.593570 13.908000 0.039000
3008.611550 13.428000 0.038000
3016.605090 13.639000 0.041000
3033.545490 13.134000 0.039000
3037.557110 13.054000 0.039000
3110.923730 13.242000 0.042000
3321.636920 13.808000 0.040000
3326.548250 13.477000 0.048000
3355.547660 13.469000 0.041000
3388.584540 13.637000 0.055000
3398.548130 13.876000 0.046000
3408.530720 13.892000 0.046000
3411.526130 13.917000 0.052000
3414.520590 14.091000 0.049000
3674.599100 13.342000 0.046000
3712.619280 13.211000 0.041000
3714.629490 14.005000 0.045000
3720.585850 13.050000 0.043000
3725.615000 13.804000 0.051000
3731.581040 13.621000 0.039000
3745.601080 13.230000 0.039000
3755.549570 13.668000 0.042000
3758.548210 13.861000 0.062000
4125.537340 13.205000 0.048000
4133.547140 13.196000 0.042000
4136.536340 13.589000 0.060000
4142.525360 14.043000 0.046000
4802.579200 13.870000 0.050000
4814.535130 13.640000 0.038000
4820.574050 13.071000 0.041000
4823.566480 13.656000 0.039000
4848.584860 13.425000 0.041000
4859.544620 13.663000 0.038000
2114.830500 13.951000 0.057000
2439.872030 13.303000 0.051000
2466.799060 14.059000 0.055000
2470.762450 13.823000 0.052000
2500.718050 13.318000 0.053000
2554.667750 13.035000 0.062000
2566.683630 13.410000 0.054000
2628.590510 12.949000 0.045000
2902.726660 13.024000 0.041000
2971.520970 13.279000 0.042000
3130.902940 13.352000 0.052000
3182.881740 13.903000 0.048000
3727.634360 13.453000 0.044000
3761.552410 12.916000 0.055000
3764.542080 13.680000 0.053000
3777.525470 13.198000 0.048000
4084.551750 13.868000 0.064000
1885.535900 29.999000 0.059000
1907.540430 29.999000 0.060000
1927.527560 29.999000 0.055000
1931.529230 29.999000 0.053000
2016.902760 29.999000 0.058000
2032.937550 29.999000 0.059000
2082.861540 29.999000 0.055000
2085.879820 29.999000 0.044000
2129.722360 29.999000 0.055000
2130.726170 29.999000 0.056000
2132.739150 29.999000 0.041000
2135.730780 29.999000 0.051000
2446.907790 29.999000 0.049000
2465.814460 29.999000 0.057000
2471.841610 29.999000 0.052000
2482.703210 29.999000 0.048000
2489.728420 29.999000 0.048000
2495.789370 29.999000 0.068000
2498.734370 29.999000 0.054000
2499.729670 29.999000 0.056000
2502.727240 29.999000 0.050000
2508.771610 29.999000 0.055000
2523.778950 29.999000 0.054000
2526.666500 29.999000 0.060000
2540.603870 29.999000 0.064000
2556.666970 29.999000 0.048000
2559.634850 29.999000 0.059000
2563.646800 29.999000 0.066000
2564.648290 29.999000 0.053000
2565.671070 29.999000 0.045000
2579.581500 29.999000 0.056000
2601.613110 29.999000 0.065000
2621.562190 29.999000 0.044000
2625.586120 29.999000 0.047000
2686.516810 29.999000 0.050000
2743.920800 29.999000 0.043000
2760.918810 29.999000 0.038000
2776.863740 29.999000 0.041000
2785.908790 29.999000 0.038000
2804.828100 29.999000 0.041000
2809.796290 29.999000 0.047000
2851.880370 29.999000 0.039000
2861.717640 29.999000 0.038000
2862.823700 29.999000 0.042000
2866.808060 29.999000 0.046000
2872.788220 29.999000 0.041000
2875.799080 29.999000 0.038000
2892.757380 29.999000 0.044000
2895.779320 29.999000 0.047000
2897.795500 29.999000 0.039000
2899.750580 29.999000 0.048000
2910.612400 29.999000 0.040000
2915.619200 29.999000 0.043000
2916.710940 29.999000 0.045000
2921.695780 29.999000 0.038000
2923.683770 29.999000 0.044000
2933.736670 29.999000 0.042000
2939.552130 29.999000 0.046000
2944.572260 29.999000 0.044000
2948.610290 29.999000 0.056000
2950.644890 29.999000 0.040000
2956.662930 29.999000 0.040000
2977.595350 29.999000 0.041000
2994.666700 29.999000 0.037000
3013.593150 29.999000 0.039000
3043.522170 29.999000 0.046000
3046.526940 29.999000 0.040000
3116.918610 29.999000 0.037000
3706.561720 29.999000 0.050000
3717.589280 29.999000 0.038000
3748.592420 29.999000 0.049000
3767.535900 29.999000 0.072000
4459.583390 29.999000 0.045000
4826.566990 29.999000 0.037000
4834.555260 29.999000 0.041000
4837.577060 29.999000 0.065000
4855.541240 29.999000 0.040000
4863.530540 29.999000 0.043000
4871.528490 29.999000 0.052000
4875.522220 29.999000 0.047000
5163.614930 29.999000 0.044000
