2460.872880 10.494000 0.032000
1868.613320 9.361000 0.036000
1869.595690 9.335000 0.035000
1870.609720 9.485000 0.036000
1871.619020 9.572000 0.038000
1872.605960 9.624000 0.036000
1873.607680 9.654000 0.036000
1874.599190 9.689000 0.036000
1875.599750 9.764000 0.034000
1876.598310 9.816000 0.034000
1878.592770 9.917000 0.030000
1879.592630 9.947000 0.030000
1880.577950 9.954000 0.031000
1881.584240 10.030000 0.030000
1884.565480 10.118000 0.033000
1886.567450 10.212000 0.032000
1888.560740 10.258000 0.033000
1900.535010 10.447000 0.030000
1903.563050 10.562000 0.033000
1905.582090 10.624000 0.032000
1907.584800 10.641000 0.031000
1914.557190 10.501000 0.034000
1919.559390 10.494000 0.034000
1921.588380 9.771000 0.030000
1924.551640 9.969000 0.033000
1930.549200 9.603000 0.036000
1933.545860 9.716000 0.031000
1939.530410 9.845000 0.030000
1948.528830 10.285000 0.033000
2067.936810 10.321000 0.039000
2087.945920 10.561000 0.037000
2093.937170 10.543000 0.037000
2095.854480 10.441000 0.039000
2104.813440 10.584000 0.033000
2105.882780 10.068000 0.036000
2106.919390 9.536000 0.033000
2113.910390 9.785000 0.031000
2115.852780 9.520000 0.034000
2117.806830 9.379000 0.042000
2128.765240 9.905000 0.037000
2129.769930 9.985000 0.036000
2130.787570 10.101000 0.036000
2131.799600 10.210000 0.036000
2132.811160 10.279000 0.035000
2133.820160 10.310000 0.034000
2134.822660 10.356000 0.037000
2136.817030 10.321000 0.039000
2156.728600 10.570000 0.033000
2166.745840 10.577000 0.029000
2167.735340 10.591000 0.030000
2168.745530 10.593000 0.031000
2169.751850 10.509000 0.029000
2172.680000 10.589000 0.032000
2173.729370 10.516000 0.033000
2174.727130 10.464000 0.031000
2177.677090 10.667000 0.032000
2178.710080 10.133000 0.031000
2183.656650 10.491000 0.033000
2184.677800 9.426000 0.032000
2185.683970 9.368000 0.031000
2186.721040 9.676000 0.030000
2190.694580 9.775000 0.029000
2191.698230 9.890000 0.029000
2193.691710 9.965000 0.031000
2194.681960 10.005000 0.028000
2195.684070 10.045000 0.028000
2196.685420 10.116000 0.031000
2198.676170 10.163000 0.031000
2199.675670 10.200000 0.028000
2201.664580 10.225000 0.029000
2202.672070 10.269000 0.032000
2203.661640 10.276000 0.028000
2204.657360 10.282000 0.031000
2207.652820 10.271000 0.035000
2208.694970 10.388000 0.030000
2212.571140 10.149000 0.039000
2213.641410 10.457000 0.035000
2214.640980 10.486000 0.031000
2215.645540 10.523000 0.032000
2217.643010 10.538000 0.033000
2219.620770 10.551000 0.030000
2222.628820 10.595000 0.034000
2224.619280 10.596000 0.031000
2225.628250 10.565000 0.032000
2227.620580 10.543000 0.031000
2228.619850 10.553000 0.034000
2229.617440 10.548000 0.034000
2230.615350 10.490000 0.033000
2235.597630 10.540000 0.030000
2237.599570 10.594000 0.039000
2239.588450 10.601000 0.041000
2240.600040 10.512000 0.034000
2242.595220 10.425000 0.041000
2249.576870 9.510000 0.037000
2251.572660 9.377000 0.043000
2253.560180 9.430000 0.041000
2255.560560 9.488000 0.039000
2445.890990 10.162000 0.027000
2453.843170 10.164000 0.030000
2470.867590 10.528000 0.029000
2495.828740 9.427000 0.032000
2496.857600 9.666000 0.031000
2499.828620 9.667000 0.032000
2501.816470 9.715000 0.032000
2502.820290 9.779000 0.030000
2508.774960 9.927000 0.036000
2519.818390 10.368000 0.027000
2540.804580 10.482000 0.033000
2553.663020 10.577000 0.029000
2556.736930 9.811000 0.031000
2557.781600 9.685000 0.028000
2558.865180 10.130000 0.028000
2559.743250 9.527000 0.032000
2560.718040 9.480000 0.035000
2561.709240 9.425000 0.030000
2562.699800 9.401000 0.030000
2563.708240 9.421000 0.029000
2564.702590 9.450000 0.028000
2565.718500 9.624000 0.030000
2566.739060 9.782000 0.029000
2621.564130 10.628000 0.029000
2622.662520 9.643000 0.030000
2624.694580 9.905000 0.033000
2627.703800 10.020000 0.034000
2634.706180 10.268000 0.029000
2639.568780 9.815000 0.029000
2645.557520 10.113000 0.029000
2650.560930 10.320000 0.028000
2652.579200 10.407000 0.031000
2654.589360 10.476000 0.032000
2657.612910 10.465000 0.034000
2659.626810 10.469000 0.034000
2661.623840 10.510000 0.032000
2663.622520 10.528000 0.034000
2665.617440 10.573000 0.029000
2667.616710 10.626000 0.031000
2672.539030 10.618000 0.030000
2674.533570 10.626000 0.030000
2676.531670 10.651000 0.030000
2680.540330 10.563000 0.032000
2685.528390 10.151000 0.034000
2691.544370 9.756000 0.034000
2694.516690 9.709000 0.030000
2696.519750 9.805000 0.028000
2698.518530 9.856000 0.031000
2700.525520 9.951000 0.030000
2705.502920 10.039000 0.031000
2805.907300 10.615000 0.035000
2809.936720 9.425000 0.032000
2812.884560 9.454000 0.034000
2820.910960 9.957000 0.032000
2836.856600 10.250000 0.038000
2845.909070 10.654000 0.028000
2861.826990 10.542000 0.031000
2872.846470 9.493000 0.028000
2875.867940 9.711000 0.029000
2877.812950 9.415000 0.028000
2886.746540 9.615000 0.034000
2892.813110 10.247000 0.031000
2898.747580 10.210000 0.038000
2903.824730 10.451000 0.039000
2906.732250 10.323000 0.027000
2908.805240 10.530000 0.028000
2910.810390 10.570000 0.028000
2915.742870 10.592000 0.029000
2917.693440 10.574000 0.034000
2922.702280 10.596000 0.035000
2924.767770 10.521000 0.032000
2927.711250 10.467000 0.027000
2929.717230 10.552000 0.031000
2931.725630 10.569000 0.030000
2933.713640 10.509000 0.028000
2935.708210 10.412000 0.029000
2946.636300 10.040000 0.030000
2948.632190 9.531000 0.034000
2950.662270 9.539000 0.035000
2954.686560 9.913000 0.030000
2958.693610 10.172000 0.031000
2962.692220 10.378000 0.028000
2964.702480 10.419000 0.030000
2966.703110 10.440000 0.038000
2971.556560 10.186000 0.027000
2973.593630 10.329000 0.030000
2975.599290 10.313000 0.034000
2977.624360 10.469000 0.032000
2979.645660 10.526000 0.035000
2981.662230 10.609000 0.037000
2985.709540 10.621000 0.032000
2987.728570 10.581000 0.032000
2990.673890 10.514000 0.029000
2992.687400 10.545000 0.031000
2995.588810 10.451000 0.031000
2997.614660 10.602000 0.030000
3000.605960 10.401000 0.031000
3006.614890 9.639000 0.034000
3008.631990 9.724000 0.033000
3010.646240 9.924000 0.038000
3012.650100 9.981000 0.037000
3016.577870 9.752000 0.037000
3025.556570 10.058000 0.031000
3029.567600 10.309000 0.031000
3031.606770 10.478000 0.033000
3033.597460 10.480000 0.033000
3041.560020 10.437000 0.039000
3044.544890 10.472000 0.035000
3047.543950 10.505000 0.034000
3050.531220 10.571000 0.031000
3056.526670 10.616000 0.036000
3059.511210 10.611000 0.034000
3067.509400 10.223000 0.035000
3183.929960 10.377000 0.033000
3189.930110 9.452000 0.035000
3268.789230 9.932000 0.031000
3272.776560 10.094000 0.036000
3274.812580 10.289000 0.036000
3277.737540 10.155000 0.039000
3321.651860 10.437000 0.038000
3326.642390 9.772000 0.032000
3362.642680 10.558000 0.035000
3366.626710 10.615000 0.036000
3382.601810 10.305000 0.031000
3383.583910 10.368000 0.037000
3387.595450 9.586000 0.040000
3390.574450 9.624000 0.036000
3394.581620 9.760000 0.032000
3396.601930 9.977000 0.037000
3399.557010 9.827000 0.033000
3409.582960 10.402000 0.038000
3412.555020 10.342000 0.034000
3414.558490 10.419000 0.037000
3417.527050 10.381000 0.034000
3419.555790 10.456000 0.034000
3426.520450 10.522000 0.037000
3433.507550 10.556000 0.036000
3437.500440 10.604000 0.039000
3525.932980 10.113000 0.035000
3529.933230 10.241000 0.042000
3543.916410 10.563000 0.037000
3560.903280 10.604000 0.038000
3564.879470 10.564000 0.033000
3570.845910 10.650000 0.031000
3573.898900 9.483000 0.036000
3576.883610 9.545000 0.034000
3582.924180 10.119000 0.039000
3599.845570 10.353000 0.031000
3602.825720 10.368000 0.037000
3617.827180 10.626000 0.037000
3620.795500 10.599000 0.032000
3622.831700 10.504000 0.031000
3625.854290 10.430000 0.026000
3629.749210 10.536000 0.034000
3631.772020 10.595000 0.036000
3634.730520 10.602000 0.036000
3637.769860 9.845000 0.038000
3640.775550 9.529000 0.034000
3643.709320 10.052000 0.039000
3646.791740 9.883000 0.035000
3651.742470 9.812000 0.037000
3655.689010 9.792000 0.035000
3657.699330 9.936000 0.034000
3659.726480 10.189000 0.032000
3661.768210 10.388000 0.039000
3664.653540 10.109000 0.033000
3666.700030 10.317000 0.036000
3669.768820 10.456000 0.028000
3674.718260 10.496000 0.034000
3677.639260 10.363000 0.033000
3680.678500 10.533000 0.035000
3699.628010 10.600000 0.036000
3706.749940 9.982000 0.039000
3711.587840 9.884000 0.030000
3722.723610 10.405000 0.045000
3725.650220 10.268000 0.040000
3737.570260 10.372000 0.031000
3739.618220 10.460000 0.035000
3742.592590 10.477000 0.033000
3745.597250 10.507000 0.037000
3748.589310 10.691000 0.036000
3750.632820 10.641000 0.041000
3759.567950 10.494000 0.043000
3762.567250 10.628000 0.041000
3765.560210 10.495000 0.038000
3768.548630 10.169000 0.038000
3776.549980 9.702000 0.043000
3778.575480 9.955000 0.044000
3789.521220 10.089000 0.040000
3792.523500 10.201000 0.039000
3795.515680 10.309000 0.036000
3798.516420 10.420000 0.034000
3892.926230 9.552000 0.033000
3901.927620 9.875000 0.036000
3905.921070 10.043000 0.034000
3909.907190 10.179000 0.036000
4111.584120 10.246000 0.033000
4135.549570 10.620000 0.033000
4141.540130 10.576000 0.031000
4282.896410 9.704000 0.042000
4285.906850 9.934000 0.038000
4297.895530 10.348000 0.038000
4300.910950 10.521000 0.037000
4306.847100 10.429000 0.029000
4311.900110 10.632000 0.031000
4332.808050 10.637000 0.037000
4338.765940 10.642000 0.037000
4340.810350 9.416000 0.036000
4347.775140 9.497000 0.038000
4349.833930 9.932000 0.035000
4357.753090 10.044000 0.033000
4364.734580 10.244000 0.028000
4367.739200 10.313000 0.038000
4369.782770 10.413000 0.036000
4371.810960 10.510000 0.037000
4377.698600 10.450000 0.031000
4379.754450 10.600000 0.028000
4384.690650 10.625000 0.032000
4386.730990 10.538000 0.029000
4392.692800 10.441000 0.031000
4408.702750 9.471000 0.035000
4410.822340 10.179000 0.035000
4420.644320 9.791000 0.037000
4422.686810 10.131000 0.031000
4425.792130 10.561000 0.038000
4428.588460 9.992000 0.039000
4432.698490 10.456000 0.030000
4437.609180 10.344000 0.034000
4442.670810 10.546000 0.034000
4460.695270 9.584000 0.037000
4465.680930 9.651000 0.040000
4480.616350 9.895000 0.043000
4486.629000 10.243000 0.042000
4489.577320 10.135000 0.031000
4492.567480 10.206000 0.035000
4494.596480 10.391000 0.035000
4498.596090 10.480000 0.038000
4501.570640 10.493000 0.043000
4507.537160 10.461000 0.041000
4517.545410 10.643000 0.040000
4520.533790 10.691000 0.033000
4523.521920 10.728000 0.041000
4527.507940 10.558000 0.040000
4531.501240 10.398000 0.043000
4633.914290 10.572000 0.034000
4645.903530 10.619000 0.034000
4649.890910 10.639000 0.040000
4652.929940 9.421000 0.028000
4656.891630 9.418000 0.034000
4662.869530 9.518000 0.036000
4665.904450 9.926000 0.035000
4681.843470 10.267000 0.035000
4684.856530 10.404000 0.036000
4691.849760 10.579000 0.029000
4694.823810 10.584000 0.029000
4698.783050 10.586000 0.033000
4700.862840 10.573000 0.028000
4703.806250 10.511000 0.031000
4720.780990 10.138000 0.030000
4722.805880 9.447000 0.033000
4725.788740 9.474000 0.031000
4728.749390 9.411000 0.029000
4734.775510 9.902000 0.034000
4738.776120 10.147000 0.030000
4741.718220 10.099000 0.031000
4753.727400 10.365000 0.032000
4755.790290 10.521000 0.038000
4758.656730 10.349000 0.035000
4760.751760 10.642000 0.034000
4763.657230 10.655000 0.032000
4765.731180 10.641000 0.031000
4768.637120 10.511000 0.041000
4770.712300 10.547000 0.029000
4772.821410 9.571000 0.029000
4775.621230 10.412000 0.038000
4777.657230 10.481000 0.034000
4779.663970 10.600000 0.036000
4785.597310 10.618000 0.030000
4801.640330 9.798000 0.034000
4803.708630 10.270000 0.034000
4806.595300 9.901000 0.037000
4808.628400 10.166000 0.034000
4815.719300 10.383000 0.038000
4827.618240 10.607000 0.036000
4829.683930 10.561000 0.037000
4834.633220 10.604000 0.037000
5040.883750 9.467000 0.043000
5088.813550 10.546000 0.041000
5147.774400 10.579000 0.043000
2939.657050 10.882000 0.028000
2053.930980 9.686000 0.041000
2069.903710 10.242000 0.041000
2086.874120 10.544000 0.039000
2170.777430 10.037000 0.043000
2189.733010 9.946000 0.032000
2192.689750 9.907000 0.048000
2216.643460 10.536000 0.034000
2234.598020 10.502000 0.039000
2243.595170 10.247000 0.044000
2247.574200 10.162000 0.042000
2257.556590 9.577000 0.046000
2260.550870 9.764000 0.042000
2262.545300 9.906000 0.043000
2473.878220 10.503000 0.035000
2486.838740 10.636000 0.045000
2493.889930 9.736000 0.042000
2497.831160 9.532000 0.034000
2498.837230 9.655000 0.037000
2503.844010 9.984000 0.044000
2511.747390 9.985000 0.043000
2539.668180 10.544000 0.039000
2554.726320 10.251000 0.040000
2574.732770 10.166000 0.042000
2577.702480 10.187000 0.037000
2641.576010 9.967000 0.030000
2647.555170 10.162000 0.045000
2678.533270 10.490000 0.031000
2689.550320 9.676000 0.046000
2839.900720 10.458000 0.043000
2884.716460 9.697000 0.035000
2894.740980 10.054000 0.032000
2900.738770 10.259000 0.032000
2944.654690 10.005000 0.029000
2956.685250 10.031000 0.046000
3018.589250 9.865000 0.044000
3036.597840 10.481000 0.055000
3179.915850 10.589000 0.047000
3294.724360 10.549000 0.029000
3374.624070 10.511000 0.055000
3385.597230 9.765000 0.038000
3405.565130 10.126000 0.042000
3553.893680 10.598000 0.050000
3585.877700 10.052000 0.041000
3588.865810 10.063000 0.041000
3653.799040 10.241000 0.047000
3701.714460 9.563000 0.044000
3704.660170 9.720000 0.039000
3713.590610 9.356000 0.038000
3715.626870 9.677000 0.049000
3717.688840 10.081000 0.048000
3720.633890 9.944000 0.043000
3730.708420 10.501000 0.044000
3734.579600 10.303000 0.046000
3754.567850 10.656000 0.043000
3773.566860 9.684000 0.047000
3783.526390 9.846000 0.047000
3803.505830 10.472000 0.047000
4104.642020 10.201000 0.043000
4125.604180 10.482000 0.040000
4132.579130 10.576000 0.039000
4144.534320 10.547000 0.034000
4147.533140 10.526000 0.048000
4164.509270 10.452000 0.044000
4290.920010 10.221000 0.039000
4308.901860 10.587000 0.045000
4316.823800 10.596000 0.042000
4330.758080 10.493000 0.041000
4342.802190 9.399000 0.049000
4344.827130 9.681000 0.041000
4354.790760 10.013000 0.031000
4374.788230 10.522000 0.045000
4381.812270 10.714000 0.042000
4399.709100 10.434000 0.042000
4430.647550 10.310000 0.041000
4452.709990 10.541000 0.042000
4455.629530 10.590000 0.042000
4458.601900 10.475000 0.038000
4468.646520 9.661000 0.039000
4475.559830 9.542000 0.043000
4510.546690 10.482000 0.043000
4534.499350 9.899000 0.045000
4629.922510 10.587000 0.042000
4687.824700 10.405000 0.044000
4707.770320 10.460000 0.043000
4782.735870 9.546000 0.048000
4796.634240 9.454000 0.052000
4810.645320 10.291000 0.052000
4813.644260 10.377000 0.048000
4819.582400 10.263000 0.043000
4837.588880 10.577000 0.049000
4839.624100 10.452000 0.045000
4842.606970 10.524000 0.041000
4848.592880 10.057000 0.050000
4851.587490 9.812000 0.050000
4857.600420 9.797000 0.043000
4860.600700 9.941000 0.046000
4872.569960 10.255000 0.048000
4879.549220 10.460000 0.042000
4883.512910 10.397000 0.052000
4988.932720 10.082000 0.055000
5013.922220 10.554000 0.048000
5021.884630 10.455000 0.049000
5024.883380 10.572000 0.050000
5070.795230 10.445000 0.051000
5086.764990 10.464000 0.047000
5093.812600 10.326000 0.048000
5098.728600 10.628000 0.047000
5104.754500 9.530000 0.047000
5111.697670 9.487000 0.046000
5113.823910 10.135000 0.050000
5144.725030 10.645000 0.045000
5163.585680 10.453000 0.055000
2486.819170 29.999000 0.050000
2670.533860 29.999000 0.030000
3053.524440 29.999000 0.047000
3727.670430 29.999000 0.042000
2473.862700 10.560000 0.031000
2104.882270 10.245000 0.030000
2115.864650 9.630000 0.028000
2117.823390 9.489000 0.033000
2122.857600 9.980000 0.036000
2143.819570 10.536000 0.034000
2144.810220 10.577000 0.036000
