2622.776990 12.859000 0.035000
2624.788800 12.911000 0.044000
2627.788170 12.874000 0.038000
2632.838530 12.856000 0.037000
2637.786750 12.992000 0.037000
2639.795520 11.994000 0.042000
2641.770320 12.525000 0.038000
2643.772840 12.830000 0.038000
2645.764170 12.881000 0.032000
2650.734470 12.929000 0.037000
2652.740770 12.129000 0.036000
2655.720920 12.972000 0.037000
2659.735140 12.600000 0.040000
2661.732340 12.779000 0.038000
2663.728750 12.901000 0.037000
2665.720420 12.003000 0.038000
2667.721110 12.475000 0.034000
2671.709620 12.918000 0.038000
2675.691880 12.346000 0.036000
2677.680730 12.686000 0.041000
2681.663280 12.933000 0.037000
2693.648920 12.464000 0.036000
2697.642950 12.996000 0.039000
2699.633260 12.778000 0.039000
2701.631190 12.361000 0.037000
2703.626900 12.683000 0.035000
2705.619020 12.965000 0.040000
2707.617090 13.077000 0.038000
2714.582450 12.308000 0.037000
2717.574000 12.276000 0.037000
2720.560350 12.867000 0.039000
2722.557200 12.062000 0.036000
2724.555250 12.563000 0.038000
2726.553500 12.822000 0.041000
2728.544610 12.944000 0.039000
2730.540500 12.287000 0.039000
2734.525330 12.757000 0.039000
2736.510040 12.925000 0.039000
2742.501580 12.727000 0.036000
2744.517360 13.025000 0.042000
2751.540760 12.237000 0.038000
2761.493210 12.206000 0.037000
2785.453020 13.046000 0.045000
2965.843800 11.963000 0.034000
2975.814940 12.303000 0.036000
2977.830020 12.734000 0.044000
2979.850460 12.912000 0.033000
2987.834080 12.869000 0.038000
2990.795310 12.872000 0.037000
2996.776110 12.234000 0.038000
2998.823760 12.772000 0.038000
3001.792080 12.508000 0.037000
3006.752630 12.522000 0.035000
3008.760400 12.882000 0.037000
3010.760400 12.891000 0.040000
3015.758120 12.846000 0.042000
3017.761830 12.108000 0.037000
3025.686800 12.997000 0.039000
3034.719750 12.980000 0.039000
3037.677500 12.821000 0.042000
3044.712020 13.005000 0.037000
3050.647130 12.700000 0.037000
3060.665120 12.873000 0.035000
3069.612670 12.017000 0.039000
3076.605770 12.746000 0.040000
3078.604580 12.931000 0.038000
3086.582860 12.896000 0.038000
3100.544370 12.340000 0.039000
3107.514630 12.708000 0.040000
3109.523680 12.967000 0.042000
3343.819980 12.107000 0.060000
3344.786080 12.786000 0.047000
3344.799730 12.945000 0.048000
3353.788090 12.507000 0.065000
3354.760660 13.021000 0.046000
3354.768650 12.986000 0.063000
3357.747370 12.906000 0.046000
3404.629010 12.929000 0.042000
3415.596700 12.622000 0.041000
3426.567230 12.146000 0.041000
3436.537090 12.481000 0.037000
3439.525650 12.049000 0.044000
3443.516200 12.910000 0.061000
3454.490480 12.467000 0.043000
3701.804770 13.016000 0.043000
3704.796390 12.826000 0.040000
3707.795190 12.849000 0.038000
3712.775920 13.036000 0.041000
3715.766210 12.748000 0.040000
3718.765140 12.464000 0.044000
3726.736930 12.271000 0.042000
3730.726810 12.926000 0.052000
3734.718020 12.095000 0.042000
3740.708450 12.972000 0.043000
3743.696860 12.940000 0.039000
3753.668310 12.869000 0.044000
3759.646610 12.630000 0.041000
3762.649530 12.632000 0.043000
3765.639520 12.393000 0.044000
3768.626490 12.345000 0.037000
3771.618310 13.171000 0.041000
3774.608600 12.919000 0.048000
3780.596660 12.491000 0.064000
3789.565990 13.151000 0.046000
3792.556930 12.863000 0.059000
3795.550440 13.062000 0.048000
3798.548110 12.653000 0.054000
3801.541450 12.581000 0.048000
3808.517590 12.978000 0.054000
3811.510210 12.789000 0.041000
3814.503850 12.634000 0.049000
4089.747780 12.256000 0.042000
4125.648120 12.270000 0.042000
4128.637720 12.415000 0.040000
4141.608170 12.423000 0.050000
4144.597590 12.892000 0.048000
4151.576280 12.242000 0.042000
4157.558970 12.950000 0.044000
4166.536850 12.639000 0.042000
4174.517200 12.553000 0.063000
4177.509580 12.152000 0.046000
4409.861780 12.809000 0.044000
4413.852470 13.043000 0.040000
4421.833800 13.105000 0.044000
4425.824020 12.402000 0.041000
4428.814030 11.936000 0.039000
4435.794380 12.534000 0.038000
4438.786140 12.409000 0.049000
4441.786670 12.123000 0.047000
4452.795820 12.965000 0.052000
4455.785980 13.003000 0.041000
4458.726250 12.830000 0.045000
4462.796520 12.270000 0.048000
4474.757810 12.787000 0.042000
4489.727890 13.129000 0.059000
4498.687500 12.382000 0.065000
4501.658260 12.072000 0.050000
4504.662680 12.861000 0.044000
4517.648900 13.174000 0.063000
4521.670970 12.777000 0.057000
4523.688960 12.980000 0.060000
4526.597420 12.704000 0.047000
4528.660160 12.983000 0.060000
4531.596770 12.833000 0.058000
4548.586980 12.069000 0.063000
4556.529790 12.929000 0.046000
4563.573730 12.590000 0.059000
4571.490880 12.177000 0.044000
4585.527120 12.900000 0.050000
4589.486490 12.493000 0.051000
4610.454870 12.369000 0.053000
4794.845440 12.967000 0.041000
4798.853620 12.590000 0.045000
4802.833760 13.051000 0.046000
4806.814830 12.343000 0.038000
4809.836730 12.024000 0.038000
4813.806690 12.804000 0.044000
4818.797310 12.766000 0.063000
4821.788200 12.726000 0.058000
4824.782610 12.524000 0.046000
4827.767420 12.201000 0.041000
4830.756460 12.938000 0.043000
4833.749580 13.029000 0.051000
4836.739390 12.980000 0.046000
4839.741320 12.793000 0.039000
4850.715150 12.920000 0.043000
4853.721570 12.193000 0.058000
4856.715510 12.392000 0.052000
4860.688380 12.748000 0.040000
4865.686270 12.933000 0.043000
4872.678390 12.716000 0.051000
4880.675450 12.944000 0.061000
4883.620390 12.883000 0.044000
4886.627290 12.718000 0.061000
4894.609920 12.577000 0.044000
4921.540810 12.932000 0.050000
2691.636560 12.345000 0.044000
2695.636850 12.730000 0.049000
2754.541240 13.026000 0.048000
2756.540540 12.153000 0.057000
2971.834120 13.018000 0.045000
3019.795740 12.700000 0.052000
3030.676430 12.127000 0.044000
3047.661360 12.846000 0.041000
3053.634630 12.333000 0.049000
3071.623750 12.725000 0.048000
3098.513740 12.956000 0.042000
3124.494280 12.949000 0.052000
3343.825310 12.237000 0.079000
3344.808320 12.906000 0.103000
3344.814080 12.888000 0.098000
3344.817390 12.832000 0.071000
3347.796060 12.905000 0.070000
3347.809470 12.936000 0.083000
3348.765740 12.170000 0.049000
3348.768790 12.172000 0.059000
3348.774310 12.231000 0.060000
3351.782600 12.493000 0.059000
3351.792980 12.091000 0.075000
3351.795540 12.074000 0.082000
3353.785310 12.451000 0.071000
3353.790920 12.474000 0.070000
3354.787210 12.968000 0.078000
3407.616960 12.760000 0.056000
3410.608290 12.379000 0.075000
3447.513970 12.078000 0.092000
3678.863500 12.825000 0.062000
3746.688050 13.062000 0.056000
3756.657970 13.026000 0.049000
4109.687970 12.551000 0.048000
4135.619660 12.357000 0.065000
4147.586190 12.885000 0.047000
4154.568230 12.521000 0.054000
4465.761560 13.364000 0.069000
4471.763340 13.015000 0.060000
4477.772110 12.615000 0.066000
4484.718760 12.876000 0.068000
4491.770140 12.176000 0.064000
4494.679000 12.776000 0.075000
4507.647440 12.939000 0.074000
4512.630700 12.756000 0.043000
4519.655220 12.391000 0.076000
4537.565660 12.375000 0.074000
4539.578900 12.850000 0.084000
4546.588180 12.743000 0.080000
4551.580280 12.912000 0.079000
4553.612210 12.272000 0.074000
4558.552570 12.309000 0.068000
4561.537690 12.298000 0.068000
4566.518950 12.065000 0.076000
4576.500140 12.483000 0.073000
4592.477370 12.178000 0.070000
4599.475890 12.662000 0.067000
4845.725880 12.261000 0.046000
4877.673570 13.027000 0.078000
4902.659360 12.614000 0.043000
4906.554440 12.995000 0.077000
4916.546360 13.002000 0.057000
4918.610580 12.425000 0.078000
4934.507830 12.653000 0.063000
5165.850820 12.810000 0.052000
2759.470250 29.999000 0.049000
2961.853300 29.999000 0.040000
2982.815880 29.999000 0.040000
3042.687190 29.999000 0.045000
3069.516580 29.999000 0.047000
2635.738210 12.828000 0.032000
2679.649700 12.881000 0.026000
2696.619400 12.016000 0.045000
3344.796920 12.870000 0.053000
3348.763430 12.122000 0.052000
3354.749870 12.744000 0.058000
