2627.568680 13.383000 0.035000
2629.573460 13.672000 0.037000
2635.590890 13.897000 0.042000
2637.608090 13.648000 0.050000
2639.608150 13.740000 0.048000
2643.621910 13.210000 0.042000
2645.594830 13.698000 0.041000
2647.580910 13.794000 0.040000
2653.549010 13.636000 0.048000
2655.583380 13.567000 0.035000
2659.549280 13.273000 0.040000
2661.548280 13.535000 0.047000
2663.549390 14.075000 0.043000
2665.553650 13.486000 0.044000
2667.557380 13.787000 0.040000
2674.530450 13.616000 0.041000
2853.928030 13.544000 0.035000
2872.865390 13.438000 0.038000
2883.838050 13.758000 0.034000
2902.792650 13.999000 0.038000
2905.765450 13.673000 0.034000
2908.766120 14.009000 0.035000
2910.786880 13.631000 0.043000
2917.727630 13.379000 0.038000
2930.745450 13.609000 0.039000
2932.731060 13.603000 0.036000
2934.725990 13.983000 0.040000
2940.689650 13.931000 0.041000
2942.687260 13.254000 0.049000
2946.678190 14.090000 0.046000
2958.658220 13.256000 0.037000
2964.669660 13.587000 0.039000
2968.682910 13.282000 0.040000
2973.620100 13.541000 0.035000
2985.622820 13.796000 0.036000
2987.641480 13.240000 0.034000
2992.625040 14.005000 0.038000
2994.639690 13.672000 0.035000
2996.659720 13.641000 0.045000
3008.589480 13.509000 0.044000
3011.567210 13.387000 0.040000
3013.578110 13.846000 0.042000
3025.563690 13.300000 0.035000
3273.770090 13.393000 0.055000
3295.681690 13.474000 0.056000
3298.690190 13.498000 0.052000
3321.640070 13.139000 0.052000
3356.615070 13.254000 0.042000
3585.892060 13.774000 0.047000
3588.886840 13.728000 0.045000
3591.874350 13.743000 0.048000
3599.854070 13.733000 0.040000
3620.810370 13.639000 0.053000
3636.848060 13.524000 0.042000
3639.737340 13.476000 0.055000
3646.738860 13.340000 0.040000
3655.709970 13.340000 0.045000
3657.717320 13.744000 0.051000
3663.778040 13.715000 0.050000
3666.667170 14.181000 0.046000
3672.656220 13.904000 0.043000
3677.652020 13.529000 0.059000
3712.637250 13.664000 0.053000
3718.625670 13.873000 0.056000
3751.599390 13.309000 0.046000
4107.555690 13.558000 0.057000
4330.818760 13.340000 0.042000
4349.795690 13.460000 0.059000
4352.791070 13.568000 0.040000
4354.804160 13.685000 0.039000
4364.758800 14.022000 0.043000
4382.707130 13.814000 0.044000
4384.798380 13.412000 0.046000
4387.697220 13.518000 0.041000
4404.747130 13.199000 0.041000
4413.782950 13.359000 0.054000
4429.676430 13.251000 0.047000
4442.643260 13.487000 0.062000
4493.548700 13.523000 0.051000
4501.533920 13.769000 0.048000
4676.920800 13.932000 0.045000
4690.883940 13.440000 0.043000
4698.842470 13.619000 0.043000
4705.843530 14.311000 0.048000
4720.806910 13.720000 0.041000
4722.855790 13.576000 0.045000
4738.788200 13.415000 0.041000
4741.756620 13.268000 0.059000
4758.823710 14.013000 0.045000
4769.675770 13.311000 0.046000
4771.704050 13.700000 0.055000
4776.652520 13.013000 0.044000
4801.665430 13.633000 0.042000
4817.581310 13.178000 0.061000
4826.595950 13.335000 0.061000
5088.797210 13.371000 0.047000
5098.758590 13.419000 0.047000
5147.762680 13.683000 0.044000
4297.922010 11.025000 0.057000
4362.764680 13.434000 0.065000
2990.623240 13.074000 0.055000
3326.621660 13.946000 0.096000
3383.601790 14.050000 0.076000
3398.541800 14.075000 0.085000
3406.527130 13.704000 0.086000
3582.910780 13.430000 0.067000
3651.732010 13.667000 0.086000
3699.729990 14.147000 0.090000
3702.669050 13.733000 0.081000
3705.656900 13.751000 0.069000
3708.646030 14.050000 0.084000
3721.615630 13.823000 0.092000
3724.606950 14.022000 0.082000
3727.596460 14.075000 0.081000
3730.648760 13.864000 0.092000
3737.569960 13.640000 0.071000
3739.617820 14.196000 0.100000
3745.581870 13.900000 0.087000
3748.580730 13.262000 0.074000
3754.581120 13.399000 0.083000
3757.558470 13.381000 0.074000
3760.552120 13.803000 0.075000
3763.548150 13.422000 0.074000
3766.537430 13.922000 0.088000
3773.535940 13.378000 0.067000
4089.607430 13.890000 0.101000
4104.611310 13.471000 0.063000
4111.591450 13.456000 0.094000
4131.545280 13.892000 0.082000
4134.547700 13.868000 0.098000
4137.538640 13.831000 0.100000
4140.528590 14.016000 0.094000
4304.917280 13.697000 0.051000
4422.697790 13.403000 0.069000
4436.722510 13.076000 0.065000
4462.560320 14.162000 0.064000
4464.624850 13.269000 0.073000
4470.593310 13.504000 0.084000
4477.567710 13.209000 0.060000
4490.550480 13.974000 0.073000
4684.881540 13.355000 0.074000
4814.597730 13.409000 0.076000
4820.604480 13.587000 0.067000
4842.577380 14.022000 0.088000
4859.537150 13.345000 0.073000
4871.526240 13.175000 0.080000
5063.874100 13.130000 0.055000
5085.840640 13.347000 0.048000
5104.780930 13.286000 0.051000
2621.576170 29.999000 0.040000
2672.533720 29.999000 0.043000
2831.913780 29.999000 0.036000
2862.871920 29.999000 0.039000
2875.892030 29.999000 0.039000
2892.837440 29.999000 0.044000
2899.827990 29.999000 0.041000
2926.754190 29.999000 0.037000
2944.690350 29.999000 0.049000
2948.725880 29.999000 0.037000
2962.663720 29.999000 0.053000
2971.586000 29.999000 0.036000
2983.616780 29.999000 0.037000
3016.602130 29.999000 0.040000
3266.856510 29.999000 0.039000
3276.738930 29.999000 0.063000
3575.903270 29.999000 0.056000
3624.800190 29.999000 0.046000
3629.770980 29.999000 0.041000
3631.786310 29.999000 0.046000
3642.738590 29.999000 0.039000
3653.731340 29.999000 0.051000
3669.761360 29.999000 0.042000
4285.936610 29.999000 0.044000
4314.894210 29.999000 0.043000
4346.906680 29.999000 0.051000
4379.823230 29.999000 0.040000
4694.864480 29.999000 0.041000
4725.814320 29.999000 0.044000
4766.769150 29.999000 0.045000
2641.615360 29.999000 0.058000
2836.931560 29.999000 0.034000
2860.863980 29.999000 0.033000
2966.675160 29.999000 0.037000
2975.613400 29.999000 0.039000
2981.601720 29.999000 0.038000
3000.542610 29.999000 0.044000
3019.559570 29.999000 0.044000
3030.541040 29.999000 0.038000
3042.537040 29.999000 0.040000
3046.525470 29.999000 0.042000
3390.548160 29.999000 0.078000
3564.930230 29.999000 0.043000
3571.919730 29.999000 0.049000
3734.576050 29.999000 0.081000
4092.595980 29.999000 0.077000
4293.920900 29.999000 0.041000
4301.915840 29.999000 0.051000
4307.896290 29.999000 0.046000
4332.837270 29.999000 0.049000
4340.823850 29.999000 0.048000
4357.777840 29.999000 0.041000
4367.751650 29.999000 0.048000
4369.773430 29.999000 0.043000
4374.826170 29.999000 0.047000
4377.719260 29.999000 0.045000
4389.708690 29.999000 0.051000
4393.699920 29.999000 0.047000
4402.667300 29.999000 0.046000
4408.630180 29.999000 0.044000
4410.783970 29.999000 0.074000
4420.628220 29.999000 0.064000
4431.718530 29.999000 0.048000
4439.646070 29.999000 0.070000
4456.565750 29.999000 0.074000
4459.557530 29.999000 0.082000
4467.592890 29.999000 0.073000
4484.556830 29.999000 0.078000
4487.557350 29.999000 0.079000
4498.533710 29.999000 0.064000
4505.530480 29.999000 0.065000
4702.886020 29.999000 0.040000
4708.839420 29.999000 0.056000
4729.814070 29.999000 0.040000
4753.725510 29.999000 0.040000
4756.756830 29.999000 0.040000
4761.694480 29.999000 0.041000
4764.682000 29.999000 0.040000
4773.771400 29.999000 0.042000
4778.680340 29.999000 0.052000
4784.670920 29.999000 0.042000
4787.647190 29.999000 0.048000
4793.639940 29.999000 0.047000
4796.628750 29.999000 0.060000
4799.618820 29.999000 0.048000
4804.576720 29.999000 0.066000
4806.636260 29.999000 0.061000
4811.598340 29.999000 0.060000
4823.596560 29.999000 0.076000
4831.585620 29.999000 0.061000
4834.570800 29.999000 0.086000
4839.553520 29.999000 0.071000
4845.566640 29.999000 0.072000
4848.562230 29.999000 0.060000
4851.558440 29.999000 0.082000
5021.935780 29.999000 0.048000
5070.853050 29.999000 0.046000
5074.849770 29.999000 0.068000
5106.783900 29.999000 0.044000
5144.712000 29.999000 0.049000
5157.672950 29.999000 0.053000
3296.798710 13.214000 0.053000
4107.574500 13.313000 0.046000
4306.910390 13.642000 0.043000
4330.841610 13.517000 0.042000
4334.857350 13.294000 0.048000
4348.807800 13.766000 0.043000
4354.798440 13.854000 0.049000
4357.794320 13.979000 0.038000
4363.784120 14.095000 0.039000
4365.783580 13.498000 0.039000
4377.746220 13.798000 0.045000
4379.844040 13.232000 0.049000
4382.728240 13.801000 0.039000
4384.815870 13.678000 0.039000
4402.767580 13.795000 0.057000
4408.763740 13.837000 0.047000
4420.648720 13.831000 0.043000
4429.697890 13.553000 0.047000
4442.665240 13.259000 0.057000
4462.613080 14.319000 0.046000
4665.929140 13.092000 0.050000
4671.926830 13.436000 0.041000
4677.919610 13.456000 0.041000
4682.915850 13.697000 0.041000
4690.899680 13.383000 0.041000
4694.902260 13.313000 0.043000
4698.863240 13.720000 0.043000
4702.913010 13.812000 0.043000
4705.884060 13.842000 0.043000
4708.867180 13.779000 0.044000
4720.834360 13.861000 0.044000
4725.826880 13.703000 0.046000
4738.815200 13.374000 0.036000
4741.778080 13.380000 0.050000
4744.765310 13.596000 0.044000
4746.803360 13.842000 0.045000
4757.766930 13.389000 0.049000
4760.723120 13.298000 0.037000
4763.711780 13.395000 0.042000
4766.700540 13.775000 0.041000
4773.791570 13.288000 0.041000
4776.669210 13.090000 0.046000
4778.726610 13.616000 0.052000
4787.672300 14.003000 0.041000
4793.659130 13.561000 0.046000
4796.650270 13.838000 0.051000
4801.673830 13.416000 0.049000
4803.730970 14.137000 0.058000
4806.615220 13.892000 0.053000
3365.607950 13.518000 0.090000
3385.620920 13.375000 0.096000
3391.554700 13.501000 0.083000
4089.628260 14.357000 0.066000
4092.616870 13.696000 0.073000
4104.631090 13.466000 0.091000
4111.605030 13.427000 0.090000
4129.533230 13.555000 0.059000
4131.580430 14.335000 0.098000
4134.560990 13.745000 0.077000
4137.551850 14.126000 0.095000
4140.544240 13.836000 0.085000
4143.534860 13.874000 0.091000
4302.924840 13.087000 0.049000
4338.835620 13.772000 0.044000
4342.857640 13.618000 0.063000
4387.718350 13.491000 0.046000
4389.726920 13.562000 0.047000
4411.670460 13.822000 0.059000
4422.717970 13.516000 0.070000
4437.597070 13.829000 0.050000
4439.673140 13.255000 0.067000
4457.581480 13.390000 0.055000
4459.631420 14.213000 0.056000
4465.592030 13.819000 0.070000
4468.596580 14.248000 0.069000
4473.608020 13.631000 0.077000
4476.603400 13.732000 0.065000
4484.559990 13.868000 0.080000
4487.560590 13.685000 0.067000
4489.602420 14.028000 0.065000
4492.572710 13.777000 0.073000
4500.532220 13.942000 0.074000
4503.530980 14.097000 0.059000
4506.527400 14.088000 0.074000
4512.524010 13.249000 0.068000
4518.517100 13.428000 0.067000
4722.872630 13.432000 0.064000
4814.667890 13.237000 0.066000
4817.618970 13.411000 0.071000
4820.640970 13.542000 0.086000
4823.634660 13.417000 0.078000
4826.625840 13.747000 0.066000
4831.598410 13.655000 0.093000
4834.574710 13.996000 0.064000
4839.556670 13.275000 0.079000
4842.581340 13.700000 0.095000
4848.565390 13.656000 0.076000
4851.562380 13.842000 0.086000
4857.577230 13.767000 0.079000
4860.574610 14.054000 0.071000
4871.536790 13.737000 0.090000
4875.531140 13.290000 0.086000
5024.935660 13.634000 0.052000
5040.933120 13.586000 0.047000
5063.896020 13.114000 0.052000
5067.874770 13.822000 0.059000
5070.895850 13.640000 0.044000
5074.874310 14.004000 0.048000
5085.865430 13.457000 0.056000
5088.817530 13.409000 0.043000
5098.775570 13.599000 0.046000
5104.815360 13.513000 0.045000
5106.819700 13.734000 0.048000
5116.758600 13.687000 0.049000
5123.708130 13.320000 0.069000
5131.701170 13.957000 0.046000
5135.716550 13.834000 0.068000
5144.718110 14.055000 0.050000
5147.765300 13.701000 0.044000
5155.675710 13.272000 0.050000
5158.633060 13.424000 0.049000
2956.698950 29.999000 0.035000
2998.684650 29.999000 0.055000
3294.727500 29.999000 0.060000
3367.665030 29.999000 0.099000
4351.815640 29.999000 0.043000
4368.764080 29.999000 0.038000
4374.847220 29.999000 0.049000
4431.732160 29.999000 0.053000
4730.835650 29.999000 0.044000
4784.690910 29.999000 0.042000
4799.628050 29.999000 0.052000
4845.570680 29.999000 0.082000
4867.553190 29.999000 0.071000
4882.515170 29.999000 0.056000
5049.906630 29.999000 0.049000
5128.763400 29.999000 0.053000
