2140.554510 13.804000 0.064000
2173.537810 13.544000 0.049000
2194.499460 13.871000 0.055000
4269.669640 12.948000 0.036000
4314.710410 12.948000 0.040000
4351.550490 13.709000 0.040000
4365.599310 13.453000 0.040000
4569.850730 13.525000 0.033000
4588.787570 13.129000 0.039000
4596.765900 13.326000 0.034000
4622.748170 13.389000 0.035000
4642.711110 13.301000 0.042000
4653.681320 13.521000 0.042000
4683.766600 13.436000 0.047000
4703.713220 14.124000 0.048000
4715.613310 13.226000 0.043000
4729.635110 13.460000 0.050000
4736.615690 13.299000 0.038000
4753.523120 13.319000 0.044000
1961.879710 12.827000 0.052000
2025.777200 13.691000 0.050000
2026.822630 13.421000 0.061000
2027.781680 13.282000 0.055000
2030.773130 13.513000 0.057000
2031.779810 13.493000 0.057000
2032.773630 12.904000 0.054000
2033.762520 13.499000 0.055000
2035.737560 13.380000 0.063000
2037.719880 13.531000 0.064000
2053.676920 13.104000 0.060000
2061.706920 13.488000 0.065000
2081.659740 12.692000 0.062000
2082.677690 13.690000 0.062000
2085.650410 12.960000 0.057000
2086.654620 12.733000 0.065000
2102.601100 13.236000 0.056000
2103.623080 13.026000 0.058000
2104.623160 13.509000 0.054000
2105.618830 13.624000 0.062000
2106.621970 13.424000 0.058000
2109.614730 13.822000 0.050000
2114.776760 12.912000 0.048000
2115.610200 13.565000 0.046000
2116.589720 12.914000 0.055000
2117.586300 12.820000 0.055000
2124.570400 13.355000 0.063000
2125.576020 12.947000 0.055000
2128.564030 13.498000 0.059000
2129.569860 13.202000 0.057000
2130.574450 12.725000 0.056000
2132.570600 13.525000 0.058000
2133.562520 13.357000 0.053000
2134.565390 13.002000 0.061000
2135.561590 13.216000 0.058000
2136.561170 13.680000 0.053000
2142.544600 13.340000 0.060000
2143.542790 12.828000 0.058000
2144.538380 13.581000 0.064000
2145.533870 13.582000 0.051000
2164.485500 13.419000 0.040000
2168.534210 13.335000 0.059000
2179.517490 12.817000 0.041000
2183.515300 13.288000 0.049000
2185.565660 12.823000 0.054000
2188.537920 13.126000 0.058000
2201.495240 13.330000 0.063000
2440.673790 13.223000 0.039000
2443.665430 13.537000 0.035000
2444.665110 13.212000 0.037000
2460.658980 13.682000 0.045000
2465.631100 13.579000 0.040000
2466.621610 13.448000 0.041000
2467.625420 12.881000 0.034000
2468.622300 13.633000 0.035000
2470.557550 13.035000 0.053000
2489.573560 13.033000 0.039000
2493.569020 13.270000 0.044000
2495.573960 14.003000 0.043000
2497.571200 13.577000 0.041000
2498.559330 12.990000 0.042000
2499.555220 13.521000 0.047000
2501.556600 13.243000 0.049000
2508.681100 13.359000 0.037000
2521.567940 12.759000 0.043000
2524.561150 13.462000 0.056000
2526.598780 12.783000 0.056000
2535.517760 14.005000 0.042000
2544.548010 12.455000 0.055000
2545.594780 13.721000 0.043000
2548.614550 13.438000 0.047000
2553.615770 13.078000 0.043000
2558.526620 13.649000 0.038000
2559.542340 13.645000 0.044000
2560.556820 13.540000 0.038000
2561.556220 13.120000 0.043000
2562.579310 12.787000 0.040000
2563.595600 13.236000 0.046000
2566.532050 12.797000 0.052000
2579.539700 13.248000 0.044000
2679.870080 13.024000 0.044000
2683.859590 13.279000 0.038000
2686.869130 13.541000 0.039000
2689.869180 12.508000 0.040000
2693.886790 13.008000 0.042000
2699.869260 13.716000 0.037000
2706.846330 13.162000 0.038000
2711.835550 12.728000 0.037000
2713.874210 13.512000 0.035000
2717.849580 13.449000 0.037000
2720.819750 12.672000 0.037000
2722.848570 13.527000 0.038000
2724.845140 13.204000 0.036000
2730.846030 13.408000 0.035000
2733.859970 13.241000 0.037000
2735.846020 14.030000 0.035000
2737.835250 13.300000 0.035000
2739.823390 13.975000 0.036000
2741.817140 13.724000 0.037000
2743.814370 12.482000 0.036000
2754.811380 13.557000 0.038000
2756.779260 12.542000 0.034000
2758.828590 13.379000 0.033000
2764.751310 13.153000 0.036000
2782.796680 13.384000 0.037000
2784.739830 13.594000 0.036000
2786.702890 13.143000 0.036000
2791.689530 12.761000 0.038000
2802.840180 12.762000 0.047000
2804.681860 13.106000 0.039000
2808.727500 13.701000 0.036000
2810.641300 13.646000 0.035000
2811.832330 12.673000 0.039000
2813.717490 13.369000 0.040000
2820.746500 13.864000 0.033000
2831.745630 13.527000 0.039000
2832.823460 13.523000 0.036000
2834.621100 13.371000 0.041000
2835.742110 13.560000 0.038000
2838.740910 13.795000 0.037000
2840.789700 13.518000 0.037000
2845.756430 13.480000 0.032000
2851.607910 13.742000 0.035000
2858.681090 13.312000 0.033000
2860.626530 13.580000 0.035000
2865.750790 12.516000 0.046000
2867.622000 13.146000 0.042000
2872.554000 13.652000 0.038000
2876.651980 13.304000 0.042000
2878.642190 13.806000 0.043000
2883.569650 13.469000 0.037000
2884.728310 13.646000 0.041000
2888.539270 13.546000 0.041000
2892.540060 13.554000 0.042000
2893.650780 13.522000 0.036000
2895.622150 12.590000 0.040000
2897.631300 13.656000 0.037000
2904.649540 12.856000 0.045000
2906.647800 13.502000 0.035000
2909.647610 12.634000 0.038000
2911.600770 13.589000 0.037000
2916.574650 13.292000 0.038000
2918.609590 13.033000 0.047000
2922.569830 13.018000 0.038000
2924.578840 13.525000 0.038000
2927.576670 13.862000 0.036000
2929.577800 13.548000 0.038000
2931.582040 12.494000 0.037000
2933.576180 13.383000 0.038000
2935.570870 12.831000 0.039000
2937.572780 13.759000 0.038000
2944.551420 12.664000 0.039000
2947.549550 13.330000 0.038000
2950.534820 13.758000 0.038000
2953.528780 12.658000 0.039000
2956.524060 13.418000 0.038000
3055.875180 13.508000 0.038000
3059.871960 13.763000 0.040000
3067.894140 12.504000 0.040000
3070.882250 13.359000 0.038000
3079.847180 13.186000 0.036000
3082.878660 13.609000 0.038000
3086.900840 13.678000 0.037000
3090.838740 13.676000 0.037000
3097.801770 12.835000 0.036000
3100.847810 13.670000 0.036000
3103.849960 13.412000 0.038000
3109.846760 13.481000 0.036000
3112.825710 13.705000 0.036000
3115.815800 13.058000 0.036000
3125.754860 13.697000 0.038000
3127.763610 13.747000 0.043000
3131.809590 13.527000 0.037000
3133.843230 13.432000 0.035000
3146.705190 12.695000 0.035000
3154.722960 13.482000 0.037000
3157.849640 12.740000 0.040000
3162.792820 13.419000 0.038000
3164.815170 13.354000 0.038000
3170.744790 13.483000 0.039000
3179.651430 13.708000 0.038000
3182.675140 12.832000 0.038000
3184.652230 13.510000 0.037000
3186.685450 13.293000 0.036000
3189.713070 13.377000 0.037000
3266.534080 13.214000 0.038000
3268.532270 13.988000 0.046000
3272.599910 12.906000 0.041000
3274.659280 13.716000 0.035000
3277.598650 12.593000 0.042000
3326.511750 12.535000 0.050000
3405.884010 13.280000 0.038000
3414.879400 13.700000 0.065000
3418.877150 13.638000 0.041000
3422.866410 13.373000 0.064000
3433.852290 13.421000 0.059000
3446.882550 13.519000 0.060000
3450.875770 13.625000 0.053000
3456.849990 13.288000 0.063000
3469.857560 13.601000 0.036000
3473.805840 13.592000 0.053000
3479.813340 12.944000 0.054000
3481.848270 13.743000 0.042000
3489.869150 12.898000 0.039000
3492.785700 13.328000 0.046000
3496.831950 13.378000 0.040000
3502.863160 13.384000 0.047000
3504.834210 13.579000 0.040000
3508.835060 13.604000 0.036000
3511.745010 12.720000 0.044000
3516.794640 12.442000 0.039000
3524.792460 13.303000 0.048000
3526.866280 12.452000 0.038000
3538.727640 12.517000 0.037000
3540.724800 13.884000 0.040000
3543.720700 13.572000 0.040000
3550.809810 13.765000 0.041000
3555.796150 13.489000 0.046000
3559.630470 12.789000 0.057000
3561.668050 13.550000 0.047000
3563.652860 13.274000 0.038000
3570.556280 13.364000 0.040000
3572.824600 13.308000 0.035000
3575.570470 13.530000 0.041000
3577.624450 12.844000 0.043000
3582.801250 13.486000 0.042000
3584.809560 12.818000 0.048000
3587.539880 14.004000 0.044000
3589.589670 13.368000 0.038000
3591.652330 12.803000 0.042000
3594.523000 12.807000 0.043000
3599.611190 13.104000 0.038000
3601.672120 12.562000 0.047000
3603.671600 13.471000 0.035000
3607.541500 13.323000 0.039000
3616.555460 13.550000 0.044000
3620.654380 14.037000 0.052000
3626.534740 12.720000 0.036000
3629.606310 13.609000 0.035000
3631.603970 13.080000 0.039000
3637.562300 13.548000 0.033000
3639.609520 13.362000 0.039000
3642.607090 13.616000 0.042000
3653.509180 12.823000 0.047000
3655.539910 13.671000 0.048000
3657.606740 13.459000 0.044000
3668.557530 13.444000 0.034000
3671.542060 13.291000 0.040000
3674.544750 13.600000 0.039000
3677.531780 14.059000 0.041000
3795.871010 13.753000 0.039000
3799.873290 12.586000 0.057000
3806.876940 13.431000 0.054000
3828.880900 13.797000 0.044000
3832.825650 13.689000 0.046000
3835.844880 12.572000 0.043000
3850.805280 13.528000 0.044000
3853.796170 13.365000 0.039000
3856.787940 13.341000 0.041000
3859.780260 13.432000 0.037000
3861.831840 13.233000 0.039000
3863.844270 13.913000 0.046000
3865.800100 13.236000 0.044000
3869.783630 13.204000 0.046000
3871.826930 12.645000 0.046000
3875.760410 12.439000 0.047000
3877.817000 13.468000 0.045000
3881.687300 13.570000 0.045000
3886.780490 13.540000 0.044000
3891.679890 13.272000 0.045000
3893.747860 12.526000 0.033000
3901.784100 13.361000 0.044000
3903.793260 13.568000 0.043000
3905.829440 13.535000 0.052000
4143.881110 13.708000 0.044000
4152.877090 13.477000 0.045000
4156.873060 13.431000 0.061000
4164.862590 13.667000 0.054000
4177.883130 13.144000 0.058000
4194.829560 12.619000 0.036000
4202.870800 13.485000 0.039000
4216.829100 13.169000 0.036000
4229.832000 13.292000 0.038000
4231.833510 13.536000 0.034000
4234.759540 12.701000 0.040000
4247.713350 12.754000 0.034000
4266.790270 12.803000 0.032000
4274.721410 13.073000 0.033000
4277.674250 12.906000 0.035000
4283.699840 12.687000 0.040000
4285.688480 13.480000 0.033000
4295.688670 13.411000 0.033000
4297.679110 12.464000 0.037000
4299.655120 13.552000 0.040000
4303.637480 13.129000 0.034000
4306.659580 12.728000 0.032000
4317.564350 13.248000 0.033000
4329.568050 13.398000 0.036000
4330.771090 12.577000 0.040000
4332.659270 13.094000 0.063000
4336.552930 12.840000 0.034000
4338.702910 12.675000 0.036000
4345.494140 13.153000 0.041000
4347.516340 13.447000 0.036000
4349.521620 12.907000 0.044000
4353.668200 13.687000 0.035000
4356.509020 13.536000 0.039000
4358.515740 13.011000 0.032000
4360.501580 13.374000 0.034000
4363.613020 13.220000 0.044000
4368.635500 12.954000 0.036000
4372.640280 13.217000 0.038000
4375.638030 13.573000 0.038000
4378.517280 13.561000 0.063000
4380.571540 13.852000 0.046000
4382.622150 12.953000 0.037000
4385.528850 13.232000 0.044000
4387.531960 13.734000 0.048000
4393.539160 13.459000 0.042000
4400.521820 13.707000 0.047000
4403.568360 13.434000 0.064000
4408.501960 12.792000 0.038000
4411.541590 13.719000 0.046000
4518.882590 12.431000 0.043000
4522.889260 12.802000 0.035000
4528.864720 13.759000 0.064000
4532.865440 13.837000 0.042000
4536.878100 12.463000 0.037000
4540.841170 12.702000 0.048000
4546.899350 13.281000 0.044000
4550.848780 13.292000 0.039000
4559.867940 13.652000 0.041000
4563.831330 13.196000 0.039000
4566.848470 13.474000 0.038000
4574.870390 13.757000 0.036000
4580.812930 12.982000 0.058000
4593.818100 13.234000 0.033000
4601.769090 13.710000 0.037000
4603.771420 12.570000 0.033000
4607.766900 12.772000 0.039000
4610.738670 13.681000 0.040000
4612.786290 12.595000 0.042000
4616.789410 12.995000 0.034000
4627.738890 13.723000 0.034000
4631.741140 13.428000 0.036000
4633.724430 13.249000 0.037000
4640.713960 13.429000 0.045000
4649.630350 12.626000 0.045000
4651.684820 13.080000 0.043000
4655.667340 13.181000 0.037000
4660.663130 12.939000 0.035000
4663.653580 13.369000 0.036000
4665.704280 12.888000 0.036000
4672.779110 13.684000 0.046000
4675.785980 13.179000 0.052000
4681.714450 13.515000 0.041000
4687.669550 13.157000 0.058000
4691.575560 12.831000 0.035000
4701.708450 13.217000 0.043000
4706.621510 13.516000 0.037000
4709.560300 12.914000 0.047000
4724.624110 12.702000 0.049000
4726.662330 13.390000 0.044000
4733.533610 13.518000 0.040000
4739.608180 13.831000 0.049000
4745.515510 12.743000 0.040000
4764.529290 13.225000 0.050000
4767.525500 13.297000 0.059000
4772.547020 13.066000 0.050000
4786.507820 12.575000 0.050000
4916.848530 13.349000 0.047000
4949.803700 12.580000 0.045000
4969.881490 13.356000 0.044000
4984.769250 12.983000 0.045000
5014.680570 13.424000 0.041000
5104.588240 13.051000 0.043000
2191.498600 13.310000 0.071000
4884.879920 13.680000 0.051000
4919.890580 13.591000 0.048000
5006.717150 12.927000 0.049000
5084.710280 12.855000 0.050000
1979.855280 12.673000 0.056000
2040.712490 13.091000 0.083000
2051.797360 12.694000 0.079000
2054.729810 13.035000 0.080000
2055.718470 13.053000 0.076000
2056.719660 13.574000 0.070000
2057.713220 13.499000 0.069000
2058.719050 13.442000 0.072000
2067.641500 12.973000 0.067000
2068.664690 13.088000 0.070000
2069.685210 13.728000 0.075000
2070.681470 13.475000 0.079000
2080.598440 12.826000 0.072000
2087.649540 13.756000 0.078000
2088.646040 13.440000 0.071000
2093.571240 13.016000 0.066000
2094.600590 12.655000 0.074000
2096.612290 13.572000 0.079000
2175.500860 12.476000 0.052000
2197.511810 13.096000 0.066000
2206.529650 13.051000 0.067000
2213.512190 13.311000 0.071000
2494.574530 12.402000 0.055000
2503.577030 12.819000 0.066000
2788.805480 12.752000 0.043000
2830.623820 13.244000 0.045000
2880.692590 13.774000 0.049000
2899.613260 13.005000 0.054000
3074.857090 13.454000 0.047000
3122.858980 13.539000 0.044000
3129.840930 13.133000 0.048000
3410.880750 13.636000 0.074000
3426.859070 12.678000 0.082000
3443.869390 13.315000 0.076000
3500.793230 13.544000 0.076000
3520.731780 12.949000 0.069000
3618.670700 13.186000 0.074000
3775.883650 13.093000 0.072000
3791.864910 13.662000 0.069000
3803.867660 12.863000 0.064000
3814.857130 13.541000 0.076000
3818.846930 13.680000 0.077000
3825.837640 13.061000 0.043000
3847.886590 13.737000 0.056000
3981.517370 12.443000 0.046000
4212.888720 12.767000 0.041000
4755.578600 12.573000 0.076000
4758.542990 13.374000 0.067000
4940.820040 12.547000 0.049000
4952.790100 13.568000 0.047000
4962.768940 12.747000 0.048000
4967.817400 12.909000 0.050000
5009.689690 13.541000 0.046000
5012.733270 12.815000 0.048000
5021.746620 12.510000 0.060000
5042.606890 12.489000 0.052000
5087.530230 13.421000 0.050000
5089.582760 13.505000 0.053000
5122.498770 12.875000 0.047000
1963.864610 29.999000 0.045000
1980.833920 29.999000 0.054000
1982.808030 29.999000 0.056000
1994.790510 29.999000 0.055000
1995.862470 29.999000 0.068000
2171.516080 29.999000 0.058000
2232.506820 29.999000 0.054000
2442.669160 29.999000 0.059000
2446.676800 29.999000 0.036000
2452.638600 29.999000 0.047000
2464.629660 29.999000 0.038000
2473.582070 29.999000 0.043000
2481.571740 29.999000 0.055000
2486.582240 29.999000 0.051000
2519.554900 29.999000 0.059000
2552.593730 29.999000 0.055000
2861.733030 29.999000 0.036000
3152.933280 29.999000 0.044000
3159.717460 29.999000 0.040000
3459.817680 29.999000 0.059000
3466.856260 29.999000 0.043000
3476.831970 29.999000 0.070000
3644.640320 29.999000 0.063000
3821.878250 29.999000 0.046000
3867.792980 29.999000 0.045000
3908.659600 29.999000 0.073000
4160.868810 29.999000 0.056000
4174.856810 29.999000 0.058000
4188.880830 29.999000 0.038000
4205.838430 29.999000 0.043000
4281.698300 29.999000 0.044000
4289.684570 29.999000 0.040000
4291.683710 29.999000 0.032000
4293.671920 29.999000 0.033000
4301.638680 29.999000 0.040000
4304.840140 29.999000 0.036000
4309.621500 29.999000 0.046000
4311.667980 29.999000 0.036000
4340.723920 29.999000 0.034000
4342.730940 29.999000 0.040000
4572.800440 29.999000 0.037000
4577.839360 29.999000 0.037000
4591.775850 29.999000 0.035000
4599.757190 29.999000 0.040000
4667.716720 29.999000 0.049000
4685.690790 29.999000 0.064000
4697.740630 29.999000 0.038000
4721.595540 29.999000 0.054000
4742.564610 29.999000 0.059000
4747.548100 29.999000 0.060000
4761.532310 29.999000 0.065000
4770.511010 29.999000 0.065000
4775.539260 29.999000 0.044000
4778.542300 29.999000 0.065000
4783.506520 29.999000 0.070000
1948.883580 29.999000 0.059000
1965.860140 29.999000 0.042000
1967.862670 29.999000 0.047000
1978.825640 29.999000 0.056000
1981.855840 29.999000 0.051000
1984.814140 29.999000 0.052000
1985.845260 29.999000 0.051000
1997.804300 29.999000 0.061000
1999.808360 29.999000 0.065000
2014.801320 29.999000 0.065000
2204.492210 29.999000 0.068000
2474.633340 29.999000 0.039000
2482.613970 29.999000 0.047000
2491.573840 29.999000 0.055000
2502.572320 29.999000 0.059000
2511.726930 29.999000 0.050000
2529.530620 29.999000 0.065000
2543.625280 29.999000 0.062000
2546.638710 29.999000 0.056000
2568.566110 29.999000 0.045000
2578.533420 29.999000 0.044000
2855.636570 29.999000 0.035000
2942.536800 29.999000 0.040000
3191.822310 29.999000 0.047000
3279.634600 29.999000 0.050000
3463.829900 29.999000 0.050000
3522.776040 29.999000 0.053000
3553.685110 29.999000 0.047000
3633.630150 29.999000 0.041000
3660.536960 29.999000 0.040000
3662.569270 29.999000 0.042000
3664.578030 29.999000 0.045000
3810.868510 29.999000 0.080000
4168.875050 29.999000 0.044000
4191.836710 29.999000 0.035000
4227.843750 29.999000 0.036000
4250.834890 29.999000 0.036000
4257.688960 29.999000 0.036000
4259.765500 29.999000 0.042000
4272.711550 29.999000 0.034000
4420.511770 29.999000 0.041000
4505.886100 29.999000 0.041000
4585.818630 29.999000 0.046000
4638.747120 29.999000 0.033000
4644.732170 29.999000 0.043000
4646.813390 29.999000 0.049000
4657.702140 29.999000 0.037000
4694.637390 29.999000 0.048000
4880.884580 29.999000 0.041000
4892.871230 29.999000 0.050000
4905.842100 29.999000 0.046000
4927.896440 29.999000 0.043000
4937.824060 29.999000 0.048000
4946.829850 29.999000 0.042000
4990.772090 29.999000 0.043000
4992.892580 29.999000 0.044000
5023.754160 29.999000 0.046000
5031.645240 29.999000 0.055000
5040.617490 29.999000 0.045000
5048.794240 29.999000 0.045000
5067.619220 29.999000 0.056000
5082.669660 29.999000 0.046000
5111.598720 29.999000 0.055000
2180.520830 13.420000 0.057000
3453.838600 12.516000 0.071000
2069.696430 14.816000 0.068000
2088.673060 14.155000 0.073000
2096.621410 14.616000 0.078000
2103.645720 13.761000 0.060000
2128.605100 14.389000 0.054000
2145.552400 14.210000 0.054000
3553.696930 14.063000 0.039000
3863.792800 14.684000 0.061000
4690.629790 14.400000 0.040000
1964.875330 13.588000 0.047000
1966.868940 13.304000 0.047000
2025.813100 13.948000 0.041000
2026.847110 13.588000 0.064000
2027.812930 13.304000 0.057000
2030.801820 13.797000 0.047000
2031.818080 13.501000 0.055000
2033.789020 12.492000 0.046000
2037.766660 12.536000 0.058000
2039.788350 13.719000 0.077000
2052.746560 13.756000 0.066000
2053.763880 13.382000 0.062000
2054.758700 13.399000 0.078000
2055.747360 12.582000 0.069000
2056.746270 13.637000 0.067000
2058.743400 13.386000 0.071000
2061.738800 13.656000 0.069000
2065.708710 13.699000 0.074000
2067.650360 12.843000 0.061000
2068.671170 12.624000 0.064000
2070.723750 13.673000 0.070000
2080.627730 13.160000 0.069000
2081.688910 12.976000 0.068000
2082.697810 12.726000 0.067000
2085.677690 13.346000 0.061000
2086.692590 12.598000 0.068000
2087.676450 13.816000 0.077000
2093.584840 13.255000 0.068000
2102.630400 13.481000 0.060000
2104.647370 12.508000 0.052000
2105.639290 13.546000 0.064000
2106.642440 13.494000 0.059000
2109.635190 13.861000 0.049000
2114.758860 12.689000 0.045000
2115.626850 13.521000 0.054000
2116.610170 13.132000 0.058000
2117.606940 12.421000 0.058000
2124.582820 13.265000 0.055000
2125.596570 13.261000 0.054000
2129.590490 13.484000 0.062000
2130.592810 12.748000 0.056000
2131.580900 13.840000 0.064000
2132.591230 13.696000 0.061000
2133.580900 13.437000 0.050000
2134.583820 13.108000 0.064000
2135.580070 12.460000 0.058000
2136.588550 13.701000 0.058000
2141.571140 13.608000 0.055000
2142.567670 13.631000 0.055000
2143.568150 13.269000 0.057000
2144.559150 13.157000 0.063000
2167.496260 13.605000 0.054000
2172.522040 13.954000 0.055000
2178.514850 13.257000 0.048000
2184.489240 12.917000 0.053000
2443.692300 13.570000 0.047000
2464.650160 13.941000 0.041000
2465.651520 13.587000 0.050000
2466.642000 13.650000 0.054000
2467.645860 13.009000 0.047000
2468.642790 12.864000 0.044000
2470.589970 13.478000 0.044000
2473.611630 13.485000 0.044000
2489.615370 13.397000 0.045000
2490.620010 12.633000 0.049000
2493.589830 13.252000 0.044000
2498.580010 13.144000 0.053000
2499.575870 13.049000 0.055000
2501.590910 13.815000 0.044000
2508.700960 13.382000 0.039000
2512.523740 13.036000 0.047000
2521.601620 13.060000 0.036000
2526.490790 13.812000 0.046000
2535.520710 13.638000 0.048000
2544.550980 12.475000 0.053000
2545.597770 13.597000 0.036000
2548.617520 13.310000 0.051000
2558.616560 12.911000 0.053000
2559.612920 13.607000 0.045000
2560.621010 13.443000 0.043000
2561.607570 13.365000 0.039000
2562.617610 13.118000 0.040000
2566.573230 13.150000 0.041000
2578.589960 13.629000 0.037000
2684.879490 12.829000 0.036000
2688.879630 13.123000 0.035000
2696.888140 13.424000 0.038000
2698.892440 12.806000 0.035000
2711.855850 12.967000 0.031000
2713.882740 13.694000 0.036000
2717.874360 13.602000 0.040000
2720.847780 12.976000 0.037000
2725.853630 12.617000 0.033000
2729.869770 13.295000 0.032000
2732.879640 13.674000 0.035000
2737.880580 13.547000 0.032000
2739.876940 12.571000 0.030000
2741.856300 13.457000 0.036000
2743.848350 12.649000 0.032000
2751.756530 12.756000 0.032000
2754.863820 13.729000 0.033000
2756.817890 12.942000 0.032000
2760.808200 13.174000 0.034000
2764.795570 13.280000 0.033000
2770.838870 12.845000 0.032000
2786.739880 13.309000 0.032000
2804.690970 13.135000 0.033000
2808.761900 13.438000 0.032000
2811.855660 12.878000 0.034000
2820.794920 12.579000 0.035000
2826.812810 13.637000 0.034000
2830.651520 13.370000 0.038000
2831.873080 13.756000 0.035000
2851.652740 13.758000 0.031000
2855.669470 12.854000 0.042000
2858.705980 13.428000 0.032000
2860.629220 13.528000 0.032000
2872.592070 12.582000 0.031000
2878.647290 13.564000 0.039000
3069.872710 13.503000 0.038000
3077.862580 13.791000 0.039000
3080.895270 12.843000 0.034000
3087.860690 13.637000 0.035000
3091.844300 13.260000 0.032000
3097.828030 13.102000 0.033000
3100.875940 13.822000 0.034000
3104.830230 13.468000 0.037000
3107.860960 12.932000 0.034000
3116.848900 12.763000 0.031000
3125.785490 13.466000 0.034000
3146.739530 13.123000 0.031000
3153.815020 13.652000 0.033000
3156.760060 12.650000 0.032000
3158.815830 13.596000 0.034000
3164.786790 13.620000 0.030000
3167.822490 13.799000 0.032000
3169.801070 13.361000 0.033000
3176.712420 13.653000 0.036000
3179.682880 13.630000 0.030000
3182.698530 13.137000 0.033000
3184.690550 13.529000 0.032000
3415.888610 13.617000 0.078000
3426.888550 12.640000 0.060000
3447.873580 13.591000 0.059000
3456.875880 13.548000 0.051000
3459.879290 13.836000 0.047000
3463.845470 14.015000 0.071000
3466.879400 13.156000 0.050000
3473.866140 13.550000 0.039000
3479.870400 13.387000 0.055000
3482.842960 13.753000 0.062000
3487.861390 13.515000 0.049000
3490.862500 13.749000 0.045000
3502.791740 12.849000 0.052000
3508.861870 12.999000 0.041000
3511.778630 12.667000 0.035000
3515.803070 13.410000 0.037000
3521.808570 13.158000 0.049000
3523.872230 13.556000 0.064000
3528.806870 13.523000 0.046000
3538.768990 12.847000 0.036000
3540.765640 13.624000 0.050000
3543.699110 13.867000 0.042000
3550.775970 13.706000 0.055000
3555.814850 13.586000 0.040000
3559.665890 13.055000 0.070000
3561.700940 13.863000 0.038000
3563.705040 13.585000 0.046000
3569.681210 12.587000 0.043000
3571.704720 13.530000 0.037000
3575.807320 12.560000 0.044000
3584.812420 12.840000 0.040000
3587.568170 13.746000 0.038000
3589.623560 13.607000 0.035000
3591.691080 13.638000 0.037000
3594.547510 13.015000 0.043000
3599.622180 13.316000 0.039000
3601.677790 12.669000 0.046000
3603.680920 13.550000 0.036000
3607.551050 13.445000 0.049000
3616.559510 13.319000 0.045000
3618.673930 13.210000 0.054000
3620.657600 13.788000 0.054000
3622.719080 13.485000 0.052000
3626.618160 13.497000 0.036000
3639.585480 13.409000 0.053000
3644.618300 13.696000 0.060000
3650.618780 12.549000 0.041000
3658.557650 12.845000 0.041000
3789.861050 13.143000 0.039000
3793.888750 13.470000 0.039000
3797.879410 13.692000 0.055000
3807.900420 13.487000 0.064000
3811.886320 13.525000 0.065000
3815.860190 13.923000 0.064000
3818.879260 13.784000 0.059000
3822.854090 13.860000 0.076000
3826.867040 12.654000 0.048000
3830.862210 13.089000 0.076000
3834.820080 12.919000 0.038000
3851.853750 13.637000 0.059000
3860.808930 13.501000 0.044000
3865.811240 13.321000 0.040000
3867.809460 13.842000 0.046000
3872.849460 13.643000 0.044000
3880.782680 12.911000 0.037000
3883.816740 13.416000 0.057000
3887.774550 13.537000 0.039000
3889.887640 13.264000 0.035000
3891.794290 13.459000 0.043000
3893.784440 12.830000 0.036000
3896.787320 13.433000 0.057000
3901.839930 13.709000 0.049000
3903.851740 12.781000 0.037000
3908.689820 13.598000 0.051000
4143.888620 13.902000 0.040000
4154.892810 12.505000 0.068000
4158.892630 12.884000 0.075000
4162.882060 12.996000 0.053000
4166.876110 13.775000 0.059000
4174.882070 13.417000 0.050000
4182.853210 13.628000 0.071000
4185.874320 13.075000 0.054000
4189.859000 13.185000 0.045000
4192.847940 13.714000 0.057000
4203.854010 12.889000 0.049000
4213.913310 12.809000 0.041000
4228.813840 13.418000 0.039000
4230.841630 13.017000 0.039000
4233.785550 13.565000 0.036000
4235.858700 12.854000 0.046000
4246.738840 13.390000 0.041000
4255.686760 13.225000 0.035000
4258.729790 13.592000 0.044000
4273.707790 13.316000 0.039000
4278.700320 13.211000 0.036000
4283.793670 13.678000 0.041000
4285.778990 13.509000 0.041000
4289.771260 12.522000 0.039000
4291.772510 13.691000 0.037000
4293.759550 12.904000 0.036000
4295.766530 13.640000 0.042000
4299.715040 13.520000 0.047000
4301.673130 12.763000 0.041000
4303.678390 13.470000 0.038000
4305.670470 13.191000 0.037000
4307.639200 13.560000 0.037000
4314.741400 13.511000 0.046000
4317.567190 13.355000 0.045000
4329.602400 13.888000 0.040000
4331.599650 13.406000 0.037000
4332.762130 13.439000 0.042000
4334.640410 13.442000 0.036000
4340.539130 12.850000 0.043000
4342.563450 13.735000 0.039000
4344.564310 13.276000 0.047000
4346.563240 13.696000 0.038000
4348.570940 13.512000 0.050000
4350.570500 12.521000 0.065000
4352.580460 13.650000 0.039000
4354.691670 13.553000 0.043000
4357.503430 13.324000 0.037000
4359.516640 13.453000 0.036000
4361.520920 13.461000 0.039000
4364.516050 13.690000 0.037000
4367.602800 13.239000 0.040000
4369.631820 12.575000 0.040000
4371.653210 13.439000 0.043000
4373.666680 13.341000 0.041000
4376.657290 13.590000 0.040000
4379.509720 13.530000 0.036000
4381.565270 13.265000 0.038000
4383.613430 13.536000 0.047000
4388.504350 13.626000 0.037000
4393.542340 13.961000 0.041000
4399.615610 13.353000 0.065000
4402.609590 13.505000 0.038000
4407.518640 13.316000 0.039000
4413.553500 12.966000 0.035000
4420.514750 13.674000 0.041000
4430.522350 13.441000 0.044000
4435.517490 13.198000 0.062000
4520.887150 13.318000 0.051000
4525.868950 13.446000 0.052000
4528.895240 13.782000 0.050000
4532.878880 13.750000 0.039000
4537.872340 13.944000 0.047000
4541.865580 13.637000 0.058000
4548.861280 13.184000 0.046000
4552.857500 13.679000 0.065000
4555.872280 13.775000 0.039000
4558.876310 12.993000 0.041000
4561.871290 13.640000 0.047000
4564.876610 13.953000 0.044000
4567.870970 13.053000 0.041000
4571.823380 13.107000 0.039000
4574.809280 13.374000 0.046000
4577.854060 13.425000 0.043000
4580.858740 13.223000 0.050000
4585.849810 12.899000 0.038000
4588.834290 13.638000 0.038000
4591.823240 13.871000 0.039000
4594.801290 12.681000 0.039000
4596.870030 13.749000 0.053000
4601.800620 13.383000 0.039000
4609.782060 14.060000 0.036000
4611.834150 13.430000 0.040000
4615.836360 13.430000 0.042000
4617.775240 13.297000 0.042000
4623.816940 13.621000 0.040000
4626.659050 13.443000 0.037000
4630.704940 13.669000 0.048000
4632.711970 13.631000 0.039000
4638.749590 13.198000 0.040000
4640.749050 13.588000 0.038000
4642.738540 13.331000 0.049000
4644.759740 13.186000 0.037000
4646.866160 13.513000 0.050000
4649.660690 13.493000 0.043000
4651.716380 13.216000 0.037000
4655.708020 13.566000 0.041000
4657.740360 12.491000 0.038000
4660.748340 13.346000 0.034000
4662.738800 13.720000 0.052000
4664.703960 13.416000 0.050000
4666.726000 12.562000 0.039000
4671.870390 13.402000 0.044000
4674.600390 13.457000 0.037000
4677.682530 13.850000 0.055000
4679.688120 12.653000 0.040000
4684.672430 13.983000 0.038000
4686.617470 13.341000 0.043000
4697.666460 12.633000 0.039000
4701.657450 13.058000 0.058000
4703.660240 13.743000 0.038000
4705.692940 13.550000 0.055000
4708.633780 13.639000 0.047000
4710.652170 12.797000 0.042000
4715.617310 13.370000 0.046000
4720.699530 12.700000 0.043000
4728.668950 13.197000 0.051000
4734.578430 13.588000 0.042000
4738.579910 13.965000 0.039000
4741.557720 12.670000 0.040000
4743.577670 13.518000 0.040000
4745.586980 13.112000 0.052000
4747.580640 13.837000 0.045000
4755.540290 13.261000 0.061000
4760.562570 13.802000 0.055000
4766.544950 13.597000 0.066000
4769.538640 13.788000 0.061000
4771.589020 13.524000 0.073000
4774.522970 13.667000 0.075000
4776.557500 13.364000 0.054000
4778.566070 13.280000 0.043000
4786.511700 12.430000 0.065000
4882.895560 12.458000 0.053000
4892.892100 13.643000 0.043000
4916.892360 13.658000 0.053000
4947.843940 13.495000 0.047000
4967.846960 12.974000 0.040000
4993.816020 13.633000 0.046000
5014.731330 13.539000 0.042000
5031.687670 13.547000 0.043000
5088.709040 13.065000 0.055000
3430.884870 14.346000 0.084000
1978.862360 13.454000 0.057000
1979.896270 12.780000 0.055000
1981.832230 13.346000 0.054000
1982.835680 13.370000 0.056000
1985.851350 13.644000 0.052000
2040.721160 13.096000 0.081000
2094.619360 12.834000 0.081000
2454.669240 12.772000 0.059000
2459.655060 12.421000 0.058000
2539.528780 12.636000 0.067000
2579.589350 13.216000 0.058000
2833.697330 13.188000 0.043000
2836.621600 12.641000 0.045000
3339.516630 12.857000 0.080000
3422.891960 13.474000 0.071000
3444.842880 12.703000 0.064000
3476.909980 13.077000 0.083000
3803.897840 12.965000 0.078000
3869.805000 13.189000 0.047000
4207.873850 13.301000 0.072000
4311.706320 12.392000 0.053000
4725.721800 12.747000 0.081000
4757.583380 14.080000 0.079000
4763.560340 13.181000 0.079000
4783.509520 13.549000 0.074000
4796.520280 13.639000 0.078000
4886.895840 12.720000 0.051000
4905.874810 13.782000 0.073000
4920.864830 13.476000 0.050000
4935.865790 13.181000 0.052000
4938.861220 13.358000 0.053000
4974.766790 13.506000 0.049000
4984.815620 13.372000 0.047000
4988.797750 13.444000 0.041000
4990.792650 12.682000 0.044000
5006.767380 13.682000 0.051000
5021.764910 12.747000 0.056000
5042.642020 12.830000 0.045000
5047.635810 12.503000 0.045000
5071.642590 13.780000 0.049000
5099.577990 13.477000 0.044000
5144.542630 13.306000 0.047000
1984.827440 29.999000 0.055000
1995.884950 29.999000 0.062000
2510.678990 29.999000 0.052000
2520.591960 29.999000 0.039000
2529.517180 29.999000 0.063000
2543.628240 29.999000 0.039000
2565.561090 29.999000 0.046000
2694.869560 29.999000 0.037000
2723.831780 29.999000 0.038000
2747.876420 29.999000 0.036000
2758.846300 29.999000 0.033000
2784.764350 29.999000 0.034000
3064.896550 29.999000 0.038000
3162.754180 29.999000 0.033000
4199.743660 29.999000 0.073000
1994.820060 29.999000 0.058000
1999.828660 29.999000 0.065000
2482.632270 29.999000 0.054000
2502.590970 29.999000 0.055000
2519.589020 29.999000 0.058000
2540.550180 29.999000 0.056000
2554.655510 29.999000 0.062000
2727.880560 29.999000 0.035000
2735.819630 29.999000 0.033000
2790.761810 29.999000 0.033000
3127.821300 29.999000 0.034000
3189.738460 29.999000 0.037000
3573.816060 29.999000 0.044000
3905.870740 29.999000 0.077000
4250.771190 29.999000 0.038000
4276.689910 29.999000 0.053000
4337.775300 29.999000 0.040000
4606.844670 29.999000 0.041000
4653.723370 29.999000 0.037000
4717.689440 29.999000 0.041000
4722.707430 29.999000 0.056000
4792.521730 29.999000 0.059000
5023.784350 29.999000 0.043000
