2135.546010 10.456000 0.060000
2140.527740 10.102000 0.047000
2151.514810 10.320000 0.057000
3450.850230 10.252000 0.045000
3453.823510 10.756000 0.042000
3817.763970 10.590000 0.063000
3817.793460 10.662000 0.068000
3817.823840 10.589000 0.067000
3817.852910 10.594000 0.063000
3817.881540 10.599000 0.066000
3817.909400 10.635000 0.052000
3818.750470 9.837000 0.065000
3818.780280 9.883000 0.067000
3818.837760 10.108000 0.068000
3818.894870 10.259000 0.049000
3818.866030 10.184000 0.076000
1948.880200 10.610000 0.057000
1953.870540 10.630000 0.044000
1954.873350 9.997000 0.052000
1955.863920 10.634000 0.040000
1961.881870 9.804000 0.041000
1963.873600 10.025000 0.039000
1965.866870 10.212000 0.040000
1967.869440 10.369000 0.040000
1980.841080 10.539000 0.047000
1981.860620 10.004000 0.043000
2032.763200 10.455000 0.058000
2037.716150 9.973000 0.067000
2083.651520 10.681000 0.069000
2085.646770 10.608000 0.063000
2102.597340 10.022000 0.054000
2104.608140 10.249000 0.056000
2105.608250 10.689000 0.057000
2106.613640 10.428000 0.059000
2109.604120 9.801000 0.052000
2115.564340 10.374000 0.053000
2116.579010 10.787000 0.050000
2117.577870 10.512000 0.053000
2124.587940 10.395000 0.058000
2125.569720 10.725000 0.059000
2128.553090 10.581000 0.059000
2129.563430 9.961000 0.056000
2130.559050 10.613000 0.056000
2132.564160 10.596000 0.057000
2134.547270 10.752000 0.055000
2135.555090 10.509000 0.058000
2136.554660 10.126000 0.051000
2141.550590 10.610000 0.055000
2142.540260 10.355000 0.059000
2144.508770 10.424000 0.057000
2145.515550 10.655000 0.060000
2156.487970 9.845000 0.050000
2164.478520 10.518000 0.052000
2168.549680 10.640000 0.059000
2172.489290 10.625000 0.054000
2178.486380 10.282000 0.053000
2180.531330 10.494000 0.053000
2188.511770 10.703000 0.049000
2192.501330 9.921000 0.053000
2442.665550 10.608000 0.035000
2443.661810 10.017000 0.042000
2445.645480 10.206000 0.046000
2446.668690 10.609000 0.037000
2452.630450 9.905000 0.040000
2459.617530 10.193000 0.056000
2460.648040 10.634000 0.031000
2463.649770 10.259000 0.033000
2464.621420 10.579000 0.033000
2465.622830 10.351000 0.034000
2467.614830 10.457000 0.032000
2473.573720 10.646000 0.039000
2474.624880 10.363000 0.035000
2489.562700 10.644000 0.041000
2493.562630 10.633000 0.037000
2497.564740 9.837000 0.036000
2498.552860 10.656000 0.043000
2499.544180 10.063000 0.055000
2500.525280 10.613000 0.046000
2501.550070 10.248000 0.036000
2508.572880 10.143000 0.038000
2510.532980 10.234000 0.050000
2519.655950 10.511000 0.041000
2520.651200 10.040000 0.047000
2535.545480 10.162000 0.048000
2546.541860 10.311000 0.044000
2548.535470 10.416000 0.040000
2561.531960 10.647000 0.045000
2564.529490 10.353000 0.045000
2566.503970 10.451000 0.059000
2683.868870 9.955000 0.047000
2686.875770 10.611000 0.052000
2689.871310 10.533000 0.053000
2693.888960 10.641000 0.053000
2698.861800 10.492000 0.051000
2701.857760 9.987000 0.047000
2704.850170 10.613000 0.049000
2706.868780 10.725000 0.049000
2709.844430 10.586000 0.038000
2711.900050 10.595000 0.061000
2713.878990 10.701000 0.056000
2717.854450 9.834000 0.062000
2720.831990 10.659000 0.057000
2725.794870 10.414000 0.047000
2729.842890 10.602000 0.043000
2732.862450 10.460000 0.056000
2735.804310 10.203000 0.046000
2739.819400 10.175000 0.043000
2741.815460 10.318000 0.045000
2743.807710 10.460000 0.043000
2754.802960 10.579000 0.044000
2756.775430 10.628000 0.042000
2760.760730 10.653000 0.048000
2764.749870 9.835000 0.049000
2768.829940 10.426000 0.047000
2784.733860 10.082000 0.048000
2786.696950 10.199000 0.042000
2791.681250 10.200000 0.044000
2808.716780 10.609000 0.062000
2810.635370 10.530000 0.044000
2811.821140 10.338000 0.051000
2813.711540 10.284000 0.053000
2820.805170 10.313000 0.043000
2838.748600 10.264000 0.051000
2845.761790 10.092000 0.040000
2851.643770 10.333000 0.042000
2853.587780 10.364000 0.041000
2853.761470 10.606000 0.040000
2861.570620 10.577000 0.044000
2866.681290 10.644000 0.047000
2867.738740 10.403000 0.047000
2872.540100 10.725000 0.041000
2875.580620 10.586000 0.053000
2877.571720 10.635000 0.049000
2879.569620 10.618000 0.037000
2882.593110 10.562000 0.046000
2888.593940 10.675000 0.048000
2894.569750 10.076000 0.049000
2896.590920 10.335000 0.051000
2898.578540 10.455000 0.056000
2900.573350 10.531000 0.051000
2904.560090 10.632000 0.052000
2906.558420 10.648000 0.051000
2909.559950 10.551000 0.055000
2911.531600 10.622000 0.055000
2917.594730 9.955000 0.051000
2924.518200 10.589000 0.048000
2927.529210 10.560000 0.050000
2929.530280 10.595000 0.055000
2931.534660 10.609000 0.051000
2933.538270 10.660000 0.049000
2935.539520 10.568000 0.055000
2937.536840 9.836000 0.054000
2943.511900 10.375000 0.053000
2949.507840 10.612000 0.042000
3055.885450 10.332000 0.040000
3057.819310 10.319000 0.051000
3057.847630 10.365000 0.046000
3057.898000 10.534000 0.055000
3059.877070 10.582000 0.043000
3063.877760 10.544000 0.048000
3068.868230 10.598000 0.051000
3086.907210 10.579000 0.045000
3090.846610 10.656000 0.048000
3097.793780 10.645000 0.045000
3100.843210 10.279000 0.052000
3103.837790 10.170000 0.057000
3107.893940 10.309000 0.040000
3113.818630 10.575000 0.049000
3116.807300 10.106000 0.037000
3122.830160 10.599000 0.037000
3125.753090 9.936000 0.043000
3127.755790 10.164000 0.055000
3144.757640 10.665000 0.036000
3153.771170 10.646000 0.036000
3153.787100 10.607000 0.034000
3153.794940 10.622000 0.036000
3153.800190 10.616000 0.035000
3153.821580 10.604000 0.034000
3156.709440 10.286000 0.047000
3162.745350 10.722000 0.039000
3164.764460 10.617000 0.049000
3169.775610 10.624000 0.052000
3172.760910 10.310000 0.050000
3175.886170 10.067000 0.048000
3178.653480 10.515000 0.052000
3180.750550 10.633000 0.056000
3182.623570 10.634000 0.051000
3183.737880 10.420000 0.039000
3189.680410 10.600000 0.051000
3191.794070 10.759000 0.048000
3266.538780 10.313000 0.041000
3273.598090 10.268000 0.053000
3279.517820 10.577000 0.052000
3293.548490 10.328000 0.041000
3299.511760 10.614000 0.050000
3411.885010 10.615000 0.061000
3439.878630 10.093000 0.055000
3443.885430 10.488000 0.053000
3456.858960 10.662000 0.055000
3463.824510 10.512000 0.055000
3466.844890 10.076000 0.057000
3469.847670 10.684000 0.055000
3473.794620 10.254000 0.048000
3478.842880 10.648000 0.047000
3481.780100 10.470000 0.042000
3483.823300 10.635000 0.042000
3490.846700 10.626000 0.047000
3492.853540 10.653000 0.043000
3496.812530 10.636000 0.045000
3504.796650 10.210000 0.054000
3508.841980 10.570000 0.043000
3511.730960 9.812000 0.040000
3517.780210 10.548000 0.041000
3523.764890 10.635000 0.064000
3525.827480 10.149000 0.058000
3530.684290 10.652000 0.061000
3537.766650 10.589000 0.057000
3544.703010 10.445000 0.059000
3556.623340 10.689000 0.041000
3559.705860 10.662000 0.060000
3572.799970 9.991000 0.057000
3574.791880 10.173000 0.052000
3576.789250 10.364000 0.053000
3577.800960 10.752000 0.061000
3577.818580 10.690000 0.057000
3578.737920 10.400000 0.054000
3578.740380 10.366000 0.056000
3578.744500 10.398000 0.060000
3578.751970 10.417000 0.053000
3578.754470 10.446000 0.048000
3578.759470 10.435000 0.053000
3578.764540 10.449000 0.056000
3578.767160 10.446000 0.063000
3578.769780 10.440000 0.054000
3579.468710 10.545000 0.061000
3579.471240 10.580000 0.059000
3579.473850 10.549000 0.059000
3579.476350 10.608000 0.057000
3579.478820 10.576000 0.054000
3579.481410 10.604000 0.058000
3579.484130 10.557000 0.058000
3579.486710 10.581000 0.059000
3579.489360 10.582000 0.056000
3579.492030 10.587000 0.055000
3579.494600 10.576000 0.056000
3579.499840 10.730000 0.056000
3579.502470 10.617000 0.057000
3579.505050 10.584000 0.055000
3579.507700 10.619000 0.055000
3579.510340 10.613000 0.055000
3579.512930 10.606000 0.059000
3579.515560 10.604000 0.055000
3579.518110 10.602000 0.053000
3579.520710 10.594000 0.056000
3579.526080 10.617000 0.055000
3579.528670 10.617000 0.058000
3579.531420 10.611000 0.061000
3579.534760 10.600000 0.056000
3579.537390 10.621000 0.055000
3579.539980 10.592000 0.057000
3579.542610 10.606000 0.054000
3579.546100 10.609000 0.056000
3579.548760 10.603000 0.053000
3579.552270 10.634000 0.053000
3579.554910 10.619000 0.056000
3579.557570 10.664000 0.056000
3579.560210 10.663000 0.056000
3579.562830 10.629000 0.055000
3579.565460 10.633000 0.058000
3579.568060 10.637000 0.055000
3579.570610 10.629000 0.054000
3579.573280 10.664000 0.054000
3579.576730 10.633000 0.061000
3579.579480 10.656000 0.055000
3579.582110 10.627000 0.056000
3579.586450 10.657000 0.055000
3579.589900 10.638000 0.054000
3579.592550 10.629000 0.059000
3579.595340 10.658000 0.056000
3579.597970 10.639000 0.054000
3579.601370 10.638000 0.054000
3579.604030 10.623000 0.057000
3579.606640 10.630000 0.055000
3579.609390 10.651000 0.055000
3579.611990 10.628000 0.055000
3579.614660 10.651000 0.057000
3579.617330 10.621000 0.056000
3579.619900 10.665000 0.056000
3579.622550 10.638000 0.056000
3579.627870 10.624000 0.063000
3579.630540 10.629000 0.057000
3579.635770 10.642000 0.061000
3579.638380 10.640000 0.058000
3579.641880 10.599000 0.059000
3579.655170 10.608000 0.057000
3579.660440 10.580000 0.058000
3579.665710 10.606000 0.058000
3579.668330 10.624000 0.061000
3579.670870 10.644000 0.065000
3579.674200 10.633000 0.061000
3579.676830 10.662000 0.060000
3579.679510 10.634000 0.056000
3579.682220 10.658000 0.060000
3579.684670 10.654000 0.058000
3579.700790 10.684000 0.058000
3579.703550 10.696000 0.059000
3579.716730 10.706000 0.057000
3579.719400 10.723000 0.060000
3579.724670 10.779000 0.063000
3579.727330 10.743000 0.057000
3579.729910 10.741000 0.059000
3579.732530 10.716000 0.058000
3579.735210 10.760000 0.057000
3579.737860 10.747000 0.057000
3579.740500 10.720000 0.057000
3579.743100 10.692000 0.059000
3579.745630 10.683000 0.060000
3579.748270 10.696000 0.058000
3579.750970 10.649000 0.057000
3579.753730 10.622000 0.059000
3579.757120 10.560000 0.063000
3579.759750 10.559000 0.057000
3579.762420 10.496000 0.057000
3579.765120 10.423000 0.057000
3579.768590 10.296000 0.056000
3579.771340 10.260000 0.064000
3579.773940 10.215000 0.056000
3579.776640 10.200000 0.057000
3579.780020 10.164000 0.056000
3579.782550 10.143000 0.057000
3579.785290 10.100000 0.059000
3579.787980 10.084000 0.056000
3579.791670 10.026000 0.056000
3579.799270 9.930000 0.063000
3579.801850 9.893000 0.061000
3579.804490 9.878000 0.056000
3579.807110 9.833000 0.057000
3579.809800 9.845000 0.061000
3579.812360 9.840000 0.050000
3580.683110 10.457000 0.067000
3580.704080 10.531000 0.063000
3580.709670 10.616000 0.065000
3580.712390 10.870000 0.060000
3580.715100 10.929000 0.064000
3580.720400 10.466000 0.060000
3580.725870 10.473000 0.060000
3580.728490 10.495000 0.062000
3580.730940 10.503000 0.061000
3580.733790 10.515000 0.059000
3580.736500 10.535000 0.060000
3580.739950 10.517000 0.059000
3580.742620 10.511000 0.057000
3580.745330 10.565000 0.060000
3580.748040 10.539000 0.059000
3580.750650 10.574000 0.061000
3580.753130 10.577000 0.059000
3580.755740 10.583000 0.057000
3580.758380 10.591000 0.058000
3580.761000 10.564000 0.057000
3580.763570 10.578000 0.058000
3580.766140 10.604000 0.061000
3580.768760 10.569000 0.060000
3580.771470 10.572000 0.060000
3580.774240 10.567000 0.058000
3580.776720 10.554000 0.058000
3580.780130 10.574000 0.058000
3580.782720 10.616000 0.059000
3580.788100 10.659000 0.057000
3580.790560 10.651000 0.059000
3580.793210 10.748000 0.063000
3580.795740 10.614000 0.064000
3580.798370 10.600000 0.061000
3580.800830 10.667000 0.059000
3580.803450 10.600000 0.059000
3581.468390 10.638000 0.061000
3581.470930 10.636000 0.060000
3581.474340 10.609000 0.058000
3581.476810 10.662000 0.057000
3581.479440 10.618000 0.057000
3581.481960 10.660000 0.058000
3581.484470 10.632000 0.059000
3581.487000 10.635000 0.056000
3581.489450 10.632000 0.057000
3581.491990 10.619000 0.059000
3581.494510 10.616000 0.058000
3581.496940 10.640000 0.055000
3581.499390 10.622000 0.059000
3581.502680 10.605000 0.057000
3581.507730 10.620000 0.060000
3581.510430 10.614000 0.057000
3581.512970 10.640000 0.059000
3581.515620 10.673000 0.056000
3581.518150 10.679000 0.058000
3581.520610 10.632000 0.057000
3581.523220 10.667000 0.056000
3581.525710 10.658000 0.056000
3581.528430 10.632000 0.059000
3581.531030 10.640000 0.058000
3581.533570 10.684000 0.057000
3581.536180 10.669000 0.058000
3581.541250 10.653000 0.056000
3581.543790 10.606000 0.055000
3581.547040 10.669000 0.055000
3581.549620 10.602000 0.056000
3581.554640 10.643000 0.058000
3581.557160 10.608000 0.055000
3581.559670 10.597000 0.059000
3581.562340 10.621000 0.058000
3581.564930 10.592000 0.059000
3581.567430 10.640000 0.057000
3581.569890 10.633000 0.058000
3581.572460 10.624000 0.058000
3581.575050 10.608000 0.056000
3581.577780 10.599000 0.056000
3581.580410 10.632000 0.062000
3581.582980 10.638000 0.059000
3581.585420 10.638000 0.060000
3581.590480 10.606000 0.053000
3581.592950 10.638000 0.055000
3581.600480 10.643000 0.057000
3581.603010 10.667000 0.057000
3581.605740 10.650000 0.056000
3581.608280 10.686000 0.061000
3581.613320 10.673000 0.057000
3581.615780 10.682000 0.058000
3581.620850 10.648000 0.056000
3581.623360 10.676000 0.059000
3581.628380 10.690000 0.057000
3581.630940 10.711000 0.058000
3581.633440 10.703000 0.056000
3581.636090 10.752000 0.056000
3581.638730 10.703000 0.055000
3581.641330 10.723000 0.058000
3581.643810 10.725000 0.058000
3581.646390 10.731000 0.054000
3581.648840 10.748000 0.052000
3581.651360 10.706000 0.057000
3581.653860 10.751000 0.057000
3581.656420 10.747000 0.056000
3581.658860 10.733000 0.060000
3581.661450 10.739000 0.053000
3581.663990 10.764000 0.056000
3581.666540 10.714000 0.057000
3581.669000 10.709000 0.056000
3581.671620 10.694000 0.057000
3581.674070 10.668000 0.058000
3581.679040 10.654000 0.056000
3581.681650 10.639000 0.059000
3581.684180 10.613000 0.059000
3581.686740 10.578000 0.058000
3581.689280 10.483000 0.059000
3581.691850 10.407000 0.059000
3581.694400 10.366000 0.057000
3581.696900 10.303000 0.059000
3581.705180 10.168000 0.057000
3581.707810 10.153000 0.059000
3581.713750 10.093000 0.060000
3581.716230 10.046000 0.055000
3581.721250 9.990000 0.054000
3581.723690 9.945000 0.057000
3581.727000 9.937000 0.058000
3581.729600 9.882000 0.058000
3581.734590 9.843000 0.054000
3581.737220 9.846000 0.055000
3581.739770 9.827000 0.055000
3581.742460 9.839000 0.054000
3581.745030 9.827000 0.054000
3581.747480 9.814000 0.052000
3581.749970 9.822000 0.052000
3581.752660 9.823000 0.052000
3581.755210 9.834000 0.054000
3581.758500 9.857000 0.053000
3581.761000 9.856000 0.052000
3581.763500 9.874000 0.054000
3581.766040 9.889000 0.052000
3581.769300 9.898000 0.055000
3581.771730 9.882000 0.055000
3581.774230 9.882000 0.055000
3581.776670 9.924000 0.055000
3581.779180 9.943000 0.053000
3581.781710 9.940000 0.053000
3581.784280 9.961000 0.053000
3581.786760 9.951000 0.054000
3581.789210 9.998000 0.056000
3581.791760 9.977000 0.052000
3581.794290 9.970000 0.054000
3581.796950 9.990000 0.053000
3581.799470 10.021000 0.052000
3581.807050 10.043000 0.052000
3582.469170 10.110000 0.059000
3582.471700 10.102000 0.056000
3582.474280 10.120000 0.057000
3582.476780 10.137000 0.056000
3582.479300 10.116000 0.056000
3582.481780 10.142000 0.056000
3582.484260 10.123000 0.054000
3582.486800 10.152000 0.058000
3582.491790 10.156000 0.057000
3582.494280 10.199000 0.059000
3582.496750 10.333000 0.056000
3582.500810 10.205000 0.055000
3582.503190 10.208000 0.054000
3582.505690 10.225000 0.057000
3582.508160 10.207000 0.056000
3582.510630 10.236000 0.059000
3582.513110 10.206000 0.056000
3582.515640 10.261000 0.057000
3582.518130 10.242000 0.056000
3582.520640 10.245000 0.057000
3582.525630 10.250000 0.056000
3582.531370 10.286000 0.063000
3582.533830 10.286000 0.060000
3582.536320 10.279000 0.056000
3582.538820 10.309000 0.060000
3582.541310 10.310000 0.060000
3582.543820 10.313000 0.056000
3582.547120 10.318000 0.057000
3582.549490 10.307000 0.055000
3582.552000 10.326000 0.059000
3582.554530 10.304000 0.057000
3582.557020 10.336000 0.056000
3582.559500 10.404000 0.055000
3582.562760 10.738000 0.055000
3582.565240 10.383000 0.056000
3582.567720 10.359000 0.054000
3582.570210 10.329000 0.057000
3582.572660 10.368000 0.056000
3582.575170 10.347000 0.056000
3582.577660 10.376000 0.058000
3582.580200 10.398000 0.058000
3582.582700 10.384000 0.059000
3582.586010 10.378000 0.056000
3582.588390 10.406000 0.056000
3582.590870 10.419000 0.055000
3582.593300 10.408000 0.053000
3582.596590 10.398000 0.056000
3582.598960 10.428000 0.056000
3582.601480 10.392000 0.054000
3582.606430 10.412000 0.057000
3582.608930 10.401000 0.058000
3582.611450 10.441000 0.053000
3582.614700 10.462000 0.060000
3582.618000 10.438000 0.057000
3582.623000 10.438000 0.057000
3582.628000 10.433000 0.057000
3582.631280 10.477000 0.056000
3582.633750 10.481000 0.055000
3582.654450 10.545000 0.061000
3582.657720 10.683000 0.057000
3582.663490 10.564000 0.061000
3582.671030 10.530000 0.060000
3582.693440 10.582000 0.061000
3582.703470 10.586000 0.064000
3582.727380 10.551000 0.063000
3582.732370 10.529000 0.061000
3582.734830 10.561000 0.057000
3582.737330 10.569000 0.057000
3582.739820 10.599000 0.063000
3582.742320 10.590000 0.056000
3582.744800 10.608000 0.057000
3582.747310 10.609000 0.060000
3582.750580 10.630000 0.058000
3582.753060 10.623000 0.060000
3582.755540 10.641000 0.061000
3582.758060 10.649000 0.059000
3582.760520 10.609000 0.059000
3582.763010 10.626000 0.060000
3582.765510 10.662000 0.060000
3582.768770 10.660000 0.057000
3582.771250 10.652000 0.061000
3587.719380 10.384000 0.052000
3590.573530 10.634000 0.058000
3592.578060 10.706000 0.056000
3599.637210 10.724000 0.051000
3601.692680 9.937000 0.058000
3603.695290 10.180000 0.053000
3607.529860 10.128000 0.055000
3616.631550 10.348000 0.055000
3619.550200 10.742000 0.058000
3621.601800 9.926000 0.065000
3628.524680 10.720000 0.047000
3630.591720 9.900000 0.056000
3632.597580 10.190000 0.057000
3634.629710 10.409000 0.062000
3639.503350 10.292000 0.051000
3642.519900 10.656000 0.053000
3648.546740 9.808000 0.054000
3654.499000 10.325000 0.063000
3656.549990 10.539000 0.057000
3659.525940 10.002000 0.054000
3661.541590 10.296000 0.060000
3663.545610 10.427000 0.057000
3666.551310 9.905000 0.059000
3670.505410 10.219000 0.051000
3673.512610 10.751000 0.054000
3676.509820 10.624000 0.059000
3786.813510 10.351000 0.072000
3786.817640 10.363000 0.064000
3786.820020 10.376000 0.065000
3786.823330 10.357000 0.066000
3786.825740 10.387000 0.069000
3786.828280 10.380000 0.067000
3786.830790 10.363000 0.065000
3786.833280 10.394000 0.063000
3786.835810 10.383000 0.065000
3786.838290 10.374000 0.065000
3786.840840 10.375000 0.069000
3786.844150 10.404000 0.067000
3786.846710 10.372000 0.063000
3786.852510 10.423000 0.061000
3786.855100 10.435000 0.062000
3786.857600 10.382000 0.062000
3786.860120 10.445000 0.065000
3786.862620 10.404000 0.067000
3786.865960 10.469000 0.064000
3786.868350 10.459000 0.060000
3786.870890 10.480000 0.064000
3786.875910 10.458000 0.060000
3786.878480 10.446000 0.059000
3786.881000 10.466000 0.058000
3786.885990 10.483000 0.063000
3786.888500 10.522000 0.064000
3786.893480 10.479000 0.063000
3786.895950 10.525000 0.062000
3787.801630 10.672000 0.064000
3787.804120 10.721000 0.062000
3787.806590 10.753000 0.067000
3787.809190 10.684000 0.067000
3787.811730 10.765000 0.061000
3787.814220 10.766000 0.067000
3787.817520 10.718000 0.064000
3787.820110 10.784000 0.066000
3787.822590 10.722000 0.064000
3791.867580 10.140000 0.062000
3795.882950 10.512000 0.055000
3799.879280 10.655000 0.063000
3803.877650 10.727000 0.070000
3806.887840 10.568000 0.061000
3814.839870 10.557000 0.067000
3822.866870 10.543000 0.058000
3825.872500 9.990000 0.064000
3828.860430 10.652000 0.057000
3832.815060 10.687000 0.059000
3835.827980 10.615000 0.064000
3848.853890 10.675000 0.072000
3851.801250 10.563000 0.062000
3856.839080 10.338000 0.059000
3859.777750 10.706000 0.061000
3861.802330 9.885000 0.061000
3867.787280 10.408000 0.059000
3872.802490 10.137000 0.062000
3882.716840 10.621000 0.059000
3891.672300 10.632000 0.057000
3893.720180 10.601000 0.046000
3896.733010 10.501000 0.049000
3900.729240 10.603000 0.064000
3902.736100 10.646000 0.054000
3906.770050 9.879000 0.061000
3908.836060 10.295000 0.060000
3912.749700 10.429000 0.055000
4152.893980 10.302000 0.041000
4156.887410 10.599000 0.053000
4160.878900 10.644000 0.045000
4168.882370 10.138000 0.045000
4174.865380 10.551000 0.040000
4177.891810 10.161000 0.047000
4181.855030 10.399000 0.061000
4185.840990 10.605000 0.045000
4189.831550 10.616000 0.035000
4196.847720 10.696000 0.058000
4202.860840 9.861000 0.042000
4205.820980 10.649000 0.043000
4213.867810 10.189000 0.042000
4216.861410 10.686000 0.037000
4228.827870 10.539000 0.039000
4230.813130 10.592000 0.036000
4232.820390 10.635000 0.046000
4234.861910 10.726000 0.040000
4247.711020 10.731000 0.035000
4255.762750 10.537000 0.049000
4258.686230 10.137000 0.038000
4269.759200 10.210000 0.041000
4273.668510 10.339000 0.038000
4278.670150 9.963000 0.037000
4282.688590 10.388000 0.051000
4284.692150 10.538000 0.041000
4286.685340 10.644000 0.062000
4290.684660 10.648000 0.035000
4292.645020 10.745000 0.036000
4296.643460 9.896000 0.044000
4298.648850 10.173000 0.044000
4302.670750 10.524000 0.040000
4304.612890 10.503000 0.034000
4310.604120 10.674000 0.041000
4312.601160 10.697000 0.048000
4315.603680 10.591000 0.036000
4317.660700 10.615000 0.039000
4329.650320 10.564000 0.037000
4331.580970 10.534000 0.041000
4338.522890 10.297000 0.037000
4340.578290 10.547000 0.043000
4342.582950 10.660000 0.045000
4344.579950 10.627000 0.043000
4346.582410 10.700000 0.041000
4348.584060 10.538000 0.040000
4350.579220 9.830000 0.046000
4352.591460 10.123000 0.039000
4357.590500 10.187000 0.039000
4359.555410 9.845000 0.042000
4365.509430 10.300000 0.036000
4373.509300 10.577000 0.046000
4376.538050 10.513000 0.038000
4378.557820 10.664000 0.043000
4380.585080 10.677000 0.043000
4383.544020 10.404000 0.035000
4386.525830 9.841000 0.036000
4392.505610 10.377000 0.042000
4408.509290 10.279000 0.039000
4507.885900 10.207000 0.051000
4518.869430 9.843000 0.048000
4523.865720 10.674000 0.044000
4529.860780 10.132000 0.039000
4533.884290 10.508000 0.042000
4537.848760 10.606000 0.037000
4540.873580 10.406000 0.047000
4547.876080 10.187000 0.046000
4551.842380 10.448000 0.049000
4557.830690 10.641000 0.040000
4560.854250 10.502000 0.039000
4563.847550 9.929000 0.038000
4566.834950 10.621000 0.038000
4569.823950 10.423000 0.038000
4572.794990 9.827000 0.042000
4574.813980 10.096000 0.041000
4576.850570 10.376000 0.046000
4583.854370 10.250000 0.039000
4586.868480 10.647000 0.038000
4589.804130 10.553000 0.039000
4592.781000 10.038000 0.037000
4595.761100 10.596000 0.037000
4597.853360 9.813000 0.035000
4602.758810 10.636000 0.044000
4610.784070 10.099000 0.042000
4612.790550 10.344000 0.063000
4616.793600 10.571000 0.038000
4622.740090 10.607000 0.039000
4627.721340 10.601000 0.040000
4629.707670 10.646000 0.040000
4631.708140 10.603000 0.039000
4638.792610 10.657000 0.044000
4640.764160 10.733000 0.039000
4642.750770 10.601000 0.040000
4644.771620 9.904000 0.044000
4649.627690 10.629000 0.050000
4651.665930 10.638000 0.051000
4653.670750 10.616000 0.036000
4655.657960 9.832000 0.038000
4657.694310 10.186000 0.050000
4665.633070 10.624000 0.043000
4667.656240 10.606000 0.044000
4672.737800 10.636000 0.038000
4675.748150 10.293000 0.042000
4681.667670 10.600000 0.041000
4683.667710 10.636000 0.047000
4685.650460 10.616000 0.042000
4693.551840 9.794000 0.049000
4697.552350 10.248000 0.038000
4701.562350 10.571000 0.036000
4703.567440 10.697000 0.043000
4705.600580 10.616000 0.045000
4707.686370 9.810000 0.049000
4710.571300 10.567000 0.058000
4715.541880 10.279000 0.054000
4720.583690 10.025000 0.043000
4722.621800 10.288000 0.048000
4728.593320 10.625000 0.047000
4738.556120 9.970000 0.046000
4741.537660 10.621000 0.047000
4750.557770 10.600000 0.055000
4753.549940 10.499000 0.045000
4756.526060 9.902000 0.047000
4759.517950 10.640000 0.052000
4762.516610 10.475000 0.046000
4765.511360 9.862000 0.047000
4884.869300 10.757000 0.049000
4916.858340 10.632000 0.060000
4927.878580 10.855000 0.060000
4947.795200 10.765000 0.057000
4952.848010 10.624000 0.057000
4954.834520 10.653000 0.060000
4967.851750 9.929000 0.060000
5006.725970 10.660000 0.056000
5014.669600 10.067000 0.057000
5022.659460 10.470000 0.060000
5024.666410 10.613000 0.059000
5031.633490 10.433000 0.052000
5066.551440 10.568000 0.060000
5083.628090 10.400000 0.057000
5087.645860 10.666000 0.054000
5092.628280 10.387000 0.055000
5105.587760 10.588000 0.062000
1950.873950 10.748000 0.052000
1978.832740 10.505000 0.049000
1979.860030 9.808000 0.048000
1982.810520 10.634000 0.044000
1997.811760 10.198000 0.043000
2058.710990 10.654000 0.063000
2096.667240 10.742000 0.073000
2184.531350 10.609000 0.065000
2481.563240 10.023000 0.045000
2486.573700 10.555000 0.046000
2491.563000 10.592000 0.042000
2494.568130 10.427000 0.058000
2495.558480 10.695000 0.046000
2524.615670 10.086000 0.048000
2552.556320 10.622000 0.046000
2762.750440 10.689000 0.061000
2829.606910 9.822000 0.066000
2916.497400 10.272000 0.065000
2922.499310 10.583000 0.051000
3415.883650 10.644000 0.066000
3547.755570 10.005000 0.062000
3551.747480 10.384000 0.066000
3563.664710 10.745000 0.060000
3578.756960 10.459000 0.059000
3579.497240 10.757000 0.061000
3579.625070 10.653000 0.061000
3579.633150 10.607000 0.061000
3579.644520 10.597000 0.064000
3579.647170 10.615000 0.063000
3579.649930 10.589000 0.061000
3579.652540 10.595000 0.061000
3579.657870 10.618000 0.062000
3579.663120 10.608000 0.061000
3579.687320 10.682000 0.062000
3579.689880 10.677000 0.065000
3579.692650 10.641000 0.067000
3579.695330 10.678000 0.066000
3579.698160 10.698000 0.064000
3579.706230 10.732000 0.062000
3579.708790 10.704000 0.060000
3579.722090 10.731000 0.063000
3580.686360 10.453000 0.063000
3580.688740 10.458000 0.068000
3580.691240 10.487000 0.070000
3580.693830 10.478000 0.069000
3580.696410 10.481000 0.068000
3580.698860 10.451000 0.064000
3580.701540 10.529000 0.067000
3580.706950 10.571000 0.065000
3580.717770 10.522000 0.064000
3580.723090 10.485000 0.065000
3581.598020 10.593000 0.060000
3581.610750 10.652000 0.059000
3581.618400 10.700000 0.063000
3581.625870 10.713000 0.062000
3581.676530 10.656000 0.060000
3581.699340 10.261000 0.063000
3581.702750 10.215000 0.061000
3581.710270 10.138000 0.063000
3581.718710 10.042000 0.063000
3581.804540 10.030000 0.066000
3582.528100 10.255000 0.063000
3582.620520 10.462000 0.063000
3582.625480 10.467000 0.063000
3582.636220 10.480000 0.065000
3582.638740 10.503000 0.062000
3582.642050 10.496000 0.060000
3582.644430 10.505000 0.062000
3582.646950 10.506000 0.063000
3582.649430 10.510000 0.063000
3582.651950 10.510000 0.064000
3582.660200 10.924000 0.067000
3582.665990 10.554000 0.067000
3582.673540 10.528000 0.062000
3582.676070 10.584000 0.059000
3582.678570 10.564000 0.062000
3582.680990 10.569000 0.065000
3582.683510 10.575000 0.065000
3582.686010 10.582000 0.066000
3582.688510 10.590000 0.062000
3582.690970 10.616000 0.067000
3582.695940 10.582000 0.064000
3582.698430 10.628000 0.065000
3582.700960 10.611000 0.067000
3582.716710 10.608000 0.067000
3582.719990 10.537000 0.066000
3582.722380 10.563000 0.067000
3582.724880 10.561000 0.067000
3582.729850 10.587000 0.065000
3583.645350 10.039000 0.064000
3585.707550 10.220000 0.063000
3644.579850 10.708000 0.067000
3786.850130 10.429000 0.074000
3810.877330 10.647000 0.067000
3863.831800 10.227000 0.065000
3865.785740 10.515000 0.065000
3886.793330 10.189000 0.061000
4164.868750 10.698000 0.055000
4245.726770 10.630000 0.065000
4725.634000 10.117000 0.057000
4730.632970 10.642000 0.048000
4734.556030 10.765000 0.050000
4747.521850 9.868000 0.056000
4768.507440 10.626000 0.051000
4774.502280 9.862000 0.053000
4892.859220 10.350000 0.061000
4905.845640 10.569000 0.065000
4920.836520 10.720000 0.065000
4938.880690 10.080000 0.063000
4950.784200 10.572000 0.064000
5012.716550 10.483000 0.062000
5049.686480 10.644000 0.064000
5122.529210 10.706000 0.063000
2544.582630 10.206000 0.035000
2684.881440 10.630000 0.047000
2688.881640 10.657000 0.052000
2711.853630 10.595000 0.043000
2713.880550 10.737000 0.042000
2720.842950 10.568000 0.047000
2726.808400 10.203000 0.046000
2733.880770 10.151000 0.042000
2737.854560 10.081000 0.038000
2763.782410 10.553000 0.041000
2819.708290 10.658000 0.037000
2819.860490 10.886000 0.045000
2820.824630 10.390000 0.043000
2829.805190 10.332000 0.036000
2855.725010 10.558000 0.047000
2894.598510 10.145000 0.052000
3177.741200 9.813000 0.046000
3826.858430 10.630000 0.055000
3889.791220 10.608000 0.047000
3906.794040 9.963000 0.053000
4179.860890 10.236000 0.043000
4185.878680 10.616000 0.044000
4189.862640 10.651000 0.037000
4192.841770 10.572000 0.039000
4202.883990 9.927000 0.043000
4205.861480 10.616000 0.042000
4228.849570 10.579000 0.038000
4230.831170 10.591000 0.038000
4232.903970 10.688000 0.037000
4238.766200 10.243000 0.050000
4247.742500 10.561000 0.037000
4269.775400 10.220000 0.045000
4273.686710 10.330000 0.034000
4278.689790 10.008000 0.036000
4285.705040 9.781000 0.044000
4289.701150 10.241000 0.035000
4291.701830 10.412000 0.035000
4293.688520 10.537000 0.032000
4295.702490 10.631000 0.035000
4297.693660 10.627000 0.044000
4299.669680 10.629000 0.039000
4301.642820 10.713000 0.041000
4303.649200 10.092000 0.036000
4305.626510 9.837000 0.033000
4315.630310 10.605000 0.037000
4317.682380 10.657000 0.046000
4329.654180 10.561000 0.038000
4331.584080 10.495000 0.040000
4338.548270 10.324000 0.037000
4340.592390 10.557000 0.039000
4342.593480 10.611000 0.041000
4344.590480 10.650000 0.045000
4346.592950 10.697000 0.036000
4348.594610 10.266000 0.037000
4350.594690 9.874000 0.040000
4352.602030 10.146000 0.036000
4354.700330 10.537000 0.036000
4359.497850 10.614000 0.035000
4365.512690 10.322000 0.036000
4367.659780 10.671000 0.051000
4375.582470 10.124000 0.035000
4379.628400 10.266000 0.039000
4382.544590 10.607000 0.034000
4384.575380 10.158000 0.036000
4386.604460 10.047000 0.036000
4393.512770 10.725000 0.043000
4402.502440 10.676000 0.043000
4407.535920 10.615000 0.039000
4411.522420 10.598000 0.040000
4520.878890 10.124000 0.049000
4524.891080 10.496000 0.038000
4537.875020 10.635000 0.036000
4541.869120 10.766000 0.039000
4548.876730 10.567000 0.042000
4557.858470 10.580000 0.037000
4560.879540 10.546000 0.038000
4567.852900 10.415000 0.039000
4570.849430 10.012000 0.038000
4573.817270 10.667000 0.041000
4575.878820 10.654000 0.045000
4578.859010 10.475000 0.047000
4585.827390 10.311000 0.048000
4588.810560 10.303000 0.041000
4591.801580 10.640000 0.036000
4593.851950 10.634000 0.035000
4596.789450 10.457000 0.035000
4599.780490 9.794000 0.040000
4601.778780 10.045000 0.037000
4611.802190 10.570000 0.040000
4617.758850 9.789000 0.042000
4623.803870 10.507000 0.041000
4627.783060 10.621000 0.039000
4631.756180 10.571000 0.037000
4633.728510 10.786000 0.046000
4638.795160 10.594000 0.044000
4640.766690 10.703000 0.038000
4642.753350 10.521000 0.039000
4653.694130 10.174000 0.036000
4655.671580 9.833000 0.036000
4657.706420 10.203000 0.046000
4660.671670 10.707000 0.036000
4665.679160 10.586000 0.045000
4667.693820 10.613000 0.039000
4672.766340 10.614000 0.038000
4675.773880 10.472000 0.034000
4678.790490 9.799000 0.047000
4683.753040 10.615000 0.039000
4685.672670 10.570000 0.042000
4687.652480 10.705000 0.043000
4693.579180 9.880000 0.047000
4697.578770 10.330000 0.036000
4701.585440 10.617000 0.035000
4703.590590 10.610000 0.042000
4705.621630 10.683000 0.043000
4707.698900 9.856000 0.047000
4720.587770 10.001000 0.043000
4728.596710 10.646000 0.045000
4738.526760 9.835000 0.044000
4765.536050 9.988000 0.049000
4775.524550 10.619000 0.045000
2698.887350 10.520000 0.054000
2728.857530 10.055000 0.053000
2826.690860 10.481000 0.061000
2834.845000 10.065000 0.051000
2853.695610 10.511000 0.054000
2894.665710 10.305000 0.068000
3792.879570 10.579000 0.055000
3808.868990 10.608000 0.062000
3812.861410 10.701000 0.060000
3822.888180 10.548000 0.062000
3830.858460 10.702000 0.060000
3851.820390 10.551000 0.059000
3859.846050 9.867000 0.052000
3887.750660 10.534000 0.055000
3896.753870 10.515000 0.051000
4162.871020 10.680000 0.056000
4196.880420 10.595000 0.058000
4213.884270 10.172000 0.058000
4283.711320 10.473000 0.052000
4312.624280 10.370000 0.048000
4332.751090 10.246000 0.042000
4530.878700 10.625000 0.042000
4545.858160 9.947000 0.055000
4606.802760 10.175000 0.051000
4644.774130 9.911000 0.040000
4649.648810 10.609000 0.051000
4651.694360 10.689000 0.052000
4681.702460 10.665000 0.042000
4722.625240 10.346000 0.047000
4730.636290 10.568000 0.044000
4733.638600 10.498000 0.044000
4741.516690 10.690000 0.043000
4886.888780 9.821000 0.056000
4905.891150 10.663000 0.060000
4916.886030 10.632000 0.057000
4927.911390 10.691000 0.055000
4969.758280 9.846000 0.059000
4988.756460 10.602000 0.059000
5014.684710 9.899000 0.060000
5031.651870 10.466000 0.056000
5042.611060 10.577000 0.063000
5075.559110 10.598000 0.060000
5087.601990 10.582000 0.059000
5089.668400 10.641000 0.059000
5092.565080 10.319000 0.058000
3634.508180 10.148000 0.055000
3634.510580 10.137000 0.059000
3634.513050 10.185000 0.054000
3634.515590 10.193000 0.052000
3634.518090 10.212000 0.056000
3634.520610 10.192000 0.055000
3634.524630 10.198000 0.053000
3634.527920 10.234000 0.058000
3634.530450 10.222000 0.053000
3634.532950 10.209000 0.056000
3634.535460 10.202000 0.055000
3634.537960 10.251000 0.053000
3634.540380 10.208000 0.056000
3634.542900 10.243000 0.055000
3634.549480 10.244000 0.052000
3634.555330 10.278000 0.050000
3634.560660 10.437000 0.054000
3634.580910 10.346000 0.051000
3634.566650 10.300000 0.064000
