2125.494720 13.806000 0.072000
2129.497300 12.679000 0.051000
2132.477960 12.513000 0.059000
2135.480800 12.528000 0.066000
2140.486670 12.816000 0.058000
2497.480130 13.148000 0.052000
2503.502810 13.146000 0.050000
2511.493300 13.467000 0.052000
2521.478500 13.628000 0.040000
2652.866750 13.313000 0.039000
2671.852280 13.589000 0.031000
2678.841830 12.833000 0.036000
2681.846960 12.461000 0.032000
2686.826940 12.496000 0.030000
2693.900520 13.054000 0.031000
2699.796680 13.062000 0.031000
2709.794670 13.257000 0.031000
2711.789870 13.405000 0.034000
2713.784900 13.409000 0.038000
2715.779950 13.585000 0.038000
2720.826720 13.723000 0.033000
2722.762590 13.518000 0.031000
2726.774250 13.594000 0.033000
2730.768350 13.574000 0.029000
2737.722620 13.651000 0.036000
2739.744860 13.548000 0.032000
2743.699180 13.450000 0.035000
2749.800000 12.607000 0.035000
2755.699880 12.512000 0.038000
2757.673830 13.037000 0.032000
2759.720970 12.636000 0.041000
2761.664930 12.349000 0.048000
2763.659070 12.470000 0.030000
2764.793760 13.386000 0.029000
2770.741240 13.193000 0.029000
2782.653600 13.147000 0.034000
2785.700360 13.437000 0.037000
2787.653510 13.415000 0.029000
2791.784870 13.629000 0.037000
2808.639330 13.548000 0.036000
2810.575970 13.696000 0.035000
2811.724280 12.768000 0.033000
2820.688020 12.497000 0.034000
2831.651840 12.970000 0.036000
2838.570450 12.708000 0.033000
2840.621640 12.978000 0.034000
2842.601540 12.986000 0.036000
2845.607470 13.312000 0.033000
2851.580180 13.390000 0.033000
2858.531680 13.226000 0.031000
2860.539690 13.310000 0.032000
2866.537800 13.643000 0.036000
2868.565980 13.422000 0.035000
2876.533980 13.595000 0.031000
2878.530390 13.512000 0.035000
2885.484160 13.552000 0.036000
2892.484500 13.558000 0.032000
3032.868190 12.299000 0.038000
3036.858170 12.482000 0.043000
3042.864290 12.812000 0.034000
3059.844760 13.504000 0.039000
3067.835790 13.519000 0.031000
3082.793350 13.880000 0.040000
3091.822460 13.375000 0.034000
3096.787540 13.520000 0.037000
3098.785770 13.095000 0.042000
3100.782770 12.539000 0.032000
3105.766920 12.406000 0.037000
3107.771480 12.554000 0.030000
3109.773450 12.802000 0.035000
3112.708030 12.424000 0.036000
3114.756090 12.918000 0.038000
3116.777160 13.117000 0.033000
3121.716700 12.931000 0.049000
3125.706550 13.054000 0.037000
3127.698450 13.164000 0.048000
3153.644080 13.416000 0.037000
3163.649280 13.627000 0.037000
3165.641820 13.370000 0.045000
3168.660310 13.289000 0.046000
3171.654240 13.238000 0.037000
3175.638830 12.970000 0.035000
3177.663980 12.559000 0.031000
3180.590390 13.145000 0.037000
3185.657160 12.730000 0.033000
3187.691330 13.180000 0.032000
3405.849770 13.295000 0.047000
3409.849430 13.470000 0.045000
3413.842420 12.969000 0.048000
3417.840840 13.568000 0.043000
3421.827980 13.426000 0.053000
3424.843410 13.458000 0.040000
3427.833800 13.509000 0.053000
3431.878700 13.464000 0.055000
3434.830900 13.701000 0.043000
3442.821810 13.399000 0.047000
3444.821790 13.311000 0.050000
3447.785520 13.601000 0.048000
3449.834330 12.370000 0.056000
3452.785850 13.175000 0.039000
3454.808300 12.329000 0.075000
3458.847610 12.803000 0.056000
3461.746550 12.606000 0.047000
3464.745770 12.652000 0.079000
3466.795870 12.927000 0.043000
3469.767780 12.969000 0.045000
3474.717020 12.876000 0.046000
3478.754590 13.345000 0.057000
3480.744470 13.148000 0.047000
3486.737150 13.097000 0.049000
3489.773220 13.694000 0.076000
3491.765520 14.050000 0.075000
3497.773770 13.454000 0.040000
3501.608390 13.478000 0.038000
3509.693130 13.461000 0.055000
3524.727890 12.516000 0.049000
3528.750870 12.964000 0.070000
3544.528140 12.447000 0.049000
3547.643410 13.142000 0.061000
3554.629110 13.228000 0.041000
3558.540030 13.109000 0.050000
3562.532130 13.117000 0.070000
3564.539280 13.272000 0.044000
3575.600350 13.552000 0.054000
3577.608830 13.555000 0.052000
3591.496120 13.506000 0.043000
3602.553630 12.355000 0.053000
3617.509650 12.792000 0.050000
3754.865070 13.043000 0.042000
3760.862170 13.107000 0.040000
3764.861760 13.137000 0.062000
3794.858320 13.661000 0.065000
3797.831100 13.737000 0.064000
3800.879320 12.470000 0.045000
3806.811630 12.400000 0.038000
3809.818820 12.542000 0.062000
3814.835200 13.080000 0.057000
3817.779480 12.682000 0.054000
3822.765260 12.997000 0.045000
3825.757810 13.158000 0.042000
3827.822460 13.186000 0.048000
3830.739890 13.296000 0.045000
3832.773010 13.223000 0.061000
3849.785230 13.432000 0.076000
3852.678440 13.520000 0.051000
3861.658100 13.592000 0.076000
3865.687680 13.289000 0.044000
3870.684240 13.579000 0.043000
3872.682370 13.600000 0.057000
3875.772500 12.771000 0.068000
3881.656560 13.341000 0.066000
3886.638840 12.531000 0.064000
3890.622190 12.492000 0.058000
3892.614850 12.647000 0.070000
3896.614570 12.723000 0.039000
3898.639110 12.876000 0.073000
3900.656360 13.256000 0.064000
3902.675570 13.463000 0.062000
3906.712240 13.511000 0.047000
3909.671140 13.487000 0.068000
3981.505710 13.480000 0.065000
4189.744840 13.122000 0.048000
4231.708620 12.797000 0.060000
4235.705290 12.387000 0.069000
4246.653650 12.964000 0.046000
4253.640160 12.977000 0.048000
4267.586430 13.182000 0.055000
4308.572370 12.500000 0.062000
4311.558960 12.381000 0.054000
4316.589450 12.894000 0.046000
4333.486220 13.304000 0.037000
4533.863570 13.340000 0.043000
4561.796700 13.612000 0.054000
4593.773890 13.255000 0.059000
4602.657090 12.775000 0.057000
4627.594720 13.542000 0.050000
4652.627480 13.107000 0.041000
4656.580760 13.340000 0.060000
4667.555520 12.599000 0.045000
4671.548510 12.712000 0.050000
4679.581200 13.216000 0.045000
4682.565110 13.285000 0.052000
4690.544840 13.382000 0.037000
4700.525050 13.606000 0.074000
4948.686260 12.520000 0.044000
4966.658420 12.947000 0.054000
4968.709360 12.872000 0.057000
5037.497050 13.033000 0.048000
5048.508310 13.279000 0.053000
5057.507230 13.297000 0.061000
5085.490420 12.474000 0.048000
1929.850920 13.293000 0.065000
2502.484290 13.165000 0.052000
2689.817960 12.576000 0.036000
2775.677600 13.150000 0.052000
3056.823760 13.357000 0.048000
3103.779430 12.357000 0.051000
3471.791280 13.119000 0.082000
3476.816910 13.431000 0.096000
3482.736440 13.407000 0.075000
3503.680040 13.650000 0.089000
3506.696880 13.352000 0.065000
3517.651230 13.774000 0.047000
3520.774740 12.703000 0.100000
3522.702980 12.908000 0.087000
3560.552960 13.418000 0.099000
3583.587720 13.695000 0.083000
3586.516880 13.401000 0.099000
3596.561080 13.293000 0.085000
3606.503500 12.404000 0.064000
3803.826770 12.847000 0.077000
3819.830940 13.063000 0.082000
3834.762510 13.313000 0.083000
3847.835210 13.429000 0.102000
3856.742870 13.574000 0.086000
3904.699900 13.619000 0.101000
3913.671130 13.716000 0.105000
4269.617290 13.217000 0.062000
4294.547480 13.440000 0.060000
4568.862890 12.533000 0.075000
4648.535030 13.516000 0.097000
4660.538350 13.181000 0.044000
4924.889280 12.473000 0.082000
4938.755040 12.513000 0.074000
5006.660440 12.445000 0.080000
5022.650310 13.000000 0.053000
5089.476060 12.479000 0.048000
1919.878220 29.999000 0.066000
1983.883860 29.999000 0.054000
2658.862190 29.999000 0.032000
2667.852280 29.999000 0.035000
2768.782780 29.999000 0.041000
2830.524460 29.999000 0.033000
2833.633040 29.999000 0.045000
2862.523460 29.999000 0.035000
3070.808240 29.999000 0.039000
3076.859360 29.999000 0.038000
3079.799150 29.999000 0.051000
3086.815770 29.999000 0.064000
3130.776610 29.999000 0.034000
3132.807440 29.999000 0.043000
3158.634470 29.999000 0.038000
3160.641280 29.999000 0.038000
3191.654490 29.999000 0.057000
3515.661900 29.999000 0.042000
3569.608680 29.999000 0.046000
3573.588300 29.999000 0.046000
3588.553520 29.999000 0.063000
3836.773450 29.999000 0.039000
3868.687570 29.999000 0.070000
4199.729360 29.999000 0.048000
4202.775320 29.999000 0.069000
4272.571460 29.999000 0.044000
4278.560540 29.999000 0.037000
4282.561300 29.999000 0.071000
4284.576920 29.999000 0.057000
4286.571820 29.999000 0.061000
4290.573440 29.999000 0.038000
4292.534410 29.999000 0.053000
4296.538670 29.999000 0.067000
4298.543300 29.999000 0.055000
4300.504100 29.999000 0.076000
4306.484830 29.999000 0.038000
4337.489930 29.999000 0.041000
4340.513670 29.999000 0.054000
4343.497540 29.999000 0.064000
4345.504650 29.999000 0.069000
4347.517040 29.999000 0.057000
4350.493110 29.999000 0.065000
4353.484960 29.999000 0.042000
4516.857340 29.999000 0.063000
4524.888150 29.999000 0.046000
4542.794210 29.999000 0.047000
4554.756610 29.999000 0.044000
4559.747760 29.999000 0.041000
4566.768320 29.999000 0.048000
4571.706130 29.999000 0.038000
4573.740770 29.999000 0.041000
4575.733270 29.999000 0.057000
4578.803790 29.999000 0.053000
4606.668690 29.999000 0.074000
4608.672210 29.999000 0.073000
4620.586610 29.999000 0.057000
4629.588200 29.999000 0.044000
4633.590030 29.999000 0.064000
4639.590380 29.999000 0.044000
4641.625400 29.999000 0.045000
4643.626470 29.999000 0.040000
4650.606160 29.999000 0.066000
4662.641800 29.999000 0.070000
4664.641780 29.999000 0.042000
4677.573330 29.999000 0.049000
4694.514780 29.999000 0.058000
4698.514630 29.999000 0.043000
4703.486310 29.999000 0.063000
4705.503710 29.999000 0.066000
4709.497780 29.999000 0.068000
4722.479370 29.999000 0.048000
4902.835600 29.999000 0.065000
4906.844900 29.999000 0.074000
4914.818770 29.999000 0.058000
4917.797020 29.999000 0.057000
4920.767010 29.999000 0.048000
4928.783030 29.999000 0.062000
4933.768240 29.999000 0.046000
4936.720650 29.999000 0.059000
4940.834050 29.999000 0.064000
4954.724600 29.999000 0.049000
4961.695660 29.999000 0.072000
4984.618300 29.999000 0.047000
4988.619060 29.999000 0.080000
4990.675700 29.999000 0.050000
4993.730220 29.999000 0.073000
5002.652780 29.999000 0.066000
5009.555340 29.999000 0.048000
5015.541390 29.999000 0.073000
5024.657190 29.999000 0.053000
5066.523510 29.999000 0.050000
5080.489740 29.999000 0.047000
4142.866090 13.395000 0.046000
4151.865760 13.280000 0.043000
4907.817150 13.298000 0.076000
2685.837450 12.666000 0.038000
2727.790790 13.576000 0.042000
3056.859360 13.238000 0.040000
2744.738990 13.438000 0.058000
4898.900700 14.148000 0.071000
4902.853690 13.504000 0.058000
4906.863950 13.778000 0.087000
4914.842200 13.439000 0.070000
3052.891330 29.999000 0.039000
3458.807290 12.798000 0.044000
3464.737150 12.639000 0.042000
3474.727930 13.032000 0.051000
3497.756610 13.712000 0.045000
3503.648920 13.813000 0.042000
3516.662110 13.731000 0.051000
3530.632910 13.002000 0.051000
3764.867500 13.331000 0.042000
3789.838930 13.787000 0.038000
3795.844870 13.740000 0.045000
3813.835440 12.848000 0.052000
3816.787980 12.694000 0.049000
3819.775280 12.747000 0.048000
3822.759740 12.761000 0.042000
3824.853300 13.109000 0.037000
3830.753730 13.242000 0.043000
3834.767460 13.451000 0.053000
3836.763900 13.376000 0.041000
3855.677160 13.760000 0.058000
3861.728530 13.677000 0.042000
3871.777890 12.426000 0.053000
3877.737570 12.636000 0.051000
3880.729700 12.667000 0.051000
3887.630110 12.437000 0.039000
3889.629300 12.474000 0.055000
3893.609400 12.579000 0.064000
3898.705660 13.277000 0.057000
3900.716670 13.416000 0.039000
4133.858820 13.200000 0.041000
4156.856380 12.428000 0.042000
4162.835420 12.525000 0.043000
4168.861430 13.002000 0.054000
4179.819260 13.182000 0.048000
4189.747960 13.580000 0.039000
4191.762970 13.470000 0.038000
4193.769980 13.402000 0.048000
4227.700610 13.160000 0.039000
4229.704120 13.464000 0.054000
4233.710190 12.366000 0.042000
4246.650910 12.930000 0.040000
4256.680640 13.300000 0.047000
4258.708350 13.608000 0.040000
4272.600430 13.597000 0.047000
4277.599110 13.341000 0.044000
4291.646270 13.517000 0.046000
4293.635820 13.728000 0.051000
4295.651610 13.422000 0.053000
4311.568820 12.518000 0.055000
4504.873640 13.522000 0.041000
4508.867780 12.578000 0.046000
4519.855040 12.877000 0.045000
4523.832450 13.074000 0.036000
4526.835510 13.047000 0.048000
4529.834620 13.173000 0.039000
4532.824760 13.229000 0.043000
4536.797060 13.236000 0.049000
4555.811740 13.527000 0.052000
4558.757480 13.665000 0.053000
4560.803310 13.454000 0.045000
4563.738720 13.781000 0.055000
4565.783400 13.831000 0.062000
4583.700520 13.592000 0.038000
4586.722200 12.451000 0.037000
4593.660450 12.430000 0.039000
4595.694530 12.789000 0.052000
4597.680820 12.622000 0.047000
4616.640400 13.391000 0.054000
4627.597650 13.492000 0.055000
4629.582790 13.488000 0.052000
4639.620850 13.543000 0.048000
4641.647080 13.391000 0.046000
4652.641690 12.781000 0.042000
4656.596020 13.347000 0.045000
4659.579740 13.050000 0.038000
4662.593090 12.460000 0.058000
4664.607160 12.682000 0.038000
4666.628810 13.073000 0.042000
4682.515900 13.171000 0.060000
4691.530240 13.391000 0.050000
4697.536940 13.378000 0.041000
4702.508690 13.399000 0.036000
4869.873410 12.790000 0.054000
4879.848450 12.882000 0.051000
4969.732580 13.457000 0.066000
3398.867350 12.953000 0.062000
3454.816680 12.495000 0.086000
3461.757250 12.477000 0.060000
3466.786410 12.860000 0.071000
3480.750330 13.505000 0.101000
3500.783260 13.357000 0.086000
3774.852600 13.484000 0.070000
3798.834360 13.698000 0.086000
3804.851740 12.609000 0.073000
3810.811340 12.607000 0.080000
3827.764110 13.254000 0.090000
3832.770370 13.225000 0.076000
3850.751050 13.531000 0.093000
3859.742530 13.494000 0.076000
3869.755910 13.034000 0.077000
3875.649530 13.617000 0.087000
3891.609620 12.509000 0.069000
4150.874380 13.476000 0.048000
4153.875190 12.599000 0.049000
4235.708250 12.663000 0.069000
4267.629870 13.589000 0.072000
4269.660540 13.622000 0.046000
4274.612050 13.458000 0.058000
4516.854200 12.625000 0.048000
4567.843420 13.548000 0.066000
4599.764110 13.106000 0.066000
4601.685390 13.171000 0.071000
4609.617940 12.987000 0.075000
4611.646030 13.265000 0.077000
4622.637930 13.414000 0.069000
4650.618370 13.744000 0.070000
4654.610800 13.261000 0.085000
4677.510130 12.614000 0.075000
4679.526390 13.023000 0.082000
4684.520220 13.294000 0.075000
4865.881460 12.473000 0.041000
4883.840340 13.497000 0.099000
4886.875320 13.287000 0.055000
4890.826880 13.489000 0.069000
4905.842730 13.444000 0.062000
4914.852920 13.406000 0.082000
4926.789270 13.789000 0.054000
4932.770870 12.775000 0.051000
4939.784420 12.623000 0.062000
4945.760970 12.885000 0.078000
4948.689490 12.614000 0.067000
4954.729370 13.293000 0.083000
4962.664480 13.097000 0.046000
4984.633050 13.279000 0.048000
4991.689240 13.504000 0.052000
5010.555070 13.638000 0.054000
5017.618340 12.747000 0.068000
5022.578630 12.678000 0.057000
5024.581520 12.911000 0.063000
3442.816820 29.999000 0.064000
3476.820090 29.999000 0.096000
3509.676400 29.999000 0.035000
3512.748400 29.999000 0.038000
3770.870710 29.999000 0.045000
3792.844960 29.999000 0.056000
3848.736130 29.999000 0.061000
3852.794710 29.999000 0.039000
3896.672470 29.999000 0.050000
3903.548380 29.999000 0.068000
4125.874470 29.999000 0.041000
4129.876640 29.999000 0.042000
4137.866530 29.999000 0.039000
4144.891860 29.999000 0.038000
4199.744360 29.999000 0.043000
4207.855850 29.999000 0.077000
4216.727590 29.999000 0.048000
4283.659230 29.999000 0.071000
4285.645900 29.999000 0.074000
4493.870240 29.999000 0.039000
4500.880040 29.999000 0.048000
4539.805100 29.999000 0.047000
4542.796720 29.999000 0.051000
4545.775810 29.999000 0.054000
4547.819630 29.999000 0.052000
4570.716390 29.999000 0.041000
4572.738940 29.999000 0.042000
4574.726410 29.999000 0.039000
4576.744130 29.999000 0.075000
4590.817930 29.999000 0.051000
4606.683990 29.999000 0.071000
4632.591260 29.999000 0.061000
4645.655290 29.999000 0.125000
4700.501380 29.999000 0.041000
4908.796320 29.999000 0.073000
4917.788740 29.999000 0.046000
4967.718630 29.999000 0.056000
4973.618650 29.999000 0.061000
4975.678730 29.999000 0.079000
4994.726210 29.999000 0.066000
5014.544780 29.999000 0.046000
5039.507850 29.999000 0.043000
