2650.838740 13.882000 0.028000
2710.716630 12.725000 0.029000
2720.666100 12.773000 0.036000
2726.688010 12.713000 0.031000
2732.785180 13.009000 0.035000
2736.657520 12.873000 0.031000
2740.653670 13.364000 0.032000
2752.626650 12.783000 0.031000
2761.596390 13.904000 0.035000
2763.592770 13.679000 0.031000
2766.598590 13.624000 0.034000
2776.564540 13.523000 0.042000
2785.582400 13.503000 0.033000
2787.555570 13.807000 0.032000
2793.503160 13.934000 0.033000
2796.495000 13.831000 0.033000
2810.507030 13.114000 0.035000
2812.507090 13.728000 0.034000
2820.503570 13.140000 0.033000
2836.461520 12.796000 0.040000
3005.865790 13.027000 0.031000
3009.851700 13.430000 0.029000
3035.819810 13.741000 0.037000
3047.769040 12.792000 0.035000
3051.755150 13.377000 0.036000
3056.770280 13.828000 0.030000
3082.721610 13.715000 0.038000
3092.705460 12.672000 0.029000
3108.690150 12.857000 0.034000
3118.674240 13.156000 0.033000
3122.606290 13.324000 0.042000
3134.630480 12.983000 0.034000
3164.569240 13.696000 0.030000
3167.573710 13.616000 0.031000
3171.518330 13.430000 0.037000
3175.529400 13.575000 0.032000
3177.544410 13.414000 0.028000
3184.519430 13.917000 0.028000
3462.627250 13.071000 0.042000
3502.515410 13.595000 0.051000
3145.650270 13.699000 0.044000
2738.652950 29.999000 0.032000
2783.583060 29.999000 0.035000
2790.578380 29.999000 0.037000
2831.498930 29.999000 0.034000
3013.859500 29.999000 0.035000
3019.834250 29.999000 0.034000
3029.859030 29.999000 0.033000
3061.757060 29.999000 0.042000
3064.746210 29.999000 0.038000
3067.763260 29.999000 0.030000
3073.752770 29.999000 0.037000
3075.756610 29.999000 0.030000
3077.809060 29.999000 0.036000
3086.711080 29.999000 0.045000
3088.716220 29.999000 0.036000
3100.682100 29.999000 0.035000
3102.678520 29.999000 0.043000
3104.692500 29.999000 0.043000
3106.686810 29.999000 0.035000
3110.694910 29.999000 0.029000
3128.603930 29.999000 0.038000
3130.624070 29.999000 0.033000
3132.617020 29.999000 0.031000
3142.643680 29.999000 0.041000
3159.504010 29.999000 0.032000
3187.484740 29.999000 0.041000
2637.854810 13.380000 0.028000
2642.862210 12.726000 0.026000
2650.857180 13.641000 0.031000
2653.859410 13.545000 0.026000
2666.867650 13.620000 0.029000
2669.841790 13.560000 0.029000
2672.826770 13.662000 0.033000
2681.795840 13.061000 0.034000
2685.786870 13.670000 0.028000
2698.757900 13.608000 0.027000
2700.789430 12.903000 0.028000
2723.708080 12.972000 0.029000
2725.708500 13.729000 0.027000
2727.707400 13.607000 0.029000
2732.740330 12.723000 0.041000
2734.679650 13.759000 0.030000
2736.678070 12.942000 0.032000
2738.675870 13.818000 0.031000
2740.676560 13.615000 0.031000
2750.674720 13.628000 0.036000
2751.754820 12.767000 0.031000
2758.743140 13.248000 0.033000
2762.615710 13.000000 0.034000
2764.606700 13.661000 0.031000
2766.698850 13.862000 0.036000
2783.590590 13.798000 0.027000
2785.589970 13.376000 0.030000
2787.560850 13.738000 0.032000
2793.519910 13.772000 0.035000
2796.523350 13.907000 0.037000
2809.600000 14.004000 0.035000
2811.585990 13.731000 0.030000
2813.573000 12.933000 0.042000
2820.506590 13.122000 0.034000
2829.519260 13.146000 0.032000
2832.466050 13.711000 0.037000
2834.471750 13.468000 0.032000
2836.474020 12.774000 0.035000
2839.473090 12.781000 0.038000
2842.482420 13.267000 0.032000
2845.478640 13.819000 0.031000
3008.852430 12.878000 0.030000
3056.793220 13.782000 0.033000
3064.766590 13.788000 0.035000
3067.854020 13.478000 0.036000
3069.815270 13.046000 0.033000
3082.742700 12.672000 0.040000
3086.726950 13.319000 0.038000
3090.772890 13.729000 0.044000
3092.728320 12.914000 0.030000
3096.712230 13.491000 0.029000
3105.686080 12.916000 0.049000
3109.690930 13.597000 0.028000
3132.631120 13.708000 0.033000
3134.641420 13.021000 0.036000
3142.654710 14.078000 0.042000
3164.607750 13.566000 0.040000
3167.608070 13.598000 0.034000
3183.555080 13.566000 0.038000
3189.496830 12.812000 0.039000
3384.853820 13.276000 0.052000
3386.843970 13.545000 0.055000
3388.833670 13.510000 0.048000
3389.835880 13.819000 0.043000
3395.825360 13.761000 0.039000
3396.815640 13.786000 0.043000
3398.814900 13.709000 0.048000
3402.814400 13.763000 0.037000
3405.806330 13.806000 0.034000
3408.796340 13.625000 0.043000
3411.788120 13.832000 0.042000
3414.777370 13.499000 0.039000
3416.715490 14.315000 0.043000
3416.742880 13.454000 0.039000
3416.795080 13.091000 0.045000
3416.820590 13.163000 0.040000
3417.764890 13.457000 0.041000
3420.766480 13.191000 0.042000
3420.789610 13.561000 0.052000
3431.736100 13.665000 0.043000
3433.827980 13.610000 0.061000
3438.732910 13.978000 0.035000
3442.731060 12.846000 0.035000
3444.720290 13.883000 0.064000
3446.786100 13.692000 0.057000
3450.677210 14.095000 0.056000
3456.769930 13.828000 0.060000
3458.783260 13.362000 0.063000
3460.792610 13.706000 0.056000
3463.648560 13.739000 0.036000
3470.742020 13.878000 0.038000
3473.618530 13.806000 0.035000
3477.723840 13.020000 0.059000
3480.557130 13.797000 0.037000
3487.676220 12.901000 0.039000
3490.665940 12.780000 0.064000
3496.675140 13.524000 0.042000
3502.539370 13.819000 0.048000
3520.599340 13.471000 0.063000
3542.586620 13.114000 0.040000
3554.533650 13.820000 0.050000
3558.508800 12.830000 0.053000
3587.465780 12.854000 0.067000
3739.860980 14.096000 0.053000
3743.861570 12.643000 0.044000
3751.842460 13.671000 0.039000
3757.825960 13.411000 0.039000
3760.826650 13.488000 0.040000
3769.811060 12.939000 0.057000
3772.804830 13.049000 0.060000
3775.792040 13.895000 0.040000
3778.786660 13.874000 0.050000
3788.855890 12.995000 0.061000
3791.750080 14.056000 0.049000
3793.844740 13.846000 0.059000
3796.740170 13.548000 0.039000
3798.833710 13.226000 0.054000
3801.720850 14.122000 0.054000
3804.711240 13.584000 0.041000
3806.728330 13.608000 0.044000
3811.786960 13.188000 0.057000
3813.854810 13.053000 0.055000
3816.679830 13.786000 0.036000
3818.773930 13.640000 0.049000
3821.667520 12.877000 0.046000
3823.684060 13.903000 0.044000
3825.750230 13.766000 0.051000
3828.648210 13.199000 0.041000
3832.736580 13.997000 0.051000
3853.577400 13.703000 0.035000
3855.603110 13.693000 0.043000
3861.691910 13.699000 0.046000
3866.637640 12.913000 0.056000
3870.671420 13.947000 0.040000
3872.669510 12.969000 0.058000
3876.622290 13.315000 0.056000
3882.622140 13.097000 0.057000
3893.562810 13.650000 0.047000
4106.865150 12.913000 0.036000
4129.817950 13.128000 0.056000
4132.817920 13.138000 0.043000
4135.806590 12.892000 0.038000
4139.784770 13.352000 0.049000
4142.785020 13.240000 0.054000
4157.746110 13.821000 0.061000
4162.748430 13.590000 0.051000
4172.728550 13.650000 0.040000
4174.803960 13.591000 0.062000
4180.706510 13.256000 0.038000
4184.773610 13.690000 0.059000
4193.748710 13.137000 0.044000
4204.745620 13.876000 0.045000
4207.769190 13.733000 0.069000
4215.686690 13.805000 0.037000
4234.556950 13.879000 0.043000
4256.632070 13.676000 0.037000
4283.512310 13.962000 0.061000
4289.520010 13.787000 0.049000
4294.468310 13.329000 0.052000
4298.504860 13.577000 0.043000
4306.489600 12.752000 0.047000
4479.869790 13.505000 0.037000
4486.866180 13.789000 0.039000
4498.834620 13.378000 0.044000
4501.835500 13.237000 0.043000
4504.815540 12.712000 0.036000
4507.806590 13.430000 0.046000
4517.782420 13.013000 0.043000
4520.811580 12.853000 0.042000
4523.767030 14.351000 0.044000
4528.747350 13.955000 0.043000
4531.736080 13.501000 0.044000
4535.736350 13.604000 0.053000
4541.793660 13.796000 0.068000
4548.733790 13.608000 0.049000
4551.703040 13.684000 0.041000
4558.668140 13.862000 0.049000
4560.700000 13.968000 0.052000
4565.647050 13.791000 0.060000
4567.676860 13.793000 0.050000
4569.673810 13.051000 0.043000
4571.671700 13.788000 0.035000
4575.662580 12.852000 0.070000
4579.657030 13.480000 0.045000
4582.656750 13.305000 0.069000
4585.675530 13.379000 0.040000
4590.575900 13.847000 0.060000
4594.631800 13.871000 0.050000
4596.634510 13.654000 0.056000
4611.646670 13.436000 0.051000
4620.605780 12.877000 0.043000
4626.525930 13.840000 0.042000
4630.505340 13.738000 0.036000
4641.520310 13.368000 0.053000
4643.523270 12.758000 0.059000
4653.485030 12.936000 0.039000
4667.488570 13.804000 0.039000
4834.861540 13.840000 0.048000
4838.857570 12.875000 0.063000
4842.859710 13.367000 0.047000
4849.838020 13.778000 0.041000
4857.831640 12.819000 0.054000
4861.836950 13.244000 0.047000
4865.817180 14.033000 0.044000
4868.820560 13.748000 0.037000
4871.806050 13.210000 0.048000
4875.839730 14.050000 0.050000
4881.793620 13.797000 0.035000
4884.776080 13.412000 0.038000
4887.788730 13.524000 0.047000
4906.721470 13.067000 0.045000
4918.684440 13.870000 0.046000
4921.696850 13.663000 0.042000
2690.820000 12.815000 0.035000
2710.734700 12.911000 0.031000
2712.730100 13.626000 0.035000
2756.644090 13.360000 0.049000
2790.586180 13.924000 0.042000
3392.834990 14.066000 0.059000
3416.769310 12.631000 0.075000
3419.874380 13.313000 0.092000
3419.876780 13.353000 0.103000
3419.879300 13.359000 0.096000
3419.881820 13.175000 0.085000
3419.885130 13.395000 0.092000
3419.890020 13.450000 0.073000
3419.892520 13.373000 0.080000
3419.895020 13.402000 0.081000
3419.897520 13.312000 0.080000
3419.899980 13.282000 0.072000
3419.902460 13.340000 0.071000
3422.862890 13.047000 0.098000
3468.725880 13.424000 0.054000
3475.729830 13.906000 0.071000
3492.667620 13.810000 0.088000
3499.677420 13.968000 0.092000
3504.555810 13.646000 0.093000
3516.641450 12.945000 0.051000
3522.622690 12.730000 0.079000
3539.558050 13.389000 0.086000
3560.528660 13.737000 0.086000
3747.855280 13.664000 0.080000
3763.833550 13.182000 0.050000
3766.840370 13.277000 0.100000
3830.743100 12.697000 0.072000
3850.739540 13.911000 0.097000
3859.702270 12.984000 0.071000
3868.676440 13.821000 0.080000
3887.584040 13.731000 0.077000
3899.579530 13.614000 0.091000
3904.548820 14.066000 0.092000
3906.568450 13.843000 0.083000
3908.563250 13.614000 0.088000
4145.779370 13.031000 0.070000
4160.739810 13.788000 0.041000
4177.787160 13.334000 0.082000
4196.798330 13.180000 0.046000
4229.697670 13.470000 0.065000
4259.563730 13.715000 0.060000
4268.563300 13.464000 0.051000
4296.478640 13.942000 0.064000
4525.821620 13.748000 0.069000
4537.761780 13.502000 0.068000
4539.861690 13.104000 0.079000
4555.763080 13.787000 0.066000
4562.745620 13.102000 0.073000
4587.717600 13.632000 0.048000
4592.606860 13.154000 0.092000
4602.606450 13.549000 0.076000
4607.616700 13.892000 0.072000
4623.595180 13.744000 0.071000
4632.570800 13.559000 0.077000
4645.529780 13.806000 0.092000
4647.540710 13.914000 0.055000
4890.763050 13.536000 0.049000
4908.795060 13.873000 0.085000
4926.802220 13.843000 0.058000
4937.764000 12.945000 0.078000
4940.616100 13.707000 0.047000
4945.728080 13.645000 0.071000
4966.577850 13.601000 0.058000
4968.626010 13.653000 0.084000
4994.589200 13.593000 0.072000
5039.480180 13.720000 0.061000
2657.866640 29.999000 0.045000
2664.816690 29.999000 0.028000
2677.805420 29.999000 0.030000
2683.786440 29.999000 0.027000
2693.780880 29.999000 0.030000
2695.784690 29.999000 0.029000
2714.716960 29.999000 0.035000
2719.687340 29.999000 0.032000
2742.629080 29.999000 0.031000
2745.671460 29.999000 0.038000
2754.644690 29.999000 0.030000
2760.617320 29.999000 0.032000
2776.576630 29.999000 0.038000
2804.599650 29.999000 0.034000
3012.856440 29.999000 0.034000
3020.871130 29.999000 0.037000
3030.853450 29.999000 0.030000
3034.824850 29.999000 0.035000
3041.845960 29.999000 0.044000
3051.789470 29.999000 0.035000
3059.774750 29.999000 0.050000
3061.824670 29.999000 0.032000
3073.771250 29.999000 0.039000
3075.771920 29.999000 0.031000
3077.819450 29.999000 0.034000
3088.742180 29.999000 0.038000
3103.700770 29.999000 0.035000
3111.768590 29.999000 0.035000
3121.739620 29.999000 0.031000
3124.596640 29.999000 0.031000
3128.620160 29.999000 0.045000
3130.635320 29.999000 0.039000
3145.661310 29.999000 0.031000
3156.549300 29.999000 0.031000
3159.569200 29.999000 0.036000
3162.587410 29.999000 0.037000
3171.531560 29.999000 0.032000
3175.532680 29.999000 0.032000
3177.547680 29.999000 0.030000
3185.563640 29.999000 0.045000
3897.552560 29.999000 0.059000
4166.817900 29.999000 0.049000
4227.694270 29.999000 0.037000
4291.534250 29.999000 0.048000
4490.879810 29.999000 0.040000
4510.797780 29.999000 0.038000
4609.652670 29.999000 0.065000
4664.486470 29.999000 0.038000
5013.538100 29.999000 0.064000
