2445.624560 13.644000 0.044000
2520.549960 14.391000 0.044000
2521.559370 14.719000 0.045000
2543.488140 14.194000 0.047000
2699.875390 14.096000 0.038000
2706.852680 14.372000 0.040000
2712.827040 13.869000 0.037000
2714.870420 14.309000 0.044000
2737.804520 13.730000 0.037000
2761.768690 13.589000 0.043000
2784.713500 14.026000 0.039000
2794.710410 14.173000 0.050000
2808.690250 14.072000 0.044000
2813.660180 14.134000 0.037000
2820.763630 13.577000 0.040000
2838.611000 13.744000 0.040000
2845.662110 14.351000 0.041000
2851.609460 14.345000 0.040000
2859.535750 14.062000 0.039000
2862.600660 13.925000 0.048000
2866.600940 14.631000 0.040000
2868.651990 13.695000 0.044000
2876.539570 14.092000 0.046000
2878.535970 14.439000 0.038000
2886.497400 13.898000 0.038000
2896.563010 13.918000 0.044000
2900.545580 13.990000 0.044000
2904.535140 14.315000 0.051000
2906.533500 13.712000 0.043000
3055.892140 14.046000 0.043000
3078.850000 14.295000 0.047000
3096.875610 13.519000 0.041000
3105.863200 13.683000 0.038000
3116.786290 14.446000 0.039000
3122.777210 14.480000 0.046000
3124.827890 13.997000 0.040000
3144.773410 13.713000 0.042000
3153.726070 13.704000 0.038000
3164.831480 13.652000 0.045000
3170.765650 14.296000 0.040000
3182.645040 13.626000 0.040000
3190.655740 14.286000 0.048000
3415.887670 13.636000 0.041000
3424.870040 13.692000 0.043000
3431.886130 14.263000 0.043000
3443.891980 14.223000 0.048000
3464.824700 13.971000 0.040000
3467.833330 14.458000 0.047000
3470.823340 14.391000 0.046000
3473.810250 13.602000 0.044000
3496.788210 14.309000 0.038000
3499.865140 13.981000 0.055000
3502.729710 13.722000 0.056000
3510.819970 14.359000 0.038000
3524.668120 14.485000 0.042000
3526.707470 13.788000 0.042000
3562.636420 14.290000 0.056000
3564.602870 13.725000 0.042000
3575.669770 13.533000 0.053000
3587.673140 14.242000 0.051000
3590.539520 14.592000 0.048000
3630.528690 14.367000 0.053000
3642.523920 13.737000 0.048000
3793.876060 13.853000 0.048000
3797.866110 13.830000 0.039000
3823.851430 14.439000 0.049000
3870.767280 13.783000 0.051000
3894.698540 13.805000 0.041000
3902.640350 14.208000 0.041000
4144.882660 14.346000 0.043000
4190.844410 13.655000 0.043000
4228.781260 13.798000 0.048000
4234.823410 13.781000 0.046000
4258.791820 13.775000 0.051000
4295.635070 14.022000 0.062000
4305.570510 13.962000 0.044000
4317.588490 14.329000 0.042000
4359.536860 13.794000 0.055000
4572.828070 13.863000 0.055000
4597.765540 13.895000 0.052000
4611.728770 13.761000 0.044000
4631.666670 13.778000 0.041000
4642.701830 13.972000 0.045000
4649.586510 13.671000 0.055000
4653.642390 14.234000 0.042000
4664.658600 13.692000 0.040000
4737.522600 13.979000 0.055000
4745.497890 13.989000 0.060000
3088.854060 14.266000 0.061000
3091.862010 13.528000 0.062000
3128.783450 13.598000 0.047000
3492.804330 13.930000 0.094000
3530.735050 14.034000 0.082000
3551.780900 13.821000 0.064000
3583.613370 13.985000 0.082000
3585.669970 13.711000 0.086000
3592.547720 14.107000 0.091000
3619.519860 14.835000 0.071000
3632.533340 13.899000 0.064000
3652.495070 13.674000 0.076000
3817.867370 13.837000 0.082000
3847.893900 13.646000 0.081000
3858.762890 14.531000 0.070000
3864.739400 14.103000 0.080000
3904.667320 13.638000 0.066000
4562.828240 13.860000 0.063000
4952.835690 14.142000 0.073000
5047.625080 13.616000 0.063000
5086.547760 13.223000 0.055000
1948.887850 29.999000 0.063000
1950.882170 29.999000 0.072000
1953.876520 29.999000 0.060000
1954.881540 29.999000 0.058000
1962.854290 29.999000 0.064000
2156.559480 29.999000 0.062000
2177.508480 29.999000 0.076000
2473.545280 29.999000 0.049000
2504.596900 29.999000 0.064000
2508.603790 29.999000 0.066000
2510.588840 29.999000 0.049000
2524.552560 29.999000 0.052000
2535.520780 29.999000 0.050000
2544.495010 29.999000 0.054000
2546.503120 29.999000 0.053000
2548.487300 29.999000 0.042000
2551.488180 29.999000 0.070000
2686.865780 29.999000 0.040000
2689.877430 29.999000 0.042000
2696.866990 29.999000 0.045000
2709.843520 29.999000 0.042000
2722.908960 29.999000 0.044000
2724.834510 29.999000 0.037000
2733.836340 29.999000 0.039000
2735.819610 29.999000 0.036000
2739.798380 29.999000 0.058000
2741.789250 29.999000 0.039000
2747.808780 29.999000 0.047000
2750.848540 29.999000 0.040000
2752.779800 29.999000 0.043000
2755.767040 29.999000 0.044000
2757.773000 29.999000 0.049000
2759.815340 29.999000 0.038000
2768.805080 29.999000 0.049000
2782.738210 29.999000 0.057000
2786.671050 29.999000 0.048000
2787.819260 29.999000 0.039000
2791.652760 29.999000 0.051000
2804.687030 29.999000 0.048000
2809.823970 29.999000 0.041000
2811.694650 29.999000 0.039000
2832.611230 29.999000 0.040000
2833.726770 29.999000 0.042000
2835.621370 29.999000 0.039000
2840.673020 29.999000 0.043000
2854.535970 29.999000 0.037000
2860.676790 29.999000 0.042000
2882.515250 29.999000 0.043000
2892.540820 29.999000 0.042000
2894.539730 29.999000 0.042000
2898.553580 29.999000 0.042000
2909.532270 29.999000 0.042000
2915.509350 29.999000 0.044000
2924.493730 29.999000 0.040000
3068.875000 29.999000 0.047000
3072.863740 29.999000 0.046000
3081.885250 29.999000 0.053000
3085.904560 29.999000 0.039000
3099.813870 29.999000 0.055000
3102.830830 29.999000 0.052000
3107.853230 29.999000 0.040000
3126.803040 29.999000 0.038000
3130.780940 29.999000 0.046000
3132.811900 29.999000 0.041000
3159.756210 29.999000 0.043000
3162.811440 29.999000 0.044000
3179.618990 29.999000 0.047000
3184.631470 29.999000 0.039000
3187.637700 29.999000 0.043000
3274.528620 29.999000 0.055000
3277.523140 29.999000 0.059000
3280.511270 29.999000 0.047000
3447.848700 29.999000 0.052000
3450.865000 29.999000 0.063000
3453.829890 29.999000 0.050000
3455.839510 29.999000 0.045000
3457.867980 29.999000 0.061000
3476.801810 29.999000 0.045000
3482.824180 29.999000 0.046000
3490.802230 29.999000 0.083000
3504.766600 29.999000 0.057000
3508.772050 29.999000 0.038000
3512.701390 29.999000 0.046000
3528.729560 29.999000 0.078000
3539.669880 29.999000 0.085000
3542.665820 29.999000 0.057000
3544.746200 29.999000 0.047000
3547.792730 29.999000 0.050000
3554.741470 29.999000 0.041000
3558.613210 29.999000 0.064000
3570.589890 29.999000 0.060000
3573.651930 29.999000 0.048000
3577.692330 29.999000 0.062000
3597.513840 29.999000 0.053000
3602.615860 29.999000 0.051000
3616.565320 29.999000 0.045000
3621.565330 29.999000 0.082000
3626.538440 29.999000 0.047000
3639.515750 29.999000 0.071000
3647.497750 29.999000 0.040000
3789.887680 29.999000 0.047000
3802.904510 29.999000 0.069000
3806.859360 29.999000 0.046000
3810.881320 29.999000 0.046000
3814.861420 29.999000 0.040000
3820.855680 29.999000 0.040000
3826.844590 29.999000 0.039000
3829.834000 29.999000 0.044000
3832.833200 29.999000 0.045000
3837.799350 29.999000 0.040000
3849.819100 29.999000 0.074000
3852.773820 29.999000 0.044000
3862.748340 29.999000 0.044000
3866.731030 29.999000 0.039000
3868.757140 29.999000 0.061000
3872.759200 29.999000 0.043000
3881.732640 29.999000 0.042000
3886.718680 29.999000 0.062000
3890.707360 29.999000 0.078000
3892.700700 29.999000 0.044000
3897.742910 29.999000 0.061000
3899.802880 29.999000 0.056000
3906.683190 29.999000 0.094000
3983.538710 29.999000 0.055000
4153.877500 29.999000 0.042000
4157.870440 29.999000 0.063000
4165.860610 29.999000 0.045000
4174.861870 29.999000 0.045000
4177.888280 29.999000 0.070000
4180.875010 29.999000 0.047000
4183.877030 29.999000 0.058000
4187.865630 29.999000 0.040000
4194.866080 29.999000 0.071000
4199.787840 29.999000 0.063000
4203.814140 29.999000 0.056000
4207.810180 29.999000 0.043000
4212.901880 29.999000 0.056000
4216.786320 29.999000 0.046000
4230.779780 29.999000 0.052000
4232.780150 29.999000 0.051000
4247.676670 29.999000 0.050000
4250.755120 29.999000 0.046000
4254.658500 29.999000 0.053000
4256.719550 29.999000 0.046000
4269.729140 29.999000 0.060000
4272.675310 29.999000 0.046000
4274.676870 29.999000 0.044000
4277.635260 29.999000 0.043000
4283.634410 29.999000 0.086000
4285.628710 29.999000 0.066000
4289.628390 29.999000 0.054000
4291.632150 29.999000 0.052000
4293.621770 29.999000 0.057000
4297.628970 29.999000 0.074000
4301.576430 29.999000 0.071000
4303.590640 29.999000 0.048000
4311.685880 29.999000 0.056000
4315.521290 29.999000 0.060000
4329.571940 29.999000 0.061000
4331.559080 29.999000 0.061000
4339.608100 29.999000 0.069000
4341.610640 29.999000 0.047000
4346.494600 29.999000 0.068000
4348.516810 29.999000 0.078000
4350.525940 29.999000 0.082000
4352.544350 29.999000 0.044000
4355.547770 29.999000 0.058000
4357.555220 29.999000 0.050000
4362.509590 29.999000 0.046000
4364.544170 29.999000 0.049000
4371.508700 29.999000 0.064000
4375.503700 29.999000 0.043000
4377.512110 29.999000 0.068000
4380.501530 29.999000 0.080000
4383.495050 29.999000 0.061000
4386.489950 29.999000 0.043000
4523.869820 29.999000 0.046000
4527.862870 29.999000 0.044000
4540.849130 29.999000 0.046000
4547.863880 29.999000 0.051000
4550.856750 29.999000 0.049000
4559.838060 29.999000 0.067000
4565.813870 29.999000 0.058000
4568.806890 29.999000 0.044000
4570.845610 29.999000 0.058000
4574.804890 29.999000 0.044000
4576.807480 29.999000 0.051000
4580.825340 29.999000 0.076000
4585.776090 29.999000 0.062000
4587.834690 29.999000 0.051000
4590.747620 29.999000 0.044000
4592.833070 29.999000 0.059000
4595.736500 29.999000 0.043000
4602.731830 29.999000 0.046000
4606.741370 29.999000 0.057000
4609.697420 29.999000 0.049000
4615.822990 29.999000 0.046000
4621.683390 29.999000 0.044000
4627.669230 29.999000 0.045000
4629.670350 29.999000 0.056000
4633.649640 29.999000 0.064000
4638.758840 29.999000 0.064000
4640.731750 29.999000 0.044000
4644.723140 29.999000 0.046000
4646.795750 29.999000 0.053000
4651.627220 29.999000 0.050000
4655.608380 29.999000 0.047000
4657.648710 29.999000 0.042000
4660.601490 29.999000 0.050000
4662.660950 29.999000 0.072000
4666.662800 29.999000 0.041000
4670.624900 29.999000 0.053000
4672.647290 29.999000 0.051000
4675.683060 29.999000 0.049000
4678.680830 29.999000 0.075000
4681.598080 29.999000 0.060000
4683.598170 29.999000 0.050000
4685.578710 29.999000 0.052000
4687.569740 29.999000 0.063000
4690.525100 29.999000 0.043000
4697.630740 29.999000 0.042000
4703.627710 29.999000 0.041000
4706.583260 29.999000 0.046000
4709.534310 29.999000 0.068000
4720.561140 29.999000 0.047000
4724.511970 29.999000 0.048000
4726.569520 29.999000 0.065000
4729.556430 29.999000 0.046000
4733.508650 29.999000 0.057000
4740.513980 29.999000 0.040000
4882.892110 29.999000 0.044000
4890.895700 29.999000 0.047000
4905.856660 29.999000 0.044000
4918.816720 29.999000 0.051000
4926.865030 29.999000 0.048000
4935.851290 29.999000 0.065000
4938.797100 29.999000 0.046000
4947.769830 29.999000 0.071000
4950.782420 29.999000 0.052000
4954.802270 29.999000 0.073000
4959.778180 29.999000 0.047000
4966.723790 29.999000 0.058000
4968.777490 29.999000 0.066000
4984.712060 29.999000 0.048000
4988.700500 29.999000 0.064000
4993.781830 29.999000 0.062000
5002.681280 29.999000 0.066000
5006.689820 29.999000 0.070000
5014.622320 29.999000 0.052000
5022.607830 29.999000 0.055000
5024.611080 29.999000 0.052000
5069.630190 29.999000 0.051000
5084.543990 29.999000 0.068000
5089.518370 29.999000 0.056000
2727.858580 13.657000 0.034000
4174.877690 14.187000 0.039000
4564.837680 14.382000 0.041000
4882.893920 13.938000 0.039000
4916.898230 13.902000 0.052000
4926.882910 14.488000 0.076000
4936.871260 13.584000 0.050000
5006.696720 14.339000 0.056000
2744.808450 29.999000 0.053000
2770.787940 29.999000 0.041000
2775.779030 29.999000 0.035000
4145.890540 29.999000 0.043000
4158.890460 29.999000 0.070000
4646.799330 29.999000 0.074000
4697.653340 29.999000 0.042000
