1887.578900 14.371000 0.062000
1904.539380 14.426000 0.051000
2129.730830 14.629000 0.044000
2131.749550 14.240000 0.040000
2559.749560 13.663000 0.044000
2650.549320 14.059000 0.052000
2809.855900 13.741000 0.042000
2813.883940 13.601000 0.043000
2932.676410 14.051000 0.036000
2944.592060 14.301000 0.037000
2997.597980 14.606000 0.040000
3000.586220 13.665000 0.036000
3561.855850 14.514000 0.068000
3568.880480 13.732000 0.047000
3568.882860 13.619000 0.052000
3575.901290 13.590000 0.048000
3578.831260 13.885000 0.056000
3582.841300 13.768000 0.045000
3590.774210 14.774000 0.058000
3596.798210 13.956000 0.054000
3624.730440 13.700000 0.050000
3639.634710 14.661000 0.051000
3677.625540 14.527000 0.043000
3707.558570 14.426000 0.048000
3902.893600 14.253000 0.051000
3905.910410 14.432000 0.070000
4084.528670 14.195000 0.056000
4319.812590 13.782000 0.037000
4375.705190 13.797000 0.034000
4382.645760 13.613000 0.034000
4766.683270 14.068000 0.033000
4767.759580 13.481000 0.058000
4773.545200 13.510000 0.037000
4777.586420 13.733000 0.040000
1869.531230 14.411000 0.050000
1876.563590 14.642000 0.070000
2054.912170 13.892000 0.069000
2093.796000 13.649000 0.050000
2103.769120 14.200000 0.052000
2116.781820 14.866000 0.045000
2132.756550 13.771000 0.048000
2134.751890 14.600000 0.038000
2141.737940 14.308000 0.047000
2145.722750 14.397000 0.044000
2439.867620 13.505000 0.047000
2471.871780 13.570000 0.053000
2548.649900 13.582000 0.058000
2548.652080 13.653000 0.061000
2558.695930 14.243000 0.043000
2561.562170 14.178000 0.043000
2562.641010 14.057000 0.040000
2562.710480 14.058000 0.042000
2563.753880 13.516000 0.047000
2622.560100 13.879000 0.039000
2640.568290 13.784000 0.048000
2813.881720 13.667000 0.043000
2818.937700 14.454000 0.048000
2918.671990 13.808000 0.036000
2939.712660 14.438000 0.040000
2939.714860 14.442000 0.042000
2949.664360 14.184000 0.038000
2968.594430 13.603000 0.042000
2968.596790 13.738000 0.037000
2985.595580 13.783000 0.036000
2985.598040 14.008000 0.037000
3007.565970 13.529000 0.037000
3554.897420 14.095000 0.058000
3561.858470 14.510000 0.054000
3564.846550 13.725000 0.050000
3564.849690 13.633000 0.052000
3579.850400 14.656000 0.052000
3589.786000 14.577000 0.059000
3596.788790 14.168000 0.053000
3624.716870 13.938000 0.049000
3639.637080 14.711000 0.066000
3644.625250 13.973000 0.063000
3644.627670 13.851000 0.054000
3650.609340 14.519000 0.051000
3652.650710 14.092000 0.051000
3652.653090 13.730000 0.069000
3654.638600 14.490000 0.055000
3668.643420 14.622000 0.043000
3675.630270 14.514000 0.045000
3909.904130 14.464000 0.059000
3912.928000 14.498000 0.058000
4300.861210 14.527000 0.046000
4329.794180 13.757000 0.043000
4348.774030 14.536000 0.038000
4392.617830 13.956000 0.040000
4403.668670 13.915000 0.036000
4403.671030 14.104000 0.037000
4407.667170 13.431000 0.039000
4413.605770 14.224000 0.034000
4413.608130 14.052000 0.035000
4700.800190 14.278000 0.035000
4755.728850 14.032000 0.043000
4756.734080 13.564000 0.039000
4763.609330 14.411000 0.037000
4770.605290 14.211000 0.037000
4772.681270 14.306000 0.034000
4775.566050 14.124000 0.035000
4780.658900 14.029000 0.040000
4782.686810 14.225000 0.046000
4784.590250 13.431000 0.038000
4787.591500 14.365000 0.040000
4795.616720 14.087000 0.037000
4798.594200 13.927000 0.036000
4801.568980 14.183000 0.036000
4807.562100 14.395000 0.038000
4808.592560 14.004000 0.037000
4809.607620 13.831000 0.037000
4816.580900 13.398000 0.039000
4819.602960 14.159000 0.061000
4830.575110 13.621000 0.037000
2087.896310 14.611000 0.077000
2106.836000 14.511000 0.071000
4340.759300 13.646000 0.047000
4343.748880 13.811000 0.046000
5144.649180 13.681000 0.050000
1872.529560 15.064000 0.073000
1874.532230 14.032000 0.078000
3583.820730 15.060000 0.075000
3585.786610 13.444000 0.079000
3586.786870 14.451000 0.076000
3592.763720 13.777000 0.076000
3656.640910 14.516000 0.073000
3913.902410 13.822000 0.081000
4818.616040 14.145000 0.073000
4837.552860 13.391000 0.040000
1885.517640 29.999000 0.058000
1913.527370 29.999000 0.045000
1918.527670 29.999000 0.049000
2030.933780 29.999000 0.046000
2052.943640 29.999000 0.048000
2064.943730 29.999000 0.058000
2067.902680 29.999000 0.041000
2070.870160 29.999000 0.055000
2080.856990 29.999000 0.044000
2095.820390 29.999000 0.053000
2105.830520 29.999000 0.066000
2115.750410 29.999000 0.038000
2136.746090 29.999000 0.045000
2452.827240 29.999000 0.054000
2470.793960 29.999000 0.056000
2473.802220 29.999000 0.053000
2481.807770 29.999000 0.065000
2482.732640 29.999000 0.049000
2490.734530 29.999000 0.054000
2495.715060 29.999000 0.055000
2496.775940 29.999000 0.056000
2498.769940 29.999000 0.058000
2501.749160 29.999000 0.057000
2560.653110 29.999000 0.045000
2561.642270 29.999000 0.044000
2565.681570 29.999000 0.042000
2568.574510 29.999000 0.063000
2578.581340 29.999000 0.068000
2620.521220 29.999000 0.061000
2622.557870 29.999000 0.042000
2624.614130 29.999000 0.045000
2624.616350 29.999000 0.044000
2628.536730 29.999000 0.047000
2634.526610 29.999000 0.043000
2636.527490 29.999000 0.044000
2636.560360 29.999000 0.042000
2638.560620 29.999000 0.038000
2638.574680 29.999000 0.044000
2642.571060 29.999000 0.043000
2643.528440 29.999000 0.040000
2645.531300 29.999000 0.045000
2645.533510 29.999000 0.039000
2647.536050 29.999000 0.047000
2647.538290 29.999000 0.057000
2655.534170 29.999000 0.051000
2660.529220 29.999000 0.046000
2661.528680 29.999000 0.045000
2765.916430 29.999000 0.041000
2809.853690 29.999000 0.042000
2811.905620 29.999000 0.040000
2818.935490 29.999000 0.047000
2829.907890 29.999000 0.052000
2859.761540 29.999000 0.045000
2859.763770 29.999000 0.044000
2861.746080 29.999000 0.042000
2861.748380 29.999000 0.042000
2897.834750 29.999000 0.037000
2905.648130 29.999000 0.035000
2910.634890 29.999000 0.039000
2918.669640 29.999000 0.041000
2921.713050 29.999000 0.037000
2923.699230 29.999000 0.042000
2923.701430 29.999000 0.036000
2932.674220 29.999000 0.038000
2949.666850 29.999000 0.038000
2951.679050 29.999000 0.036000
2955.702290 29.999000 0.037000
2957.696080 29.999000 0.035000
2957.698430 29.999000 0.035000
2964.566670 29.999000 0.038000
2972.625620 29.999000 0.035000
2974.642640 29.999000 0.036000
2976.622410 29.999000 0.035000
2978.641300 29.999000 0.035000
2978.643720 29.999000 0.038000
2981.575010 29.999000 0.037000
2983.589430 29.999000 0.036000
2983.591920 29.999000 0.038000
2987.608580 29.999000 0.045000
2987.611040 29.999000 0.038000
2990.611530 29.999000 0.035000
2992.608180 29.999000 0.034000
3011.556570 29.999000 0.037000
3016.530690 29.999000 0.038000
3019.532790 29.999000 0.038000
3023.532230 29.999000 0.040000
3538.945420 29.999000 0.054000
3541.888610 29.999000 0.054000
3547.899430 29.999000 0.073000
3551.919690 29.999000 0.058000
3551.922190 29.999000 0.060000
3558.878180 29.999000 0.070000
3570.833520 29.999000 0.047000
3570.835930 29.999000 0.046000
3573.820810 29.999000 0.053000
3573.824060 29.999000 0.058000
3576.803830 29.999000 0.050000
3587.825000 29.999000 0.054000
3601.819110 29.999000 0.059000
3615.774190 29.999000 0.056000
3618.700140 29.999000 0.069000
3621.684740 29.999000 0.064000
3626.716650 29.999000 0.052000
3629.688800 29.999000 0.055000
3631.704820 29.999000 0.054000
3631.717840 29.999000 0.049000
3633.732550 29.999000 0.056000
3636.725720 29.999000 0.043000
3636.737700 29.999000 0.042000
3654.651940 29.999000 0.079000
3656.638530 29.999000 0.054000
3658.653520 29.999000 0.044000
3660.681660 29.999000 0.040000
3660.684050 29.999000 0.041000
3668.627830 29.999000 0.047000
3673.562110 29.999000 0.049000
3700.572710 29.999000 0.046000
3883.940420 29.999000 0.078000
3893.926320 29.999000 0.047000
3898.914290 29.999000 0.064000
3898.916660 29.999000 0.055000
4310.816000 29.999000 0.050000
1868.531190 29.999000 0.048000
1908.529200 29.999000 0.072000
1922.528740 29.999000 0.046000
2068.868930 29.999000 0.063000
2069.864050 29.999000 0.052000
2094.821990 29.999000 0.061000
2113.841720 29.999000 0.050000
2117.785030 29.999000 0.047000
2130.746000 29.999000 0.045000
2133.751880 29.999000 0.038000
2144.722650 29.999000 0.054000
2465.832330 29.999000 0.053000
2466.833120 29.999000 0.058000
2486.778720 29.999000 0.060000
2521.669380 29.999000 0.052000
2529.677850 29.999000 0.067000
2544.841320 29.999000 0.042000
2544.850910 29.999000 0.043000
2554.682700 29.999000 0.062000
2556.702560 29.999000 0.052000
2559.666260 29.999000 0.051000
2563.657300 29.999000 0.064000
2564.658770 29.999000 0.048000
2564.739570 29.999000 0.050000
2566.694110 29.999000 0.052000
2578.639770 29.999000 0.055000
2640.577490 29.999000 0.040000
2655.531950 29.999000 0.044000
2761.930620 29.999000 0.044000
2765.918650 29.999000 0.036000
2776.934130 29.999000 0.048000
2782.937460 29.999000 0.040000
2782.939680 29.999000 0.037000
2787.898620 29.999000 0.039000
2787.900860 29.999000 0.037000
2833.899150 29.999000 0.049000
2833.901360 29.999000 0.044000
2851.845540 29.999000 0.038000
2866.816530 29.999000 0.043000
2886.771770 29.999000 0.040000
2899.797580 29.999000 0.043000
2902.774890 29.999000 0.044000
2916.726440 29.999000 0.039000
2916.728670 29.999000 0.037000
2921.710610 29.999000 0.035000
2944.594260 29.999000 0.040000
2951.681400 29.999000 0.036000
2953.700560 29.999000 0.046000
2955.704650 29.999000 0.034000
2966.584090 29.999000 0.040000
2966.586460 29.999000 0.039000
2970.585900 29.999000 0.052000
2970.588260 29.999000 0.037000
2972.596070 29.999000 0.036000
2976.627680 29.999000 0.037000
2981.572650 29.999000 0.044000
2990.609070 29.999000 0.042000
2995.575110 29.999000 0.044000
2995.577490 29.999000 0.037000
3010.530270 29.999000 0.038000
3012.547690 29.999000 0.038000
3544.883370 29.999000 0.062000
3615.771760 29.999000 0.056000
3618.697760 29.999000 0.071000
3621.687120 29.999000 0.044000
3650.606970 29.999000 0.048000
3658.655910 29.999000 0.047000
3703.561080 29.999000 0.042000
4084.531880 29.999000 0.058000
4300.851210 29.999000 0.051000
4302.908840 29.999000 0.044000
4305.828720 29.999000 0.042000
4309.806010 29.999000 0.047000
4312.821100 29.999000 0.046000
4314.826740 29.999000 0.039000
4329.796540 29.999000 0.050000
4331.786520 29.999000 0.038000
4333.751350 29.999000 0.035000
4336.744600 29.999000 0.041000
4341.750780 29.999000 0.039000
4342.766760 29.999000 0.046000
4344.771480 29.999000 0.045000
4346.787230 29.999000 0.048000
4349.770100 29.999000 0.040000
4351.682740 29.999000 0.041000
4354.684060 29.999000 0.037000
4356.739090 29.999000 0.034000
4363.686000 29.999000 0.036000
4364.675190 29.999000 0.037000
4365.679860 29.999000 0.036000
4369.722640 29.999000 0.039000
4372.705390 29.999000 0.038000
4379.616530 29.999000 0.037000
4381.663440 29.999000 0.038000
4383.686020 29.999000 0.038000
4384.670160 29.999000 0.038000
4385.703790 29.999000 0.033000
4386.671660 29.999000 0.033000
4388.648820 29.999000 0.036000
4393.659880 29.999000 0.038000
4437.569230 29.999000 0.043000
4437.571590 29.999000 0.041000
4658.850280 29.999000 0.045000
4702.856170 29.999000 0.033000
4725.790900 29.999000 0.039000
4730.791420 29.999000 0.035000
4746.708220 29.999000 0.036000
4748.746330 29.999000 0.036000
4750.602020 29.999000 0.039000
4754.712290 29.999000 0.040000
4759.638810 29.999000 0.037000
4760.679300 29.999000 0.035000
4761.727290 29.999000 0.034000
4765.669790 29.999000 0.036000
4769.593500 29.999000 0.035000
4774.638600 29.999000 0.036000
4776.672710 29.999000 0.035000
4778.627050 29.999000 0.037000
4779.619280 29.999000 0.037000
4785.576070 29.999000 0.038000
4792.602380 29.999000 0.035000
4797.574750 29.999000 0.042000
4802.561510 29.999000 0.042000
4803.609860 29.999000 0.038000
4806.564100 29.999000 0.043000
4810.609490 29.999000 0.037000
4813.610240 29.999000 0.036000
4815.583220 29.999000 0.037000
4821.578360 29.999000 0.041000
4822.566810 29.999000 0.038000
4824.580410 29.999000 0.060000
4825.590210 29.999000 0.041000
4827.577840 29.999000 0.038000
4828.548300 29.999000 0.042000
4831.542140 29.999000 0.041000
4833.571480 29.999000 0.044000
4834.545680 29.999000 0.041000
4837.567520 29.999000 0.047000
4845.534780 29.999000 0.039000
4845.537960 29.999000 0.058000
4848.533200 29.999000 0.035000
4848.536410 29.999000 0.056000
5145.644690 29.999000 0.041000
5147.701330 29.999000 0.039000
1961.814490 13.499000 0.058000
2025.652100 14.606000 0.051000
2032.643550 14.328000 0.057000
2081.532200 13.841000 0.062000
2102.483850 13.768000 0.062000
2868.511140 13.716000 0.057000
3528.611150 14.597000 0.067000
4289.615260 13.673000 0.056000
4305.560070 14.130000 0.047000
4517.855680 13.707000 0.045000
4546.785180 13.689000 0.048000
4624.714030 13.921000 0.049000
4645.610820 14.018000 0.061000
4711.483420 14.150000 0.053000
1933.831990 13.634000 0.047000
1936.814150 13.923000 0.046000
1964.770920 13.670000 0.049000
2030.646560 14.886000 0.053000
2033.633660 14.806000 0.049000
2052.585530 13.951000 0.058000
2053.607160 13.828000 0.057000
2054.614950 14.550000 0.071000
2057.586700 14.529000 0.055000
2067.579780 13.865000 0.051000
2068.567630 14.581000 0.066000
2086.530840 14.745000 0.065000
2087.524540 14.134000 0.062000
2088.525590 13.478000 0.061000
2106.519070 14.289000 0.053000
2521.491220 14.284000 0.051000
2651.844250 14.447000 0.049000
2655.852150 14.342000 0.047000
2659.819730 14.420000 0.044000
2694.777760 14.448000 0.052000
2705.774950 14.288000 0.051000
2709.765810 13.625000 0.049000
2730.748300 14.045000 0.048000
2761.635930 13.731000 0.045000
2766.777790 13.858000 0.046000
2783.771920 13.975000 0.049000
2822.692680 14.058000 0.054000
3108.845450 13.751000 0.045000
3142.732180 14.185000 0.041000
3189.648790 13.563000 0.043000
3415.845140 14.372000 0.065000
3471.752450 13.636000 0.053000
3478.712800 13.879000 0.066000
3516.632300 13.922000 0.057000
3827.801320 13.969000 0.054000
3890.602670 13.878000 0.051000
3894.641250 13.619000 0.048000
4643.599170 14.158000 0.043000
4649.679250 13.689000 0.064000
4708.499540 14.557000 0.049000
5086.486980 13.776000 0.067000
2070.560730 13.802000 0.079000
3403.848730 14.441000 0.076000
3418.863070 13.842000 0.078000
3434.792560 14.564000 0.076000
3502.662020 14.033000 0.087000
3820.751190 13.648000 0.076000
1919.855060 29.999000 0.059000
1921.846230 29.999000 0.055000
1926.871310 29.999000 0.048000
1928.840130 29.999000 0.066000
1931.831340 29.999000 0.049000
1950.804580 29.999000 0.048000
1953.795630 29.999000 0.054000
1955.825180 29.999000 0.051000
1965.819370 29.999000 0.046000
1968.760210 29.999000 0.050000
1980.732510 29.999000 0.061000
1981.748760 29.999000 0.056000
1996.731120 29.999000 0.061000
1997.732960 29.999000 0.050000
1998.726020 29.999000 0.054000
2000.722060 29.999000 0.051000
2027.654430 29.999000 0.055000
2056.600510 29.999000 0.057000
2079.525630 29.999000 0.073000
2125.510130 29.999000 0.075000
2129.515220 29.999000 0.064000
2132.489260 29.999000 0.062000
2135.492310 29.999000 0.060000
2145.477200 29.999000 0.077000
2452.509850 29.999000 0.051000
2466.489030 29.999000 0.052000
2677.807250 29.999000 0.053000
2689.807510 29.999000 0.044000
2691.801600 29.999000 0.049000
2697.815260 29.999000 0.052000
2699.795800 29.999000 0.051000
2707.768860 29.999000 0.050000
2720.704100 29.999000 0.047000
2728.756370 29.999000 0.054000
2743.683610 29.999000 0.047000
2809.696080 29.999000 0.044000
2811.647690 29.999000 0.048000
2893.485460 29.999000 0.055000
3178.652970 29.999000 0.047000
3412.859770 29.999000 0.062000
3431.842480 29.999000 0.067000
3456.786410 29.999000 0.066000
3508.699290 29.999000 0.044000
3530.610990 29.999000 0.063000
3550.569730 29.999000 0.055000
3787.883860 29.999000 0.056000
3790.825440 29.999000 0.073000
3796.804610 29.999000 0.073000
3815.755030 29.999000 0.073000
3847.762390 29.999000 0.053000
3856.648440 29.999000 0.070000
3892.603520 29.999000 0.060000
3904.557180 29.999000 0.067000
4185.829380 29.999000 0.056000
4196.790380 29.999000 0.057000
4202.765360 29.999000 0.048000
4204.776940 29.999000 0.052000
4228.703270 29.999000 0.043000
4230.701790 29.999000 0.046000
4232.700740 29.999000 0.056000
4234.693740 29.999000 0.047000
4253.631070 29.999000 0.058000
4255.664870 29.999000 0.048000
4269.589490 29.999000 0.045000
4274.594000 29.999000 0.049000
4277.587130 29.999000 0.045000
4283.616930 29.999000 0.062000
4301.549630 29.999000 0.053000
4567.806930 29.999000 0.046000
4603.685910 29.999000 0.041000
4607.693030 29.999000 0.049000
4622.627700 29.999000 0.049000
4632.623500 29.999000 0.045000
4704.499470 29.999000 0.048000
4725.481120 29.999000 0.057000
1914.849040 29.999000 0.054000
1938.863550 29.999000 0.043000
1946.811460 29.999000 0.063000
1948.836770 29.999000 0.059000
1958.837920 29.999000 0.051000
1962.868690 29.999000 0.054000
1966.845130 29.999000 0.046000
1976.822710 29.999000 0.054000
1977.778800 29.999000 0.054000
1979.726590 29.999000 0.060000
1982.746900 29.999000 0.052000
1984.755160 29.999000 0.055000
1985.757430 29.999000 0.054000
1993.776680 29.999000 0.053000
1995.694810 29.999000 0.054000
2009.699190 29.999000 0.070000
2014.683840 29.999000 0.063000
2026.664770 29.999000 0.055000
2031.655760 29.999000 0.056000
2055.594420 29.999000 0.073000
2058.585470 29.999000 0.056000
2083.525890 29.999000 0.056000
2085.533320 29.999000 0.046000
2104.530390 29.999000 0.057000
2142.478400 29.999000 0.073000
2442.549470 29.999000 0.061000
2443.551490 29.999000 0.053000
2456.492410 29.999000 0.045000
2464.495000 29.999000 0.051000
2468.487320 29.999000 0.052000
2470.476530 29.999000 0.056000
2481.460660 29.999000 0.062000
2499.466570 29.999000 0.050000
2501.510640 29.999000 0.047000
2502.558720 29.999000 0.049000
2508.548200 29.999000 0.055000
2512.489460 29.999000 0.056000
2520.477660 29.999000 0.040000
2526.474770 29.999000 0.063000
2637.864240 29.999000 0.051000
2642.866210 29.999000 0.045000
2662.838340 29.999000 0.046000
2664.847490 29.999000 0.049000
2667.843770 29.999000 0.053000
2671.822470 29.999000 0.048000
2674.834500 29.999000 0.045000
2679.846290 29.999000 0.049000
2703.777040 29.999000 0.047000
2711.755680 29.999000 0.051000
2713.755310 29.999000 0.047000
2715.745800 29.999000 0.048000
2717.838430 29.999000 0.045000
2722.740220 29.999000 0.049000
2724.757390 29.999000 0.046000
2733.744400 29.999000 0.047000
2735.747610 29.999000 0.050000
2737.709330 29.999000 0.047000
2739.736110 29.999000 0.046000
2741.705880 29.999000 0.052000
2744.819000 29.999000 0.045000
2750.876840 29.999000 0.050000
2752.708610 29.999000 0.052000
2755.654970 29.999000 0.043000
2757.644790 29.999000 0.042000
2764.689690 29.999000 0.050000
2770.649030 29.999000 0.050000
2782.643470 29.999000 0.053000
2785.692820 29.999000 0.052000
2787.646060 29.999000 0.048000
2790.671570 29.999000 0.049000
2832.530510 29.999000 0.052000
2835.645800 29.999000 0.040000
2854.509210 29.999000 0.042000
2858.521860 29.999000 0.041000
2859.590970 29.999000 0.041000
2862.481120 29.999000 0.048000
2866.482480 29.999000 0.051000
2872.511610 29.999000 0.043000
2876.494980 29.999000 0.048000
2884.503680 29.999000 0.045000
3092.779860 29.999000 0.041000
3406.864420 29.999000 0.073000
3409.871880 29.999000 0.070000
3421.832770 29.999000 0.077000
3424.822210 29.999000 0.080000
3426.844250 29.999000 0.064000
3438.798410 29.999000 0.067000
3442.792810 29.999000 0.065000
3454.786680 29.999000 0.058000
3461.723120 29.999000 0.058000
3463.800760 29.999000 0.052000
3466.705420 29.999000 0.066000
3469.744770 29.999000 0.069000
3476.683880 29.999000 0.071000
3480.719150 29.999000 0.086000
3484.757570 29.999000 0.062000
3512.629800 29.999000 0.056000
3526.602720 29.999000 0.064000
3539.590670 29.999000 0.058000
3563.491180 29.999000 0.062000
3586.513540 29.999000 0.048000
3773.857060 29.999000 0.073000
3793.811100 29.999000 0.077000
3799.793240 29.999000 0.073000
3802.793140 29.999000 0.087000
3804.824430 29.999000 0.067000
3807.860220 29.999000 0.057000
3810.763470 29.999000 0.082000
3812.824920 29.999000 0.085000
3817.788470 29.999000 0.078000
3825.723540 29.999000 0.070000
3830.714020 29.999000 0.070000
3832.747660 29.999000 0.065000
3834.731050 29.999000 0.077000
3836.734950 29.999000 0.068000
3849.718960 29.999000 0.088000
3851.719400 29.999000 0.089000
3858.720950 29.999000 0.068000
3862.661400 29.999000 0.063000
3864.664320 29.999000 0.081000
3866.657980 29.999000 0.070000
3868.700430 29.999000 0.049000
3870.707210 29.999000 0.050000
3872.704610 29.999000 0.050000
3902.515650 29.999000 0.074000
3908.571300 29.999000 0.057000
4166.819020 29.999000 0.054000
4172.828340 29.999000 0.065000
4178.806980 29.999000 0.061000
4193.734030 29.999000 0.063000
4215.716310 29.999000 0.044000
4246.615650 29.999000 0.049000
4267.565450 29.999000 0.046000
4514.879090 29.999000 0.047000
4541.806950 29.999000 0.052000
4548.786540 29.999000 0.045000
4553.773950 29.999000 0.050000
4560.762510 29.999000 0.047000
4565.753840 29.999000 0.048000
4570.683990 29.999000 0.042000
4572.705140 29.999000 0.045000
4574.695710 29.999000 0.047000
4576.719790 29.999000 0.046000
4583.666160 29.999000 0.045000
4586.686370 29.999000 0.040000
4593.637340 29.999000 0.046000
4595.654430 29.999000 0.043000
4597.654920 29.999000 0.044000
4601.662610 29.999000 0.048000
4610.578340 29.999000 0.053000
4616.629770 29.999000 0.044000
4626.570980 29.999000 0.044000
4628.581910 29.999000 0.046000
4641.595860 29.999000 0.040000
4647.633470 29.999000 0.049000
4656.534740 29.999000 0.048000
4661.524680 29.999000 0.046000
4663.592980 29.999000 0.049000
4666.547440 29.999000 0.043000
4672.506960 29.999000 0.048000
4674.570490 29.999000 0.045000
4683.491130 29.999000 0.048000
4685.500640 29.999000 0.048000
4687.511160 29.999000 0.049000
4697.519840 29.999000 0.042000
4895.857150 29.999000 0.059000
4903.853340 29.999000 0.058000
4914.803470 29.999000 0.058000
4917.759820 29.999000 0.058000
4919.798790 29.999000 0.054000
4924.846760 29.999000 0.056000
4940.740700 29.999000 0.055000
4945.760820 29.999000 0.059000
4950.785220 29.999000 0.057000
4954.697940 29.999000 0.057000
4962.645580 29.999000 0.063000
4967.689250 29.999000 0.055000
4984.612120 29.999000 0.055000
5006.602310 29.999000 0.063000
5021.602120 29.999000 0.053000
5023.601760 29.999000 0.054000
5042.549080 29.999000 0.054000
5049.591170 29.999000 0.059000
5057.488850 29.999000 0.055000
5068.498140 29.999000 0.060000
5071.530320 29.999000 0.061000
1868.861130 14.119000 0.077000
1870.814990 14.549000 0.063000
3463.595700 13.468000 0.041000
3745.739250 13.625000 0.067000
3801.599010 13.815000 0.065000
3815.604380 13.604000 0.078000
4140.734970 13.731000 0.040000
4157.616540 13.908000 0.083000
4213.515420 14.357000 0.040000
4228.526130 13.612000 0.038000
4527.655180 14.546000 0.069000
4535.604300 14.709000 0.045000
4559.554090 13.708000 0.043000
4642.488280 14.284000 0.041000
4648.477130 13.809000 0.057000
4655.463830 13.453000 0.044000
4808.808500 14.516000 0.037000
4820.773300 13.930000 0.040000
4826.784580 14.395000 0.038000
4838.752500 13.901000 0.056000
4852.720400 13.991000 0.044000
4855.737850 14.111000 0.036000
5159.838450 14.004000 0.057000
1899.793700 29.999000 0.040000
1952.665260 29.999000 0.065000
1955.660670 29.999000 0.045000
3355.826260 29.999000 0.046000
3358.812980 29.999000 0.066000
3383.778510 29.999000 0.058000
3388.775030 29.999000 0.061000
3394.753350 29.999000 0.053000
3397.689650 29.999000 0.060000
3399.735900 29.999000 0.062000
3409.661850 29.999000 0.058000
3411.716900 29.999000 0.054000
3418.644070 29.999000 0.062000
3422.691960 29.999000 0.079000
3424.697610 29.999000 0.063000
3426.706690 29.999000 0.050000
3459.523660 29.999000 0.081000
3461.577050 29.999000 0.056000
3477.533790 29.999000 0.059000
3504.507920 29.999000 0.057000
3509.460240 29.999000 0.050000
3512.493110 29.999000 0.040000
3700.828950 29.999000 0.055000
3708.811870 29.999000 0.058000
3712.857600 29.999000 0.063000
3716.786920 29.999000 0.066000
3719.814270 29.999000 0.073000
3722.800940 29.999000 0.071000
3726.764280 29.999000 0.061000
3730.792500 29.999000 0.075000
3733.796630 29.999000 0.083000
3736.779540 29.999000 0.070000
3739.761480 29.999000 0.070000
3742.753410 29.999000 0.062000
3748.730950 29.999000 0.072000
3751.722060 29.999000 0.071000
3754.720710 29.999000 0.070000
3756.756620 29.999000 0.074000
3761.709940 29.999000 0.081000
3764.690740 29.999000 0.083000
3767.681090 29.999000 0.082000
3770.670250 29.999000 0.064000
3772.718910 29.999000 0.067000
3775.655550 29.999000 0.064000
3783.653080 29.999000 0.069000
3787.678800 29.999000 0.070000
3792.645360 29.999000 0.072000
3813.565470 29.999000 0.073000
3817.628850 29.999000 0.054000
3826.524630 29.999000 0.061000
3828.576540 29.999000 0.077000
3847.524640 29.999000 0.064000
4105.761380 29.999000 0.070000
4107.813090 29.999000 0.047000
4111.813630 29.999000 0.042000
4125.700620 29.999000 0.068000
4127.748100 29.999000 0.061000
4129.738170 29.999000 0.040000
4134.688300 29.999000 0.079000
4136.718270 29.999000 0.084000
4145.655160 29.999000 0.078000
4147.688660 29.999000 0.042000
4159.656660 29.999000 0.050000
4161.655430 29.999000 0.040000
4163.666980 29.999000 0.036000
4168.695180 29.999000 0.054000
4183.546420 29.999000 0.068000
4185.584910 29.999000 0.045000
4198.570840 29.999000 0.048000
4201.564390 29.999000 0.049000
4216.578740 29.999000 0.041000
4253.457180 29.999000 0.043000
4457.792230 29.999000 0.047000
4460.781860 29.999000 0.042000
4463.783880 29.999000 0.038000
4466.769770 29.999000 0.042000
4469.760080 29.999000 0.042000
4476.755110 29.999000 0.054000
4479.733600 29.999000 0.043000
4482.757020 29.999000 0.051000
4490.702330 29.999000 0.038000
4492.756940 29.999000 0.046000
4494.754740 29.999000 0.037000
4498.722410 29.999000 0.042000
4503.673360 29.999000 0.039000
4508.655450 29.999000 0.042000
4510.715590 29.999000 0.040000
4512.730000 29.999000 0.051000
4516.649190 29.999000 0.042000
4525.611660 29.999000 0.040000
4537.652450 29.999000 0.043000
4539.649790 29.999000 0.045000
4543.659390 29.999000 0.042000
4561.615760 29.999000 0.043000
4576.527790 29.999000 0.040000
4580.530130 29.999000 0.045000
4645.475990 29.999000 0.040000
4652.464720 29.999000 0.037000
4779.850500 29.999000 0.042000
4787.839440 29.999000 0.040000
4813.823050 29.999000 0.041000
4816.811710 29.999000 0.039000
4823.789690 29.999000 0.041000
4829.770280 29.999000 0.039000
4835.761530 29.999000 0.041000
4844.830710 29.999000 0.040000
4847.720130 29.999000 0.037000
4858.697700 29.999000 0.038000
4861.750590 29.999000 0.045000
4867.746620 29.999000 0.039000
4870.671860 29.999000 0.047000
4872.724410 29.999000 0.043000
4875.721620 29.999000 0.048000
4877.747960 29.999000 0.041000
4883.641740 29.999000 0.038000
5163.857710 29.999000 0.055000
1879.669870 14.427000 0.055000
1881.658250 14.322000 0.051000
1885.654480 14.158000 0.047000
1886.651010 14.371000 0.053000
1899.626700 14.301000 0.050000
1900.631330 13.953000 0.053000
1907.615390 13.784000 0.044000
1928.560620 13.764000 0.045000
2520.860270 14.077000 0.058000
2558.764840 14.205000 0.065000
2861.920260 13.999000 0.046000
3412.574660 14.128000 0.053000
3744.636790 13.888000 0.050000
4125.591960 13.945000 0.046000
4129.609620 13.832000 0.046000
4361.860000 14.111000 0.041000
4376.824410 13.632000 0.044000
4382.820520 14.308000 0.044000
4467.637380 14.057000 0.051000
4481.582950 13.723000 0.053000
4777.709660 14.062000 0.045000
4798.664830 14.266000 0.050000
4805.738080 14.470000 0.044000
4858.596060 14.053000 0.045000
5157.686110 14.635000 0.053000
1869.678960 14.641000 0.073000
1873.688110 14.522000 0.081000
1875.677660 13.780000 0.072000
2563.742050 13.618000 0.071000
3618.896130 13.817000 0.072000
3665.761200 14.090000 0.068000
3680.742850 14.387000 0.068000
3713.686240 14.088000 0.075000
1874.675340 29.999000 0.081000
1876.676450 29.999000 0.077000
1884.644050 29.999000 0.069000
1887.649040 29.999000 0.054000
1902.609190 29.999000 0.058000
1903.627640 29.999000 0.053000
1904.605500 29.999000 0.066000
1905.619750 29.999000 0.056000
1906.614920 29.999000 0.050000
1908.607760 29.999000 0.046000
1918.582960 29.999000 0.048000
1920.578550 29.999000 0.058000
1924.568340 29.999000 0.062000
1926.560930 29.999000 0.058000
1930.557610 29.999000 0.049000
1977.498330 29.999000 0.052000
1981.497680 29.999000 0.045000
1996.495130 29.999000 0.058000
2027.462620 29.999000 0.054000
2096.944150 29.999000 0.083000
2103.943940 29.999000 0.070000
2131.872220 29.999000 0.062000
2465.942530 29.999000 0.043000
2468.937010 29.999000 0.049000
2497.887810 29.999000 0.055000
2502.868900 29.999000 0.056000
2540.823930 29.999000 0.048000
2544.871330 29.999000 0.050000
2553.781900 29.999000 0.057000
2556.796880 29.999000 0.049000
2560.752370 29.999000 0.051000
2561.827260 29.999000 0.044000
2564.824890 29.999000 0.056000
2577.712830 29.999000 0.056000
2621.656940 29.999000 0.045000
2623.606480 29.999000 0.042000
2627.741460 29.999000 0.044000
2634.676860 29.999000 0.046000
2636.707810 29.999000 0.044000
2638.696920 29.999000 0.047000
2640.695000 29.999000 0.050000
2644.688800 29.999000 0.048000
2649.657820 29.999000 0.046000
2653.637580 29.999000 0.052000
2859.887860 29.999000 0.041000
2886.873530 29.999000 0.042000
2926.813380 29.999000 0.045000
2949.746290 29.999000 0.044000
2958.700640 29.999000 0.044000
2965.680150 29.999000 0.041000
2970.659650 29.999000 0.045000
3355.615130 29.999000 0.068000
3414.581890 29.999000 0.051000
3601.905300 29.999000 0.060000
3622.867600 29.999000 0.054000
3626.852130 29.999000 0.059000
3630.832600 29.999000 0.060000
3634.821560 29.999000 0.056000
3638.841630 29.999000 0.063000
3641.831830 29.999000 0.053000
3644.832620 29.999000 0.070000
3651.795710 29.999000 0.066000
3654.786760 29.999000 0.077000
3657.762850 29.999000 0.064000
3659.839150 29.999000 0.056000
3662.770840 29.999000 0.068000
3668.840440 29.999000 0.050000
3671.742810 29.999000 0.056000
3701.678770 29.999000 0.073000
3704.684150 29.999000 0.073000
3707.677170 29.999000 0.059000
3711.713120 29.999000 0.049000
3718.631260 29.999000 0.062000
3728.595700 29.999000 0.051000
3731.633240 29.999000 0.082000
3734.654180 29.999000 0.060000
3737.636680 29.999000 0.053000
3757.594260 29.999000 0.058000
4104.598830 29.999000 0.077000
4106.651400 29.999000 0.041000
4127.600170 29.999000 0.042000
4140.568260 29.999000 0.049000
4353.891860 29.999000 0.049000
4357.884710 29.999000 0.046000
4367.855870 29.999000 0.045000
4373.825990 29.999000 0.046000
4385.793860 29.999000 0.041000
4388.777370 29.999000 0.043000
4399.800840 29.999000 0.047000
4406.783070 29.999000 0.047000
4409.733520 29.999000 0.046000
4412.766050 29.999000 0.045000
4420.743360 29.999000 0.048000
4423.680820 29.999000 0.043000
4426.761070 29.999000 0.048000
4429.672840 29.999000 0.044000
4431.714980 29.999000 0.042000
4436.666630 29.999000 0.045000
4444.680830 29.999000 0.050000
4452.674840 29.999000 0.045000
4457.660320 29.999000 0.048000
4487.574680 29.999000 0.049000
4738.889960 29.999000 0.043000
4744.847360 29.999000 0.043000
4747.801420 29.999000 0.052000
4768.741930 29.999000 0.042000
4779.750630 29.999000 0.051000
4783.713630 29.999000 0.052000
4786.757810 29.999000 0.045000
4792.672520 29.999000 0.043000
4803.642180 29.999000 0.042000
4807.738030 29.999000 0.042000
4810.631840 29.999000 0.045000
4813.667180 29.999000 0.046000
4821.740300 29.999000 0.042000
4824.637980 29.999000 0.044000
4829.626690 29.999000 0.042000
4834.594260 29.999000 0.045000
4836.668110 29.999000 0.044000
4846.703230 29.999000 0.043000
4849.615930 29.999000 0.045000
4867.570160 29.999000 0.046000
5122.837420 29.999000 0.049000
5131.804960 29.999000 0.056000
5163.660190 29.999000 0.051000
2026.862290 13.749000 0.057000
2027.828110 14.597000 0.046000
2030.830570 14.577000 0.048000
2032.813030 14.105000 0.044000
2033.826350 13.955000 0.043000
2052.760740 14.769000 0.055000
2053.773530 14.022000 0.050000
2054.768310 13.897000 0.054000
2056.762590 14.262000 0.047000
2057.753940 13.926000 0.045000
2061.748200 14.071000 0.048000
2067.674380 14.089000 0.063000
2070.723960 14.151000 0.051000
2081.700100 14.317000 0.045000
2082.704480 13.745000 0.045000
2085.691120 13.811000 0.038000
2087.683070 14.751000 0.054000
2094.623790 14.596000 0.062000
2103.654480 13.588000 0.043000
2104.653870 14.615000 0.045000
2105.643560 14.547000 0.056000
2109.639460 14.235000 0.040000
2116.612260 14.189000 0.043000
2117.614880 13.572000 0.045000
2124.587810 13.634000 0.064000
2128.607460 14.328000 0.051000
2130.597290 14.231000 0.059000
2131.583170 13.732000 0.051000
2132.593550 14.509000 0.064000
2133.592190 14.488000 0.039000
2134.588420 14.063000 0.051000
2141.573630 14.026000 0.052000
2143.568430 14.656000 0.052000
2144.559440 14.260000 0.060000
2145.554980 13.778000 0.054000
2512.526400 14.173000 0.053000
2548.609460 14.082000 0.039000
2560.555040 14.566000 0.057000
2561.554460 14.053000 0.042000
2562.577590 13.990000 0.047000
2565.553850 13.740000 0.040000
2724.883200 13.526000 0.042000
2733.866630 14.453000 0.036000
3477.880980 14.327000 0.053000
3509.836250 14.466000 0.055000
3538.760160 14.236000 0.053000
3563.733000 14.037000 0.052000
3583.646380 14.550000 0.050000
3585.708530 14.609000 0.041000
3590.606700 14.523000 0.057000
3607.555350 14.534000 0.060000
3619.561200 13.987000 0.057000
3637.568190 13.723000 0.042000
3863.814420 13.977000 0.072000
3891.744360 13.655000 0.051000
3901.715230 14.226000 0.066000
3905.763650 13.940000 0.070000
4235.850650 14.629000 0.038000
4258.805600 13.799000 0.048000
4292.689280 14.249000 0.036000
4296.699630 14.216000 0.041000
4384.536030 14.201000 0.036000
4388.546190 13.917000 0.032000
4611.835760 13.694000 0.039000
4615.892630 13.488000 0.039000
4623.821480 14.349000 0.041000
4701.652160 15.108000 0.073000
4730.638970 14.731000 0.037000
4733.641600 14.330000 0.037000
4762.529660 13.735000 0.037000
5111.545910 13.737000 0.043000
2039.791750 14.125000 0.055000
2086.701670 14.766000 0.059000
2129.599510 14.475000 0.050000
2545.573740 14.401000 0.043000
3860.835110 14.451000 0.065000
2579.533710 13.879000 0.064000
3559.682200 13.750000 0.080000
3592.607630 14.563000 0.077000
4967.860830 13.691000 0.048000
4988.781470 13.646000 0.046000
1965.901450 29.999000 0.042000
1967.903000 29.999000 0.043000
1980.883630 29.999000 0.050000
1982.871280 29.999000 0.051000
1984.868160 29.999000 0.054000
1985.866090 29.999000 0.049000
1994.859710 29.999000 0.059000
1998.851330 29.999000 0.054000
2009.850660 29.999000 0.061000
2025.900190 29.999000 0.044000
2031.828510 29.999000 0.049000
2037.785860 29.999000 0.057000
2055.756940 29.999000 0.059000
2068.678350 29.999000 0.065000
2083.695410 29.999000 0.056000
2088.681950 29.999000 0.041000
2093.610070 29.999000 0.054000
2115.589270 29.999000 0.040000
2442.706320 29.999000 0.047000
2446.706050 29.999000 0.053000
2453.672990 29.999000 0.059000
2465.662600 29.999000 0.053000
2467.652440 29.999000 0.056000
2468.651580 29.999000 0.049000
2473.620480 29.999000 0.056000
2474.656060 29.999000 0.064000
2481.604480 29.999000 0.061000
2486.607310 29.999000 0.051000
2490.620080 29.999000 0.052000
2494.601970 29.999000 0.050000
2495.594660 29.999000 0.055000
2499.580470 29.999000 0.060000
2519.592230 29.999000 0.054000
2520.597670 29.999000 0.038000
2543.620440 29.999000 0.053000
2552.591630 29.999000 0.053000
2556.531060 29.999000 0.060000
2559.540530 29.999000 0.055000
2566.566010 29.999000 0.049000
2578.504310 29.999000 0.048000
2709.897100 29.999000 0.040000
2712.881750 29.999000 0.048000
2722.876710 29.999000 0.042000
2726.879800 29.999000 0.045000
2743.883750 29.999000 0.040000
2747.883180 29.999000 0.037000
2754.870370 29.999000 0.036000
2810.687940 29.999000 0.044000
2851.659560 29.999000 0.041000
2853.783420 29.999000 0.044000
2858.710600 29.999000 0.040000
2861.741000 29.999000 0.038000
2872.597590 29.999000 0.045000
2885.621210 29.999000 0.048000
2892.606980 29.999000 0.044000
2896.592750 29.999000 0.048000
2906.563330 29.999000 0.038000
2909.565160 29.999000 0.049000
3142.795080 29.999000 0.034000
3487.864070 29.999000 0.048000
3520.779280 29.999000 0.075000
3522.785480 29.999000 0.075000
3561.715660 29.999000 0.074000
3578.606150 29.999000 0.057000
3851.865580 29.999000 0.075000
3865.829240 29.999000 0.074000
3867.818240 29.999000 0.075000
3875.794780 29.999000 0.078000
3882.773490 29.999000 0.066000
3898.821800 29.999000 0.046000
4284.715280 29.999000 0.047000
4290.713660 29.999000 0.036000
4308.660620 29.999000 0.042000
4331.610550 29.999000 0.043000
4333.566550 29.999000 0.038000
4351.511610 29.999000 0.048000
4356.517560 29.999000 0.037000
4358.523760 29.999000 0.039000
4705.687720 29.999000 0.041000
4710.647170 29.999000 0.052000
4725.639780 29.999000 0.038000
4750.572640 29.999000 0.052000
4753.562110 29.999000 0.037000
4756.538870 29.999000 0.039000
4759.530730 29.999000 0.042000
4765.525310 29.999000 0.036000
4768.520890 29.999000 0.035000
4771.507790 29.999000 0.041000
4774.517400 29.999000 0.040000
4778.520390 29.999000 0.038000
2000.853410 29.999000 0.051000
2016.875370 29.999000 0.062000
2069.696650 29.999000 0.048000
2080.654930 29.999000 0.045000
2125.596500 29.999000 0.050000
2136.588670 29.999000 0.045000
2142.567900 29.999000 0.056000
2443.705930 29.999000 0.050000
2454.684940 29.999000 0.050000
2464.656740 29.999000 0.057000
2466.650840 29.999000 0.060000
2470.610390 29.999000 0.056000
2482.634400 29.999000 0.059000
2487.642340 29.999000 0.057000
2491.596670 29.999000 0.056000
2493.594310 29.999000 0.055000
2497.592000 29.999000 0.056000
2498.589090 29.999000 0.057000
2501.575230 29.999000 0.062000
2502.584300 29.999000 0.050000
2503.584490 29.999000 0.063000
2508.696720 29.999000 0.038000
2521.607350 29.999000 0.044000
2524.583510 29.999000 0.045000
2529.558200 29.999000 0.063000
2535.505740 29.999000 0.067000
2540.530600 29.999000 0.061000
2544.531540 29.999000 0.050000
2553.613710 29.999000 0.079000
2558.524750 29.999000 0.044000
2563.593940 29.999000 0.043000
2696.901380 29.999000 0.041000
2702.901750 29.999000 0.046000
2706.895300 29.999000 0.040000
2729.856500 29.999000 0.040000
2736.836980 29.999000 0.043000
2741.840250 29.999000 0.041000
2751.796560 29.999000 0.042000
2756.843380 29.999000 0.037000
2764.817670 29.999000 0.039000
2782.881670 29.999000 0.040000
2784.778740 29.999000 0.040000
2786.757360 29.999000 0.040000
2790.776860 29.999000 0.043000
2804.708080 29.999000 0.043000
2808.768810 29.999000 0.042000
2812.676240 29.999000 0.045000
2814.844570 29.999000 0.053000
2840.716280 29.999000 0.045000
2855.676370 29.999000 0.049000
2865.755940 29.999000 0.052000
2884.601130 29.999000 0.047000
2900.575380 29.999000 0.048000
2916.541350 29.999000 0.049000
2933.532840 29.999000 0.045000
3449.824940 29.999000 0.078000
3450.857820 29.999000 0.070000
3453.855080 29.999000 0.064000
3474.906400 29.999000 0.062000
3516.785500 29.999000 0.055000
3543.702780 29.999000 0.052000
3553.706410 29.999000 0.054000
3569.685470 29.999000 0.047000
3571.705600 29.999000 0.045000
3596.597470 29.999000 0.050000
3869.813680 29.999000 0.066000
3871.813300 29.999000 0.065000
3886.808640 29.999000 0.046000
3893.792590 29.999000 0.044000
3896.781940 29.999000 0.062000
3903.754440 29.999000 0.057000
3907.775210 29.999000 0.045000
4207.916870 29.999000 0.048000
4278.704450 29.999000 0.044000
4282.702780 29.999000 0.050000
4302.709130 29.999000 0.047000
4304.650520 29.999000 0.039000
4306.648240 29.999000 0.045000
4310.701030 29.999000 0.037000
4315.725880 29.999000 0.040000
4319.599420 29.999000 0.036000
4338.641490 29.999000 0.045000
4362.566390 29.999000 0.044000
4364.561490 29.999000 0.037000
4372.509980 29.999000 0.042000
4375.542630 29.999000 0.040000
4377.549130 29.999000 0.042000
4379.552240 29.999000 0.035000
4591.835370 29.999000 0.045000
4606.827150 29.999000 0.047000
4651.751690 29.999000 0.036000
4684.673470 29.999000 0.040000
4703.654950 29.999000 0.038000
4708.628610 29.999000 0.042000
4722.627470 29.999000 0.038000
4747.560550 29.999000 0.048000
4984.834040 29.999000 0.046000
4993.807090 29.999000 0.043000
5014.777380 29.999000 0.043000
5021.769140 29.999000 0.045000
5023.791620 29.999000 0.044000
5031.691740 29.999000 0.054000
5038.728440 29.999000 0.046000
5049.691250 29.999000 0.044000
5070.709370 29.999000 0.049000
5075.668120 29.999000 0.048000
5082.687510 29.999000 0.044000
5089.669840 29.999000 0.041000
5099.565780 29.999000 0.042000
5122.508450 29.999000 0.051000
