1938.884060 12.654000 0.043000
2158.472530 12.760000 0.065000
2445.604060 13.089000 0.041000
2508.510960 12.647000 0.038000
2520.488180 12.695000 0.038000
2521.509840 13.180000 0.039000
2524.512570 12.964000 0.053000
2702.869910 12.914000 0.034000
2724.817280 12.804000 0.031000
2730.805360 13.090000 0.027000
2733.807330 12.881000 0.033000
2737.785940 13.048000 0.033000
2739.786560 13.259000 0.044000
2743.768690 12.782000 0.036000
2749.817640 13.306000 0.031000
2754.756480 13.207000 0.033000
2757.757560 12.882000 0.036000
2759.781730 13.226000 0.032000
2761.746240 13.227000 0.033000
2768.791600 13.209000 0.041000
2770.747750 13.194000 0.034000
2784.686300 13.204000 0.035000
2785.819870 13.270000 0.047000
2787.758420 13.249000 0.042000
2791.627610 13.103000 0.041000
2794.694580 13.141000 0.047000
2804.666280 13.080000 0.036000
2808.668240 13.126000 0.035000
2810.611480 12.803000 0.036000
2811.785680 13.235000 0.035000
2813.687780 13.360000 0.047000
2831.589600 12.816000 0.037000
2832.693940 12.910000 0.037000
2834.586690 12.734000 0.033000
2835.681830 13.259000 0.039000
2851.601470 12.855000 0.033000
2854.514570 13.202000 0.032000
2859.511510 13.081000 0.034000
2863.527740 13.148000 0.041000
2867.515240 12.945000 0.036000
2874.609670 12.986000 0.033000
2876.602410 13.170000 0.036000
2879.487940 12.843000 0.036000
2882.567130 12.778000 0.036000
2886.503640 13.033000 0.035000
2892.507650 13.228000 0.061000
2894.536650 12.591000 0.038000
2905.499640 13.018000 0.031000
2908.513980 12.829000 0.037000
3054.873440 12.935000 0.038000
3067.888650 13.377000 0.047000
3070.874420 13.074000 0.038000
3078.834190 12.910000 0.048000
3085.887690 13.044000 0.048000
3096.865980 13.268000 0.043000
3098.840680 12.922000 0.045000
3104.841150 13.160000 0.044000
3106.834230 13.133000 0.035000
3108.869480 13.238000 0.033000
3111.780910 12.892000 0.044000
3113.838580 13.172000 0.037000
3116.768600 12.996000 0.034000
3124.740110 12.828000 0.034000
3126.777690 12.758000 0.034000
3142.766370 13.117000 0.033000
3153.697250 13.016000 0.031000
3156.662720 13.184000 0.039000
3164.757380 13.115000 0.035000
3169.764200 13.036000 0.041000
3176.608350 12.825000 0.032000
3178.750820 13.143000 0.036000
3184.615820 13.243000 0.038000
3187.621760 13.098000 0.033000
3190.637480 13.331000 0.034000
3277.494090 12.875000 0.046000
3406.881130 12.879000 0.038000
3410.879120 13.105000 0.051000
3414.870160 13.215000 0.038000
3422.863370 13.139000 0.047000
3426.852860 13.180000 0.050000
3433.851930 12.862000 0.049000
3443.856550 13.223000 0.043000
3446.856390 13.347000 0.047000
3457.802390 12.854000 0.044000
3470.809590 13.149000 0.036000
3473.791080 13.043000 0.041000
3476.786060 12.860000 0.041000
3478.794800 12.857000 0.041000
3480.822120 13.055000 0.058000
3497.790770 13.126000 0.043000
3501.697470 12.986000 0.048000
3503.752120 13.319000 0.053000
3509.749000 12.907000 0.045000
3511.812680 13.068000 0.046000
3515.782980 13.029000 0.039000
3523.717700 13.100000 0.052000
3530.627940 13.027000 0.038000
3539.658330 13.131000 0.045000
3542.652660 13.124000 0.064000
3550.618530 12.752000 0.053000
3552.680410 12.998000 0.053000
3564.702670 12.989000 0.047000
3569.621210 12.858000 0.047000
3574.668070 12.853000 0.046000
3576.677370 13.054000 0.065000
3578.667350 13.016000 0.067000
3583.607140 13.138000 0.069000
3588.523640 12.913000 0.048000
3590.636790 13.198000 0.066000
3592.581800 13.179000 0.056000
3601.504540 13.124000 0.068000
3603.528330 12.676000 0.049000
3606.539670 13.457000 0.055000
3616.561910 13.266000 0.041000
3626.534990 12.868000 0.038000
3639.511600 12.798000 0.052000
3647.494520 13.190000 0.041000
3797.857970 12.809000 0.049000
3815.894760 13.147000 0.042000
3835.840380 12.953000 0.040000
3837.842750 13.002000 0.042000
3863.762400 13.306000 0.043000
3865.747760 13.379000 0.063000
3902.609450 12.719000 0.042000
3908.665640 13.125000 0.069000
4246.704570 13.130000 0.041000
4256.645010 12.978000 0.046000
4258.683340 12.994000 0.044000
1962.833990 12.966000 0.058000
2512.569730 13.177000 0.052000
2543.485120 13.111000 0.053000
2782.722180 13.192000 0.054000
2843.590530 12.989000 0.050000
2901.505580 12.882000 0.053000
3088.841630 12.719000 0.055000
3091.825820 13.330000 0.056000
3101.807760 13.398000 0.048000
3146.649990 13.234000 0.048000
3182.590110 13.022000 0.055000
3418.871260 13.018000 0.082000
3449.856480 13.037000 0.079000
3454.868960 12.951000 0.086000
3464.804840 12.773000 0.071000
3467.805860 13.366000 0.042000
3491.786490 13.475000 0.092000
3517.789000 12.683000 0.073000
3521.713000 13.057000 0.072000
3525.750160 13.136000 0.073000
3544.739930 13.420000 0.080000
3562.717900 12.901000 0.084000
3585.661850 13.228000 0.091000
3621.561940 13.137000 0.077000
3632.529890 12.807000 0.078000
3802.890720 12.983000 0.060000
3867.749940 13.498000 0.073000
3875.849950 13.343000 0.072000
3904.648970 13.139000 0.085000
3906.665550 13.208000 0.072000
3983.535300 13.071000 0.051000
1953.865700 29.999000 0.060000
1977.794480 29.999000 0.062000
2473.526570 29.999000 0.047000
2861.512190 29.999000 0.033000
3062.868860 29.999000 0.045000
3074.851510 29.999000 0.048000
3121.781030 29.999000 0.061000
3132.765300 29.999000 0.035000
3159.692770 29.999000 0.039000
3571.659800 29.999000 0.041000
3597.504840 29.999000 0.079000
3630.525280 29.999000 0.048000
3894.679230 29.999000 0.038000
2151.560530 12.881000 0.057000
2510.588840 13.079000 0.049000
2686.865780 13.383000 0.040000
2699.875390 13.008000 0.038000
2703.852280 13.320000 0.034000
2706.852680 13.211000 0.040000
2709.843520 12.967000 0.042000
2712.827040 12.904000 0.037000
2714.870420 12.943000 0.044000
2722.908960 12.825000 0.044000
2726.835980 12.889000 0.036000
2733.836340 12.949000 0.039000
2735.819610 13.193000 0.036000
2737.804520 13.136000 0.037000
2739.798380 13.151000 0.058000
2750.848540 12.763000 0.040000
2752.779800 13.034000 0.043000
2755.767040 12.731000 0.044000
2759.815340 13.073000 0.038000
2761.768690 13.136000 0.043000
2770.761210 13.223000 0.036000
2786.671050 12.618000 0.048000
2787.819260 13.176000 0.039000
2791.652760 12.903000 0.051000
2794.710410 13.210000 0.050000
2809.823970 13.256000 0.041000
2811.694650 13.153000 0.039000
2820.763630 12.819000 0.040000
2840.673020 13.310000 0.043000
2845.662110 13.137000 0.041000
3078.850000 12.934000 0.047000
3081.885250 12.580000 0.053000
3085.904560 13.150000 0.039000
3105.863200 12.716000 0.038000
3134.862390 12.798000 0.040000
3176.702610 13.093000 0.042000
3277.523140 12.976000 0.059000
3280.511270 13.157000 0.047000
3415.887670 13.124000 0.041000
3420.877530 13.071000 0.049000
3424.870040 13.196000 0.043000
3431.886130 13.132000 0.043000
3443.891980 13.068000 0.048000
3447.848700 12.787000 0.052000
3453.829890 13.178000 0.050000
3455.839510 13.596000 0.045000
3464.824700 12.748000 0.040000
3467.833330 13.149000 0.047000
3470.823340 13.046000 0.046000
3473.810250 13.072000 0.044000
3476.801810 12.732000 0.045000
3496.788210 13.256000 0.038000
3499.865140 13.080000 0.055000
3502.729710 12.915000 0.056000
3504.766600 13.307000 0.057000
3508.772050 13.290000 0.038000
3510.819970 12.752000 0.038000
3512.701390 12.875000 0.046000
3524.668120 12.945000 0.042000
3526.707470 12.934000 0.042000
3542.665820 13.177000 0.057000
3544.746200 13.423000 0.047000
3547.792730 13.131000 0.050000
3554.741470 13.157000 0.041000
3562.636420 12.864000 0.056000
3564.602870 12.924000 0.042000
3570.589890 13.339000 0.060000
3573.651930 13.183000 0.048000
3575.669770 13.209000 0.053000
3587.673140 13.155000 0.051000
3590.539520 13.040000 0.048000
3597.513840 13.041000 0.053000
3602.615860 13.294000 0.051000
3626.538440 13.163000 0.047000
3630.528690 13.305000 0.053000
3642.523920 13.370000 0.048000
3647.497750 13.065000 0.040000
3789.887680 13.318000 0.047000
3793.876060 13.240000 0.048000
3797.866110 12.672000 0.039000
3806.859360 13.085000 0.046000
3810.881320 13.260000 0.046000
3814.861420 12.688000 0.040000
3820.855680 13.039000 0.040000
3823.851430 13.129000 0.049000
3826.844590 12.822000 0.039000
3829.834000 13.243000 0.044000
3832.833200 13.067000 0.045000
3837.799350 13.099000 0.040000
3852.773820 12.731000 0.044000
3862.748340 13.002000 0.044000
3866.731030 13.028000 0.039000
3868.757140 13.178000 0.061000
3870.767280 13.206000 0.051000
3872.759200 13.246000 0.043000
3881.732640 12.655000 0.042000
3886.718680 12.849000 0.062000
3892.700700 12.934000 0.044000
3894.698540 13.362000 0.041000
3897.742910 12.949000 0.061000
3902.640350 12.864000 0.041000
4144.882660 12.789000 0.043000
4153.877500 13.024000 0.042000
4165.860610 12.847000 0.045000
4174.861870 13.299000 0.045000
4180.875010 13.033000 0.047000
4183.877030 12.951000 0.058000
4187.865630 12.931000 0.040000
4190.844410 13.004000 0.043000
4199.787840 12.794000 0.063000
4207.810180 12.941000 0.043000
4216.786320 12.862000 0.046000
4228.781260 13.068000 0.048000
4230.779780 13.047000 0.052000
4232.780150 13.295000 0.051000
4234.823410 13.423000 0.046000
4247.676670 12.910000 0.050000
4250.755120 12.739000 0.046000
4254.658500 12.909000 0.053000
4256.719550 13.014000 0.046000
4258.791820 13.231000 0.051000
4272.675310 13.337000 0.046000
4274.676870 13.024000 0.044000
4277.635260 13.211000 0.043000
4289.628390 13.144000 0.054000
4291.632150 13.164000 0.052000
4293.621770 12.769000 0.057000
4295.635070 12.716000 0.062000
4303.590640 13.360000 0.048000
4305.570510 13.056000 0.044000
4311.685880 13.119000 0.056000
4317.588490 12.903000 0.042000
4341.610640 12.571000 0.047000
4352.544350 12.945000 0.044000
4355.547770 12.803000 0.058000
4357.555220 13.004000 0.050000
4359.536860 13.096000 0.055000
4362.509590 12.875000 0.046000
4364.544170 13.252000 0.049000
4368.537090 13.292000 0.060000
4375.503700 13.186000 0.043000
4383.495050 13.051000 0.061000
4386.489950 12.860000 0.043000
4518.895270 12.733000 0.048000
4523.869820 12.794000 0.046000
4527.862870 12.932000 0.044000
4540.849130 13.076000 0.046000
4547.863880 12.696000 0.051000
4550.856750 13.343000 0.049000
4565.813870 13.104000 0.058000
4568.806890 12.900000 0.044000
4570.845610 13.086000 0.058000
4572.828070 13.219000 0.055000
4574.804890 13.179000 0.044000
4576.807480 13.154000 0.051000
4587.834690 13.007000 0.051000
4590.747620 12.682000 0.044000
4592.833070 12.926000 0.059000
4595.736500 13.027000 0.043000
4597.765540 12.788000 0.052000
4602.731830 12.731000 0.046000
4609.697420 12.760000 0.049000
4611.728770 13.006000 0.044000
4615.822990 13.290000 0.046000
4621.683390 12.821000 0.044000
4623.697670 12.976000 0.058000
4627.669230 13.206000 0.045000
4631.666670 13.204000 0.041000
4640.731750 12.842000 0.044000
4642.701830 13.050000 0.045000
4644.723140 13.140000 0.046000
4646.795750 13.511000 0.053000
4649.586510 12.888000 0.055000
4651.627220 13.086000 0.050000
4653.642390 13.209000 0.042000
4655.608380 13.360000 0.047000
4657.648710 12.769000 0.042000
4664.658600 12.810000 0.040000
4666.662800 13.065000 0.041000
4672.647290 13.423000 0.051000
4675.683060 13.042000 0.049000
4681.598080 12.943000 0.060000
4683.598170 12.789000 0.050000
4685.578710 13.045000 0.052000
4687.569740 13.104000 0.063000
4690.525100 12.832000 0.043000
4697.630740 13.177000 0.042000
4703.627710 12.802000 0.041000
4706.583260 13.506000 0.046000
4720.561140 13.200000 0.047000
4724.511970 12.653000 0.048000
4729.556430 12.666000 0.046000
4733.508650 12.989000 0.057000
4737.522600 13.174000 0.055000
4740.513980 12.905000 0.040000
4745.497890 12.834000 0.060000
4882.892110 12.835000 0.044000
4890.895700 13.415000 0.047000
4905.856660 12.951000 0.044000
4926.865030 13.161000 0.048000
4938.797100 13.274000 0.046000
4966.723790 12.808000 0.058000
4993.781830 13.063000 0.062000
5014.622320 12.926000 0.052000
5024.611080 13.211000 0.052000
1948.887850 12.941000 0.063000
1950.882170 12.714000 0.072000
1953.876520 13.239000 0.060000
1962.854290 12.806000 0.064000
2689.877430 12.922000 0.042000
2696.866990 13.212000 0.045000
2763.756160 13.275000 0.059000
3088.854060 12.637000 0.061000
3091.862010 13.492000 0.062000
3274.528620 13.088000 0.055000
3490.802230 13.111000 0.083000
3492.804330 13.010000 0.094000
3528.729560 13.218000 0.078000
3530.735050 13.145000 0.082000
3539.669880 13.249000 0.085000
3551.780900 12.971000 0.064000
3558.613210 13.261000 0.064000
3577.692330 12.639000 0.062000
3583.613370 13.127000 0.082000
3585.669970 13.103000 0.086000
3592.547720 13.260000 0.091000
3609.485260 13.139000 0.065000
3619.519860 13.008000 0.071000
3621.565330 13.256000 0.082000
3632.533340 12.835000 0.064000
3652.495070 12.958000 0.076000
3817.867370 13.621000 0.082000
3834.854510 13.027000 0.067000
3847.893900 12.913000 0.081000
3849.819100 13.089000 0.074000
3858.762890 12.935000 0.070000
3864.739400 12.747000 0.080000
3890.707360 13.083000 0.078000
3904.667320 12.948000 0.066000
3906.683190 13.146000 0.094000
3983.538710 13.066000 0.055000
4157.870440 13.320000 0.063000
4161.869160 12.858000 0.080000
4177.888280 13.148000 0.070000
4194.866080 13.017000 0.071000
4212.901880 12.630000 0.056000
4269.729140 12.723000 0.060000
4283.634410 12.914000 0.086000
4285.628710 12.926000 0.066000
4297.628970 13.048000 0.074000
4301.576430 13.022000 0.071000
4315.521290 13.407000 0.060000
4329.571940 12.875000 0.061000
4331.559080 12.797000 0.061000
4339.608100 13.192000 0.069000
4346.494600 13.137000 0.068000
4348.516810 12.731000 0.078000
4350.525940 12.823000 0.082000
4371.508700 13.032000 0.064000
4377.512110 12.835000 0.068000
4380.501530 13.373000 0.080000
4559.838060 12.641000 0.067000
4562.828240 13.597000 0.063000
4580.825340 12.880000 0.076000
4585.776090 12.790000 0.062000
4606.741370 13.196000 0.057000
4633.649640 12.717000 0.064000
4638.758840 12.688000 0.064000
4660.601490 13.040000 0.050000
4662.660950 12.732000 0.072000
4670.624900 13.293000 0.053000
4678.680830 13.056000 0.075000
4709.534310 12.919000 0.068000
4726.569520 12.986000 0.065000
4918.816720 12.758000 0.051000
4935.851290 12.628000 0.065000
4947.769830 12.747000 0.071000
4950.782420 12.901000 0.052000
4952.835690 12.715000 0.073000
4954.802270 12.851000 0.073000
4959.778180 12.692000 0.047000
4968.777490 13.052000 0.066000
4984.712060 13.066000 0.048000
4988.700500 13.798000 0.064000
5002.681280 12.748000 0.066000
5006.689820 13.013000 0.070000
5022.607830 13.259000 0.055000
5047.625080 12.769000 0.063000
5049.631620 12.982000 0.057000
5069.630190 12.861000 0.051000
5086.547760 13.086000 0.055000
5089.518370 13.098000 0.056000
2747.808780 29.999000 0.047000
3482.824180 29.999000 0.046000
3899.802880 29.999000 0.056000
5084.543990 29.999000 0.068000
4586.824350 13.320000 0.043000
3450.865000 13.005000 0.051000
2175.481790 12.835000 0.077000
3452.853570 13.201000 0.049000
