3896.793710 13.436000 0.053000
2025.843090 13.731000 0.049000
2026.851660 13.195000 0.065000
2027.815240 13.751000 0.059000
2030.822370 13.905000 0.056000
2031.820470 13.453000 0.065000
2032.802520 13.840000 0.056000
2033.818420 13.117000 0.051000
2053.766600 13.947000 0.067000
2057.747180 13.633000 0.067000
2082.700850 13.609000 0.063000
2086.695650 13.305000 0.063000
2093.594870 12.994000 0.067000
2102.633590 13.075000 0.057000
2103.651150 13.899000 0.061000
2104.650530 13.337000 0.053000
2105.642460 13.776000 0.057000
2109.638370 13.266000 0.047000
2114.766580 13.766000 0.050000
2115.630040 14.018000 0.053000
2116.613360 13.507000 0.062000
2128.563040 13.589000 0.061000
2129.598130 13.906000 0.061000
2130.595970 13.587000 0.058000
2131.584060 13.922000 0.061000
2133.584040 13.803000 0.051000
2134.586960 13.117000 0.066000
2135.583210 13.706000 0.053000
2136.587190 13.764000 0.061000
2141.574240 13.288000 0.061000
2142.566280 13.688000 0.054000
2143.566760 13.418000 0.058000
2144.557750 13.622000 0.057000
2167.494640 13.470000 0.051000
2172.511310 13.555000 0.052000
2191.497270 13.584000 0.052000
2194.498070 13.662000 0.053000
2197.501280 13.678000 0.062000
2446.702290 13.282000 0.046000
2453.762190 13.605000 0.048000
2465.661410 13.819000 0.035000
2467.649030 13.553000 0.030000
2468.648190 14.056000 0.031000
2499.579020 13.465000 0.042000
2501.587320 13.231000 0.036000
2519.640440 13.150000 0.033000
2520.635750 13.751000 0.045000
2521.642740 13.624000 0.044000
2526.637740 13.193000 0.048000
2535.551510 13.587000 0.054000
2545.630450 13.763000 0.048000
2562.496500 13.972000 0.050000
2563.559460 13.312000 0.045000
2564.579850 13.627000 0.055000
2568.517450 13.598000 0.043000
2694.888480 13.505000 0.042000
2699.886530 13.608000 0.041000
2703.879880 13.316000 0.041000
2706.874380 13.785000 0.042000
2712.865750 13.087000 0.040000
2726.826200 13.510000 0.040000
2728.863550 13.114000 0.041000
2730.891280 13.161000 0.042000
2734.812230 14.025000 0.044000
2736.848800 13.903000 0.041000
2738.859060 13.735000 0.040000
2740.871520 13.666000 0.041000
2742.861600 13.359000 0.041000
2744.853450 13.242000 0.040000
2754.813080 13.656000 0.048000
2756.825550 13.545000 0.038000
2758.848620 13.470000 0.039000
2760.818060 13.127000 0.041000
2764.809510 14.133000 0.039000
2770.841430 13.575000 0.039000
2782.881320 14.022000 0.050000
2783.815420 13.451000 0.044000
2786.749490 13.585000 0.040000
2790.774620 13.354000 0.042000
2808.769460 13.136000 0.055000
2812.670110 13.796000 0.043000
2814.833630 13.873000 0.045000
2818.920070 13.707000 0.040000
2821.669030 13.892000 0.037000
2821.763090 13.829000 0.036000
2821.781850 13.892000 0.036000
2821.791480 13.866000 0.036000
2821.801120 13.897000 0.043000
2821.810670 13.967000 0.039000
2821.820320 14.314000 0.040000
2821.830120 14.091000 0.040000
2830.763670 13.746000 0.036000
2838.686560 13.223000 0.038000
2840.743090 13.063000 0.036000
2841.848080 13.667000 0.041000
2851.660610 14.005000 0.035000
2853.784440 13.986000 0.042000
2862.619520 13.743000 0.043000
2866.620050 13.480000 0.044000
2867.707020 14.193000 0.043000
2872.598220 13.944000 0.038000
2875.624380 13.501000 0.043000
2877.612500 13.274000 0.044000
2879.613160 13.287000 0.037000
2884.601340 13.296000 0.041000
2892.591980 13.927000 0.062000
2893.691700 13.644000 0.044000
2895.651770 13.211000 0.042000
2897.660950 13.582000 0.041000
2909.665100 13.430000 0.041000
2911.625620 13.097000 0.043000
2926.525310 13.436000 0.043000
2928.533080 13.603000 0.051000
2930.538970 13.476000 0.044000
2932.539750 13.304000 0.043000
2934.537720 13.189000 0.043000
2939.543720 13.381000 0.044000
2944.516380 13.590000 0.046000
2946.542800 13.532000 0.041000
2949.545540 13.969000 0.042000
2951.553850 13.854000 0.043000
2954.527650 14.036000 0.044000
2957.517360 13.141000 0.040000
2964.518510 13.282000 0.042000
3069.892660 14.049000 0.044000
3082.872120 13.460000 0.043000
3087.875790 13.978000 0.042000
3091.864400 13.708000 0.043000
3097.855810 13.193000 0.043000
3104.877290 13.408000 0.044000
3109.838150 13.410000 0.041000
3112.863610 13.984000 0.040000
3115.853980 14.126000 0.042000
3122.907330 13.131000 0.043000
3125.798270 13.316000 0.049000
3127.826570 13.207000 0.046000
3130.809880 13.842000 0.043000
3142.786130 13.695000 0.044000
3146.747800 13.575000 0.040000
3153.818120 13.896000 0.035000
3156.763190 13.680000 0.044000
3158.818960 13.461000 0.043000
3165.729770 13.853000 0.040000
3168.777930 13.132000 0.042000
3170.869700 13.196000 0.044000
3179.691420 13.822000 0.041000
3182.701940 13.118000 0.042000
3266.550280 13.732000 0.033000
3272.510110 13.467000 0.064000
3277.583850 13.998000 0.056000
3426.893060 13.617000 0.054000
3448.884140 13.250000 0.050000
3452.887850 13.934000 0.046000
3458.878980 13.710000 0.055000
3468.859010 13.956000 0.046000
3472.865100 13.772000 0.045000
3478.838780 13.310000 0.066000
3481.819160 13.712000 0.046000
3508.855540 13.557000 0.036000
3511.782340 13.838000 0.040000
3526.871800 13.476000 0.057000
3538.773130 13.606000 0.045000
3552.842960 13.703000 0.048000
3555.759660 13.975000 0.059000
3558.902170 13.554000 0.046000
3561.649060 13.603000 0.056000
3563.689660 13.506000 0.043000
3575.688280 13.787000 0.060000
3577.713260 13.902000 0.061000
3582.818240 13.807000 0.045000
3589.621050 13.591000 0.066000
3591.689510 13.732000 0.054000
3594.551840 14.141000 0.046000
3602.596050 13.614000 0.044000
3628.531280 13.699000 0.041000
3630.598350 13.678000 0.050000
3632.606540 13.565000 0.041000
3634.640150 13.544000 0.043000
3641.603130 13.642000 0.037000
3643.656260 13.795000 0.054000
3646.649810 13.754000 0.040000
3649.574610 14.047000 0.063000
3657.584620 13.685000 0.047000
3662.556870 14.013000 0.046000
3664.566340 13.630000 0.045000
3668.547030 13.155000 0.038000
3670.583280 13.095000 0.043000
3673.536640 13.208000 0.055000
3676.529560 13.857000 0.061000
3797.893590 13.595000 0.056000
3804.884610 13.645000 0.053000
3812.904300 14.101000 0.058000
3820.858880 13.519000 0.042000
3823.898450 13.741000 0.042000
3831.847580 13.140000 0.043000
3834.878600 13.839000 0.057000
3851.857020 14.234000 0.046000
3860.824280 13.628000 0.058000
3863.798870 13.274000 0.057000
3867.813040 14.029000 0.046000
3880.831810 13.867000 0.043000
3887.778410 13.831000 0.047000
3889.890700 14.073000 0.046000
3891.788810 13.638000 0.046000
3893.801770 13.533000 0.052000
3901.776080 13.639000 0.059000
3907.795780 13.538000 0.047000
3913.885240 13.028000 0.051000
4160.889320 13.527000 0.055000
4164.891060 13.297000 0.064000
4168.890310 13.593000 0.064000
4182.904110 13.269000 0.061000
4190.856670 13.984000 0.047000
4203.866850 13.751000 0.050000
4207.894710 13.154000 0.052000
4213.916510 13.630000 0.040000
4231.880790 13.912000 0.050000
4246.746550 13.484000 0.045000
4256.810880 13.543000 0.047000
4276.693940 13.009000 0.042000
4278.704370 13.538000 0.036000
4285.807760 13.514000 0.059000
4293.786010 13.768000 0.045000
4295.801940 13.755000 0.057000
4297.829070 13.690000 0.047000
4299.776930 13.719000 0.053000
4301.680480 13.214000 0.046000
4305.676260 13.626000 0.039000
4311.657800 13.458000 0.044000
4319.704490 13.632000 0.049000
4329.662470 13.516000 0.050000
4331.604510 13.033000 0.041000
4340.628870 12.886000 0.054000
4346.620830 13.936000 0.047000
4348.623240 13.604000 0.056000
4353.529000 13.668000 0.036000
4355.618700 13.978000 0.046000
4357.622890 13.629000 0.049000
4359.631620 13.851000 0.054000
4367.507980 13.884000 0.043000
4373.593870 13.867000 0.048000
4376.585170 13.969000 0.043000
4378.599610 14.002000 0.055000
4380.629070 14.008000 0.044000
4382.637190 13.693000 0.036000
4387.537890 13.853000 0.052000
4393.515980 13.275000 0.047000
4408.513140 13.735000 0.041000
4411.548030 13.236000 0.043000
4531.891150 13.442000 0.042000
4541.886680 13.685000 0.039000
4558.850030 13.228000 0.041000
4561.879990 13.411000 0.048000
4565.861340 13.153000 0.040000
4569.841020 13.744000 0.045000
4572.858780 13.546000 0.050000
4575.842710 13.505000 0.045000
4579.864750 13.363000 0.043000
4588.837990 13.534000 0.043000
4591.830390 13.869000 0.055000
4594.819040 13.879000 0.040000
4597.803640 13.207000 0.041000
4606.852730 13.223000 0.063000
4615.891620 13.140000 0.039000
4623.820810 13.833000 0.049000
4626.671590 13.920000 0.043000
4632.716010 13.779000 0.042000
4639.755680 13.816000 0.041000
4643.753830 13.340000 0.051000
4650.668590 13.223000 0.049000
4652.707560 13.293000 0.045000
4666.680140 13.299000 0.045000
4674.613390 13.760000 0.040000
4677.691100 13.173000 0.046000
4679.695620 13.830000 0.041000
4682.671450 13.537000 0.043000
4684.680800 13.425000 0.043000
4686.614280 13.738000 0.049000
4701.604930 13.641000 0.045000
4703.611780 13.578000 0.054000
4705.643730 13.368000 0.052000
4710.615710 13.711000 0.062000
4721.529070 13.188000 0.048000
4734.668850 13.306000 0.052000
4755.607050 13.080000 0.055000
4764.551290 13.340000 0.050000
4767.547540 13.888000 0.055000
4776.525380 13.733000 0.066000
4778.558330 13.324000 0.057000
4928.904880 13.713000 0.052000
4940.822670 13.752000 0.057000
4947.848140 13.788000 0.061000
4988.777230 13.834000 0.052000
5023.721510 13.530000 0.047000
5087.534150 13.951000 0.051000
5124.546130 13.727000 0.058000
2037.773580 13.751000 0.075000
2052.758250 13.649000 0.073000
2054.761430 13.615000 0.081000
2055.750090 13.781000 0.081000
2056.749030 13.074000 0.076000
2058.746190 13.805000 0.074000
2061.741630 13.549000 0.070000
2065.711570 13.262000 0.070000
2080.637560 13.604000 0.078000
2081.694150 13.407000 0.070000
2085.689770 14.034000 0.070000
2087.679550 13.794000 0.069000
2088.676150 13.120000 0.072000
3173.719620 13.177000 0.054000
3444.862980 13.347000 0.071000
3455.850370 13.192000 0.072000
3475.876830 13.587000 0.068000
3491.893910 13.825000 0.078000
3502.807150 13.765000 0.075000
3522.705800 13.928000 0.077000
3540.771670 13.456000 0.068000
3604.605360 13.275000 0.049000
3619.559900 13.918000 0.083000
3621.614070 13.967000 0.086000
3808.885950 13.160000 0.046000
3827.869030 13.517000 0.071000
3848.892150 13.635000 0.064000
3874.847920 13.909000 0.082000
3877.776330 13.218000 0.074000
3883.833170 14.384000 0.085000
4647.845780 13.105000 0.068000
4708.599510 13.506000 0.069000
4724.582210 13.299000 0.070000
4905.902820 13.516000 0.063000
4917.864340 13.508000 0.061000
4932.846130 13.437000 0.063000
4962.814330 13.412000 0.065000
4969.786880 13.429000 0.059000
4973.745350 13.599000 0.064000
4984.823110 13.847000 0.072000
4994.787250 13.475000 0.075000
5006.774240 13.640000 0.056000
5009.726010 13.821000 0.054000
5021.716410 13.177000 0.056000
5042.646210 13.271000 0.052000
5106.544810 13.088000 0.064000
1962.884720 29.999000 0.047000
1964.892900 29.999000 0.041000
1966.886440 29.999000 0.040000
1978.875440 29.999000 0.050000
1980.848850 29.999000 0.050000
1994.837870 29.999000 0.051000
2145.555480 29.999000 0.050000
2201.491420 29.999000 0.056000
2442.700230 29.999000 0.039000
2470.597680 29.999000 0.037000
2481.601060 29.999000 0.045000
2482.635460 29.999000 0.043000
2487.643450 29.999000 0.074000
2489.618540 29.999000 0.039000
2493.593010 29.999000 0.039000
2494.602850 29.999000 0.047000
2495.595560 29.999000 0.041000
2497.592840 29.999000 0.035000
2503.589760 29.999000 0.060000
2508.532850 29.999000 0.037000
2511.568740 29.999000 0.039000
2512.626450 29.999000 0.045000
2540.585330 29.999000 0.065000
2709.871340 29.999000 0.044000
2717.887960 29.999000 0.044000
2720.870940 29.999000 0.049000
2784.771700 29.999000 0.039000
2791.812740 29.999000 0.059000
2810.678590 29.999000 0.041000
2821.840130 29.999000 0.038000
2824.665540 29.999000 0.049000
3176.784100 29.999000 0.045000
3274.621160 29.999000 0.055000
3573.672180 29.999000 0.053000
3637.643120 29.999000 0.050000
3793.892220 29.999000 0.046000
3865.817390 29.999000 0.046000
3869.808640 29.999000 0.046000
4193.865100 29.999000 0.057000
4229.879570 29.999000 0.038000
4975.824000 29.999000 0.067000
5014.725460 29.999000 0.051000
5031.691840 29.999000 0.042000
1981.886960 29.999000 0.044000
1982.876420 29.999000 0.048000
1997.858860 29.999000 0.052000
1999.856290 29.999000 0.065000
2009.815360 29.999000 0.060000
2016.803210 29.999000 0.053000
2064.792090 29.999000 0.060000
2070.787550 29.999000 0.062000
2169.611860 29.999000 0.050000
2179.483950 29.999000 0.058000
2185.559580 29.999000 0.054000
2188.534330 29.999000 0.057000
2207.500610 29.999000 0.056000
2213.503620 29.999000 0.067000
2216.515900 29.999000 0.072000
2453.678450 29.999000 0.056000
2464.653310 29.999000 0.034000
2466.645190 29.999000 0.039000
2468.661810 29.999000 0.045000
2473.614840 29.999000 0.036000
2474.657160 29.999000 0.044000
2486.606110 29.999000 0.045000
2491.597610 29.999000 0.052000
2498.589890 29.999000 0.032000
2502.589590 29.999000 0.047000
2544.585660 29.999000 0.055000
2552.615940 29.999000 0.061000
2802.884990 29.999000 0.050000
2821.753850 29.999000 0.035000
2821.772370 29.999000 0.036000
2829.660590 29.999000 0.035000
2835.693360 29.999000 0.040000
2855.674990 29.999000 0.049000
2899.640550 29.999000 0.053000
2917.498670 29.999000 0.043000
2921.512790 29.999000 0.043000
3074.884690 29.999000 0.042000
3101.845980 29.999000 0.045000
3484.841510 29.999000 0.056000
3550.739190 29.999000 0.064000
3584.826730 29.999000 0.050000
3600.612610 29.999000 0.071000
3609.536770 29.999000 0.055000
3616.652470 29.999000 0.049000
3660.527430 29.999000 0.057000
4179.877560 29.999000 0.055000
4186.906130 29.999000 0.038000
4234.800860 29.999000 0.065000
4250.774940 29.999000 0.042000
4273.711800 29.999000 0.036000
4283.817710 29.999000 0.059000
4289.800570 29.999000 0.044000
4291.801820 29.999000 0.035000
4303.684180 29.999000 0.038000
4307.634260 29.999000 0.049000
4316.753850 29.999000 0.038000
4332.782820 29.999000 0.064000
4338.574250 29.999000 0.045000
4342.624070 29.999000 0.042000
4344.620450 29.999000 0.062000
4350.627850 29.999000 0.051000
4369.563620 29.999000 0.040000
4371.581630 29.999000 0.042000
4385.535700 29.999000 0.048000
4403.585360 29.999000 0.053000
4428.515000 29.999000 0.045000
4523.896250 29.999000 0.043000
4537.894270 29.999000 0.041000
4545.884580 29.999000 0.050000
4585.853260 29.999000 0.036000
4602.803950 29.999000 0.044000
4611.828900 29.999000 0.044000
4617.779910 29.999000 0.043000
4628.736410 29.999000 0.048000
4641.762910 29.999000 0.041000
4645.784540 29.999000 0.052000
4654.703220 29.999000 0.050000
4656.702420 29.999000 0.068000
4658.785440 29.999000 0.054000
4661.651330 29.999000 0.048000
4669.840480 29.999000 0.039000
4671.854190 29.999000 0.039000
4697.607170 29.999000 0.035000
4715.712960 29.999000 0.041000
4726.634050 29.999000 0.069000
4729.617130 29.999000 0.050000
4739.498120 29.999000 0.048000
4742.498780 29.999000 0.050000
4748.509430 29.999000 0.063000
4750.619240 29.999000 0.049000
4753.577690 29.999000 0.061000
4758.565340 29.999000 0.059000
4761.556180 29.999000 0.066000
4770.532880 29.999000 0.071000
4783.514830 29.999000 0.050000
4786.515540 29.999000 0.067000
4793.511840 29.999000 0.051000
5048.633540 29.999000 0.056000
5070.708730 29.999000 0.058000
5082.686360 29.999000 0.056000
5084.721810 29.999000 0.057000
5089.586560 29.999000 0.049000
5093.645020 29.999000 0.064000
5103.569120 29.999000 0.056000
5110.633190 29.999000 0.062000
5145.531390 29.999000 0.060000
