2724.799020 12.075000 0.030000
2141.535880 13.173000 0.046000
2510.517610 12.701000 0.061000
2521.494490 13.163000 0.038000
2524.500080 13.063000 0.056000
2678.869180 12.775000 0.033000
2685.862360 13.511000 0.039000
2694.832940 13.246000 0.033000
2697.900390 13.234000 0.037000
2700.890100 12.895000 0.030000
2703.860810 12.523000 0.037000
2709.857010 13.391000 0.031000
2711.854940 13.346000 0.030000
2715.828270 13.279000 0.032000
2722.806770 12.536000 0.037000
2730.796870 13.308000 0.042000
2733.790630 13.328000 0.035000
2735.787280 13.260000 0.032000
2737.770940 13.083000 0.034000
2739.773400 12.959000 0.034000
2749.825000 13.153000 0.038000
2751.727880 13.227000 0.032000
2754.736790 13.247000 0.034000
2756.737850 13.158000 0.029000
2757.829070 13.314000 0.031000
2759.838940 13.197000 0.031000
2761.721330 12.840000 0.033000
2763.711000 12.613000 0.046000
2766.832070 12.779000 0.043000
2770.707540 13.312000 0.045000
2784.683710 12.590000 0.033000
2785.814490 13.113000 0.040000
2787.755780 12.631000 0.034000
2794.665330 13.480000 0.050000
2808.722420 12.694000 0.033000
2810.608510 13.088000 0.041000
2812.597710 13.388000 0.032000
2819.600270 13.189000 0.032000
2826.577680 12.190000 0.029000
2831.681850 12.228000 0.036000
2840.586490 13.145000 0.031000
2842.581830 13.101000 0.041000
2845.575740 12.702000 0.032000
2854.582540 13.320000 0.032000
2860.571200 13.093000 0.040000
2866.565520 12.824000 0.032000
2876.542720 13.268000 0.036000
2878.539140 13.271000 0.030000
2882.518430 13.124000 0.040000
2885.499820 12.882000 0.037000
2893.494800 13.444000 0.040000
2895.507660 13.388000 0.036000
2898.504140 13.337000 0.038000
2900.499110 13.152000 0.036000
2904.491020 13.156000 0.031000
2908.485160 12.801000 0.033000
3062.864590 12.473000 0.039000
3067.884630 13.322000 0.047000
3070.872690 13.592000 0.031000
3073.863610 13.619000 0.036000
3079.846200 12.960000 0.045000
3089.814190 13.306000 0.043000
3096.854020 13.314000 0.034000
3098.825400 13.119000 0.032000
3103.822210 12.765000 0.050000
3105.872010 12.748000 0.033000
3107.872290 12.652000 0.034000
3112.804560 13.345000 0.030000
3118.816810 13.185000 0.036000
3122.736930 12.631000 0.047000
3124.789540 12.783000 0.034000
3126.749310 12.645000 0.033000
3130.749720 13.184000 0.040000
3134.784290 13.296000 0.034000
3144.679140 12.781000 0.035000
3153.688600 13.260000 0.030000
3156.638580 13.263000 0.035000
3158.740090 13.554000 0.039000
3163.759350 13.137000 0.045000
3166.734920 12.622000 0.039000
3172.708300 12.765000 0.041000
3182.581010 12.813000 0.041000
3184.585550 12.564000 0.036000
3189.658000 12.320000 0.033000
3219.491920 13.225000 0.035000
3405.878220 13.306000 0.038000
3409.880390 13.263000 0.039000
3413.880360 13.198000 0.050000
3425.856300 13.044000 0.047000
3432.867220 13.116000 0.041000
3436.874920 13.241000 0.053000
3442.869470 12.725000 0.041000
3445.834850 12.561000 0.047000
3453.789850 13.144000 0.055000
3455.804460 13.216000 0.052000
3459.795940 12.825000 0.046000
3462.801890 12.793000 0.041000
3464.833610 12.662000 0.043000
3467.791930 13.161000 0.041000
3470.774930 13.160000 0.040000
3473.758500 13.173000 0.043000
3475.852270 13.327000 0.076000
3478.747310 12.960000 0.042000
3480.772070 12.997000 0.045000
3482.774430 12.884000 0.049000
3489.734130 13.423000 0.045000
3497.765580 13.155000 0.055000
3500.845480 13.238000 0.056000
3509.711260 13.341000 0.036000
3517.750970 13.435000 0.046000
3523.701930 13.009000 0.061000
3525.730400 12.839000 0.038000
3530.615990 13.388000 0.041000
3538.625880 13.167000 0.064000
3540.645600 13.107000 0.048000
3543.629970 12.798000 0.059000
3550.662770 12.913000 0.045000
3555.704350 13.332000 0.058000
3558.711650 13.517000 0.060000
3561.528420 12.879000 0.072000
3563.561240 12.790000 0.065000
3569.642830 12.717000 0.041000
3573.602410 13.405000 0.043000
3575.623150 13.404000 0.043000
3591.520030 13.389000 0.066000
3593.531400 13.274000 0.047000
3597.538500 13.157000 0.055000
3603.547680 13.010000 0.060000
3606.552900 12.811000 0.061000
3617.524080 13.360000 0.050000
3630.492520 12.393000 0.064000
3633.490150 13.240000 0.072000
3760.880330 12.173000 0.042000
3775.874610 13.341000 0.061000
3789.877500 13.322000 0.047000
3793.861470 13.313000 0.039000
3802.855940 12.563000 0.046000
3808.851920 13.465000 0.052000
3811.870000 13.317000 0.055000
3814.847980 13.264000 0.078000
3817.832170 13.005000 0.072000
3820.816840 12.758000 0.070000
3823.810650 12.556000 0.067000
3826.806620 13.213000 0.054000
3829.796360 13.389000 0.055000
3832.774580 13.210000 0.051000
3834.793310 13.573000 0.048000
3836.827920 13.179000 0.041000
3852.829680 13.320000 0.044000
3859.789860 13.196000 0.053000
3861.786210 13.112000 0.053000
3863.764950 12.774000 0.045000
3865.742550 12.471000 0.061000
3867.741940 12.387000 0.050000
3869.753300 13.105000 0.052000
3871.771880 13.255000 0.058000
3875.678430 13.292000 0.066000
3877.740330 13.201000 0.077000
3880.732540 13.207000 0.052000
3883.647880 12.549000 0.035000
3887.677180 12.373000 0.044000
3889.682710 13.349000 0.045000
3891.659660 13.329000 0.051000
3893.652260 13.261000 0.047000
3903.631430 12.643000 0.078000
3913.731430 13.376000 0.080000
4136.880830 12.946000 0.039000
4140.883540 12.492000 0.040000
4143.886700 12.486000 0.049000
4155.892110 13.286000 0.051000
4159.873820 12.977000 0.049000
4166.868780 13.317000 0.057000
4173.865370 13.358000 0.056000
4176.845440 13.184000 0.043000
4185.807580 12.957000 0.051000
4189.782580 13.298000 0.048000
4193.815670 13.201000 0.041000
4199.779540 12.869000 0.043000
4203.766160 12.775000 0.043000
4205.791760 12.862000 0.041000
4216.776750 13.197000 0.056000
4229.748970 13.206000 0.052000
4233.755120 13.296000 0.037000
4235.758880 13.534000 0.060000
4250.738760 13.420000 0.042000
4254.632200 13.723000 0.051000
4256.691410 13.336000 0.039000
4267.639040 12.536000 0.058000
4269.681060 12.703000 0.047000
4272.622160 13.248000 0.039000
4274.634170 13.331000 0.039000
4277.614230 13.372000 0.046000
4289.657890 12.364000 0.052000
4291.658210 13.140000 0.050000
4293.647830 13.494000 0.048000
4295.664440 13.287000 0.043000
4297.654790 13.149000 0.060000
4299.625460 13.291000 0.063000
4303.594230 12.885000 0.042000
4305.574050 12.789000 0.056000
4307.594310 12.757000 0.059000
4309.640660 12.761000 0.060000
4315.559750 13.317000 0.057000
4317.621080 13.243000 0.044000
4330.487510 13.173000 0.058000
4332.509960 13.362000 0.065000
4338.536710 13.336000 0.045000
4341.516860 13.038000 0.057000
4347.536250 12.723000 0.062000
4352.507230 13.414000 0.039000
4357.512480 13.238000 0.047000
4359.502560 13.433000 0.042000
4364.495710 13.187000 0.043000
4503.886860 12.748000 0.037000
4507.881120 13.226000 0.049000
4511.879150 13.354000 0.055000
4518.859000 12.715000 0.044000
4522.865000 12.568000 0.038000
4525.875610 13.088000 0.044000
4528.889520 13.701000 0.044000
4536.847630 13.177000 0.042000
4539.845980 12.962000 0.043000
4542.844160 12.763000 0.038000
4548.815660 13.260000 0.043000
4551.815130 13.143000 0.062000
4557.794000 12.982000 0.051000
4560.793790 12.722000 0.038000
4563.787200 12.597000 0.039000
4566.770010 13.360000 0.063000
4571.778970 13.414000 0.039000
4573.773040 13.345000 0.037000
4575.769160 13.416000 0.037000
4578.818050 13.040000 0.040000
4582.741770 12.769000 0.043000
4585.787400 12.431000 0.046000
4590.778100 13.275000 0.045000
4592.851050 13.357000 0.056000
4595.697080 13.282000 0.052000
4597.732170 13.245000 0.048000
4602.689600 12.458000 0.060000
4606.707950 12.168000 0.072000
4609.657710 13.477000 0.065000
4611.694050 13.335000 0.041000
4616.675680 13.333000 0.059000
4618.689910 13.304000 0.063000
4622.665590 12.855000 0.056000
4629.612360 13.449000 0.038000
4631.624340 13.408000 0.041000
4633.634020 13.331000 0.075000
4639.631350 13.088000 0.039000
4641.656020 12.943000 0.046000
4643.660020 13.104000 0.040000
4648.578440 13.209000 0.043000
4650.654500 12.647000 0.051000
4652.673530 13.394000 0.064000
4656.632120 13.132000 0.040000
4658.676710 13.094000 0.049000
4661.565180 12.925000 0.040000
4663.642040 12.875000 0.045000
4666.564030 12.629000 0.040000
4671.657170 12.677000 0.040000
4674.542340 13.146000 0.043000
4683.496580 12.771000 0.059000
4685.505990 12.888000 0.055000
4687.517970 12.926000 0.064000
4691.578760 13.070000 0.037000
4697.546420 13.140000 0.039000
4701.556370 13.329000 0.041000
4703.561410 13.047000 0.041000
4707.537760 12.735000 0.051000
4716.520280 13.104000 0.037000
4722.492260 13.172000 0.051000
4726.487770 12.885000 0.068000
4729.483220 12.330000 0.040000
4733.481610 13.513000 0.039000
4871.879540 13.022000 0.051000
4879.870430 12.869000 0.042000
4883.871690 12.556000 0.043000
4891.869890 13.080000 0.042000
4907.855780 13.623000 0.046000
4916.790280 12.974000 0.044000
4919.798240 12.814000 0.044000
4940.757760 12.797000 0.045000
4946.737020 13.438000 0.046000
5014.592580 13.187000 0.045000
5041.531150 13.024000 0.048000
5048.537590 12.753000 0.049000
2529.480240 12.741000 0.055000
3082.834970 12.827000 0.057000
3092.815650 13.370000 0.048000
3115.747830 13.119000 0.046000
3176.596670 13.225000 0.044000
3186.644150 12.573000 0.058000
3503.690800 12.617000 0.083000
3552.707280 13.167000 0.063000
3577.630260 13.286000 0.082000
3586.597470 12.684000 0.088000
3601.532450 13.116000 0.091000
3620.484140 13.067000 0.094000
3797.856230 12.933000 0.083000
3805.856530 12.587000 0.088000
3850.793550 13.479000 0.096000
3901.602620 12.795000 0.089000
3905.630350 12.220000 0.095000
3909.732080 12.445000 0.091000
4182.824820 12.780000 0.065000
4208.878120 12.628000 0.080000
4213.784280 13.230000 0.067000
4301.580860 13.382000 0.076000
4312.553070 13.302000 0.068000
4343.526030 12.862000 0.063000
4345.538280 12.935000 0.069000
4349.533320 12.627000 0.077000
4887.867830 13.362000 0.049000
4904.853280 12.813000 0.057000
4926.827420 12.804000 0.078000
4935.769210 13.101000 0.048000
4937.820320 13.155000 0.072000
4948.813430 12.192000 0.067000
4962.699400 12.827000 0.056000
4969.811990 12.338000 0.076000
4975.700240 13.396000 0.067000
4993.775940 13.187000 0.074000
5006.743910 13.094000 0.073000
5023.702060 13.011000 0.053000
5039.521300 12.957000 0.053000
5057.547010 13.111000 0.060000
5063.552480 13.090000 0.054000
5088.500850 12.785000 0.055000
2775.720750 29.999000 0.037000
3076.890210 29.999000 0.040000
3128.733440 29.999000 0.048000
3160.756660 29.999000 0.043000
3178.739190 29.999000 0.038000
3515.759040 29.999000 0.039000
3896.692150 29.999000 0.049000
4258.762060 29.999000 0.051000
4554.796560 29.999000 0.044000
4569.774230 29.999000 0.039000
2688.859370 29.999000 0.032000
2707.877040 29.999000 0.046000
2713.826350 29.999000 0.035000
2830.570990 29.999000 0.032000
2833.655560 29.999000 0.037000
2874.536110 29.999000 0.052000
3100.817010 29.999000 0.043000
3110.765090 29.999000 0.062000
4588.718930 29.999000 0.040000
4141.884530 12.342000 0.038000
4145.886380 13.548000 0.039000
4152.894640 13.227000 0.041000
4227.785840 12.295000 0.046000
4233.789930 13.620000 0.045000
4592.853270 13.475000 0.063000
4196.864900 29.999000 0.045000
4216.819090 29.999000 0.052000
4518.880630 29.999000 0.039000
4555.882490 29.999000 0.046000
