1953.797880 12.836000 0.048000
2102.534270 13.709000 0.055000
2124.493110 12.872000 0.068000
2132.512350 13.679000 0.056000
2145.491000 13.713000 0.061000
2524.587650 12.836000 0.048000
1930.843240 13.598000 0.042000
1932.842390 13.643000 0.044000
1938.817670 13.526000 0.048000
1946.808020 12.904000 0.061000
2026.702040 12.852000 0.052000
2031.703210 13.472000 0.069000
2032.690280 12.871000 0.063000
2033.675510 13.082000 0.042000
2082.608450 12.414000 0.065000
2085.572740 13.521000 0.049000
2088.569440 12.471000 0.066000
2104.553800 13.394000 0.052000
2105.546250 13.203000 0.062000
2106.552600 12.629000 0.057000
2115.505780 13.567000 0.053000
2117.521600 13.152000 0.052000
2128.489840 13.367000 0.050000
2130.516290 13.017000 0.061000
2134.506330 13.677000 0.047000
2141.505530 13.396000 0.061000
2143.499650 12.834000 0.055000
2441.599510 13.625000 0.041000
2454.570770 13.208000 0.046000
2456.559560 12.763000 0.043000
2465.550470 13.550000 0.049000
2467.551590 13.201000 0.045000
2490.489730 13.447000 0.049000
2512.514510 12.583000 0.034000
2519.601530 12.998000 0.052000
2520.604230 13.720000 0.044000
2521.613860 13.727000 0.043000
2543.537590 12.940000 0.049000
2545.510510 13.582000 0.043000
2547.513650 13.417000 0.055000
2549.511520 12.844000 0.047000
2560.524650 13.368000 0.042000
2568.495510 12.818000 0.041000
2651.848030 13.402000 0.039000
2655.858390 14.053000 0.041000
2664.853790 13.473000 0.042000
2671.836030 13.066000 0.040000
2685.809310 13.556000 0.038000
2689.840700 13.242000 0.038000
2697.858890 12.799000 0.044000
2703.779770 12.554000 0.040000
2727.781150 13.205000 0.044000
2734.726810 13.561000 0.041000
2736.740840 13.576000 0.038000
2738.754790 13.409000 0.042000
2740.764430 12.782000 0.043000
2750.826060 13.498000 0.041000
2752.730430 12.774000 0.039000
2755.713120 13.667000 0.037000
2757.687150 13.127000 0.043000
2759.752520 12.548000 0.035000
2761.692180 13.582000 0.045000
2763.681690 13.194000 0.042000
2766.744120 13.797000 0.043000
2783.635070 13.585000 0.045000
2786.618490 13.521000 0.041000
2809.642560 13.641000 0.046000
2810.783160 13.698000 0.044000
2812.601630 12.946000 0.046000
2813.767640 13.383000 0.047000
2819.694350 13.300000 0.034000
2831.713190 13.571000 0.036000
2832.753400 13.519000 0.037000
2834.610220 13.561000 0.036000
2835.728640 13.546000 0.035000
2838.719280 13.140000 0.034000
2840.756780 12.785000 0.036000
2854.713030 13.850000 0.032000
2867.505850 13.452000 0.049000
2874.574160 13.238000 0.050000
2876.572140 13.466000 0.048000
2883.534520 13.717000 0.042000
2885.532010 13.445000 0.042000
2888.559270 12.700000 0.040000
2893.569540 13.037000 0.045000
2895.575870 13.663000 0.046000
2905.550060 13.082000 0.038000
2908.566470 13.712000 0.044000
2912.549450 12.903000 0.039000
2915.556930 13.882000 0.037000
2922.519840 13.648000 0.039000
2931.500740 12.512000 0.038000
2933.508370 13.765000 0.038000
3012.864890 13.398000 0.048000
3031.858800 13.848000 0.040000
3035.852560 12.377000 0.040000
3041.884420 12.872000 0.039000
3052.825320 13.112000 0.038000
3055.847950 13.698000 0.036000
3059.811130 12.870000 0.038000
3066.868140 12.886000 0.041000
3069.843340 13.693000 0.040000
3072.834020 12.880000 0.039000
3078.814180 12.943000 0.042000
3081.803820 13.527000 0.038000
3086.833880 13.574000 0.039000
3089.791200 13.316000 0.038000
3092.765240 13.859000 0.035000
3097.739460 13.783000 0.038000
3099.807770 13.566000 0.039000
3106.803480 13.544000 0.041000
3108.841410 13.374000 0.036000
3113.792530 13.676000 0.038000
3115.849750 12.938000 0.040000
3121.776610 12.831000 0.036000
3124.704420 13.644000 0.035000
3126.731970 13.105000 0.042000
3130.745260 13.182000 0.040000
3132.784290 13.365000 0.040000
3134.779920 12.582000 0.039000
3146.605460 13.933000 0.036000
3156.744080 13.649000 0.037000
3158.799650 13.045000 0.042000
3162.610630 13.200000 0.038000
3164.651870 12.847000 0.038000
3166.767790 13.339000 0.048000
3169.575510 13.057000 0.038000
3175.774290 13.493000 0.038000
3178.579550 13.408000 0.036000
3180.683890 13.538000 0.039000
3187.672860 13.401000 0.037000
3452.826340 13.295000 0.042000
1928.841800 12.643000 0.073000
2037.665090 13.123000 0.080000
2052.613980 13.722000 0.078000
2053.658250 13.701000 0.076000
2055.636460 13.141000 0.080000
2056.640250 13.026000 0.076000
2057.634570 12.903000 0.081000
2058.635150 13.610000 0.078000
2081.579270 12.776000 0.073000
2087.578430 13.125000 0.071000
2093.523110 12.633000 0.077000
2094.560710 12.303000 0.072000
2151.542290 13.774000 0.088000
2910.559280 13.411000 0.056000
1914.861900 29.999000 0.054000
1920.862300 29.999000 0.058000
1958.877020 29.999000 0.050000
1963.801440 29.999000 0.044000
1964.855660 29.999000 0.043000
1966.782370 29.999000 0.049000
1971.895600 29.999000 0.054000
1983.898790 29.999000 0.052000
1985.805360 29.999000 0.054000
1996.782600 29.999000 0.058000
2000.764280 29.999000 0.061000
2054.656860 29.999000 0.083000
2083.588270 29.999000 0.061000
2103.549480 29.999000 0.065000
2501.488170 29.999000 0.061000
2502.536250 29.999000 0.046000
2552.507630 29.999000 0.059000
2558.496480 29.999000 0.055000
2559.517900 29.999000 0.065000
2565.494370 29.999000 0.047000
2707.814090 29.999000 0.049000
2711.805870 29.999000 0.044000
2713.790900 29.999000 0.044000
2742.708070 29.999000 0.045000
2775.794300 29.999000 0.042000
2784.883590 29.999000 0.042000
2853.562020 29.999000 0.032000
2858.607770 29.999000 0.033000
2859.673120 29.999000 0.036000
2861.631920 29.999000 0.035000
2878.568740 29.999000 0.036000
2897.584880 29.999000 0.049000
2928.510400 29.999000 0.041000
3183.662010 29.999000 0.038000
3185.639750 29.999000 0.039000
3190.683360 29.999000 0.069000
1935.804930 29.999000 0.041000
1948.846100 29.999000 0.054000
1961.835170 29.999000 0.052000
1967.910550 29.999000 0.053000
1976.868230 29.999000 0.051000
1978.778400 29.999000 0.058000
1979.781180 29.999000 0.058000
1982.758750 29.999000 0.050000
2016.728960 29.999000 0.065000
2079.574170 29.999000 0.080000
2116.518240 29.999000 0.053000
2440.598500 29.999000 0.044000
2495.498100 29.999000 0.066000
2503.545370 29.999000 0.059000
2540.508610 29.999000 0.073000
2662.851960 29.999000 0.041000
2667.855020 29.999000 0.049000
2677.818360 29.999000 0.041000
2719.774820 29.999000 0.038000
2926.500410 29.999000 0.046000
3019.858690 29.999000 0.044000
3075.859640 29.999000 0.036000
3101.842400 29.999000 0.042000
3104.743310 29.999000 0.040000
3111.737130 29.999000 0.037000
3128.716630 29.999000 0.043000
3449.792940 29.999000 0.087000
3043.828390 13.005000 0.043000
1932.876220 13.311000 0.045000
1935.871310 12.511000 0.041000
1938.856180 13.356000 0.043000
1946.885040 13.179000 0.052000
1949.845770 13.565000 0.047000
1953.845870 12.913000 0.045000
1954.837360 13.620000 0.046000
1955.842600 13.574000 0.043000
1964.814060 13.128000 0.046000
1966.813860 13.355000 0.048000
1981.797550 13.673000 0.050000
1982.772440 13.209000 0.050000
1985.827770 13.397000 0.052000
2025.709360 13.266000 0.056000
2026.739740 13.038000 0.053000
2027.737010 12.666000 0.060000
2030.724800 13.646000 0.050000
2032.719900 13.054000 0.050000
2033.709580 12.677000 0.057000
2058.669450 13.173000 0.050000
2081.618640 12.912000 0.055000
2156.509510 12.477000 0.054000
2164.502470 13.540000 0.043000
2172.495320 13.445000 0.057000
2178.537530 13.771000 0.055000
2180.535350 12.929000 0.059000
2189.483170 13.716000 0.057000
2440.631700 13.778000 0.035000
2445.607950 13.502000 0.036000
2460.610130 13.599000 0.036000
2463.584730 12.769000 0.044000
2466.576750 13.423000 0.044000
2468.576320 13.148000 0.036000
2469.572830 13.112000 0.046000
2493.529470 12.911000 0.046000
2499.520150 13.130000 0.040000
2510.639770 13.746000 0.045000
2520.564680 13.728000 0.037000
2526.602400 12.701000 0.049000
2535.560970 13.893000 0.055000
2545.482710 13.570000 0.046000
2547.490620 13.306000 0.050000
2666.866680 12.825000 0.047000
2671.851960 13.185000 0.040000
2678.848570 12.768000 0.037000
2684.840480 12.964000 0.042000
2699.828120 13.776000 0.038000
2702.852520 13.184000 0.036000
2709.838350 12.888000 0.041000
2711.848220 13.486000 0.037000
2713.828780 13.771000 0.036000
2715.830690 12.897000 0.037000
2721.813170 12.899000 0.043000
2725.802480 13.565000 0.038000
2732.815170 13.456000 0.040000
2734.767600 12.921000 0.038000
2736.761410 13.431000 0.036000
2740.782620 12.896000 0.037000
2744.754710 13.134000 0.038000
2752.758150 12.884000 0.038000
2755.738530 13.761000 0.038000
2763.723140 13.244000 0.038000
2784.698760 13.604000 0.037000
2786.636020 13.460000 0.037000
3036.863100 13.993000 0.040000
3052.873550 13.238000 0.037000
3056.846370 13.853000 0.041000
3060.854100 12.667000 0.039000
3071.865760 13.301000 0.037000
3080.868430 13.733000 0.038000
3085.906420 12.863000 0.037000
3091.826840 12.731000 0.038000
3134.858680 12.988000 0.043000
3219.498850 13.291000 0.045000
3397.877340 12.878000 0.061000
3405.879930 13.891000 0.052000
3409.849130 13.055000 0.051000
3417.843650 13.739000 0.050000
3424.862150 13.637000 0.051000
3427.859870 13.185000 0.057000
3430.852310 13.662000 0.066000
3433.856050 13.367000 0.064000
3438.859780 13.501000 0.049000
3442.875570 12.931000 0.042000
3445.856060 13.522000 0.053000
3452.814640 13.215000 0.057000
3457.781340 13.775000 0.054000
3459.836290 12.988000 0.043000
3462.846620 13.437000 0.049000
3465.807300 12.961000 0.045000
3468.793880 13.769000 0.050000
3471.776000 12.948000 0.042000
3477.767140 12.958000 0.046000
3481.798620 13.768000 0.044000
3483.783680 13.027000 0.054000
3490.797760 12.893000 0.039000
3492.799860 13.815000 0.054000
3496.784580 12.913000 0.034000
3499.861510 13.805000 0.045000
3502.707790 12.859000 0.062000
3508.758080 13.010000 0.030000
3510.809960 13.068000 0.040000
3512.685120 13.176000 0.051000
3521.824740 13.096000 0.046000
3524.645760 13.771000 0.051000
3526.696750 13.100000 0.053000
3530.723000 13.787000 0.042000
3538.673110 13.156000 0.048000
3540.670150 13.531000 0.038000
3547.846890 12.699000 0.050000
3551.836460 13.587000 0.047000
3554.764260 13.997000 0.037000
3558.601440 13.665000 0.066000
3560.611310 13.707000 0.049000
3562.621000 13.445000 0.058000
3564.598270 13.340000 0.041000
3569.673960 13.142000 0.034000
3571.700090 12.564000 0.038000
3574.706680 13.678000 0.034000
3576.721130 13.081000 0.037000
3578.698510 13.920000 0.041000
3583.676670 12.806000 0.045000
3585.730720 13.799000 0.041000
3587.741350 13.346000 0.039000
3590.559150 13.479000 0.062000
3592.566510 13.308000 0.063000
3602.710730 12.986000 0.041000
3606.516240 12.809000 0.042000
3617.552710 13.316000 0.043000
3621.651050 13.444000 0.054000
3625.627920 13.005000 0.037000
3633.556480 14.141000 0.042000
3639.576110 14.028000 0.036000
3642.581160 13.558000 0.037000
3646.559200 13.564000 0.033000
3651.543760 13.632000 0.048000
3655.558900 13.378000 0.042000
3658.537170 13.629000 0.044000
3661.516760 12.968000 0.042000
3663.526240 13.035000 0.044000
3666.538450 13.602000 0.041000
3670.500510 13.682000 0.036000
3673.507810 13.343000 0.040000
3755.870870 13.646000 0.041000
3772.873260 12.893000 0.060000
3792.870050 12.620000 0.053000
3796.831160 13.341000 0.042000
3800.870530 13.734000 0.048000
3804.815500 13.023000 0.053000
3811.898950 12.257000 0.063000
3814.870020 13.436000 0.052000
3817.856400 13.231000 0.056000
3820.836030 13.355000 0.047000
3823.830330 13.712000 0.045000
3826.823840 13.465000 0.043000
3829.816740 13.094000 0.051000
3832.791060 13.419000 0.046000
3834.840680 12.996000 0.045000
3837.768830 13.788000 0.047000
3850.871060 13.615000 0.049000
3853.750620 12.826000 0.043000
3862.712350 13.426000 0.047000
3864.710440 12.923000 0.047000
3866.694370 13.850000 0.048000
3868.750970 13.598000 0.048000
3870.761060 13.033000 0.058000
3872.755490 12.900000 0.048000
3881.729080 13.464000 0.042000
3890.712390 12.434000 0.043000
3894.691840 13.385000 0.041000
3901.857640 13.574000 0.039000
3903.893890 13.200000 0.055000
3906.606050 13.141000 0.049000
3908.661610 12.475000 0.061000
4129.866940 12.931000 0.058000
4133.853130 13.401000 0.064000
4137.860740 13.623000 0.056000
4151.848780 13.663000 0.046000
4154.867050 12.530000 0.056000
4161.834740 13.886000 0.053000
4167.867690 12.428000 0.049000
4174.816350 13.459000 0.036000
4183.834310 13.208000 0.051000
4187.843370 13.688000 0.035000
4190.808460 12.941000 0.040000
4192.807350 13.764000 0.036000
4194.827040 13.481000 0.036000
4202.794810 13.222000 0.043000
4204.843910 12.786000 0.036000
4208.785850 13.213000 0.043000
4213.822540 13.929000 0.044000
4216.811860 12.733000 0.034000
4227.775640 13.133000 0.033000
4229.776690 13.864000 0.033000
4231.780860 13.602000 0.037000
4233.779530 13.216000 0.034000
4235.808530 12.328000 0.034000
4238.688910 13.276000 0.040000
4247.639040 13.519000 0.042000
4250.741370 13.488000 0.033000
4253.876910 13.297000 0.039000
4256.647280 13.395000 0.031000
4258.702960 13.159000 0.035000
4269.721990 13.521000 0.033000
4272.665480 13.639000 0.034000
4274.669790 13.485000 0.034000
4277.631220 13.261000 0.032000
4283.714780 12.898000 0.037000
4285.673260 13.466000 0.039000
4289.670090 12.829000 0.034000
4291.671280 13.732000 0.034000
4293.659440 13.510000 0.033000
4295.676140 13.075000 0.032000
4297.666560 13.618000 0.040000
4299.641010 13.515000 0.038000
4301.597940 12.848000 0.043000
4303.607020 13.696000 0.031000
4305.583580 13.319000 0.031000
4307.603920 12.941000 0.044000
4311.697020 14.185000 0.039000
4314.733170 13.104000 0.034000
4317.554250 13.519000 0.033000
4330.506830 13.192000 0.036000
4332.530560 12.570000 0.037000
4338.566650 12.729000 0.041000
4340.621270 13.876000 0.034000
4342.616470 13.495000 0.045000
4344.612860 12.924000 0.040000
4346.612490 13.629000 0.039000
4348.615680 13.579000 0.043000
4350.619550 13.118000 0.042000
4353.512490 13.775000 0.036000
4355.603740 13.498000 0.039000
4357.607720 12.907000 0.036000
4359.576210 13.655000 0.033000
4361.546630 13.299000 0.032000
4363.550600 12.826000 0.033000
4365.573990 13.565000 0.035000
4368.617470 13.533000 0.036000
4371.515410 13.511000 0.042000
4373.546700 12.966000 0.045000
4381.529990 13.232000 0.049000
4384.520200 13.475000 0.035000
4386.554860 13.362000 0.032000
4388.538720 12.709000 0.036000
4392.542590 13.457000 0.043000
4493.870860 13.654000 0.054000
4504.858660 12.673000 0.039000
4508.851010 13.489000 0.052000
4517.865170 12.507000 0.043000
4520.865320 13.401000 0.053000
4523.861060 12.644000 0.035000
4526.855690 13.393000 0.042000
4529.885460 12.949000 0.038000
4533.867070 13.433000 0.036000
4537.812390 13.631000 0.035000
4540.851850 13.170000 0.043000
4543.852280 13.658000 0.042000
4546.816310 13.171000 0.040000
4552.823380 13.656000 0.043000
4555.815320 13.914000 0.037000
4558.818140 13.402000 0.033000
4561.806900 13.980000 0.037000
4564.797060 13.343000 0.035000
4567.791040 13.796000 0.037000
4570.779160 13.362000 0.033000
4572.798440 12.777000 0.034000
4574.785700 13.557000 0.044000
4579.853420 12.667000 0.037000
4583.767890 13.142000 0.034000
4586.796710 13.829000 0.034000
4589.728200 13.141000 0.038000
4591.786640 12.408000 0.037000
4593.802030 13.738000 0.036000
4595.890160 13.561000 0.034000
4600.768190 13.454000 0.040000
4602.720640 12.875000 0.039000
4606.736900 13.586000 0.041000
4609.682810 13.182000 0.035000
4611.724370 13.771000 0.038000
4616.728450 13.548000 0.034000
4618.733550 13.754000 0.040000
4622.696100 13.510000 0.039000
4624.828790 13.695000 0.049000
4626.613120 12.835000 0.036000
4630.676130 13.476000 0.035000
4632.677490 13.244000 0.037000
4638.824510 13.437000 0.047000
4640.808840 12.958000 0.040000
4642.804290 13.641000 0.052000
4644.850730 13.733000 0.044000
4649.632260 13.375000 0.053000
4651.655720 12.852000 0.044000
4653.664070 13.751000 0.034000
4655.611920 13.479000 0.037000
4657.651560 13.171000 0.038000
4662.663780 13.705000 0.042000
4664.661530 12.795000 0.038000
4666.665640 13.782000 0.037000
4670.627840 12.650000 0.036000
4675.685420 13.561000 0.050000
4678.683310 13.983000 0.049000
4681.601330 13.308000 0.044000
4683.601620 12.891000 0.038000
4685.582180 13.909000 0.040000
4687.573130 13.268000 0.035000
4691.597690 13.496000 0.036000
4694.651690 13.372000 0.039000
4698.619460 13.650000 0.042000
4700.617680 13.128000 0.060000
4704.614500 13.686000 0.056000
4706.659030 13.608000 0.035000
4716.551410 13.570000 0.039000
4720.606060 12.936000 0.053000
4722.641660 13.409000 0.053000
4729.535230 13.324000 0.036000
4734.603720 13.830000 0.065000
4739.510190 13.819000 0.044000
4744.527740 12.487000 0.053000
4746.540820 13.771000 0.066000
4753.510420 13.461000 0.057000
4755.557770 13.486000 0.050000
4764.517570 13.690000 0.060000
4767.512350 13.260000 0.052000
4852.876870 13.752000 0.045000
4867.885230 12.762000 0.049000
4871.867610 13.442000 0.046000
4876.873570 13.428000 0.042000
4884.832940 13.124000 0.047000
4892.833870 13.033000 0.056000
4902.901950 13.760000 0.049000
4916.799990 12.569000 0.048000
4919.819130 13.681000 0.046000
4926.867510 13.699000 0.045000
4947.752740 12.603000 0.047000
4950.760770 13.494000 0.050000
4952.799820 13.391000 0.046000
4954.790960 13.173000 0.045000
4967.785000 13.688000 0.047000
4969.822860 13.544000 0.047000
4975.729750 13.244000 0.045000
4985.683100 13.525000 0.045000
4991.743720 13.010000 0.047000
4994.764190 13.683000 0.050000
5012.656940 13.507000 0.048000
5014.618190 12.552000 0.045000
5021.728680 12.805000 0.045000
5023.733050 13.872000 0.043000
5031.615490 13.370000 0.040000
5057.567950 12.737000 0.044000
5063.577190 13.005000 0.048000
5104.595780 13.748000 0.045000
1984.819770 12.682000 0.056000
1995.810730 13.274000 0.062000
1996.807250 12.893000 0.057000
2008.716540 12.589000 0.064000
2016.769880 13.913000 0.059000
2040.699110 13.611000 0.080000
2056.674520 13.138000 0.075000
2068.637250 12.983000 0.071000
2069.646610 12.819000 0.073000
2070.639190 12.550000 0.071000
2082.634320 12.588000 0.067000
2088.604940 12.458000 0.069000
2203.502610 13.553000 0.081000
3390.871560 13.287000 0.073000
3402.871240 13.309000 0.072000
3421.837730 13.188000 0.082000
3479.827400 13.033000 0.085000
3528.723000 13.384000 0.084000
3619.606530 13.220000 0.071000
3759.863140 13.107000 0.074000
3763.873130 13.704000 0.065000
3767.870170 12.984000 0.085000
3789.845510 13.283000 0.082000
3848.818170 13.179000 0.055000
3892.703140 13.717000 0.060000
4141.849900 12.966000 0.071000
4157.878440 13.576000 0.068000
4177.855140 13.530000 0.069000
4198.756370 13.467000 0.071000
4245.670960 12.850000 0.046000
4281.700980 13.490000 0.078000
4726.542700 12.865000 0.067000
4761.519190 13.362000 0.071000
4906.813730 13.945000 0.072000
4935.802110 12.461000 0.050000
4959.783840 13.165000 0.049000
4962.709080 13.496000 0.048000
4987.691880 13.643000 0.050000
4989.720400 12.919000 0.049000
5006.787940 13.853000 0.052000
5040.710950 12.874000 0.047000
5042.603250 13.703000 0.050000
5047.687490 13.250000 0.057000
5049.717600 13.415000 0.052000
5075.651370 13.456000 0.048000
5083.653910 12.687000 0.052000
5086.514630 13.533000 0.047000
5088.571200 12.901000 0.055000
5098.509150 13.396000 0.047000
1962.800190 29.999000 0.053000
1979.752690 29.999000 0.059000
1983.907970 29.999000 0.053000
1998.811120 29.999000 0.063000
2000.808440 29.999000 0.060000
2055.673290 29.999000 0.070000
2086.610820 29.999000 0.067000
2442.628140 29.999000 0.041000
2465.585120 29.999000 0.045000
2473.524360 29.999000 0.046000
2490.535710 29.999000 0.047000
2491.535660 29.999000 0.059000
2502.562000 29.999000 0.044000
2563.537300 29.999000 0.042000
2663.857100 29.999000 0.045000
2681.848570 29.999000 0.038000
2693.836680 29.999000 0.042000
2705.809320 29.999000 0.041000
2727.804130 29.999000 0.037000
2750.866200 29.999000 0.042000
2759.798340 29.999000 0.036000
2761.747020 29.999000 0.046000
2812.625340 29.999000 0.039000
2821.568450 29.999000 0.036000
2832.583170 29.999000 0.035000
3064.843810 29.999000 0.039000
3074.876630 29.999000 0.036000
3088.842680 29.999000 0.037000
3104.787340 29.999000 0.038000
3106.850600 29.999000 0.039000
3109.775760 29.999000 0.036000
3631.532670 29.999000 0.041000
3653.546330 29.999000 0.041000
3676.504950 29.999000 0.042000
3808.816610 29.999000 0.062000
3855.842530 29.999000 0.044000
1980.773690 29.999000 0.062000
2085.607180 29.999000 0.046000
2094.572850 29.999000 0.077000
2103.579490 29.999000 0.061000
2184.547170 29.999000 0.070000
2452.592880 29.999000 0.050000
2454.605420 29.999000 0.044000
2459.551760 29.999000 0.051000
2464.583730 29.999000 0.042000
2481.530090 29.999000 0.054000
2482.551550 29.999000 0.056000
2486.540510 29.999000 0.050000
2489.531760 29.999000 0.048000
2495.516820 29.999000 0.052000
2501.518430 29.999000 0.061000
2503.566690 29.999000 0.048000
2511.688570 29.999000 0.056000
2529.538920 29.999000 0.070000
2558.530710 29.999000 0.043000
2707.837630 29.999000 0.045000
2719.814770 29.999000 0.039000
2723.807400 29.999000 0.040000
2742.759200 29.999000 0.039000
2757.742250 29.999000 0.041000
2775.757050 29.999000 0.046000
2787.789970 29.999000 0.038000
2854.531220 29.999000 0.030000
3032.873680 29.999000 0.045000
3101.808730 29.999000 0.038000
3112.764040 29.999000 0.035000
3156.671820 29.999000 0.040000
3454.900910 29.999000 0.049000
3516.689330 29.999000 0.039000
3542.812080 29.999000 0.045000
3597.676770 29.999000 0.048000
3628.607880 29.999000 0.035000
3875.862240 29.999000 0.046000
3886.730410 29.999000 0.042000
3899.799390 29.999000 0.050000
4144.885890 29.999000 0.061000
4164.884800 29.999000 0.058000
4309.650290 29.999000 0.047000
4378.573750 29.999000 0.042000
4576.792560 29.999000 0.042000
4647.578250 29.999000 0.045000
4660.605090 29.999000 0.042000
4672.650380 29.999000 0.040000
4709.615240 29.999000 0.058000
4758.530450 29.999000 0.061000
4938.777990 29.999000 0.050000
1922.859580 12.510000 0.057000
1924.853630 13.728000 0.055000
1929.841950 13.830000 0.055000
1933.841360 13.068000 0.053000
1936.823920 13.768000 0.050000
1946.833080 12.976000 0.063000
1948.862390 13.518000 0.057000
1950.811210 13.559000 0.053000
1953.802370 12.955000 0.046000
1963.806030 13.294000 0.047000
1978.799260 12.927000 0.056000
1985.891260 12.608000 0.056000
2085.579910 13.665000 0.051000
2103.556580 13.607000 0.063000
2169.516780 13.629000 0.056000
2468.555480 12.957000 0.039000
2510.617690 13.499000 0.045000
2524.564060 13.263000 0.059000
2526.599440 12.790000 0.063000
2535.558010 13.610000 0.065000
2543.495150 12.875000 0.059000
2548.501620 13.054000 0.054000
2559.527010 13.498000 0.057000
2561.507680 13.118000 0.057000
2568.497230 12.838000 0.048000
2651.864110 13.397000 0.050000
2655.865320 13.793000 0.049000
2659.837760 12.810000 0.051000
2662.854010 13.871000 0.050000
2664.855860 13.379000 0.050000
2671.838170 13.304000 0.048000
2680.810500 13.988000 0.048000
2683.804930 13.223000 0.045000
2689.845450 13.273000 0.050000
2697.866160 12.845000 0.050000
2700.835130 13.517000 0.051000
2703.782230 12.530000 0.054000
2709.814860 12.757000 0.045000
2711.801510 13.334000 0.048000
2713.804940 13.412000 0.048000
2715.795960 13.012000 0.052000
2725.757340 13.354000 0.050000
2727.790850 13.002000 0.048000
2731.870810 13.868000 0.049000
2734.738820 13.218000 0.048000
2736.739080 13.575000 0.050000
2740.767180 12.834000 0.051000
2752.728740 12.747000 0.048000
2757.701470 13.050000 0.049000
2759.750860 12.659000 0.051000
2763.675400 13.097000 0.045000
2766.735380 13.885000 0.044000
2782.751600 13.292000 0.049000
2785.809100 13.663000 0.056000
2787.750430 13.659000 0.048000
2790.893060 13.157000 0.053000
2794.618710 12.853000 0.052000
2809.735010 13.135000 0.051000
2812.608940 13.104000 0.050000
2826.585250 13.287000 0.033000
2851.723210 12.989000 0.038000
2854.528320 13.590000 0.035000
2859.636410 13.717000 0.041000
2872.647490 13.820000 0.048000
2883.519870 13.899000 0.051000
2888.551880 12.881000 0.050000
2910.537400 13.693000 0.053000
2912.539500 12.847000 0.050000
2927.516840 13.703000 0.046000
2930.499620 13.041000 0.050000
3036.833620 13.623000 0.047000
3052.838310 13.337000 0.049000
3055.874230 13.757000 0.048000
3059.823810 12.877000 0.049000
3067.874670 13.339000 0.045000
3070.831340 13.319000 0.049000
3076.838430 13.533000 0.046000
3089.796710 13.210000 0.046000
3092.776010 13.825000 0.043000
3096.870060 13.294000 0.047000
3103.766000 12.655000 0.050000
3107.811150 13.455000 0.046000
3112.790100 13.809000 0.049000
3118.735880 13.721000 0.042000
3122.725320 13.855000 0.046000
3126.753180 13.100000 0.048000
3128.714760 13.800000 0.051000
3132.777040 13.249000 0.047000
3146.600970 13.684000 0.047000
3160.723840 13.354000 0.056000
3168.769080 13.509000 0.051000
3180.638420 13.464000 0.051000
3219.544570 12.480000 0.040000
3387.854120 13.703000 0.055000
3391.854480 12.769000 0.066000
3403.859350 13.138000 0.057000
3406.876920 13.447000 0.062000
3423.868230 12.723000 0.062000
3443.848040 13.848000 0.053000
3446.817230 13.168000 0.052000
3454.849420 12.355000 0.062000
3458.847380 13.350000 0.054000
3464.757480 13.174000 0.050000
3466.821960 12.479000 0.046000
3469.796660 13.506000 0.046000
3472.749120 13.807000 0.049000
3474.838630 13.773000 0.059000
3477.727940 12.796000 0.058000
3479.780720 14.138000 0.051000
3481.761790 13.725000 0.053000
3483.770410 12.949000 0.057000
3490.764220 12.915000 0.065000
3492.752390 13.673000 0.058000
3496.747740 12.903000 0.052000
3504.664910 13.772000 0.053000
3508.741460 13.071000 0.040000
3510.798420 13.226000 0.040000
3516.679900 13.593000 0.047000
3521.815110 13.172000 0.064000
3526.607270 12.932000 0.051000
3530.655560 13.674000 0.054000
3538.629070 13.022000 0.055000
3547.803880 12.649000 0.054000
3551.791910 13.384000 0.065000
3554.753940 13.976000 0.050000
3560.589700 13.964000 0.056000
3562.590160 13.150000 0.052000
3564.568740 13.955000 0.048000
3569.670800 13.257000 0.042000
3571.696150 12.562000 0.046000
3574.703590 13.174000 0.041000
3576.718040 13.188000 0.045000
3578.695350 13.975000 0.059000
3583.672730 12.780000 0.058000
3586.541480 13.213000 0.055000
3588.578480 12.815000 0.052000
3590.661840 13.652000 0.053000
3596.609040 13.785000 0.057000
3619.599490 13.034000 0.054000
3622.506360 13.550000 0.064000
3626.571800 12.460000 0.046000
3630.549670 13.229000 0.047000
3632.555960 12.576000 0.053000
3635.538140 13.381000 0.058000
3639.539710 14.040000 0.048000
3642.542930 13.457000 0.050000
3646.538540 13.796000 0.044000
3649.508010 12.935000 0.060000
3651.506750 14.197000 0.056000
3658.504880 13.624000 0.051000
3755.852880 13.692000 0.053000
3758.857710 13.406000 0.055000
3772.843850 12.876000 0.066000
3775.854170 13.597000 0.059000
3795.861120 13.549000 0.060000
3802.814790 13.311000 0.063000
3805.843660 13.948000 0.053000
3808.840900 13.289000 0.062000
3814.793230 13.279000 0.064000
3817.782910 13.835000 0.053000
3820.800630 13.480000 0.058000
3823.793320 13.778000 0.062000
3826.779510 13.426000 0.057000
3833.841050 13.190000 0.048000
3835.811580 12.814000 0.059000
3837.830960 13.486000 0.058000
3850.784070 13.564000 0.063000
3852.823180 13.238000 0.055000
3859.762740 13.090000 0.053000
3863.740960 13.526000 0.049000
3865.715310 12.888000 0.054000
3867.732410 13.577000 0.054000
3871.755640 12.844000 0.052000
3874.840380 13.918000 0.060000
3877.645250 13.009000 0.059000
3880.686830 13.834000 0.052000
3882.718620 13.255000 0.055000
3886.721100 13.827000 0.052000
3890.701010 12.488000 0.050000
3894.674830 13.683000 0.045000
3901.833430 13.715000 0.049000
3903.848410 13.010000 0.051000
3908.607700 13.577000 0.066000
4127.840500 13.361000 0.064000
4135.836540 12.720000 0.058000
4150.869040 13.987000 0.054000
4153.847930 12.977000 0.056000
4160.844060 12.762000 0.049000
4173.836730 12.943000 0.045000
4176.817560 13.652000 0.057000
4179.846350 12.665000 0.048000
4182.796350 13.516000 0.052000
4185.789880 13.088000 0.046000
4189.751070 13.163000 0.039000
4191.791720 12.894000 0.044000
4199.765620 13.388000 0.054000
4202.831540 13.253000 0.050000
4204.836940 12.621000 0.047000
4207.881620 13.514000 0.049000
4213.775020 13.206000 0.044000
4216.766850 12.942000 0.043000
4227.736000 12.893000 0.037000
4233.743250 13.232000 0.040000
4235.741830 13.962000 0.043000
4245.636720 13.095000 0.050000
4246.800280 13.139000 0.044000
4253.778180 12.872000 0.042000
4256.607060 13.292000 0.039000
4258.659210 12.735000 0.040000
4269.703630 13.247000 0.038000
4272.633890 13.616000 0.038000
4278.662500 13.866000 0.043000
4282.666210 12.873000 0.056000
4284.670470 13.566000 0.045000
4292.611210 13.532000 0.038000
4296.616720 13.962000 0.049000
4298.621340 13.269000 0.043000
4300.575290 13.015000 0.048000
4304.567170 13.479000 0.036000
4306.584110 13.180000 0.038000
4308.623110 12.566000 0.050000
4310.682500 13.387000 0.045000
4315.699150 12.525000 0.043000
4319.573070 12.833000 0.046000
4330.499570 13.206000 0.042000
4332.523300 13.037000 0.047000
4334.539740 13.464000 0.042000
4338.563460 12.575000 0.038000
4340.618080 13.786000 0.049000
4344.609660 13.037000 0.052000
4346.609290 13.826000 0.061000
4348.612490 13.521000 0.056000
4350.616350 13.066000 0.066000
4353.508510 13.621000 0.043000
4355.600560 13.405000 0.044000
4358.490760 13.622000 0.039000
4360.490450 13.140000 0.042000
4362.553610 13.046000 0.043000
4364.554190 13.719000 0.044000
4368.539830 13.198000 0.043000
4373.501470 13.444000 0.056000
4376.527780 13.361000 0.048000
4378.548120 13.465000 0.053000
4381.520520 12.874000 0.050000
4387.498770 12.841000 0.040000
4389.500930 13.719000 0.044000
4487.866090 13.680000 0.056000
4491.867960 13.153000 0.053000
4499.863880 14.138000 0.055000
4503.842470 12.865000 0.053000
4510.841550 12.823000 0.048000
4522.841730 13.036000 0.044000
4525.842150 13.456000 0.051000
4528.879880 13.137000 0.046000
4531.851970 13.697000 0.042000
4535.858540 12.912000 0.043000
4538.829260 13.499000 0.045000
4541.800800 12.982000 0.049000
4547.780690 12.774000 0.047000
4550.801330 13.535000 0.046000
4552.872790 13.492000 0.045000
4555.782460 13.691000 0.043000
4558.769870 13.151000 0.044000
4560.838490 12.858000 0.043000
4563.761960 13.538000 0.052000
4565.819690 13.273000 0.043000
4568.746870 13.669000 0.047000
4570.810680 13.575000 0.043000
4572.776000 12.477000 0.041000
4576.770800 13.525000 0.045000
4579.847130 12.732000 0.055000
4583.727010 12.863000 0.042000
4589.686700 12.893000 0.046000
4593.758530 13.849000 0.042000
4595.822940 13.313000 0.040000
4597.742960 12.794000 0.040000
4602.681820 12.703000 0.047000
4606.696320 13.377000 0.053000
4609.639120 13.650000 0.044000
4611.684200 13.629000 0.046000
4618.692580 13.512000 0.044000
4623.863540 12.785000 0.049000
4626.570240 12.796000 0.041000
4630.641130 13.220000 0.041000
4632.659050 13.171000 0.046000
4640.805910 12.969000 0.041000
4642.801410 13.943000 0.050000
4645.546670 13.230000 0.045000
4647.587470 14.080000 0.059000
4649.603520 13.383000 0.050000
4653.647440 13.938000 0.044000
4655.591600 13.476000 0.046000
4657.636050 12.772000 0.045000
4662.656530 13.513000 0.058000
4664.654200 12.696000 0.048000
4666.658570 13.590000 0.054000
4670.620650 12.724000 0.039000
4672.643830 13.598000 0.054000
4675.679680 13.354000 0.062000
4678.677410 13.921000 0.057000
4681.594730 13.263000 0.050000
4683.594780 13.376000 0.053000
4685.571700 13.772000 0.063000
4687.560110 13.839000 0.050000
4691.594330 13.736000 0.050000
4694.645000 13.232000 0.064000
4700.614450 13.064000 0.053000
4702.619510 13.088000 0.050000
4704.611190 13.504000 0.063000
4707.591550 13.068000 0.066000
4716.548140 13.292000 0.046000
4720.602850 12.906000 0.056000
4726.583610 12.751000 0.060000
4729.573460 13.421000 0.056000
4733.523880 13.681000 0.060000
4737.535960 13.049000 0.047000
4740.525770 13.759000 0.041000
4743.512750 12.961000 0.052000
4745.525970 14.024000 0.056000
4754.505350 13.347000 0.062000
4758.492720 13.828000 0.065000
4847.855340 13.062000 0.051000
4862.856480 14.004000 0.049000
4867.838020 13.254000 0.053000
4870.862180 13.560000 0.048000
4876.846560 13.636000 0.054000
4883.895460 13.367000 0.044000
4891.819800 13.065000 0.059000
4901.895470 13.523000 0.057000
4905.772830 14.001000 0.061000
4916.745420 13.156000 0.056000
4921.785510 13.082000 0.058000
4926.829200 13.730000 0.058000
4929.833360 12.406000 0.060000
4940.725610 12.729000 0.063000
4948.725990 13.751000 0.061000
4951.714330 13.538000 0.058000
4959.766220 13.018000 0.058000
4967.738680 13.706000 0.062000
4969.751940 13.498000 0.056000
4975.644160 13.318000 0.059000
4984.694120 12.692000 0.060000
4992.859440 12.402000 0.060000
5015.648310 13.453000 0.058000
5024.559830 13.954000 0.054000
5031.612480 13.387000 0.045000
5037.536030 12.951000 0.047000
5039.528750 13.437000 0.050000
5041.538090 13.459000 0.049000
5057.563940 12.718000 0.052000
5063.574000 12.865000 0.055000
5093.578200 13.681000 0.059000
2037.670160 13.548000 0.069000
2083.582010 13.902000 0.073000
2175.487530 13.710000 0.067000
2178.505570 13.471000 0.071000
2185.516060 13.496000 0.076000
2833.684340 12.734000 0.060000
3410.846910 12.871000 0.068000
3426.828990 13.323000 0.069000
3592.672550 13.557000 0.071000
3762.858760 13.830000 0.075000
3767.849740 13.306000 0.075000
3792.845580 13.893000 0.068000
3798.865550 12.674000 0.067000
3906.566260 13.094000 0.075000
4312.703430 13.669000 0.070000
4516.818110 12.945000 0.059000
4710.551980 13.250000 0.068000
4724.526290 13.644000 0.074000
4762.493850 12.897000 0.073000
4937.800040 13.584000 0.067000
4945.843640 13.460000 0.075000
4962.671760 13.428000 0.068000
4972.845020 12.853000 0.073000
4986.674600 13.249000 0.061000
4988.689140 13.324000 0.061000
5017.778490 13.596000 0.061000
5088.598490 13.134000 0.068000
5098.505880 13.138000 0.071000
5110.509170 13.589000 0.068000
1920.871060 29.999000 0.060000
1954.817430 29.999000 0.045000
1955.831980 29.999000 0.049000
1961.839770 29.999000 0.054000
1964.860280 29.999000 0.048000
1966.786990 29.999000 0.050000
1968.783630 29.999000 0.055000
1976.861770 29.999000 0.050000
1979.831630 29.999000 0.058000
1980.756280 29.999000 0.057000
1984.774320 29.999000 0.057000
1985.789920 29.999000 0.055000
1997.782670 29.999000 0.066000
2172.542480 29.999000 0.062000
2441.595560 29.999000 0.039000
2442.596350 29.999000 0.045000
2452.554340 29.999000 0.053000
2456.555500 29.999000 0.048000
2459.560590 29.999000 0.044000
2464.560640 29.999000 0.043000
2465.564380 29.999000 0.044000
2467.545180 29.999000 0.036000
2469.552100 29.999000 0.048000
2473.486780 29.999000 0.049000
2481.495730 29.999000 0.054000
2486.533180 29.999000 0.058000
2489.510500 29.999000 0.057000
2491.502030 29.999000 0.061000
2494.511060 29.999000 0.038000
2502.512630 29.999000 0.050000
2503.526650 29.999000 0.049000
2508.641350 29.999000 0.057000
2520.561700 29.999000 0.035000
2544.509110 29.999000 0.063000
2546.517380 29.999000 0.053000
2553.501140 29.999000 0.057000
2558.505880 29.999000 0.052000
2563.510710 29.999000 0.052000
2637.865100 29.999000 0.051000
2667.857110 29.999000 0.052000
2677.846670 29.999000 0.051000
2694.798360 29.999000 0.049000
2719.772920 29.999000 0.047000
2721.766950 29.999000 0.055000
2723.788810 29.999000 0.055000
2738.787710 29.999000 0.052000
2742.725560 29.999000 0.051000
2744.730000 29.999000 0.049000
2747.785740 29.999000 0.051000
2750.824380 29.999000 0.046000
2755.709160 29.999000 0.049000
2761.683580 29.999000 0.051000
2775.722020 29.999000 0.046000
2784.678310 29.999000 0.050000
2805.833030 29.999000 0.053000
2810.840810 29.999000 0.050000
2821.536120 29.999000 0.043000
2829.590070 29.999000 0.040000
2832.562260 29.999000 0.040000
2836.714200 29.999000 0.045000
2843.653170 29.999000 0.049000
2858.559630 29.999000 0.040000
2861.615120 29.999000 0.042000
2866.590560 29.999000 0.045000
2868.646670 29.999000 0.052000
2875.656690 29.999000 0.056000
2877.643360 29.999000 0.050000
2885.524660 29.999000 0.051000
2895.525490 29.999000 0.050000
2901.529680 29.999000 0.058000
2905.521470 29.999000 0.045000
2916.517640 29.999000 0.050000
2921.533670 29.999000 0.048000
2924.503380 29.999000 0.047000
3032.842330 29.999000 0.053000
3042.849520 29.999000 0.051000
3063.839370 29.999000 0.051000
3073.834210 29.999000 0.046000
3079.815190 29.999000 0.054000
3082.811940 29.999000 0.047000
3086.828370 29.999000 0.051000
3098.813610 29.999000 0.046000
3100.812850 29.999000 0.047000
3105.804190 29.999000 0.050000
3110.738730 29.999000 0.050000
3114.829470 29.999000 0.045000
3124.777900 29.999000 0.048000
3130.738070 29.999000 0.047000
3142.794380 29.999000 0.049000
3153.681250 29.999000 0.041000
3158.712890 29.999000 0.050000
3163.737900 29.999000 0.048000
3171.723110 29.999000 0.047000
3175.716340 29.999000 0.050000
3183.633140 29.999000 0.049000
3185.624360 29.999000 0.047000
3187.652440 29.999000 0.047000
3190.670570 29.999000 0.073000
3396.847270 29.999000 0.048000
3399.864860 29.999000 0.066000
3413.866410 29.999000 0.060000
3417.833070 29.999000 0.076000
3432.843640 29.999000 0.050000
3436.864710 29.999000 0.052000
3456.823070 29.999000 0.055000
3487.758020 29.999000 0.051000
3499.753500 29.999000 0.064000
3501.797310 29.999000 0.058000
3512.681800 29.999000 0.051000
3528.655800 29.999000 0.049000
3540.648750 29.999000 0.049000
3544.760950 29.999000 0.055000
3558.592640 29.999000 0.052000
3602.579960 29.999000 0.050000
3604.589320 29.999000 0.052000
3609.494320 29.999000 0.061000
3617.549240 29.999000 0.050000
3654.526410 29.999000 0.055000
3661.498420 29.999000 0.057000
3751.857720 29.999000 0.065000
3789.815750 29.999000 0.055000
3811.821310 29.999000 0.057000
3829.767200 29.999000 0.050000
3831.833010 29.999000 0.050000
3848.776550 29.999000 0.062000
3855.706510 29.999000 0.055000
3869.743030 29.999000 0.052000
3892.664960 29.999000 0.050000
4142.824760 29.999000 0.050000
4146.824230 29.999000 0.059000
4157.812910 29.999000 0.067000
4163.847520 29.999000 0.066000
4166.857800 29.999000 0.063000
4193.781280 29.999000 0.043000
4196.828610 29.999000 0.048000
4229.736290 29.999000 0.045000
4231.744370 29.999000 0.047000
4250.705650 29.999000 0.039000
4274.643190 29.999000 0.037000
4290.662220 29.999000 0.036000
4302.624630 29.999000 0.060000
4342.609780 29.999000 0.048000
4481.867220 29.999000 0.059000
4506.856450 29.999000 0.045000
4519.840450 29.999000 0.049000
4574.747260 29.999000 0.043000
4586.756030 29.999000 0.039000
4591.726800 29.999000 0.044000
4616.678270 29.999000 0.040000
4638.820960 29.999000 0.044000
4660.596980 29.999000 0.047000
4698.616230 29.999000 0.053000
4850.858140 29.999000 0.056000
4918.844150 29.999000 0.057000
4955.746290 29.999000 0.056000
5022.516130 29.999000 0.052000
5047.684330 29.999000 0.072000
5084.570410 29.999000 0.055000
5086.572870 29.999000 0.062000
2463.595740 12.806000 0.046000
2685.832660 12.793000 0.041000
2703.811470 12.694000 0.039000
2719.816720 13.415000 0.040000
2727.808290 13.279000 0.043000
2853.700800 13.761000 0.040000
2894.585360 12.870000 0.045000
3052.891490 13.269000 0.037000
2453.742720 29.999000 0.046000
2454.629740 29.999000 0.054000
2490.549680 29.999000 0.048000
2763.738540 29.999000 0.044000
2775.775360 29.999000 0.046000
3056.860920 29.999000 0.040000
