2628.841770 10.431000 0.053000
1929.803730 11.476000 0.025000
1958.801280 11.357000 0.034000
1961.791710 10.908000 0.031000
1962.851800 10.899000 0.036000
1965.780120 11.524000 0.030000
1967.828750 11.489000 0.034000
2031.649930 10.897000 0.029000
2062.560540 11.440000 0.032000
2085.529910 11.420000 0.029000
2094.574120 11.219000 0.029000
2102.479490 10.667000 0.029000
2104.523650 10.407000 0.030000
2106.514460 11.532000 0.027000
2115.600190 11.075000 0.029000
2117.499930 11.382000 0.030000
2129.477520 11.541000 0.027000
2131.513500 11.417000 0.028000
2133.526830 11.453000 0.028000
2135.537500 11.421000 0.030000
2141.532920 10.418000 0.033000
2144.474940 11.464000 0.029000
2512.535820 11.455000 0.030000
2521.520150 10.588000 0.022000
2726.750580 11.491000 0.032000
2733.738520 11.043000 0.030000
2735.734860 10.498000 0.023000
2737.696600 11.507000 0.032000
2741.695440 11.440000 0.030000
2742.843870 11.474000 0.035000
2747.749230 10.713000 0.026000
2750.786780 11.018000 0.031000
2752.700490 11.456000 0.026000
2759.669800 10.365000 0.024000
2760.764470 10.612000 0.023000
2784.655790 11.324000 0.024000
2785.780900 10.587000 0.025000
2787.732320 11.453000 0.024000
2809.584410 11.456000 0.023000
2810.684340 11.529000 0.028000
2812.581040 11.385000 0.029000
2813.750880 11.428000 0.030000
2819.615350 10.353000 0.023000
2821.621570 11.552000 0.024000
2826.609310 11.245000 0.024000
2831.616480 10.364000 0.024000
2836.560430 11.425000 0.024000
2839.616260 11.250000 0.028000
2853.511020 10.411000 0.023000
2854.589720 10.647000 0.025000
2858.589170 11.380000 0.026000
2860.577870 11.433000 0.025000
2862.554820 11.237000 0.029000
2866.593830 10.750000 0.027000
2875.515560 10.968000 0.028000
2877.514300 10.637000 0.026000
2879.517020 11.347000 0.026000
2883.492090 11.461000 0.025000
2885.511000 11.327000 0.026000
2895.528280 11.498000 0.026000
2898.506070 11.184000 0.026000
2900.501050 10.894000 0.024000
2906.491430 11.430000 0.025000
3057.862110 10.603000 0.036000
3067.868900 11.152000 0.026000
3069.848250 10.637000 0.027000
3071.817810 11.517000 0.028000
3074.783240 11.470000 0.027000
3077.754050 10.992000 0.026000
3079.806300 10.880000 0.023000
3086.785910 11.448000 0.024000
3088.858570 11.484000 0.025000
3093.767440 10.354000 0.026000
3097.715940 11.497000 0.025000
3101.780610 11.224000 0.027000
3103.812000 11.042000 0.030000
3105.802430 10.554000 0.025000
3107.804870 11.344000 0.025000
3110.668140 11.283000 0.026000
3112.717930 11.198000 0.026000
3114.757920 10.985000 0.024000
3116.778970 10.765000 0.025000
3121.713350 11.504000 0.028000
3125.690300 11.055000 0.024000
3127.684730 10.567000 0.032000
3129.726850 10.403000 0.032000
3131.751240 11.571000 0.029000
3133.754240 11.459000 0.026000
3144.794490 11.539000 0.024000
3153.704590 10.357000 0.024000
3156.592180 11.505000 0.025000
3158.731900 11.447000 0.030000
3163.753710 11.032000 0.024000
3169.510080 11.111000 0.028000
3176.496760 11.491000 0.023000
3178.633070 11.418000 0.028000
3185.673740 11.140000 0.029000
3187.717280 11.017000 0.029000
1976.820890 10.328000 0.042000
2037.633560 11.454000 0.035000
2054.610700 11.011000 0.035000
2055.585610 10.720000 0.035000
2079.520300 10.436000 0.033000
2086.527400 11.405000 0.033000
2093.491180 11.523000 0.034000
2498.516990 11.091000 0.033000
2502.517790 11.439000 0.041000
2503.531750 11.468000 0.039000
2843.614930 10.443000 0.046000
3160.750990 11.381000 0.042000
1887.859630 11.151000 0.037000
1900.842970 10.995000 0.028000
1903.846780 10.322000 0.028000
1905.853190 11.531000 0.027000
1907.849750 11.417000 0.026000
1914.801800 10.384000 0.030000
1919.808220 11.494000 0.031000
1921.807350 11.363000 0.028000
1924.873960 11.159000 0.029000
1925.864200 11.005000 0.026000
1926.855950 10.793000 0.026000
1928.887430 10.455000 0.034000
1930.795380 11.465000 0.025000
1932.792900 11.418000 0.027000
1935.744300 10.928000 0.027000
1937.824260 10.892000 0.027000
1939.826290 10.415000 0.026000
1946.749560 11.080000 0.028000
1948.788410 10.968000 0.029000
1953.777560 11.426000 0.029000
1954.797270 11.423000 0.033000
1955.805010 11.440000 0.029000
1958.797390 11.282000 0.031000
1961.785610 10.813000 0.030000
1964.801160 10.887000 0.028000
1965.782990 11.480000 0.029000
1966.798870 11.397000 0.029000
1967.812780 11.424000 0.032000
1976.814770 10.382000 0.038000
1982.741430 11.237000 0.034000
2025.637670 11.456000 0.030000
2026.650350 11.436000 0.030000
2027.640050 11.413000 0.031000
2030.624260 10.953000 0.032000
2031.648020 10.888000 0.030000
2032.631280 10.598000 0.028000
2037.631620 11.414000 0.033000
2052.570210 11.192000 0.033000
2053.600850 11.121000 0.031000
2054.606280 11.010000 0.035000
2056.587320 10.441000 0.029000
2057.577980 10.839000 0.032000
2067.540020 10.530000 0.031000
2068.556040 10.342000 0.031000
2069.563130 10.938000 0.030000
2070.553470 11.520000 0.029000
2081.522030 11.512000 0.031000
2085.520690 11.465000 0.028000
2086.524930 11.402000 0.032000
2087.516290 11.248000 0.032000
2088.517240 11.115000 0.027000
2129.486050 11.416000 0.027000
2131.526510 11.456000 0.027000
2440.544360 11.446000 0.023000
2442.534940 11.418000 0.024000
2443.534780 11.334000 0.024000
2452.501590 11.456000 0.028000
2456.506950 11.175000 0.030000
2459.497240 10.574000 0.025000
2464.490440 11.442000 0.029000
2466.486640 11.368000 0.027000
2468.512700 11.228000 0.026000
2470.499010 10.877000 0.030000
2494.497300 10.978000 0.033000
2497.471130 11.227000 0.030000
2499.498780 11.475000 0.029000
2623.855250 11.299000 0.027000
2635.836590 11.252000 0.026000
2639.834420 10.536000 0.025000
2643.828430 11.486000 0.027000
2646.826710 11.372000 0.025000
2652.841260 10.401000 0.026000
2657.828330 11.431000 0.031000
2659.855870 11.390000 0.035000
2662.794320 10.726000 0.031000
2664.822480 10.348000 0.026000
2667.823840 11.414000 0.028000
2670.832360 11.431000 0.027000
2673.818460 11.036000 0.027000
2676.790070 10.493000 0.026000
2678.810470 11.570000 0.027000
2680.804840 11.446000 0.029000
2684.794430 11.149000 0.028000
2686.793660 10.812000 0.025000
2690.787860 11.502000 0.029000
2693.794400 11.412000 0.027000
2700.826230 10.606000 0.032000
2704.806060 11.447000 0.025000
2706.792380 11.461000 0.025000
2712.741970 10.827000 0.028000
2714.731240 11.405000 0.029000
2717.737610 11.453000 0.026000
2720.788560 11.253000 0.027000
2722.730190 10.677000 0.023000
2724.742910 10.486000 0.024000
2726.746560 11.480000 0.022000
2728.741960 11.443000 0.024000
2730.740650 11.456000 0.024000
2733.734460 10.986000 0.023000
2735.730820 10.498000 0.023000
2737.690310 11.516000 0.025000
2739.719450 11.484000 0.025000
2741.691400 11.405000 0.023000
2742.839830 11.536000 0.030000
2744.668080 10.902000 0.027000
2747.742710 10.666000 0.026000
2750.780250 11.228000 0.032000
2752.696380 11.444000 0.026000
2755.635730 11.002000 0.023000
2756.811640 11.395000 0.025000
2758.796580 11.123000 0.026000
2760.668710 11.486000 0.024000
2761.832360 10.783000 0.036000
2763.635940 11.406000 0.028000
2764.732120 11.463000 0.028000
2766.762560 11.412000 0.025000
2770.647690 10.493000 0.022000
2782.608950 10.359000 0.023000
2783.744520 10.856000 0.027000
2785.674440 11.576000 0.024000
2787.627940 11.457000 0.023000
2790.653320 11.292000 0.025000
2791.749480 11.410000 0.028000
2804.735440 11.243000 0.036000
2808.741150 10.747000 0.028000
2810.591830 11.408000 0.025000
2812.564520 11.380000 0.024000
2820.589920 11.502000 0.024000
2830.538730 10.758000 0.024000
2831.656380 10.628000 0.026000
2840.570440 10.921000 0.024000
2842.568730 10.445000 0.033000
2845.556530 11.407000 0.024000
2851.495640 10.858000 0.023000
2853.621120 11.010000 0.026000
2859.570890 11.448000 0.025000
2861.577900 11.459000 0.027000
2865.524310 10.562000 0.029000
2867.564300 10.349000 0.025000
2872.479350 11.320000 0.025000
2875.540760 11.059000 0.028000
2886.504030 11.179000 0.025000
2895.480840 11.448000 0.024000
2994.854800 10.925000 0.028000
2998.851120 11.499000 0.028000
3003.847830 11.322000 0.027000
3011.834100 11.454000 0.031000
3017.825750 11.053000 0.026000
3025.856660 11.432000 0.024000
3030.829660 11.002000 0.033000
3034.808500 11.527000 0.026000
3042.813680 10.973000 0.027000
3051.819570 11.423000 0.026000
3054.819030 11.007000 0.026000
3057.846550 10.529000 0.026000
3060.797520 11.428000 0.026000
3069.768940 10.881000 0.036000
3071.798190 11.561000 0.030000
3075.813960 11.408000 0.027000
3078.738430 10.806000 0.030000
3080.794760 10.665000 0.030000
3085.778140 11.535000 0.031000
3087.777470 11.412000 0.032000
3090.715780 10.757000 0.035000
3092.755360 10.449000 0.025000
3096.756380 11.464000 0.026000
3098.744410 11.434000 0.026000
3100.746390 11.215000 0.028000
3103.742090 10.756000 0.026000
3105.737580 10.763000 0.034000
3107.740580 11.398000 0.025000
3109.740780 11.440000 0.024000
3111.830140 11.416000 0.028000
3114.652210 10.490000 0.026000
3116.699700 10.362000 0.024000
3121.677010 11.391000 0.024000
3125.667230 11.080000 0.026000
3130.670070 11.415000 0.028000
3132.675980 11.440000 0.027000
3134.676190 11.392000 0.025000
3142.679350 11.482000 0.025000
3145.695860 11.392000 0.029000
3153.598930 11.343000 0.027000
3155.625110 11.464000 0.027000
3158.671390 11.359000 0.030000
3160.673310 11.231000 0.029000
3163.682970 10.729000 0.027000
3165.677270 10.714000 0.026000
3171.685490 11.397000 0.026000
3175.673000 10.742000 0.027000
3177.701520 10.402000 0.027000
3180.603250 11.439000 0.025000
3185.519940 10.415000 0.027000
3187.552300 11.265000 0.027000
3190.589290 11.416000 0.027000
3388.818370 10.546000 0.036000
3391.841040 11.588000 0.031000
3395.852340 11.470000 0.032000
3399.804480 10.739000 0.035000
3405.808140 11.471000 0.032000
3408.839300 11.410000 0.029000
3411.833050 11.006000 0.031000
3414.818980 10.689000 0.028000
3417.819340 11.494000 0.033000
3425.833420 10.649000 0.031000
3431.840510 11.400000 0.036000
3438.782810 11.081000 0.028000
3442.782830 11.433000 0.028000
3444.795830 11.413000 0.032000
3446.833300 11.214000 0.035000
3452.730240 11.423000 0.034000
3454.768590 11.454000 0.034000
3458.768880 11.075000 0.028000
3460.780430 10.764000 0.028000
3463.700550 11.490000 0.030000
3465.754620 11.467000 0.031000
3468.728800 11.244000 0.026000
3470.744280 11.014000 0.036000
3472.791210 10.869000 0.025000
3474.863760 10.807000 0.036000
3477.651360 11.409000 0.035000
3479.696500 11.325000 0.034000
3481.697030 11.041000 0.028000
3483.686460 10.585000 0.031000
3496.657620 10.442000 0.025000
3499.661710 11.454000 0.025000
3501.709840 11.464000 0.034000
3503.699220 11.393000 0.030000
3506.704650 11.014000 0.027000
3509.701770 10.368000 0.027000
3522.652780 11.517000 0.035000
3524.686340 11.430000 0.030000
3526.671710 11.433000 0.031000
3528.674890 11.274000 0.031000
3530.689160 11.050000 0.033000
3537.686620 11.403000 0.038000
3544.502170 11.496000 0.034000
3547.602860 11.461000 0.029000
3554.596110 10.776000 0.024000
3556.629090 10.419000 0.027000
3559.612450 11.436000 0.029000
3561.616040 11.476000 0.026000
3563.599510 11.273000 0.025000
3569.544040 11.482000 0.027000
3571.628150 11.430000 0.028000
3574.632120 11.467000 0.027000
3577.549380 10.859000 0.029000
3583.504080 11.501000 0.035000
3587.560040 11.266000 0.026000
3589.574580 11.046000 0.028000
3592.498630 11.552000 0.030000
3602.546180 10.760000 0.033000
3606.501090 11.428000 0.028000
3615.523590 10.409000 0.031000
3628.483440 11.512000 0.030000
3719.855350 10.951000 0.034000
3727.846740 11.405000 0.036000
3734.851020 10.472000 0.037000
3738.841000 11.399000 0.032000
3742.838550 11.118000 0.032000
3750.828550 11.517000 0.035000
3754.815090 11.088000 0.030000
3763.865090 11.440000 0.035000
3767.821620 11.019000 0.037000
3772.811340 11.442000 0.028000
3775.832760 11.444000 0.030000
3783.831500 10.931000 0.037000
3787.862890 11.445000 0.031000
3790.794650 11.122000 0.036000
3796.785750 11.503000 0.035000
3799.766050 11.432000 0.032000
3804.798930 10.860000 0.035000
3807.851500 10.438000 0.030000
3810.747750 11.479000 0.031000
3814.792180 11.262000 0.037000
3821.818890 11.522000 0.032000
3824.709820 11.241000 0.030000
3826.757040 11.186000 0.032000
3829.694310 10.909000 0.033000
3833.736500 11.457000 0.033000
3835.730850 11.482000 0.030000
3837.741310 11.258000 0.030000
3847.700970 11.449000 0.037000
3849.693080 11.126000 0.031000
3851.692660 10.788000 0.033000
3853.726990 10.471000 0.025000
3860.656860 11.152000 0.027000
3862.652010 10.864000 0.026000
3864.650560 10.378000 0.029000
3868.667110 11.474000 0.037000
3870.661420 11.449000 0.031000
3872.659590 11.235000 0.034000
3875.764380 11.133000 0.031000
3881.641120 11.458000 0.028000
3886.589970 10.658000 0.026000
3890.586900 11.450000 0.027000
3892.592930 11.451000 0.034000
3896.593110 11.079000 0.030000
3898.611090 10.860000 0.032000
3900.630800 10.440000 0.029000
3902.647570 11.426000 0.029000
3904.671110 11.426000 0.027000
3906.686900 11.453000 0.027000
3908.709090 11.445000 0.029000
3912.697410 10.917000 0.030000
4104.846420 11.558000 0.035000
4109.862710 11.379000 0.033000
4128.813420 11.515000 0.028000
4134.849630 11.306000 0.030000
4142.891960 11.528000 0.033000
4149.830200 10.841000 0.037000
4152.796160 11.501000 0.031000
4158.783610 11.133000 0.029000
4160.835810 11.054000 0.034000
4165.827960 11.588000 0.036000
4172.842520 11.121000 0.031000
4175.750230 11.582000 0.035000
4185.783660 10.774000 0.031000
4189.705150 11.459000 0.026000
4191.722640 11.406000 0.030000
4193.731350 11.187000 0.031000
4202.735430 11.368000 0.036000
4204.757890 11.459000 0.030000
4207.796690 11.225000 0.036000
4215.694980 11.444000 0.027000
4228.679200 11.311000 0.027000
4230.677650 11.072000 0.028000
4232.676960 10.690000 0.031000
4234.671700 11.136000 0.028000
4238.741250 11.434000 0.031000
4246.692600 10.355000 0.027000
4254.634500 11.023000 0.029000
4256.693670 10.886000 0.027000
4258.764280 10.823000 0.028000
4273.722380 11.489000 0.027000
4278.522470 10.518000 0.025000
4286.540500 11.361000 0.029000
4290.553540 10.736000 0.030000
4292.515200 11.419000 0.025000
4294.528260 11.407000 0.028000
4296.520200 11.424000 0.038000
4298.527410 11.314000 0.031000
4300.488670 10.903000 0.032000
4306.471740 11.450000 0.024000
4308.556140 11.535000 0.037000
4311.543290 11.277000 0.027000
4316.577140 10.569000 0.032000
4329.477620 11.601000 0.038000
4333.478950 11.411000 0.025000
4336.551530 11.254000 0.030000
4342.519570 11.538000 0.029000
4345.483450 11.421000 0.038000
4347.505630 11.338000 0.027000
4352.493400 10.520000 0.027000
4356.480200 11.464000 0.030000
4361.480390 10.999000 0.027000
4453.857910 11.347000 0.036000
4461.856640 11.442000 0.031000
4465.839620 11.364000 0.038000
4478.846120 11.233000 0.038000
4486.827190 11.464000 0.032000
4490.826000 11.221000 0.027000
4493.853450 10.930000 0.027000
4501.813210 11.403000 0.034000
4504.841710 11.068000 0.029000
4507.830010 10.399000 0.033000
4510.825670 11.379000 0.037000
4514.854440 11.378000 0.035000
4517.816220 10.871000 0.031000
4520.787180 11.564000 0.031000
4524.847270 11.440000 0.025000
4527.772600 11.055000 0.026000
4530.768310 10.407000 0.031000
4533.817980 11.548000 0.033000
4536.777120 11.436000 0.025000
4539.735560 10.926000 0.038000
4541.788340 10.877000 0.026000
4543.832950 10.614000 0.032000
4546.719900 11.438000 0.031000
4548.772940 11.471000 0.031000
4551.778420 11.164000 0.033000
4553.801960 10.915000 0.028000
4555.852250 10.780000 0.027000
4558.699200 11.474000 0.027000
4560.740670 11.869000 0.026000
4562.807400 11.432000 0.029000
4565.680100 10.376000 0.028000
4567.728430 11.125000 0.031000
4569.718960 11.489000 0.027000
4571.720610 11.446000 0.026000
4573.716200 11.284000 0.028000
4578.805980 10.868000 0.033000
4580.785190 10.344000 0.029000
4585.636690 11.126000 0.026000
4587.681380 10.926000 0.031000
4589.733640 10.817000 0.031000
4591.724620 10.478000 0.029000
4593.756310 11.530000 0.026000
4595.820550 11.492000 0.027000
4597.712500 11.352000 0.027000
4606.632150 11.500000 0.034000
4608.637540 11.281000 0.030000
4610.721940 11.321000 0.028000
4616.736870 10.624000 0.028000
4622.692540 11.256000 0.028000
4633.549990 10.972000 0.030000
4640.674860 11.553000 0.031000
4642.638780 11.511000 0.031000
4644.657150 11.456000 0.030000
4646.649630 11.179000 0.037000
4648.675530 11.035000 0.032000
4651.546780 11.452000 0.038000
4653.551360 11.426000 0.031000
4655.526340 11.225000 0.029000
4664.646940 11.565000 0.032000
4667.558080 11.333000 0.030000
4677.576050 11.372000 0.031000
4679.583870 11.427000 0.030000
4682.567900 10.986000 0.035000
4690.532930 11.462000 0.030000
4694.507190 10.913000 0.037000
4698.507220 11.558000 0.033000
4700.517500 11.463000 0.028000
4702.525630 11.471000 0.032000
4704.531170 11.203000 0.033000
4708.521310 10.535000 0.037000
4711.497520 11.455000 0.031000
4716.486690 11.175000 0.034000
4816.856290 11.388000 0.036000
4827.854290 10.371000 0.033000
4839.832390 10.312000 0.029000
4847.830500 11.124000 0.028000
4856.850800 11.480000 0.032000
4869.818680 11.428000 0.028000
4872.829440 11.354000 0.032000
4879.874330 11.471000 0.029000
4891.784620 11.476000 0.034000
4895.824910 11.284000 0.038000
4919.783180 11.217000 0.037000
4954.675340 11.149000 0.037000
4966.624360 10.985000 0.038000
1889.860120 10.844000 0.042000
1950.744500 10.453000 0.038000
1968.800140 11.587000 0.037000
1977.742700 11.395000 0.039000
1979.685690 11.423000 0.043000
1981.743270 11.353000 0.039000
1984.738450 10.919000 0.041000
1985.728310 10.655000 0.038000
1993.751150 11.372000 0.040000
1995.661560 10.859000 0.038000
1996.700110 10.774000 0.039000
1997.708660 10.618000 0.042000
2034.607630 11.562000 0.039000
2039.649610 11.446000 0.042000
2040.617410 11.268000 0.044000
2058.578930 11.575000 0.033000
2064.552520 11.183000 0.042000
2083.517880 11.404000 0.046000
2482.476030 10.852000 0.038000
2490.530330 11.450000 0.037000
2501.501580 11.411000 0.044000
2502.549620 11.432000 0.044000
2524.473300 11.433000 0.032000
2688.783360 10.384000 0.043000
2695.800680 11.340000 0.046000
2775.639700 11.432000 0.051000
2795.528940 11.398000 0.047000
2822.634170 11.467000 0.034000
2833.635300 11.503000 0.039000
3127.677080 10.420000 0.047000
3384.841280 11.282000 0.045000
3420.804710 11.365000 0.039000
3449.733480 10.823000 0.039000
3489.844640 11.413000 0.045000
3520.630610 10.578000 0.041000
3585.555840 11.439000 0.038000
3596.539290 11.464000 0.043000
3600.538400 11.107000 0.040000
3760.811490 11.438000 0.039000
3793.779190 10.412000 0.038000
3802.771730 11.111000 0.040000
3816.819490 10.948000 0.042000
3819.721710 11.436000 0.039000
3831.748590 11.576000 0.043000
3855.822140 10.591000 0.040000
3888.595720 10.833000 0.044000
3983.497650 10.388000 0.042000
4145.826200 11.848000 0.042000
4155.784730 11.478000 0.042000
4163.769210 11.493000 0.044000
4180.861560 11.413000 0.044000
4196.788450 11.023000 0.040000
4199.677300 11.491000 0.047000
4282.523300 11.488000 0.049000
4284.543860 11.465000 0.039000
4340.493710 10.687000 0.039000
4349.510920 11.627000 0.043000
4457.858580 10.796000 0.039000
4470.835060 10.417000 0.039000
4482.847370 10.589000 0.051000
4662.647810 10.477000 0.042000
4721.491750 10.838000 0.044000
4725.484400 11.487000 0.040000
4835.840890 11.110000 0.040000
4843.828710 11.523000 0.042000
4852.817560 11.410000 0.040000
4861.837160 10.930000 0.043000
4865.819930 11.469000 0.039000
4882.804960 11.325000 0.038000
4885.797480 10.864000 0.043000
4888.796780 11.019000 0.047000
4899.826970 10.618000 0.045000
4906.803640 11.390000 0.041000
4909.740220 10.638000 0.048000
4914.776180 11.394000 0.040000
4917.747800 11.404000 0.042000
4928.737630 11.390000 0.045000
4935.841530 10.883000 0.044000
4938.659860 11.435000 0.050000
4940.696730 11.443000 0.043000
4945.744200 10.877000 0.040000
4947.803320 10.833000 0.041000
4952.708060 11.469000 0.045000
4961.652250 11.501000 0.045000
4968.677320 10.903000 0.039000
4973.755160 10.990000 0.051000
4993.702820 10.953000 0.040000
5015.502780 10.457000 0.045000
5024.637440 11.454000 0.045000
5029.555930 10.334000 0.049000
5047.498860 11.310000 0.046000
5049.545230 11.191000 0.045000
5085.483090 11.113000 0.039000
2782.763690 11.144000 0.039000
2839.613240 11.237000 0.034000
2854.586710 10.663000 0.032000
2858.586160 11.411000 0.034000
2860.574880 11.513000 0.035000
2862.551830 11.219000 0.035000
2867.484430 11.525000 0.033000
2875.512620 11.050000 0.041000
2877.511380 10.595000 0.035000
2879.514100 11.383000 0.034000
2883.489220 11.465000 0.034000
2885.508140 11.335000 0.034000
2894.478900 11.514000 0.038000
3132.694190 11.486000 0.032000
3142.711200 11.520000 0.031000
3145.711030 11.378000 0.037000
3153.701550 10.438000 0.030000
3160.739680 11.528000 0.045000
3166.728890 10.495000 0.035000
3180.706420 11.473000 0.031000
3183.698020 11.430000 0.032000
3185.664780 11.099000 0.037000
3191.670000 11.486000 0.039000
2845.533070 29.999000 0.030000
3163.748060 29.999000 0.037000
