1940.665090 13.207000 0.048000
1953.689160 12.857000 0.054000
1970.684630 13.369000 0.061000
1907.778190 13.207000 0.048000
1914.776280 12.890000 0.047000
1915.839410 13.085000 0.044000
1919.723110 13.233000 0.052000
1920.757180 13.457000 0.042000
1921.779780 13.114000 0.049000
1922.752880 12.924000 0.048000
1924.749420 12.817000 0.048000
1925.752540 13.011000 0.048000
1926.744580 13.031000 0.045000
1928.746430 13.235000 0.046000
1930.740070 13.428000 0.044000
1932.735000 12.862000 0.048000
1933.744460 12.633000 0.048000
1934.729320 12.916000 0.045000
1936.702160 13.106000 0.047000
1937.767920 13.511000 0.053000
1938.774540 13.212000 0.048000
1945.745130 12.998000 0.049000
1946.760300 13.197000 0.046000
1948.669880 13.142000 0.049000
1949.709700 13.376000 0.062000
1950.691490 13.261000 0.059000
1955.686380 12.963000 0.054000
1962.693940 12.824000 0.059000
1963.675410 12.734000 0.058000
1965.665140 13.080000 0.055000
1966.667390 13.147000 0.059000
1967.661990 12.996000 0.060000
1982.630620 13.396000 0.062000
2094.502490 12.919000 0.048000
2117.479280 13.179000 0.054000
2440.495960 12.787000 0.046000
2442.493450 13.278000 0.050000
2444.489800 13.218000 0.046000
2466.477170 13.204000 0.052000
2558.885350 12.863000 0.043000
2578.864560 13.146000 0.048000
2622.734030 13.142000 0.040000
2624.790390 13.339000 0.038000
2627.824730 12.700000 0.039000
2630.813170 13.204000 0.037000
2634.831030 13.146000 0.038000
2637.779010 12.755000 0.035000
2640.783950 13.211000 0.043000
2643.774490 13.250000 0.039000
2645.807330 12.759000 0.036000
2649.741490 12.909000 0.034000
2651.735990 13.106000 0.036000
2655.813220 12.682000 0.039000
2658.764800 13.101000 0.037000
2660.775190 13.112000 0.046000
2662.773370 13.299000 0.036000
2664.767210 13.321000 0.035000
2666.762440 12.747000 0.035000
2670.796720 13.326000 0.037000
2672.762340 13.345000 0.036000
2674.750190 13.329000 0.036000
2676.736560 12.703000 0.035000
2678.723150 12.993000 0.034000
2680.720650 13.120000 0.036000
2684.672210 13.217000 0.036000
2686.710250 12.607000 0.037000
2689.745310 13.161000 0.038000
2691.705580 13.383000 0.039000
2693.719960 13.268000 0.039000
2697.712850 12.921000 0.040000
2699.705600 13.105000 0.041000
2701.703670 13.207000 0.038000
2703.699570 13.309000 0.041000
2705.691980 12.787000 0.039000
2707.688530 12.936000 0.042000
2709.660040 12.999000 0.037000
2710.790080 13.255000 0.045000
2712.619670 13.147000 0.036000
2713.729610 13.399000 0.051000
2715.691360 12.654000 0.037000
2717.778230 13.211000 0.048000
2721.791340 13.380000 0.044000
2723.672450 13.489000 0.039000
2724.820510 13.004000 0.039000
2726.690230 12.780000 0.035000
2728.672110 12.966000 0.041000
2734.595870 13.447000 0.034000
2736.580000 12.876000 0.038000
2737.782760 13.165000 0.040000
2739.690360 13.224000 0.043000
2741.646110 13.206000 0.044000
2742.767350 12.911000 0.047000
2744.638800 13.304000 0.041000
2747.698940 13.148000 0.043000
2750.736360 13.349000 0.041000
2752.643680 13.235000 0.041000
2754.739860 12.789000 0.036000
2759.516930 12.836000 0.045000
2760.691610 13.309000 0.037000
2764.632650 12.798000 0.040000
2766.646430 12.961000 0.042000
2770.628920 13.153000 0.043000
2775.521490 13.531000 0.034000
2776.629140 12.922000 0.040000
2782.546780 13.325000 0.036000
2784.544660 13.406000 0.039000
2786.540210 12.753000 0.038000
2789.536240 13.135000 0.042000
2791.572230 13.283000 0.048000
2794.521100 13.378000 0.059000
2797.513610 12.865000 0.046000
2804.490420 13.479000 0.038000
2808.607650 13.169000 0.038000
2810.528720 13.260000 0.037000
2812.526790 13.269000 0.039000
2821.492550 13.267000 0.043000
2826.484170 12.682000 0.044000
2829.542900 13.147000 0.049000
2832.478710 13.309000 0.043000
2834.484490 13.389000 0.042000
2836.486830 12.727000 0.039000
2839.486010 13.237000 0.040000
2845.491770 12.658000 0.043000
2853.463480 13.379000 0.043000
2859.469800 12.920000 0.045000
2923.874670 13.024000 0.038000
2927.866080 13.086000 0.036000
2931.867070 13.032000 0.040000
2935.859430 12.930000 0.036000
2944.840220 12.715000 0.041000
2955.838570 12.864000 0.040000
2960.836650 13.222000 0.036000
2964.807630 12.589000 0.036000
2967.846660 13.282000 0.035000
2971.810750 13.281000 0.037000
2975.762460 12.715000 0.037000
2977.822510 13.028000 0.036000
2980.802460 13.299000 0.035000
2983.815700 12.583000 0.039000
2986.824500 13.204000 0.034000
2989.816970 13.260000 0.035000
2992.807120 12.831000 0.038000
2995.816700 13.001000 0.037000
2998.800840 13.253000 0.035000
3005.791170 12.919000 0.035000
3007.809260 13.222000 0.034000
3010.767670 13.314000 0.037000
3013.767520 12.717000 0.036000
3023.806580 12.910000 0.035000
3028.791580 13.451000 0.034000
3031.723010 13.390000 0.036000
3033.769960 12.681000 0.036000
3036.702650 13.051000 0.035000
3040.765090 13.414000 0.034000
3043.684760 12.867000 0.037000
3045.751060 12.894000 0.036000
3048.730360 13.269000 0.035000
3051.679130 13.334000 0.036000
3053.762550 12.776000 0.044000
3056.655700 13.038000 0.034000
3060.733620 13.521000 0.035000
3062.772070 12.928000 0.041000
3068.675130 13.149000 0.037000
3070.706160 13.670000 0.036000
3072.784380 12.986000 0.036000
3074.808020 13.193000 0.040000
3077.597880 13.300000 0.045000
3079.651320 13.234000 0.035000
3081.651280 13.464000 0.033000
3087.652890 13.328000 0.038000
3091.662200 13.235000 0.037000
3093.649330 12.671000 0.038000
3097.644750 13.246000 0.037000
3099.698320 13.225000 0.040000
3101.718530 12.745000 0.036000
3103.717070 13.001000 0.035000
3105.704630 13.144000 0.036000
3107.706190 13.210000 0.037000
3109.704610 13.370000 0.038000
3111.771840 12.808000 0.037000
3114.517850 12.795000 0.036000
3121.534060 13.331000 0.037000
3123.558950 12.738000 0.037000
3125.590290 12.899000 0.039000
3127.619020 13.339000 0.039000
3129.671170 13.475000 0.038000
3131.656760 12.565000 0.041000
3133.663880 12.961000 0.036000
3144.659780 13.083000 0.035000
3153.499830 12.784000 0.037000
3154.641330 13.112000 0.040000
3158.562740 13.281000 0.040000
3160.575670 13.304000 0.040000
3163.581640 12.935000 0.041000
3165.584060 13.159000 0.038000
3168.595900 13.161000 0.035000
3171.595910 12.693000 0.035000
3175.582910 13.128000 0.035000
3177.583490 13.332000 0.034000
3180.558890 13.295000 0.045000
3180.574260 12.913000 0.038000
3183.579340 12.919000 0.043000
3186.540670 13.337000 0.037000
3190.496090 13.329000 0.035000
3380.854250 13.023000 0.050000
3393.793490 13.286000 0.040000
3404.789490 13.399000 0.055000
3411.812850 13.100000 0.044000
3414.674470 13.135000 0.039000
3418.745920 12.966000 0.044000
3424.731040 13.232000 0.050000
3426.730090 13.113000 0.054000
3430.759850 12.825000 0.050000
3432.758630 13.053000 0.048000
3434.759460 13.375000 0.050000
3438.667370 13.274000 0.045000
3442.610930 12.841000 0.047000
3444.649180 13.224000 0.063000
3465.595880 13.218000 0.048000
3467.777320 12.841000 0.048000
3470.527320 13.378000 0.062000
3472.575330 12.995000 0.049000
3474.613280 13.152000 0.041000
3478.662320 12.710000 0.049000
3480.651910 12.863000 0.059000
3489.554540 13.189000 0.055000
3495.568990 13.257000 0.045000
3497.626070 13.397000 0.042000
3508.667420 12.853000 0.040000
3511.590320 12.844000 0.048000
3517.606290 13.090000 0.046000
3521.570670 13.048000 0.073000
3523.574010 12.998000 0.058000
3525.596900 13.296000 0.052000
3529.602630 12.939000 0.043000
3538.519360 13.171000 0.043000
3543.559800 13.175000 0.046000
3547.546610 13.279000 0.042000
3561.491650 12.961000 0.065000
3563.511770 13.200000 0.045000
3570.473250 12.767000 0.043000
3574.474150 13.210000 0.050000
3577.500110 13.192000 0.044000
3585.466730 13.264000 0.053000
3589.466670 12.762000 0.060000
3768.702580 12.862000 0.058000
3776.684810 13.108000 0.052000
3778.730690 12.841000 0.050000
3790.646370 13.098000 0.061000
3799.692410 12.967000 0.055000
3802.623950 13.291000 0.052000
3804.690170 13.360000 0.047000
3806.687020 12.538000 0.047000
3809.700220 13.211000 0.047000
3818.566550 12.671000 0.046000
3820.630170 13.090000 0.051000
3822.683580 13.049000 0.047000
3831.603310 13.083000 0.071000
3833.600630 13.255000 0.061000
3835.612990 13.313000 0.043000
3837.649990 12.718000 0.040000
3847.687150 13.049000 0.052000
3849.650590 13.115000 0.062000
3851.650130 13.239000 0.069000
3856.544570 13.102000 0.069000
3858.651290 12.956000 0.062000
3860.671370 13.180000 0.043000
3862.601200 13.252000 0.056000
3866.643090 12.845000 0.067000
3876.624050 13.017000 0.065000
3880.551420 13.003000 0.044000
3882.585880 13.345000 0.053000
3886.598230 12.903000 0.049000
3888.605520 13.053000 0.057000
3890.589550 13.163000 0.042000
3901.513020 13.133000 0.043000
3905.536660 12.687000 0.043000
3907.540170 12.908000 0.048000
4207.677720 13.325000 0.049000
4245.549780 12.836000 0.050000
4257.534830 13.195000 0.048000
4267.504500 13.303000 0.043000
4282.505930 12.761000 0.047000
4284.531040 13.070000 0.045000
4286.525040 13.264000 0.045000
4291.472030 13.529000 0.046000
4293.484300 12.767000 0.044000
4295.484600 12.992000 0.043000
4297.490970 13.091000 0.063000
4301.486890 13.360000 0.046000
4305.489270 13.167000 0.047000
4308.493850 12.846000 0.060000
4315.464500 13.254000 0.050000
4319.465390 13.384000 0.044000
4459.825620 12.608000 0.051000
4471.816160 13.064000 0.047000
4542.688580 13.133000 0.051000
4551.662090 12.866000 0.047000
4553.695260 13.195000 0.046000
4560.584620 12.942000 0.044000
4571.526680 12.863000 0.049000
4575.605230 13.400000 0.045000
4582.608120 13.028000 0.046000
4611.556630 12.860000 0.046000
4616.505480 13.196000 0.045000
4618.553050 13.337000 0.046000
4633.524180 13.140000 0.045000
4639.515230 12.635000 0.054000
4648.507110 13.297000 0.055000
4659.500590 12.627000 0.043000
4666.470010 13.211000 0.052000
4670.470230 12.905000 0.046000
4674.470800 13.143000 0.062000
4684.468680 13.152000 0.052000
4844.839720 13.060000 0.043000
4902.679770 13.234000 0.054000
4914.624730 13.257000 0.050000
4916.666040 12.674000 0.051000
4918.781620 13.457000 0.056000
4921.577290 13.175000 0.051000
4926.599420 13.361000 0.056000
4936.571820 13.425000 0.053000
4954.628670 13.195000 0.055000
4968.662920 13.058000 0.053000
4991.558500 13.197000 0.057000
5013.520800 13.171000 0.062000
5037.470560 12.993000 0.061000
5039.487750 12.928000 0.055000
4961.613500 13.358000 0.054000
2918.886060 12.922000 0.047000
3116.551700 13.105000 0.054000
3407.688360 13.244000 0.082000
3409.738380 12.631000 0.079000
3446.658460 13.185000 0.080000
3482.659280 13.163000 0.081000
3864.628400 13.181000 0.082000
4662.501560 12.955000 0.080000
4938.622790 12.773000 0.058000
4959.565610 13.124000 0.058000
4966.610040 12.661000 0.072000
1961.631610 29.999000 0.056000
1978.658630 29.999000 0.070000
1981.656110 29.999000 0.068000
2062.478130 29.999000 0.084000
2071.509560 29.999000 0.070000
2453.500690 29.999000 0.058000
3484.704430 29.999000 0.063000
1931.737340 29.999000 0.051000
1958.670570 29.999000 0.056000
1980.638990 29.999000 0.070000
2762.653710 29.999000 0.059000
2842.495450 29.999000 0.051000
3089.680920 29.999000 0.047000
3903.536830 29.999000 0.044000
4226.597560 29.999000 0.059000
4299.484360 29.999000 0.067000
4606.601380 29.999000 0.054000
4681.476240 29.999000 0.072000
4905.660930 29.999000 0.054000
5024.513540 29.999000 0.058000
5031.496150 29.999000 0.064000
1899.804580 13.361000 0.047000
1900.868920 12.932000 0.045000
1954.698750 12.747000 0.048000
1955.691580 13.020000 0.047000
2193.884210 12.956000 0.055000
2196.884540 13.164000 0.057000
2198.880090 13.501000 0.055000
2202.875470 12.868000 0.057000
2206.860190 13.141000 0.052000
2212.854380 12.836000 0.055000
2215.832030 13.227000 0.057000
2222.804310 12.894000 0.057000
2229.812000 13.408000 0.054000
2232.814990 12.920000 0.057000
2234.802240 13.048000 0.053000
2239.808810 13.191000 0.057000
2241.793320 12.795000 0.060000
2249.780030 13.239000 0.063000
3356.784620 13.282000 0.050000
3365.824610 13.312000 0.049000
3385.760050 13.172000 0.051000
3387.808990 13.389000 0.048000
3396.729100 13.202000 0.042000
3398.798780 12.665000 0.050000
3403.805250 13.194000 0.041000
3415.734350 13.196000 0.052000
3419.748950 12.609000 0.046000
3436.781580 13.412000 0.038000
3452.625660 12.896000 0.070000
3456.708860 13.417000 0.069000
3458.698180 12.653000 0.050000
3460.697790 12.747000 0.046000
3462.732030 13.101000 0.072000
3464.738890 13.322000 0.041000
3466.788060 12.705000 0.037000
3469.743520 12.832000 0.041000
3471.751120 13.113000 0.040000
3476.632890 13.466000 0.051000
3482.637370 13.043000 0.040000
3489.645370 12.860000 0.042000
3491.656240 12.940000 0.047000
3497.683200 12.696000 0.042000
3500.686220 12.960000 0.071000
3503.505310 12.937000 0.052000
3506.563390 13.194000 0.040000
3509.610530 12.709000 0.040000
3511.670760 13.275000 0.043000
3516.584150 13.599000 0.043000
3520.560380 12.704000 0.050000
3522.575520 13.081000 0.048000
3524.581720 13.251000 0.045000
3526.590090 13.298000 0.044000
3528.596950 12.699000 0.046000
3538.590820 12.606000 0.047000
3542.530240 12.973000 0.044000
3544.583900 13.184000 0.046000
3554.523650 13.409000 0.041000
3558.497420 12.966000 0.043000
3560.521230 12.936000 0.042000
3562.507990 13.004000 0.044000
3564.502250 13.286000 0.039000
3576.498700 13.409000 0.057000
3664.869320 13.216000 0.052000
3672.853390 13.152000 0.045000
3700.819490 13.137000 0.047000
3704.804330 13.340000 0.056000
3708.797680 12.836000 0.062000
3713.796030 13.344000 0.054000
3724.799700 13.423000 0.049000
3727.811050 12.791000 0.067000
3731.823670 13.185000 0.048000
3734.834910 13.336000 0.053000
3737.795930 12.689000 0.068000
3740.782120 12.974000 0.055000
3743.778730 13.062000 0.061000
3746.770420 12.749000 0.048000
3749.758960 12.910000 0.062000
3752.776610 13.373000 0.044000
3755.746660 13.468000 0.056000
3757.832310 12.969000 0.046000
3760.732440 13.219000 0.069000
3766.718790 12.918000 0.067000
3772.701730 13.057000 0.061000
3774.820530 12.688000 0.051000
3779.735980 13.150000 0.053000
3783.683790 13.332000 0.047000
3788.714950 12.924000 0.049000
3790.822620 13.206000 0.050000
3793.650430 13.312000 0.057000
3795.759310 12.714000 0.049000
3797.723190 12.788000 0.043000
3802.633800 13.165000 0.056000
3804.697570 13.216000 0.048000
3806.693640 12.649000 0.058000
3809.714620 13.141000 0.051000
3811.743360 13.131000 0.046000
3813.764600 13.049000 0.055000
3815.823030 13.066000 0.053000
3818.579990 12.722000 0.046000
3820.633160 13.243000 0.054000
3824.746750 12.564000 0.067000
3826.800880 13.050000 0.043000
3829.556330 12.930000 0.047000
3831.606250 13.144000 0.052000
3833.603520 12.982000 0.057000
3837.652870 12.720000 0.064000
3850.673930 13.147000 0.041000
3852.684180 13.236000 0.057000
3856.732270 13.081000 0.043000
3859.611720 12.998000 0.046000
3861.601970 13.151000 0.046000
3863.595960 13.340000 0.039000
3865.608710 12.654000 0.073000
3867.651220 12.811000 0.059000
3869.647110 13.205000 0.048000
3871.639220 13.070000 0.050000
3875.622390 12.620000 0.043000
3881.590890 13.273000 0.056000
3883.634730 13.168000 0.062000
3887.597730 12.757000 0.064000
3891.566930 13.283000 0.041000
3893.576580 13.483000 0.044000
3897.543520 12.707000 0.044000
3901.589470 13.162000 0.052000
3903.604240 13.170000 0.045000
3905.599240 12.831000 0.044000
3907.598290 13.018000 0.049000
4090.787430 13.279000 0.055000
4104.753310 12.778000 0.046000
4107.774440 13.086000 0.039000
4111.848260 12.837000 0.057000
4126.811380 13.186000 0.040000
4128.840940 13.243000 0.039000
4131.713930 13.128000 0.058000
4133.771960 12.712000 0.053000
4137.787710 13.272000 0.051000
4139.855020 13.248000 0.051000
4142.686360 13.490000 0.046000
4144.743430 12.910000 0.047000
4146.809770 13.334000 0.049000
4150.676790 13.242000 0.051000
4152.718470 12.918000 0.040000
4154.755690 12.890000 0.066000
4156.844320 13.194000 0.063000
4159.642300 13.190000 0.049000
4161.687410 13.289000 0.057000
4163.703410 12.681000 0.065000
4165.740760 12.895000 0.058000
4168.735660 13.293000 0.052000
4173.712850 12.825000 0.044000
4175.762020 13.185000 0.064000
4178.727050 13.288000 0.048000
4180.757010 12.970000 0.050000
4182.839710 13.140000 0.054000
4185.575730 12.702000 0.046000
4190.713170 13.232000 0.042000
4192.701630 12.729000 0.048000
4194.743050 13.023000 0.043000
4197.735400 13.230000 0.043000
4200.639640 13.538000 0.058000
4203.649020 12.636000 0.061000
4205.655600 13.206000 0.041000
4208.723370 13.272000 0.060000
4213.713350 12.941000 0.044000
4216.700720 13.183000 0.041000
4227.606560 13.188000 0.044000
4229.616510 13.403000 0.052000
4231.621590 12.833000 0.040000
4233.623380 12.807000 0.041000
4235.621600 13.010000 0.042000
4237.638340 13.212000 0.048000
4246.581300 13.025000 0.043000
4249.587140 13.372000 0.042000
4253.612060 12.859000 0.045000
4255.645730 13.255000 0.046000
4257.641290 13.409000 0.043000
4274.522190 12.872000 0.041000
4277.546300 13.189000 0.044000
4281.550790 12.743000 0.061000
4284.514780 12.911000 0.054000
4286.507750 13.312000 0.061000
4291.495580 13.128000 0.042000
4293.507070 12.684000 0.039000
4295.508160 12.958000 0.046000
4297.510330 13.182000 0.041000
4299.496970 13.319000 0.044000
4305.499290 13.002000 0.042000
4312.479630 12.667000 0.062000
4317.473900 13.138000 0.040000
4409.847860 13.353000 0.048000
4423.821300 12.900000 0.053000
4428.815520 13.211000 0.051000
4431.833810 12.702000 0.043000
4435.797540 13.277000 0.043000
4439.790140 13.212000 0.044000
4443.798080 12.962000 0.050000
4454.824640 13.355000 0.045000
4457.819440 13.251000 0.047000
4460.838540 12.622000 0.043000
4463.811600 13.142000 0.041000
4466.825370 13.253000 0.046000
4469.805310 12.744000 0.049000
4473.795270 13.084000 0.048000
4477.779330 13.301000 0.046000
4484.765450 13.138000 0.056000
4486.793730 13.437000 0.046000
4489.735730 13.114000 0.051000
4492.725850 12.924000 0.045000
4494.779490 13.062000 0.061000
4498.737800 13.529000 0.040000
4501.700710 12.582000 0.045000
4503.802840 13.322000 0.044000
4506.695970 13.363000 0.060000
4508.768880 12.830000 0.043000
4511.683530 12.727000 0.051000
4515.685680 12.959000 0.044000
4517.739380 13.249000 0.040000
4519.764790 12.690000 0.047000
4521.803480 12.983000 0.043000
4524.643720 13.038000 0.039000
4528.757600 12.755000 0.062000
4531.640120 12.707000 0.047000
4535.631170 13.141000 0.046000
4537.677980 13.415000 0.041000
4539.675210 12.827000 0.043000
4541.675060 12.942000 0.049000
4543.676850 12.959000 0.044000
4545.702320 13.039000 0.043000
4547.731180 13.090000 0.040000
4552.614010 12.845000 0.045000
4554.637040 13.186000 0.043000
4558.682780 12.828000 0.045000
4560.684370 12.866000 0.043000
4562.724140 13.199000 0.058000
4564.802690 13.357000 0.051000
4567.532630 13.277000 0.043000
4569.576680 13.491000 0.045000
4571.592000 12.751000 0.041000
4573.619460 12.887000 0.040000
4575.646900 13.290000 0.050000
4579.646600 12.641000 0.040000
4582.647490 13.426000 0.041000
4585.667980 13.194000 0.040000
4587.709800 12.661000 0.044000
4590.496340 13.536000 0.043000
4592.558050 13.104000 0.045000
4594.599970 12.940000 0.048000
4596.605100 13.362000 0.045000
4602.610820 12.990000 0.063000
4607.517700 13.172000 0.045000
4609.566900 12.818000 0.045000
4611.607960 13.098000 0.040000
4616.660860 13.153000 0.041000
4620.516600 12.764000 0.048000
4623.514900 13.080000 0.052000
4626.501360 13.291000 0.047000
4630.547160 12.709000 0.052000
4632.582540 13.064000 0.043000
4640.569600 12.791000 0.043000
4642.561610 13.074000 0.050000
4644.565600 13.239000 0.054000
4646.568330 13.161000 0.053000
4649.526570 12.719000 0.070000
4656.514840 13.193000 0.055000
4663.514880 13.263000 0.055000
4667.471500 13.295000 0.041000
4674.494620 13.155000 0.056000
4679.473550 12.561000 0.051000
4682.470250 13.070000 0.060000
4761.868120 13.102000 0.045000
4765.865840 13.430000 0.042000
4769.860080 12.870000 0.042000
4773.850180 13.258000 0.043000
4777.855610 12.622000 0.040000
4784.848240 13.152000 0.045000
4792.828480 13.159000 0.048000
4797.835880 12.664000 0.045000
4801.799370 13.076000 0.059000
4805.796130 13.332000 0.055000
4808.835430 12.768000 0.045000
4813.819190 13.282000 0.053000
4816.824980 12.887000 0.052000
4820.786630 13.166000 0.057000
4827.777110 12.661000 0.039000
4830.809540 13.087000 0.045000
4833.787440 13.173000 0.053000
4836.784400 12.823000 0.046000
4839.777680 12.868000 0.045000
4845.814600 12.919000 0.043000
4848.755410 12.894000 0.053000
4851.746090 13.097000 0.049000
4857.734290 12.614000 0.044000
4861.727870 13.087000 0.041000
4867.776080 12.868000 0.042000
4870.699170 12.922000 0.061000
4872.767860 13.362000 0.051000
4877.763540 12.816000 0.058000
4883.656040 13.150000 0.044000
4906.700760 12.703000 0.054000
4918.572870 12.687000 0.046000
4920.649930 13.057000 0.045000
5148.855690 13.061000 0.048000
5163.854610 12.800000 0.058000
2054.518140 12.880000 0.075000
2225.804500 13.084000 0.062000
2243.791060 12.974000 0.064000
2247.803300 13.122000 0.064000
2251.774060 12.619000 0.065000
3374.849200 13.263000 0.049000
3454.698660 13.203000 0.079000
3478.603030 13.381000 0.077000
3480.624780 12.648000 0.088000
3530.597490 13.029000 0.074000
3720.784310 12.839000 0.086000
3769.709640 12.833000 0.083000
3799.787350 13.275000 0.080000
3822.686590 13.114000 0.074000
3848.656000 13.248000 0.047000
3899.570490 12.961000 0.056000
4652.508890 12.997000 0.068000
4875.737420 13.220000 0.067000
4886.694840 12.840000 0.058000
4904.658420 13.320000 0.062000
4908.783530 13.158000 0.068000
4926.726180 12.903000 0.072000
4946.700370 12.913000 0.056000
4949.550510 12.772000 0.053000
4954.543600 13.213000 0.054000
4960.603240 13.502000 0.049000
4962.684420 13.452000 0.048000
4967.658810 12.858000 0.058000
4969.674770 13.044000 0.053000
4975.661660 12.834000 0.048000
4984.643110 12.799000 0.060000
4991.610800 13.249000 0.050000
5010.512040 13.123000 0.050000
5024.527340 13.383000 0.052000
5032.492520 13.363000 0.056000
5040.486460 13.202000 0.057000
5140.856380 13.141000 0.054000
5159.827160 13.137000 0.060000
5168.813310 12.917000 0.052000
3484.680550 29.999000 0.043000
3763.723260 29.999000 0.071000
4135.828830 29.999000 0.070000
4660.515570 29.999000 0.050000
