1954.826840 13.202000 0.052000
3453.748220 13.336000 0.084000
2040.687170 29.999000 0.086000
2156.549560 29.999000 0.059000
1920.866290 13.707000 0.052000
1922.857170 14.007000 0.048000
1924.851240 13.714000 0.045000
1926.840460 14.062000 0.059000
1929.839650 13.285000 0.047000
1931.842240 13.921000 0.045000
1933.836220 13.418000 0.046000
1936.821000 13.756000 0.044000
1938.876470 13.039000 0.039000
1946.830270 13.410000 0.050000
1948.859610 13.770000 0.047000
1958.891150 13.162000 0.044000
1965.785610 13.627000 0.038000
2025.681170 13.514000 0.059000
2026.705930 13.053000 0.061000
2030.692410 13.049000 0.066000
2031.692540 13.867000 0.064000
2032.680680 13.919000 0.063000
2033.674910 13.584000 0.055000
2082.598220 13.204000 0.069000
2083.580330 13.981000 0.066000
2085.569250 13.543000 0.054000
2102.523540 13.045000 0.065000
2103.545550 13.966000 0.062000
2104.545330 13.783000 0.061000
2105.535400 13.530000 0.066000
2106.564400 13.219000 0.055000
2115.499250 13.966000 0.057000
2116.507120 13.790000 0.060000
2117.508260 13.610000 0.060000
2124.477240 13.944000 0.065000
2128.473970 13.866000 0.058000
2130.529510 13.292000 0.057000
2132.521060 13.934000 0.056000
2134.522100 13.329000 0.051000
2136.513510 13.882000 0.054000
2141.513980 13.574000 0.056000
2143.508080 13.356000 0.055000
2145.499320 13.763000 0.060000
2173.484880 13.675000 0.066000
2175.512180 13.214000 0.067000
2179.498670 13.372000 0.051000
2456.553640 13.275000 0.035000
2463.548430 13.652000 0.043000
2467.543200 13.679000 0.033000
2468.542170 13.231000 0.035000
2548.507900 13.703000 0.048000
2661.849070 13.397000 0.044000
2672.838060 13.748000 0.044000
2678.810880 13.926000 0.046000
2681.809890 13.452000 0.043000
2685.845180 13.448000 0.040000
2692.848020 13.802000 0.043000
2696.806490 13.831000 0.045000
2696.839980 14.009000 0.038000
2701.827090 13.569000 0.042000
2710.795880 13.053000 0.043000
2712.784400 13.914000 0.039000
2714.774670 13.109000 0.044000
2717.809880 13.532000 0.042000
2722.758340 13.227000 0.042000
2724.777960 13.899000 0.038000
2726.779180 13.160000 0.039000
2728.775830 13.585000 0.041000
2730.773370 13.307000 0.041000
2733.767330 13.629000 0.043000
2737.731040 13.576000 0.040000
2743.717940 13.944000 0.042000
2749.841330 13.799000 0.050000
2751.689420 13.832000 0.042000
2755.712480 14.003000 0.040000
2757.691050 13.497000 0.041000
2759.747270 14.143000 0.039000
2763.671930 14.127000 0.040000
2766.729310 13.260000 0.038000
2783.638870 13.803000 0.043000
2784.887380 13.247000 0.045000
2786.622260 13.114000 0.042000
2787.785950 13.156000 0.045000
2791.568350 13.527000 0.045000
2794.656330 13.234000 0.049000
2809.617880 13.646000 0.042000
2810.761780 13.619000 0.045000
2813.764180 14.096000 0.047000
2821.531250 13.579000 0.034000
2832.679350 14.006000 0.039000
2834.579620 13.372000 0.035000
2835.674760 13.035000 0.036000
2838.660110 13.559000 0.037000
2840.707880 13.969000 0.038000
2845.699150 14.208000 0.034000
2854.609250 13.745000 0.032000
2858.665050 13.683000 0.037000
2866.625970 13.760000 0.043000
2876.548300 14.066000 0.048000
2878.547140 13.523000 0.043000
2882.524010 13.644000 0.052000
2886.498880 13.393000 0.044000
2888.608080 13.775000 0.047000
2893.526180 13.900000 0.050000
2895.534130 13.108000 0.045000
2905.525250 13.972000 0.038000
2908.535760 14.051000 0.043000
2910.538750 13.576000 0.045000
2922.502270 13.457000 0.044000
3032.844980 13.834000 0.045000
3036.836200 13.762000 0.042000
3042.844950 13.810000 0.042000
3052.830920 13.312000 0.041000
3055.858990 13.537000 0.043000
3059.819190 13.348000 0.041000
3066.863890 13.935000 0.041000
3069.833840 13.913000 0.043000
3072.826810 13.125000 0.049000
3078.817870 13.741000 0.042000
3085.877260 13.653000 0.041000
3088.791430 12.976000 0.044000
3093.860450 13.643000 0.041000
3097.743470 14.093000 0.041000
3104.809310 13.305000 0.041000
3106.802490 14.229000 0.041000
3108.812110 13.517000 0.040000
3111.736180 13.549000 0.043000
3113.789050 13.759000 0.040000
3115.794290 13.651000 0.041000
3118.879960 14.031000 0.043000
3122.723830 13.785000 0.040000
3124.773420 13.504000 0.040000
3126.736180 13.899000 0.042000
3132.775530 13.514000 0.044000
3142.784660 14.068000 0.041000
3146.599370 13.757000 0.041000
3153.734230 13.368000 0.048000
3156.609060 13.302000 0.040000
3159.661880 13.564000 0.045000
3162.672410 13.972000 0.043000
3164.686890 13.311000 0.040000
3169.683880 13.510000 0.044000
3175.809030 13.979000 0.040000
3178.575760 14.092000 0.041000
3180.682320 13.499000 0.043000
3187.582680 13.554000 0.042000
3189.765840 13.124000 0.045000
3395.877100 13.854000 0.058000
3399.842420 13.967000 0.058000
3403.856950 13.824000 0.049000
3406.874700 13.206000 0.053000
3410.844760 13.437000 0.069000
3413.858130 13.559000 0.062000
3417.830990 13.486000 0.052000
3423.866240 14.069000 0.049000
3426.827060 13.130000 0.056000
3438.838370 13.075000 0.049000
3442.836630 13.191000 0.053000
3447.805100 13.809000 0.069000
3455.763310 13.774000 0.049000
3457.780270 13.527000 0.062000
3463.823620 14.058000 0.057000
3466.756820 13.026000 0.047000
3469.788650 13.557000 0.044000
3472.742700 13.761000 0.044000
3474.794690 13.418000 0.049000
3477.732260 13.522000 0.058000
3479.770820 13.969000 0.055000
3481.757640 13.515000 0.044000
3483.753650 14.021000 0.047000
3490.754420 13.266000 0.051000
3496.745490 13.782000 0.039000
3499.744300 14.182000 0.044000
3501.788120 13.513000 0.050000
3508.749500 14.108000 0.031000
3510.804830 13.651000 0.039000
3512.674310 13.820000 0.051000
3516.665950 13.844000 0.044000
3523.742570 13.233000 0.051000
3525.821000 13.793000 0.047000
3530.590380 13.132000 0.052000
3530.739870 13.491000 0.048000
3530.793030 13.623000 0.047000
3530.795620 13.712000 0.048000
3530.800810 13.855000 0.052000
3530.830860 13.778000 0.054000
3530.834170 13.712000 0.057000
3530.837510 13.629000 0.048000
3530.839890 13.531000 0.048000
3530.842590 13.805000 0.045000
3530.845090 13.697000 0.049000
3530.847650 13.683000 0.046000
3530.850160 14.202000 0.048000
3530.852670 14.002000 0.047000
3530.855200 13.927000 0.048000
3530.857710 13.912000 0.052000
3530.860940 13.894000 0.052000
3530.863520 13.928000 0.048000
3530.866120 13.795000 0.043000
3530.871120 13.725000 0.050000
3530.873620 13.879000 0.052000
3538.644890 13.272000 0.059000
3542.612600 13.373000 0.048000
3544.719740 14.068000 0.045000
3547.772110 13.208000 0.045000
3554.732050 13.650000 0.037000
3558.588860 13.358000 0.048000
3564.565680 14.033000 0.040000
3570.600980 13.297000 0.052000
3575.674470 13.236000 0.042000
3586.547270 13.284000 0.050000
3590.664120 13.663000 0.053000
3593.496470 13.388000 0.050000
3597.575440 13.815000 0.063000
3602.620210 13.631000 0.043000
3609.497110 13.516000 0.049000
3624.562540 13.876000 0.042000
3631.512760 13.102000 0.045000
3641.512360 13.755000 0.051000
3644.500130 14.277000 0.060000
3648.514610 13.988000 0.046000
3652.499740 13.858000 0.047000
3659.491660 13.142000 0.044000
3752.860480 14.198000 0.057000
3762.856280 13.723000 0.049000
3770.835620 13.683000 0.063000
3774.828650 13.690000 0.069000
3783.869080 13.399000 0.045000
3789.822360 14.094000 0.054000
3795.870660 13.563000 0.046000
3798.868670 13.887000 0.051000
3805.837240 13.769000 0.049000
3808.835550 13.030000 0.049000
3811.810630 13.419000 0.065000
3815.892250 13.730000 0.059000
3824.780790 13.196000 0.060000
3827.773490 13.643000 0.060000
3830.765870 13.941000 0.060000
3832.850820 13.396000 0.049000
3834.790280 14.216000 0.048000
3836.824940 13.381000 0.048000
3850.781810 13.663000 0.065000
3855.697020 13.456000 0.067000
3859.760490 13.566000 0.044000
3861.757990 13.844000 0.042000
3863.730990 13.553000 0.044000
3870.713590 13.782000 0.043000
3872.711000 13.893000 0.047000
3875.791340 13.814000 0.059000
3879.647950 13.495000 0.052000
3881.679570 14.138000 0.044000
3886.795800 13.965000 0.064000
3891.589280 13.415000 0.049000
3893.632600 14.272000 0.045000
3897.640280 14.220000 0.047000
3901.693670 13.561000 0.044000
3903.700760 13.790000 0.051000
3905.690730 13.420000 0.053000
3907.692090 13.785000 0.045000
3909.782450 13.453000 0.046000
3913.760160 13.284000 0.046000
3981.553060 13.029000 0.054000
4126.868250 13.935000 0.046000
4134.842550 13.884000 0.060000
4153.820250 13.266000 0.047000
4156.850750 13.823000 0.067000
4159.879600 13.967000 0.043000
4162.864910 12.923000 0.047000
4172.826610 13.765000 0.058000
4181.796290 13.515000 0.044000
4188.800300 13.782000 0.036000
4190.824270 13.194000 0.052000
4192.790240 13.843000 0.042000
4194.790540 13.056000 0.039000
4202.799660 13.298000 0.043000
4204.818980 13.852000 0.043000
4207.863050 13.075000 0.046000
4213.769790 13.801000 0.041000
4216.758440 14.044000 0.038000
4229.730710 13.820000 0.038000
4231.738730 13.964000 0.040000
4233.738420 13.691000 0.034000
4235.736240 14.000000 0.043000
4245.631120 13.478000 0.048000
4246.792460 13.554000 0.037000
4250.478760 13.841000 0.041000
4253.725840 13.524000 0.039000
4255.771470 13.052000 0.041000
4258.596610 13.305000 0.036000
4269.747950 13.934000 0.044000
4272.743560 14.135000 0.035000
4283.722710 13.346000 0.049000
4285.692960 13.596000 0.046000
4289.688920 14.298000 0.037000
4291.688740 13.012000 0.034000
4293.676120 13.661000 0.038000
4295.692760 13.335000 0.054000
4297.683140 13.706000 0.058000
4299.659080 13.089000 0.052000
4301.615850 13.877000 0.049000
4303.619720 13.414000 0.037000
4309.629990 13.718000 0.048000
4311.676730 13.183000 0.041000
4315.508220 13.893000 0.037000
4317.576160 13.782000 0.036000
4330.525060 13.413000 0.051000
4339.625260 13.402000 0.048000
4346.515390 13.443000 0.040000
4348.538530 13.890000 0.057000
4355.559700 13.160000 0.036000
4362.498430 13.486000 0.039000
4368.533780 13.875000 0.040000
4371.505280 12.983000 0.041000
4375.500360 13.144000 0.040000
4377.508810 13.982000 0.045000
4380.498230 13.920000 0.046000
4383.491810 13.066000 0.040000
4389.488680 13.811000 0.044000
4482.870800 13.775000 0.052000
4487.861140 13.476000 0.047000
4499.858870 13.320000 0.062000
4503.852280 13.398000 0.043000
4507.830710 13.506000 0.046000
4519.849270 13.417000 0.041000
4526.885150 13.857000 0.048000
4532.840490 13.308000 0.040000
4536.811830 13.228000 0.037000
4539.826480 13.641000 0.045000
4542.812380 13.791000 0.047000
4545.796970 13.899000 0.056000
4547.854690 13.646000 0.055000
4550.787300 13.854000 0.047000
4558.898550 13.761000 0.039000
4561.766460 13.917000 0.046000
4564.751870 13.321000 0.040000
4569.747980 13.910000 0.040000
4571.765730 13.780000 0.040000
4573.762450 14.123000 0.041000
4575.758940 13.522000 0.044000
4580.770110 13.243000 0.044000
4585.708600 13.917000 0.034000
4589.851090 13.236000 0.039000
4594.727990 13.858000 0.037000
4596.739080 13.162000 0.036000
4599.648170 13.542000 0.045000
4601.700140 13.919000 0.042000
4603.718380 13.682000 0.038000
4607.759360 13.750000 0.043000
4612.676960 13.346000 0.041000
4616.822440 13.599000 0.044000
4620.619850 13.209000 0.040000
4622.781980 14.000000 0.046000
4630.673950 13.911000 0.039000
4641.689100 13.296000 0.050000
4645.691360 13.370000 0.050000
4652.554330 13.124000 0.041000
4654.557990 13.913000 0.045000
4662.545370 13.784000 0.049000
4666.608540 13.860000 0.038000
4672.600870 13.218000 0.066000
4681.558740 14.265000 0.046000
4685.541890 14.053000 0.045000
4697.561290 13.395000 0.041000
4701.568490 13.311000 0.045000
4703.573010 13.860000 0.062000
4705.606110 13.325000 0.050000
4708.581360 13.690000 0.068000
4721.541200 13.042000 0.062000
4739.511260 14.091000 0.043000
4744.492240 13.810000 0.060000
4847.857650 14.022000 0.045000
4862.866390 14.091000 0.052000
4867.848860 13.779000 0.050000
4870.865060 13.701000 0.049000
4875.881360 13.761000 0.051000
4881.852110 13.547000 0.045000
4884.852800 13.974000 0.050000
4891.832600 13.948000 0.062000
4916.758940 13.880000 0.053000
4921.776180 13.550000 0.055000
4926.816560 13.173000 0.050000
4940.784110 13.640000 0.054000
4945.816470 13.805000 0.050000
4948.720360 14.063000 0.057000
4969.746910 13.503000 0.049000
4972.830540 14.108000 0.054000
4985.650640 13.730000 0.049000
4991.804570 13.131000 0.051000
5023.667160 13.106000 0.043000
5031.662530 13.263000 0.043000
5037.563930 13.821000 0.045000
5063.601330 13.172000 0.051000
5075.591600 13.384000 0.057000
5087.500370 13.468000 0.053000
5092.526760 14.114000 0.053000
1998.759890 12.798000 0.066000
2027.704730 13.884000 0.072000
2037.664480 13.639000 0.071000
2052.626790 13.834000 0.079000
2053.655270 13.552000 0.073000
2054.651640 13.084000 0.079000
2055.635680 13.845000 0.083000
2056.639500 13.943000 0.074000
2057.623390 14.889000 0.072000
2058.629880 13.062000 0.078000
2067.609890 13.858000 0.075000
2068.608650 14.013000 0.080000
2069.611190 13.666000 0.077000
2070.601670 12.995000 0.075000
2079.561830 13.828000 0.084000
2086.572320 13.166000 0.074000
2087.569690 13.952000 0.081000
2088.565880 13.831000 0.070000
2093.526150 13.539000 0.077000
2094.554760 13.128000 0.071000
3420.865860 13.759000 0.072000
3434.800000 13.239000 0.090000
3444.834960 13.920000 0.074000
3450.805210 13.169000 0.073000
3461.733030 13.278000 0.074000
3492.750160 13.694000 0.074000
3504.655740 13.569000 0.092000
3530.790580 13.483000 0.070000
3530.798140 13.916000 0.093000
3530.828420 13.898000 0.059000
3551.765730 13.343000 0.065000
3562.587130 13.179000 0.090000
3583.681440 13.143000 0.080000
3620.495620 13.798000 0.076000
3748.860370 13.813000 0.078000
3818.796520 13.899000 0.071000
3848.770190 13.204000 0.078000
3899.650380 13.443000 0.051000
4144.835660 13.682000 0.072000
4165.837660 13.512000 0.078000
4178.823170 12.763000 0.056000
4516.836410 13.164000 0.057000
4649.742950 13.034000 0.072000
4725.526360 13.145000 0.073000
4730.541670 13.889000 0.077000
4755.493660 13.947000 0.073000
4918.841850 13.206000 0.051000
4935.796810 14.085000 0.057000
4938.726360 13.257000 0.061000
4951.704360 13.944000 0.063000
4962.723760 12.901000 0.056000
4967.733660 13.966000 0.053000
4994.832060 13.923000 0.058000
5009.580010 13.579000 0.052000
5012.615020 13.629000 0.062000
5017.571140 13.614000 0.051000
5047.698400 13.384000 0.051000
5057.589050 13.768000 0.067000
5071.591010 13.349000 0.067000
5099.504940 13.074000 0.059000
5110.511440 13.709000 0.068000
1953.804980 29.999000 0.039000
1962.759240 29.999000 0.047000
1963.889860 29.999000 0.042000
1966.869350 29.999000 0.038000
1976.866980 29.999000 0.049000
1979.821110 29.999000 0.054000
1982.762150 29.999000 0.045000
1985.788530 29.999000 0.048000
1985.901790 29.999000 0.055000
1993.833310 29.999000 0.059000
1995.750420 29.999000 0.053000
1997.776900 29.999000 0.058000
2016.728320 29.999000 0.066000
2156.556280 29.999000 0.068000
2454.569300 29.999000 0.040000
2469.536510 29.999000 0.044000
2473.521710 29.999000 0.035000
2481.493490 29.999000 0.046000
2487.619200 29.999000 0.065000
2490.485210 29.999000 0.051000
2493.494670 29.999000 0.050000
2497.514410 29.999000 0.040000
2499.482730 29.999000 0.030000
2512.565020 29.999000 0.035000
2519.593430 29.999000 0.053000
2544.510490 29.999000 0.062000
2658.846600 29.999000 0.039000
2699.799210 29.999000 0.045000
2812.595820 29.999000 0.039000
2842.681870 29.999000 0.051000
2897.548450 29.999000 0.055000
3062.848550 29.999000 0.054000
3081.807550 29.999000 0.045000
3090.872310 29.999000 0.045000
3101.828160 29.999000 0.042000
3130.736560 29.999000 0.042000
3134.771210 29.999000 0.054000
3487.762590 29.999000 0.054000
3530.868550 29.999000 0.078000
3573.656630 29.999000 0.046000
3633.532300 29.999000 0.053000
3756.863630 29.999000 0.059000
3865.713050 29.999000 0.049000
4184.783940 29.999000 0.046000
4199.718670 29.999000 0.057000
4227.727060 29.999000 0.037000
4281.713300 29.999000 0.052000
4307.529010 29.999000 0.043000
4336.528120 29.999000 0.036000
4511.821720 29.999000 0.052000
4566.823970 29.999000 0.042000
4587.750740 29.999000 0.055000
4592.670600 29.999000 0.049000
4610.628160 29.999000 0.051000
4626.799100 29.999000 0.046000
4639.670410 29.999000 0.041000
4643.684890 29.999000 0.051000
4647.755400 29.999000 0.072000
4656.561300 29.999000 0.047000
4658.640860 29.999000 0.043000
4678.641960 29.999000 0.047000
4683.557070 29.999000 0.043000
4691.623800 29.999000 0.061000
4710.598390 29.999000 0.068000
4734.531550 29.999000 0.057000
1968.789030 29.999000 0.048000
1980.750310 29.999000 0.064000
1981.773520 29.999000 0.047000
1984.772890 29.999000 0.048000
1996.772670 29.999000 0.061000
2000.763480 29.999000 0.061000
2442.590240 29.999000 0.042000
2452.550290 29.999000 0.045000
2459.554140 29.999000 0.051000
2464.549670 29.999000 0.034000
2465.548850 29.999000 0.032000
2470.542430 29.999000 0.036000
2483.503770 29.999000 0.044000
2495.520570 29.999000 0.051000
2503.481660 29.999000 0.041000
2508.506220 29.999000 0.031000
2663.855270 29.999000 0.044000
2720.716130 29.999000 0.044000
2739.754670 29.999000 0.042000
2744.830900 29.999000 0.041000
2761.696090 29.999000 0.044000
2804.631160 29.999000 0.042000
2853.522060 29.999000 0.032000
2860.615260 29.999000 0.038000
2868.658170 29.999000 0.045000
3075.855620 29.999000 0.039000
3099.786640 29.999000 0.046000
3171.831500 29.999000 0.047000
3521.796740 29.999000 0.044000
3533.675960 29.999000 0.061000
3628.562800 29.999000 0.037000
3802.824390 29.999000 0.058000
4274.745150 29.999000 0.036000
4341.624290 29.999000 0.038000
4344.506840 29.999000 0.044000
4350.542090 29.999000 0.046000
4352.556220 29.999000 0.034000
4357.569030 29.999000 0.036000
4364.540720 29.999000 0.035000
4491.863140 29.999000 0.051000
4522.855550 29.999000 0.036000
4529.857820 29.999000 0.066000
4664.567300 29.999000 0.039000
4670.574400 29.999000 0.039000
4887.885720 29.999000 0.064000
4904.837170 29.999000 0.057000
4907.884040 29.999000 0.060000
4929.822270 29.999000 0.050000
4932.778850 29.999000 0.052000
4955.731630 29.999000 0.049000
4975.632510 29.999000 0.057000
4989.836240 29.999000 0.064000
5006.797250 29.999000 0.063000
5021.665890 29.999000 0.061000
5025.677230 29.999000 0.050000
5039.559910 29.999000 0.047000
5084.572150 29.999000 0.054000
5089.552630 29.999000 0.056000
