2628.784120 13.448000 0.037000
2685.722500 13.697000 0.029000
2695.745250 13.232000 0.032000
2744.774320 13.026000 0.034000
2998.828670 13.788000 0.031000
2728.832410 13.638000 0.050000
2793.464880 29.999000 0.059000
2214.848340 13.037000 0.053000
2216.858920 13.422000 0.059000
2225.833250 13.315000 0.056000
2229.835190 13.248000 0.056000
2232.840390 13.518000 0.054000
1997.611390 13.405000 0.063000
3382.836830 13.258000 0.087000
2200.877570 29.999000 0.057000
2202.879890 29.999000 0.060000
2222.832290 29.999000 0.061000
2227.837330 29.999000 0.054000
2234.825460 29.999000 0.053000
2236.829810 29.999000 0.053000
2239.832200 29.999000 0.053000
2241.816750 29.999000 0.052000
2243.815270 29.999000 0.059000
2958.844330 29.999000 0.058000
2970.851970 29.999000 0.033000
1869.833650 13.354000 0.064000
1877.806250 13.079000 0.058000
1879.804710 13.546000 0.054000
1881.795360 13.762000 0.049000
1887.782140 13.527000 0.057000
1888.863100 13.212000 0.047000
1904.768260 13.537000 0.040000
1906.765590 13.246000 0.042000
1908.755790 13.609000 0.041000
1913.795920 13.289000 0.035000
1914.831380 13.191000 0.039000
1915.850170 13.787000 0.039000
1919.795900 13.555000 0.037000
1924.773780 13.455000 0.036000
1925.767550 13.231000 0.038000
1926.766340 13.776000 0.039000
1928.770470 13.252000 0.042000
1929.757600 13.734000 0.035000
1931.771250 13.583000 0.032000
1932.750160 13.092000 0.032000
1935.658900 13.127000 0.036000
1936.783800 13.032000 0.036000
1938.709000 13.771000 0.031000
1940.686870 13.888000 0.034000
1949.743280 13.324000 0.058000
1953.709040 13.735000 0.039000
1961.674980 13.090000 0.037000
2025.522220 13.649000 0.043000
2026.554320 13.447000 0.058000
2027.544030 13.000000 0.050000
2030.526280 13.261000 0.069000
2031.538150 13.258000 0.058000
2032.534620 13.647000 0.061000
2033.535430 13.592000 0.057000
2038.505810 13.218000 0.067000
2052.477030 13.350000 0.064000
2058.487360 13.609000 0.054000
2067.476980 13.113000 0.052000
2069.518790 13.673000 0.063000
2080.480880 13.625000 0.060000
2083.470750 13.924000 0.061000
2088.506430 13.865000 0.059000
2094.503510 13.668000 0.059000
2444.493670 13.658000 0.040000
2453.501900 12.716000 0.047000
2463.488340 13.497000 0.044000
2466.478070 13.680000 0.046000
2564.877750 13.341000 0.038000
2577.857990 13.286000 0.047000
2622.765320 13.766000 0.038000
2624.818930 13.765000 0.032000
2632.841060 13.506000 0.031000
2635.798080 13.550000 0.040000
2638.797290 13.699000 0.039000
2641.800920 13.947000 0.029000
2644.773550 13.260000 0.033000
2646.785570 13.671000 0.040000
2651.771780 13.051000 0.033000
2659.782010 13.341000 0.030000
2661.798610 13.930000 0.031000
2665.802310 13.442000 0.034000
2667.794260 13.942000 0.031000
2672.777770 13.585000 0.032000
2676.754270 13.505000 0.033000
2678.731780 13.632000 0.029000
2680.740660 13.430000 0.034000
2684.690090 13.108000 0.031000
2686.723460 13.680000 0.037000
2688.725540 13.112000 0.033000
2692.784370 13.079000 0.036000
2694.714530 13.748000 0.031000
2696.730420 13.918000 0.034000
2698.741370 13.566000 0.030000
2700.708190 14.103000 0.038000
2704.696910 13.728000 0.032000
2706.682870 13.137000 0.031000
2710.649550 13.330000 0.031000
2712.626000 13.414000 0.032000
2713.745500 13.337000 0.030000
2717.784470 13.338000 0.034000
2723.685430 13.891000 0.036000
2727.662810 13.425000 0.035000
2730.681220 13.691000 0.034000
2732.788990 13.639000 0.042000
2734.623550 13.662000 0.032000
2736.602010 13.784000 0.035000
2737.801080 13.548000 0.031000
2741.654180 13.990000 0.030000
2744.646790 13.853000 0.038000
2747.718610 13.125000 0.031000
2750.755950 13.588000 0.031000
2752.654090 13.659000 0.029000
2754.750770 13.399000 0.030000
2756.702330 13.843000 0.039000
2759.531280 13.439000 0.031000
2760.703660 13.715000 0.035000
2764.647290 13.611000 0.041000
2766.672450 14.044000 0.035000
2782.601360 13.716000 0.042000
2784.575000 13.671000 0.036000
2786.570300 13.602000 0.041000
2789.566190 13.522000 0.040000
2791.601790 13.121000 0.036000
2794.539270 13.154000 0.043000
2809.524480 13.050000 0.031000
2811.522840 13.596000 0.031000
2819.484260 13.448000 0.034000
2826.509750 13.722000 0.030000
2845.497000 13.826000 0.035000
2853.463990 13.036000 0.034000
2943.859970 13.649000 0.035000
2961.840990 13.531000 0.034000
2965.829080 13.625000 0.032000
2970.844180 13.142000 0.029000
2974.817260 13.105000 0.031000
2977.798610 13.372000 0.031000
2980.820520 13.675000 0.029000
2984.800810 13.523000 0.031000
2987.821690 13.582000 0.030000
3003.806760 13.329000 0.033000
3016.801790 13.740000 0.034000
3018.836750 13.043000 0.033000
3031.751300 13.595000 0.034000
3033.787120 13.137000 0.032000
3036.727400 13.312000 0.033000
3040.887940 13.419000 0.029000
3045.763760 13.807000 0.033000
3048.752180 13.467000 0.033000
3051.700510 13.161000 0.035000
3056.680800 13.940000 0.040000
3060.750680 13.911000 0.032000
3066.668650 13.638000 0.032000
3068.700440 13.854000 0.032000
3070.723840 13.373000 0.034000
3072.801710 13.594000 0.031000
3074.831180 13.140000 0.033000
3087.677640 13.453000 0.032000
3091.689180 13.319000 0.033000
3099.723800 13.211000 0.033000
3103.749680 13.010000 0.031000
3105.739840 13.420000 0.032000
3107.744230 13.350000 0.033000
3112.527090 13.564000 0.031000
3114.569310 13.642000 0.030000
3116.600020 13.348000 0.035000
3121.603790 13.136000 0.029000
3125.622770 13.422000 0.031000
3129.688290 13.275000 0.034000
3145.549690 13.594000 0.029000
3153.558400 13.472000 0.037000
3162.508020 13.855000 0.036000
3169.586090 13.145000 0.035000
3176.597720 13.150000 0.032000
3179.520250 13.307000 0.037000
3183.538950 13.348000 0.035000
3189.486120 13.816000 0.032000
1871.824640 13.618000 0.082000
2813.521080 13.299000 0.045000
2996.814250 13.306000 0.045000
3006.807180 13.394000 0.036000
3127.643310 13.269000 0.034000
3164.527180 13.465000 0.050000
3167.532550 13.562000 0.047000
1885.766860 29.999000 0.045000
1920.839480 29.999000 0.037000
1921.795020 29.999000 0.035000
1922.789270 29.999000 0.036000
1930.761910 29.999000 0.035000
1933.782610 29.999000 0.037000
1935.792760 29.999000 0.037000
1945.768450 29.999000 0.038000
1947.671250 29.999000 0.041000
1948.720130 29.999000 0.035000
1962.707100 29.999000 0.038000
1963.693030 29.999000 0.040000
1964.689650 29.999000 0.038000
1965.676050 29.999000 0.034000
1966.682800 29.999000 0.039000
1967.679640 29.999000 0.039000
1968.677100 29.999000 0.041000
1970.700000 29.999000 0.041000
1977.648870 29.999000 0.055000
1978.686480 29.999000 0.062000
1979.657540 29.999000 0.050000
1980.649740 29.999000 0.056000
1981.671410 29.999000 0.046000
1982.648070 29.999000 0.043000
1984.633010 29.999000 0.049000
1985.641140 29.999000 0.046000
1993.643520 29.999000 0.056000
1994.614080 29.999000 0.053000
1995.611950 29.999000 0.056000
1996.617250 29.999000 0.057000
1997.615660 29.999000 0.059000
1998.608360 29.999000 0.061000
2000.607510 29.999000 0.061000
2008.591220 29.999000 0.072000
2009.587680 29.999000 0.072000
2011.573910 29.999000 0.066000
2014.569200 29.999000 0.063000
2016.561190 29.999000 0.063000
2062.452710 29.999000 0.068000
2086.502840 29.999000 0.059000
2105.458190 29.999000 0.064000
2469.469210 29.999000 0.051000
2561.881660 29.999000 0.039000
2649.816280 29.999000 0.047000
2663.789900 29.999000 0.031000
2674.758780 29.999000 0.031000
2715.697640 29.999000 0.033000
2720.634840 29.999000 0.032000
2721.804360 29.999000 0.055000
2742.775390 29.999000 0.037000
2762.671240 29.999000 0.048000
2770.636140 29.999000 0.037000
2797.520100 29.999000 0.042000
2804.522370 29.999000 0.038000
2821.538600 29.999000 0.035000
2830.508270 29.999000 0.038000
2832.500600 29.999000 0.033000
2834.501770 29.999000 0.032000
2836.501740 29.999000 0.031000
2931.877830 29.999000 0.033000
2990.824220 29.999000 0.034000
3009.803730 29.999000 0.032000
3012.795530 29.999000 0.031000
3023.823760 29.999000 0.037000
3043.715050 29.999000 0.034000
3077.626820 29.999000 0.048000
3079.669970 29.999000 0.033000
3081.673260 29.999000 0.031000
3093.674200 29.999000 0.031000
3097.666720 29.999000 0.032000
3101.744310 29.999000 0.032000
3123.604170 29.999000 0.051000
3131.691290 29.999000 0.033000
3133.694380 29.999000 0.031000
3155.606380 29.999000 0.042000
3158.649490 29.999000 0.039000
3185.547130 29.999000 0.032000
1869.851660 13.445000 0.065000
1871.856170 13.715000 0.077000
1873.855940 13.148000 0.065000
1875.841450 13.627000 0.055000
1877.833480 12.973000 0.053000
1879.831850 13.626000 0.044000
1881.827540 13.617000 0.042000
1885.794310 13.934000 0.047000
1887.809350 13.463000 0.048000
1899.840930 13.232000 0.036000
1908.785420 13.715000 0.047000
1919.773160 13.875000 0.040000
1922.828400 13.750000 0.040000
1926.782220 13.735000 0.040000
1931.798860 13.317000 0.038000
1933.810770 13.880000 0.038000
1954.722710 13.098000 0.047000
1955.715720 13.986000 0.044000
1994.628080 13.398000 0.049000
2030.533470 13.438000 0.061000
2033.542610 13.533000 0.064000
2058.480840 13.792000 0.067000
2222.845280 13.122000 0.050000
2233.833150 13.302000 0.051000
2237.839530 13.666000 0.047000
2240.822060 13.231000 0.051000
2442.490560 13.145000 0.043000
2463.483750 13.427000 0.047000
2466.468910 13.706000 0.046000
2577.869810 13.143000 0.048000
2622.797800 13.270000 0.036000
2625.801660 13.288000 0.034000
2628.789260 13.566000 0.044000
2635.800910 13.454000 0.033000
2644.815580 13.183000 0.034000
2646.809060 13.716000 0.029000
2650.760640 13.711000 0.033000
2666.783550 13.068000 0.038000
2680.752660 13.383000 0.037000
2684.701840 13.133000 0.032000
2696.740000 13.780000 0.029000
2712.644830 13.506000 0.031000
3357.828260 13.626000 0.041000
3395.775390 13.544000 0.043000
3397.821050 13.705000 0.048000
3400.811830 13.107000 0.048000
3403.797320 13.495000 0.061000
3408.799280 13.736000 0.050000
3411.724750 13.188000 0.040000
3415.792300 13.258000 0.070000
3436.775120 13.575000 0.040000
3443.649210 13.355000 0.075000
3447.685050 14.100000 0.066000
3452.638940 13.659000 0.055000
3463.586550 13.831000 0.057000
3468.618690 13.505000 0.077000
3470.641500 14.134000 0.042000
3472.633410 13.542000 0.058000
3474.664600 13.913000 0.038000
3478.697890 13.853000 0.054000
3489.658580 13.916000 0.075000
3497.694880 13.693000 0.039000
3500.701010 13.811000 0.060000
3506.569120 13.047000 0.047000
3509.616080 13.489000 0.042000
3516.625190 13.557000 0.055000
3520.593610 13.386000 0.056000
3522.616960 13.942000 0.065000
3526.628420 13.684000 0.047000
3528.634060 13.435000 0.041000
3539.539390 13.155000 0.066000
3558.501660 13.797000 0.054000
3564.506380 13.378000 0.047000
3576.503750 13.144000 0.055000
3586.474510 13.441000 0.075000
3699.841260 13.563000 0.048000
3703.833770 13.569000 0.042000
3707.821920 13.438000 0.036000
3713.841550 14.089000 0.057000
3717.839530 13.890000 0.047000
3721.840930 13.655000 0.050000
3725.819500 13.539000 0.036000
3730.832820 13.248000 0.045000
3734.799590 13.678000 0.040000
3737.820760 13.269000 0.054000
3740.839510 13.784000 0.056000
3744.781630 13.245000 0.066000
3747.803540 13.586000 0.057000
3750.798410 13.711000 0.047000
3753.781720 13.783000 0.046000
3756.776580 13.330000 0.045000
3759.765760 13.158000 0.057000
3765.750930 13.497000 0.075000
3768.739170 13.536000 0.048000
3774.726290 12.972000 0.068000
3776.781650 13.621000 0.073000
3788.751310 13.443000 0.056000
3791.683190 13.488000 0.040000
3795.785150 13.609000 0.055000
3798.669580 13.780000 0.040000
3800.726770 13.099000 0.075000
3805.702270 13.965000 0.041000
3810.696270 13.316000 0.063000
3812.698160 13.910000 0.050000
3814.712570 13.321000 0.076000
3818.752220 13.174000 0.052000
3825.664320 13.361000 0.054000
3829.761110 13.381000 0.071000
3833.733840 13.194000 0.065000
3850.703460 13.444000 0.041000
3852.712560 13.600000 0.038000
3859.674910 13.089000 0.066000
3861.642540 13.564000 0.065000
3865.549020 13.242000 0.054000
3867.591700 13.703000 0.063000
3869.591130 13.200000 0.073000
3875.585200 13.523000 0.049000
3883.509750 13.311000 0.042000
3887.520400 13.499000 0.059000
3889.529910 13.804000 0.038000
3894.601870 13.670000 0.033000
3902.480580 13.130000 0.052000
3904.519680 13.812000 0.049000
3906.539580 13.127000 0.042000
4103.832480 13.719000 0.037000
4106.803670 13.652000 0.043000
4111.870390 13.384000 0.074000
4125.766150 13.665000 0.041000
4127.821580 13.415000 0.068000
4133.735100 13.217000 0.056000
4140.811350 13.716000 0.077000
4142.875960 13.339000 0.036000
4151.657340 13.443000 0.054000
4153.743270 13.941000 0.058000
4160.724180 13.805000 0.065000
4168.723540 14.015000 0.067000
4175.779610 13.691000 0.061000
4185.606310 13.698000 0.060000
4192.645300 13.193000 0.037000
4202.792640 13.749000 0.060000
4227.650050 13.822000 0.040000
4247.499070 13.099000 0.036000
4256.623870 14.106000 0.035000
4258.630030 13.441000 0.035000
4276.520160 13.293000 0.036000
4278.575180 13.553000 0.034000
4285.520060 13.639000 0.044000
4289.516970 13.625000 0.036000
4291.531220 13.228000 0.038000
4293.527170 13.790000 0.035000
4295.528170 13.171000 0.043000
4305.500600 13.645000 0.048000
4429.846370 13.891000 0.047000
4439.833170 13.974000 0.059000
4443.818570 13.821000 0.036000
4455.816010 13.808000 0.041000
4462.828330 13.592000 0.044000
4469.840420 14.001000 0.040000
4484.794610 13.574000 0.063000
4487.766040 13.789000 0.062000
4490.764970 13.663000 0.038000
4493.821570 13.249000 0.047000
4497.764910 13.194000 0.040000
4500.740800 13.471000 0.042000
4505.841970 13.120000 0.054000
4508.727050 13.209000 0.048000
4510.810190 13.801000 0.054000
4520.753960 14.268000 0.049000
4522.754490 13.451000 0.044000
4524.783710 13.623000 0.046000
4526.834570 13.542000 0.041000
4531.722950 13.528000 0.062000
4535.661520 13.698000 0.038000
4541.697890 13.159000 0.042000
4543.713030 13.856000 0.065000
4552.722490 13.234000 0.052000
4559.587190 13.327000 0.069000
4561.652850 13.694000 0.066000
4567.762560 13.183000 0.038000
4570.555980 13.368000 0.051000
4572.597190 13.705000 0.038000
4575.600960 13.710000 0.050000
4579.601290 13.837000 0.050000
4582.602720 14.023000 0.048000
4585.620580 13.033000 0.034000
4587.665670 13.751000 0.049000
4589.699300 13.058000 0.059000
4594.552040 13.460000 0.050000
4596.557120 13.406000 0.036000
4602.528180 13.395000 0.046000
4607.583500 13.092000 0.040000
4609.630800 13.668000 0.055000
4611.635440 12.973000 0.039000
4620.577830 13.616000 0.041000
4623.569060 13.488000 0.052000
4626.522630 13.963000 0.047000
4629.573920 13.104000 0.036000
4631.606970 13.698000 0.039000
4640.577560 13.280000 0.045000
4642.568900 13.710000 0.037000
4645.484160 13.655000 0.061000
4652.519750 13.706000 0.059000
4661.494580 13.333000 0.053000
4671.488090 13.628000 0.043000
4674.495920 13.915000 0.049000
4679.474850 13.693000 0.049000
4684.463960 13.097000 0.041000
4794.836860 13.138000 0.038000
4805.840630 12.891000 0.052000
4809.828200 13.302000 0.066000
4814.812210 13.882000 0.040000
4825.815010 13.538000 0.050000
4829.799630 13.617000 0.068000
4833.794920 13.634000 0.065000
4837.792850 13.594000 0.040000
4848.853400 13.617000 0.061000
4851.784250 13.750000 0.049000
4860.778500 13.029000 0.061000
4863.746690 13.491000 0.069000
4871.782080 13.172000 0.048000
4877.809520 13.910000 0.047000
4883.700570 13.858000 0.065000
1949.759830 13.836000 0.065000
1995.623720 13.644000 0.054000
1997.622920 13.396000 0.055000
1998.620120 13.095000 0.058000
2014.580950 13.807000 0.062000
2226.843000 13.741000 0.062000
2228.856910 13.444000 0.056000
2230.846500 13.832000 0.053000
2235.839660 13.885000 0.050000
2242.828320 13.701000 0.052000
2244.822390 13.150000 0.056000
2248.797780 13.559000 0.054000
2255.813000 13.208000 0.056000
2257.810170 13.642000 0.059000
2262.826660 13.219000 0.070000
2265.780810 13.707000 0.068000
2269.816630 13.540000 0.069000
3386.789300 14.090000 0.088000
3389.779940 13.144000 0.081000
3406.729750 13.377000 0.088000
3413.766460 14.022000 0.079000
3418.699340 12.974000 0.086000
3427.735890 13.895000 0.086000
3431.742030 13.706000 0.088000
3449.690120 13.580000 0.103000
3454.710310 13.589000 0.092000
3458.709730 13.369000 0.080000
3460.710300 13.683000 0.080000
3465.627560 13.369000 0.090000
3476.729850 13.518000 0.082000
3480.690890 13.368000 0.093000
3491.668670 13.313000 0.093000
3503.514300 13.706000 0.084000
3524.625470 13.324000 0.065000
3554.527940 13.147000 0.042000
3560.525500 13.635000 0.094000
3562.515830 13.789000 0.055000
3762.760910 13.366000 0.086000
3793.723810 14.317000 0.090000
3803.657700 13.194000 0.062000
3823.646730 14.022000 0.095000
3827.704540 13.805000 0.090000
3831.812600 13.767000 0.082000
3848.688270 13.370000 0.049000
3871.583330 13.950000 0.086000
4122.770630 13.102000 0.080000
4145.717720 13.883000 0.078000
4158.681170 13.651000 0.087000
4162.725420 13.414000 0.087000
4165.730730 13.621000 0.101000
4173.723240 13.496000 0.069000
4182.843770 13.291000 0.062000
4194.679360 14.109000 0.062000
4197.669450 13.891000 0.056000
4199.792900 13.744000 0.071000
4205.557550 13.387000 0.075000
4233.661310 13.025000 0.051000
4235.663290 13.453000 0.071000
4250.501010 13.378000 0.045000
4254.560660 13.370000 0.061000
4283.506010 13.536000 0.058000
4477.814070 13.493000 0.070000
4480.796730 13.488000 0.074000
4529.670250 13.152000 0.071000
4547.787460 13.698000 0.066000
4591.711130 13.776000 0.078000
4617.578280 13.569000 0.051000
4647.503860 13.204000 0.076000
4821.806860 14.028000 0.079000
4843.798910 13.624000 0.075000
4855.784850 13.615000 0.070000
4866.744740 13.772000 0.076000
4875.785460 13.074000 0.080000
4180.761100 13.881000 0.069000
4297.527800 13.689000 0.054000
4516.739830 13.989000 0.048000
1906.791100 29.999000 0.037000
1921.808660 29.999000 0.037000
1996.622310 29.999000 0.054000
2011.581200 29.999000 0.063000
2025.533950 29.999000 0.045000
2052.484130 29.999000 0.060000
2068.456650 29.999000 0.069000
2250.806180 29.999000 0.054000
2252.806090 29.999000 0.058000
2453.497410 29.999000 0.054000
2638.809050 29.999000 0.035000
2641.828570 29.999000 0.034000
2676.766020 29.999000 0.032000
2961.853420 29.999000 0.032000
2971.831740 29.999000 0.029000
2975.812560 29.999000 0.030000
2985.817600 29.999000 0.031000
3456.726070 29.999000 0.042000
3511.673730 29.999000 0.038000
3542.568740 29.999000 0.042000
4208.670900 29.999000 0.054000
1902.806330 29.999000 0.040000
1984.649260 29.999000 0.047000
2000.614800 29.999000 0.061000
2008.593990 29.999000 0.061000
2027.555740 29.999000 0.059000
2031.547560 29.999000 0.061000
2064.459180 29.999000 0.067000
2215.860910 29.999000 0.052000
2444.484610 29.999000 0.038000
2652.776080 29.999000 0.030000
2728.692390 29.999000 0.036000
2751.574820 29.999000 0.030000
2981.843930 29.999000 0.038000
3439.745440 29.999000 0.054000
3482.701430 29.999000 0.081000
3484.739630 29.999000 0.082000
3779.706440 29.999000 0.042000
3783.771140 29.999000 0.068000
3816.732170 29.999000 0.092000
3892.487340 29.999000 0.056000
4091.812320 29.999000 0.041000
4216.735080 29.999000 0.052000
4473.824650 29.999000 0.043000
4503.725440 29.999000 0.039000
4539.703440 29.999000 0.048000
4554.751450 29.999000 0.054000
4565.737220 29.999000 0.035000
4649.568720 29.999000 0.054000
4664.494450 29.999000 0.050000
4667.494260 29.999000 0.040000
4869.731340 29.999000 0.063000
