2454.590460 29.999000 0.041000
2143.506050 13.675000 0.048000
3576.636850 13.298000 0.049000
3576.693960 13.681000 0.043000
3576.723790 13.551000 0.051000
3577.616940 13.184000 0.048000
2151.555260 13.721000 0.071000
3577.646120 13.134000 0.067000
3577.730440 13.562000 0.053000
2141.500800 29.999000 0.046000
3577.702760 29.999000 0.050000
1932.862210 13.355000 0.045000
1937.876590 13.831000 0.044000
1940.866820 13.536000 0.044000
1947.841490 13.812000 0.058000
1953.818600 13.414000 0.043000
1961.844390 13.707000 0.040000
1963.836310 13.783000 0.034000
1965.824600 13.355000 0.037000
1967.829380 13.148000 0.037000
1977.765870 13.266000 0.044000
1979.777290 12.607000 0.050000
2014.746900 13.306000 0.057000
2025.754470 12.652000 0.051000
2026.734680 13.905000 0.049000
2030.717550 13.614000 0.058000
2032.714830 13.560000 0.054000
2033.709040 13.403000 0.052000
2040.758720 13.645000 0.067000
2052.654360 13.654000 0.064000
2053.683120 13.533000 0.064000
2054.676960 13.539000 0.065000
2056.662580 13.070000 0.069000
2059.690510 13.012000 0.066000
2061.703620 13.757000 0.065000
2067.684800 13.414000 0.064000
2068.640900 13.063000 0.065000
2069.636750 12.594000 0.069000
2070.627080 13.691000 0.066000
2081.606250 13.443000 0.069000
2082.621550 13.701000 0.062000
2085.594740 13.545000 0.051000
2086.598360 13.503000 0.064000
2087.593670 13.609000 0.066000
2102.546930 12.877000 0.061000
2103.566600 13.105000 0.051000
2104.566440 13.735000 0.055000
2105.561070 13.643000 0.061000
2106.567550 13.632000 0.054000
2109.557930 13.546000 0.057000
2115.518030 13.654000 0.053000
2116.532750 13.751000 0.052000
2117.529330 13.717000 0.053000
2128.497200 13.634000 0.051000
2130.496420 13.503000 0.064000
2132.501540 13.424000 0.052000
2134.499900 12.939000 0.060000
2136.496170 12.702000 0.053000
2141.492150 13.528000 0.050000
2143.488270 13.521000 0.054000
2156.543050 13.394000 0.058000
2171.501970 13.171000 0.065000
2177.498090 13.499000 0.055000
2456.579220 13.798000 0.038000
2463.571750 13.128000 0.039000
2465.572250 13.825000 0.034000
2467.568780 13.619000 0.036000
2468.563300 13.751000 0.031000
2469.557640 13.631000 0.039000
2470.584800 13.401000 0.029000
2473.552120 13.179000 0.035000
2494.497590 13.254000 0.042000
2510.600570 13.076000 0.041000
2545.490830 13.718000 0.045000
2547.498560 13.543000 0.039000
2673.859960 13.488000 0.041000
2677.839180 12.908000 0.043000
2684.843170 13.443000 0.039000
2690.831620 13.752000 0.045000
2696.837200 13.481000 0.039000
2699.833810 13.071000 0.042000
2702.855710 13.446000 0.040000
2709.860560 13.544000 0.040000
2711.861160 13.171000 0.039000
2713.834480 13.252000 0.039000
2723.883280 13.044000 0.039000
2725.808420 13.859000 0.039000
2727.803280 13.811000 0.037000
2732.794740 13.410000 0.038000
2734.766840 12.930000 0.038000
2736.767680 14.026000 0.037000
2738.793400 13.877000 0.040000
2740.777440 13.583000 0.041000
2742.750780 13.165000 0.037000
2752.743830 13.670000 0.038000
2755.733380 13.211000 0.039000
2757.732560 13.091000 0.038000
2759.786470 13.745000 0.037000
2761.728270 13.822000 0.038000
2763.720330 13.629000 0.035000
2766.811510 13.695000 0.040000
2770.712460 13.864000 0.037000
2783.648710 13.676000 0.038000
2786.639890 13.370000 0.039000
2787.793820 13.775000 0.040000
2809.665680 13.580000 0.040000
2810.802530 13.590000 0.039000
2812.617450 12.678000 0.046000
2821.567110 13.274000 0.032000
2832.595180 13.409000 0.032000
2835.609990 12.700000 0.036000
2845.649920 13.499000 0.029000
2854.689740 13.418000 0.030000
2860.511410 13.787000 0.030000
2861.686830 13.841000 0.034000
2866.653130 13.584000 0.039000
2876.565090 13.444000 0.042000
2888.521250 13.351000 0.047000
2893.547700 13.804000 0.041000
2895.553380 13.632000 0.039000
2908.550580 13.797000 0.040000
2915.529720 12.943000 0.038000
3053.849610 13.695000 0.042000
3056.873250 13.785000 0.036000
3060.872810 13.148000 0.036000
3068.838570 13.717000 0.037000
3079.820970 13.419000 0.038000
3082.841850 13.115000 0.046000
3086.846780 13.869000 0.039000
3089.821130 13.771000 0.039000
3097.764260 13.795000 0.040000
3105.842800 13.377000 0.037000
3107.841180 12.859000 0.045000
3110.772500 14.123000 0.040000
3113.755790 13.559000 0.038000
3115.810240 13.505000 0.040000
3122.742070 13.618000 0.036000
3124.794770 13.571000 0.037000
3126.772760 13.864000 0.039000
3128.753560 12.951000 0.043000
3144.800640 13.625000 0.039000
3153.882210 13.106000 0.036000
3156.658040 13.645000 0.039000
3160.698630 13.303000 0.042000
3163.710350 12.874000 0.041000
3168.744600 14.053000 0.039000
3176.692330 13.876000 0.036000
3179.586640 13.578000 0.043000
3182.628320 13.164000 0.036000
3184.611530 12.985000 0.042000
3191.688150 13.350000 0.062000
3270.510360 13.483000 0.041000
3274.510880 12.967000 0.040000
3277.511250 13.498000 0.041000
3280.507920 13.521000 0.040000
3282.527630 13.859000 0.058000
3293.499530 13.350000 0.046000
3407.864840 13.196000 0.046000
3411.864520 13.391000 0.041000
3415.852600 13.567000 0.040000
3419.846900 13.304000 0.046000
3422.878510 12.642000 0.060000
3442.886940 13.430000 0.049000
3445.849690 12.996000 0.057000
3448.844030 13.600000 0.051000
3452.813470 13.380000 0.045000
3454.856170 13.305000 0.046000
3457.791390 13.865000 0.067000
3462.773500 13.514000 0.066000
3464.880170 13.436000 0.041000
3467.808390 12.647000 0.053000
3470.784010 13.610000 0.043000
3473.773480 13.665000 0.046000
3476.765410 13.035000 0.040000
3478.791940 12.782000 0.049000
3480.818610 13.925000 0.066000
3489.747470 12.805000 0.046000
3491.779950 13.764000 0.053000
3497.785240 13.385000 0.041000
3501.680730 13.742000 0.041000
3506.741010 13.561000 0.050000
3509.727960 13.250000 0.055000
3512.655700 13.946000 0.035000
3530.707170 13.559000 0.068000
3538.664490 13.633000 0.055000
3543.646360 13.351000 0.068000
3546.721830 12.862000 0.062000
3550.675580 13.622000 0.055000
3552.719770 13.644000 0.057000
3555.714070 13.209000 0.046000
3558.720750 12.707000 0.061000
3560.724110 13.910000 0.045000
3562.742890 13.644000 0.048000
3564.722820 13.566000 0.040000
3571.601630 13.825000 0.034000
3574.619170 13.608000 0.042000
3576.465880 13.153000 0.044000
3576.468290 13.201000 0.044000
3576.470780 13.062000 0.044000
3576.473310 12.975000 0.050000
3576.475830 12.936000 0.051000
3576.478320 12.875000 0.055000
3576.482370 12.901000 0.043000
3576.484870 12.823000 0.045000
3576.487340 12.816000 0.044000
3576.489850 12.896000 0.048000
3576.492360 12.734000 0.045000
3576.494870 12.837000 0.048000
3576.497350 12.783000 0.045000
3576.500680 12.717000 0.062000
3576.507000 12.716000 0.046000
3576.513180 12.831000 0.065000
3576.519280 12.874000 0.068000
3576.539250 12.950000 0.055000
3576.553070 13.115000 0.045000
3576.581060 13.239000 0.061000
3576.608700 13.136000 0.056000
3576.634390 13.347000 0.042000
3576.663540 13.426000 0.041000
3577.501380 13.269000 0.067000
3577.559930 12.733000 0.057000
3577.589850 12.863000 0.055000
3578.638880 12.941000 0.068000
3590.686020 13.235000 0.049000
3593.499790 13.513000 0.036000
3599.650340 13.552000 0.043000
3602.498000 13.929000 0.057000
3604.533840 13.731000 0.052000
3617.590970 13.789000 0.042000
3626.585910 13.793000 0.042000
3630.557130 13.699000 0.034000
3632.563340 13.308000 0.044000
3639.547650 13.614000 0.045000
3642.547580 13.620000 0.040000
3647.515060 13.327000 0.033000
3765.869220 14.382000 0.048000
3770.881630 12.979000 0.047000
3774.865250 13.581000 0.048000
3790.850670 13.395000 0.050000
3797.875960 13.620000 0.043000
3812.833400 13.559000 0.043000
3822.815440 13.528000 0.047000
3831.789180 13.768000 0.049000
3833.845580 13.635000 0.060000
3836.775410 13.280000 0.049000
3850.851670 13.001000 0.055000
3853.740570 13.768000 0.051000
3860.768550 13.087000 0.048000
3862.704910 13.714000 0.042000
3864.701150 13.827000 0.058000
3866.686460 13.703000 0.037000
3874.829110 12.707000 0.047000
3877.677470 13.573000 0.043000
3880.716900 13.380000 0.048000
3886.845390 12.853000 0.041000
3889.638290 13.609000 0.042000
3891.669860 13.164000 0.038000
3893.671120 12.919000 0.049000
3898.678010 13.517000 0.060000
3902.710190 13.403000 0.061000
3904.740110 13.254000 0.057000
3906.743910 12.859000 0.059000
3908.815730 12.941000 0.051000
3912.734920 13.510000 0.042000
3981.577230 13.342000 0.049000
4131.871140 12.947000 0.052000
4135.866880 13.716000 0.042000
4139.858550 13.250000 0.047000
4145.856550 13.735000 0.055000
4151.866240 13.196000 0.056000
4155.860970 14.241000 0.064000
4158.869110 13.577000 0.052000
4165.883950 12.788000 0.060000
4173.872430 13.515000 0.055000
4176.847000 12.723000 0.068000
4179.852030 14.035000 0.063000
4182.826450 13.750000 0.066000
4185.815160 13.232000 0.060000
4193.846970 13.517000 0.054000
4200.778240 13.792000 0.039000
4203.823250 13.727000 0.060000
4207.778480 13.203000 0.053000
4216.837140 13.658000 0.058000
4227.774090 13.650000 0.041000
4229.775130 13.457000 0.059000
4231.779270 13.255000 0.044000
4233.777950 12.760000 0.035000
4235.806940 13.841000 0.039000
4238.687310 13.652000 0.052000
4247.636520 13.563000 0.050000
4256.730250 13.313000 0.038000
4258.797180 13.564000 0.035000
4273.714420 13.632000 0.039000
4276.600180 13.081000 0.039000
4283.746440 13.680000 0.061000
4285.731960 13.319000 0.045000
4289.725630 12.866000 0.046000
4295.728900 13.637000 0.061000
4303.628230 13.642000 0.053000
4308.553620 13.135000 0.051000
4310.652330 12.994000 0.048000
4315.655270 13.588000 0.052000
4319.548790 13.197000 0.037000
4330.555930 13.084000 0.041000
4336.538680 13.827000 0.039000
4344.520210 13.300000 0.040000
4348.543920 13.569000 0.060000
4350.548230 13.635000 0.043000
4352.561550 13.618000 0.035000
4355.565020 12.907000 0.042000
4357.575640 13.301000 0.036000
4363.501710 13.259000 0.041000
4369.527250 13.911000 0.036000
4371.539160 13.698000 0.058000
4375.522070 13.380000 0.041000
4377.527890 13.057000 0.045000
4380.516100 13.962000 0.047000
4383.508210 13.585000 0.046000
4501.875260 12.910000 0.042000
4505.873480 13.737000 0.040000
4517.872020 13.760000 0.059000
4520.874610 13.778000 0.050000
4528.835390 13.606000 0.054000
4531.868520 13.672000 0.043000
4535.886240 13.202000 0.043000
4541.844810 13.724000 0.040000
4547.828190 12.977000 0.048000
4554.879520 13.593000 0.049000
4557.805140 13.067000 0.038000
4560.795750 13.925000 0.058000
4563.792180 13.644000 0.061000
4566.782260 13.518000 0.041000
4569.783540 12.911000 0.044000
4573.783010 13.596000 0.045000
4575.786890 13.809000 0.055000
4582.749690 13.713000 0.055000
4585.795540 13.504000 0.043000
4588.728720 13.374000 0.046000
4590.787840 13.412000 0.044000
4592.863210 13.326000 0.056000
4595.707450 13.759000 0.037000
4597.747820 13.746000 0.036000
4600.676700 13.138000 0.056000
4609.732090 13.673000 0.049000
4611.720170 13.423000 0.039000
4620.651220 13.506000 0.041000
4622.829770 13.665000 0.061000
4627.636910 13.838000 0.038000
4629.623600 13.902000 0.050000
4639.708450 13.335000 0.052000
4641.718940 13.686000 0.056000
4643.724350 13.720000 0.057000
4652.604060 13.606000 0.047000
4656.585760 13.143000 0.039000
4663.586330 13.768000 0.044000
4664.751370 13.832000 0.045000
4667.569230 13.383000 0.042000
4672.725520 12.996000 0.066000
4677.537020 13.351000 0.065000
4679.553060 13.203000 0.043000
4684.534140 13.999000 0.066000
4691.494770 12.601000 0.054000
4698.577940 13.709000 0.042000
4702.595460 13.389000 0.037000
4704.585370 13.082000 0.061000
4706.640510 12.918000 0.044000
4709.588000 13.501000 0.057000
4721.563780 13.766000 0.060000
4725.540050 13.224000 0.059000
4738.543750 12.887000 0.048000
4868.868990 13.494000 0.056000
4877.854800 13.657000 0.066000
4916.786130 13.095000 0.055000
4926.898810 13.740000 0.054000
4945.821840 13.769000 0.054000
4967.743540 13.546000 0.050000
4969.756840 13.553000 0.053000
4975.672860 13.239000 0.057000
4985.671020 12.635000 0.067000
4993.843520 13.679000 0.058000
5024.625760 13.641000 0.052000
1949.855190 13.739000 0.067000
2055.661030 13.364000 0.070000
2057.654710 12.997000 0.070000
2058.655330 12.800000 0.076000
2080.542330 13.798000 0.076000
2083.603600 13.395000 0.070000
2088.593580 13.375000 0.071000
3503.739370 13.824000 0.080000
3524.641290 13.971000 0.077000
3526.686600 13.732000 0.079000
3528.693310 13.691000 0.091000
3576.525440 12.839000 0.070000
3577.530910 12.731000 0.088000
3583.700900 13.820000 0.077000
3586.559130 13.377000 0.072000
3608.512410 13.137000 0.080000
3620.501600 13.392000 0.074000
3654.507770 13.347000 0.087000
3802.837540 13.065000 0.073000
3805.864250 12.779000 0.070000
3816.896870 12.840000 0.074000
3819.825430 13.660000 0.082000
3828.802650 13.912000 0.070000
3855.830750 13.827000 0.076000
3858.729570 13.014000 0.076000
3871.742800 12.961000 0.074000
3882.763360 13.000000 0.080000
3900.691360 13.674000 0.075000
4293.716250 13.819000 0.063000
4342.506120 12.847000 0.070000
4346.523750 13.878000 0.073000
4365.550680 13.331000 0.056000
4538.869680 13.773000 0.056000
4571.814550 12.910000 0.053000
4700.581370 13.567000 0.071000
4734.542020 13.335000 0.073000
4755.496010 13.562000 0.070000
4872.860670 13.059000 0.073000
4882.863860 13.455000 0.073000
4890.863830 13.686000 0.070000
4904.854920 13.495000 0.072000
4948.736090 13.436000 0.079000
1981.768730 29.999000 0.048000
1985.903890 29.999000 0.049000
1994.734770 29.999000 0.050000
1995.809920 29.999000 0.049000
1996.806450 29.999000 0.050000
1997.850650 29.999000 0.051000
1998.799150 29.999000 0.054000
2000.797990 29.999000 0.048000
2016.755610 29.999000 0.047000
2018.751500 29.999000 0.062000
2019.746710 29.999000 0.058000
2027.727520 29.999000 0.057000
2031.723290 29.999000 0.057000
2452.578160 29.999000 0.040000
2464.575350 29.999000 0.028000
2481.516820 29.999000 0.034000
2482.542770 29.999000 0.045000
2486.529340 29.999000 0.038000
2489.515680 29.999000 0.034000
2491.504870 29.999000 0.044000
2504.603390 29.999000 0.057000
2540.500520 29.999000 0.056000
2552.492400 29.999000 0.047000
2664.871780 29.999000 0.037000
2707.847840 29.999000 0.042000
2717.811980 29.999000 0.039000
2750.814150 29.999000 0.043000
2794.690500 29.999000 0.054000
2833.715380 29.999000 0.034000
2868.668440 29.999000 0.043000
2882.536120 29.999000 0.050000
2897.565200 29.999000 0.056000
2905.537230 29.999000 0.034000
2929.493390 29.999000 0.042000
3043.853840 29.999000 0.046000
3064.861100 29.999000 0.041000
3071.882600 29.999000 0.054000
3133.764820 29.999000 0.040000
3165.719530 29.999000 0.039000
3170.841080 29.999000 0.041000
3189.559650 29.999000 0.044000
3292.498950 29.999000 0.045000
3659.494950 29.999000 0.042000
3809.833250 29.999000 0.060000
4191.832450 29.999000 0.051000
4339.634170 29.999000 0.045000
4602.700020 29.999000 0.042000
4746.514490 29.999000 0.054000
4991.679330 29.999000 0.069000
