2782.768560 12.997000 0.043000
2845.741340 12.729000 0.033000
2861.711210 13.013000 0.033000
2874.712300 13.731000 0.043000
2906.627770 13.191000 0.039000
2912.519240 13.487000 0.042000
2915.545530 13.537000 0.040000
2917.573360 13.366000 0.039000
2921.570790 12.659000 0.039000
2923.569870 13.109000 0.041000
2930.562120 13.146000 0.042000
2932.560430 13.334000 0.041000
2934.557420 13.512000 0.040000
2942.506370 12.978000 0.044000
2945.527400 12.747000 0.043000
2954.503180 13.043000 0.041000
3157.803300 12.709000 0.048000
3178.784850 13.265000 0.045000
2198.509570 12.622000 0.063000
2205.517300 12.790000 0.069000
2219.496680 13.291000 0.065000
2926.568390 13.189000 0.057000
2865.747970 29.999000 0.052000
2895.590820 29.999000 0.042000
2936.557170 29.999000 0.056000
2940.502550 29.999000 0.048000
2950.500710 29.999000 0.042000
3152.922740 29.999000 0.049000
1954.866140 13.098000 0.054000
2156.492310 13.355000 0.059000
2164.496560 12.662000 0.048000
2172.480270 13.539000 0.059000
2184.513140 13.678000 0.056000
2188.493570 12.906000 0.057000
2191.505020 13.401000 0.064000
2194.510450 13.445000 0.068000
2198.493800 12.643000 0.069000
3449.874820 13.578000 0.067000
3453.800320 13.432000 0.063000
2205.489690 29.999000 0.063000
2151.488920 13.631000 0.062000
1961.879710 13.128000 0.052000
1963.864610 13.432000 0.045000
1965.860140 13.609000 0.042000
1967.862670 13.616000 0.047000
1981.855840 12.879000 0.051000
2025.777200 13.529000 0.050000
2026.822630 12.744000 0.061000
2027.781680 13.507000 0.055000
2030.773130 13.307000 0.057000
2031.779810 12.525000 0.057000
2032.773630 13.473000 0.054000
2033.762520 12.690000 0.055000
2035.737560 13.133000 0.063000
2037.719880 13.303000 0.064000
2053.676920 13.486000 0.060000
2061.706920 13.349000 0.065000
2081.659740 12.981000 0.062000
2082.677690 13.343000 0.062000
2085.650410 13.022000 0.057000
2086.654620 13.676000 0.065000
2102.601100 12.892000 0.056000
2103.623080 13.643000 0.058000
2104.623160 13.305000 0.054000
2105.618830 13.144000 0.062000
2106.621970 13.482000 0.058000
2109.614730 13.117000 0.050000
2114.776760 13.322000 0.048000
2115.610200 13.518000 0.046000
2116.589720 13.115000 0.055000
2117.586300 13.611000 0.055000
2124.570400 13.280000 0.063000
2125.576020 13.334000 0.055000
2128.564030 13.013000 0.059000
2129.569860 13.649000 0.057000
2130.574450 13.276000 0.056000
2132.570600 13.509000 0.058000
2133.562520 12.897000 0.053000
2134.565390 13.541000 0.061000
2135.561590 13.146000 0.058000
2136.561170 13.029000 0.053000
2142.544600 13.286000 0.060000
2143.542790 12.658000 0.058000
2144.538380 13.574000 0.064000
2145.533870 12.853000 0.051000
2164.485500 12.758000 0.040000
2168.534210 13.280000 0.059000
2171.516080 13.282000 0.058000
2173.537810 13.652000 0.049000
2179.517490 13.362000 0.041000
2183.515300 13.278000 0.049000
2185.565660 13.517000 0.054000
2188.537920 13.280000 0.058000
2194.499460 13.505000 0.055000
2440.673790 13.450000 0.039000
2443.665430 13.089000 0.035000
2444.665110 13.528000 0.037000
2446.676800 12.810000 0.036000
2460.658980 12.827000 0.045000
2463.630850 13.622000 0.041000
2464.629660 13.417000 0.038000
2465.631100 12.514000 0.040000
2466.621610 13.571000 0.041000
2467.625420 12.868000 0.034000
2468.622300 13.538000 0.035000
2470.557550 13.749000 0.053000
2473.582070 13.567000 0.043000
2474.633340 13.345000 0.039000
2481.571740 13.358000 0.055000
2486.582240 13.166000 0.051000
2489.573560 13.428000 0.039000
2493.569020 13.088000 0.044000
2495.573960 13.732000 0.043000
2497.571200 13.713000 0.041000
2498.559330 13.028000 0.042000
2499.555220 13.691000 0.047000
2501.556600 13.648000 0.049000
2508.681100 12.949000 0.037000
2521.567940 13.353000 0.043000
2524.561150 13.265000 0.056000
2526.598780 13.426000 0.056000
2535.517760 13.476000 0.042000
2544.548010 12.599000 0.055000
2545.594780 13.509000 0.043000
2548.614550 13.506000 0.047000
2552.593730 13.559000 0.055000
2553.615770 13.189000 0.043000
2558.526620 12.740000 0.038000
2559.542340 13.505000 0.044000
2560.556820 13.269000 0.038000
2561.556220 13.253000 0.043000
2562.579310 13.422000 0.040000
2563.595600 12.895000 0.046000
2566.532050 13.650000 0.052000
2568.566110 12.606000 0.045000
2578.533420 13.712000 0.044000
2579.539700 13.223000 0.044000
2679.870080 13.072000 0.044000
2683.859590 13.374000 0.038000
2686.869130 13.251000 0.039000
2689.869180 12.768000 0.040000
2693.886790 13.319000 0.042000
2699.869260 12.999000 0.037000
2703.843850 12.994000 0.035000
2706.846330 12.805000 0.038000
2711.835550 13.888000 0.037000
2713.874210 12.595000 0.035000
2717.849580 13.302000 0.037000
2720.819750 12.939000 0.037000
2722.848570 13.180000 0.038000
2724.845140 13.361000 0.036000
2726.858010 13.448000 0.036000
2728.846420 13.714000 0.036000
2730.846030 12.504000 0.035000
2733.859970 13.452000 0.037000
2735.846020 13.379000 0.035000
2737.835250 12.540000 0.035000
2739.823390 13.020000 0.036000
2741.817140 13.246000 0.037000
2743.814370 13.535000 0.036000
2751.735410 12.772000 0.037000
2754.811380 12.758000 0.038000
2756.779260 12.841000 0.034000
2758.828590 13.351000 0.033000
2764.751310 13.549000 0.036000
2775.815580 13.070000 0.039000
2782.796680 13.071000 0.037000
2784.739830 13.113000 0.036000
2786.702890 13.450000 0.036000
2791.689530 13.286000 0.038000
2802.840180 12.302000 0.047000
2804.681860 13.392000 0.039000
2808.727500 13.242000 0.036000
2810.641300 13.334000 0.035000
2811.832330 13.081000 0.039000
2813.717490 13.017000 0.040000
2820.746500 13.300000 0.033000
2831.745630 13.566000 0.039000
2832.823460 13.186000 0.036000
2834.621100 13.256000 0.041000
2835.742110 12.726000 0.038000
2838.740910 13.698000 0.037000
2840.789700 12.833000 0.037000
2845.756430 12.521000 0.032000
2851.607910 12.955000 0.035000
2853.731810 13.525000 0.033000
2855.636570 13.829000 0.035000
2858.681090 13.396000 0.033000
2860.626530 13.460000 0.035000
2861.733030 13.237000 0.036000
2865.750790 13.360000 0.046000
2867.622000 13.466000 0.042000
2872.554000 13.479000 0.038000
2876.651980 13.324000 0.042000
2878.642190 12.661000 0.043000
2883.569650 13.594000 0.037000
2888.539270 13.559000 0.041000
2892.540060 12.471000 0.042000
2893.650780 13.948000 0.036000
2895.622150 13.560000 0.040000
2897.631300 12.505000 0.037000
2904.649540 12.976000 0.045000
2906.647800 13.229000 0.035000
2909.647610 12.803000 0.038000
2911.600770 13.057000 0.037000
2916.574650 12.835000 0.038000
2918.609590 13.451000 0.047000
2922.569830 13.452000 0.038000
2927.576670 13.494000 0.036000
2929.577800 13.545000 0.038000
2931.582040 13.641000 0.037000
2933.576180 12.429000 0.038000
2935.570870 12.769000 0.039000
2937.572780 13.287000 0.038000
2942.536800 12.935000 0.040000
2944.551420 13.386000 0.039000
2947.549550 12.825000 0.038000
2950.534820 13.419000 0.038000
2956.524060 13.244000 0.038000
3055.875180 13.728000 0.038000
3059.871960 12.573000 0.040000
3067.894140 13.595000 0.040000
3079.847180 13.755000 0.036000
3082.878660 13.530000 0.038000
3086.900840 13.649000 0.037000
3090.838740 12.508000 0.037000
3097.801770 12.625000 0.036000
3100.847810 13.076000 0.036000
3103.849960 13.213000 0.038000
3109.846760 12.836000 0.036000
3112.825710 13.703000 0.036000
3115.815800 13.644000 0.036000
3125.754860 13.193000 0.038000
3127.763610 13.738000 0.043000
3131.809590 12.936000 0.037000
3133.843230 12.823000 0.035000
3146.705190 13.519000 0.035000
3154.722960 13.022000 0.037000
3157.849640 13.009000 0.040000
3159.717460 12.739000 0.040000
3162.792820 12.561000 0.038000
3164.815170 13.063000 0.038000
3170.744790 13.608000 0.039000
3179.651430 13.370000 0.038000
3182.675140 13.341000 0.038000
3184.652230 13.520000 0.037000
3186.685450 13.680000 0.036000
3189.713070 13.362000 0.037000
3191.822310 12.546000 0.047000
3266.534080 13.205000 0.038000
3268.532270 13.329000 0.046000
3272.599910 13.634000 0.041000
3274.659280 12.794000 0.035000
3277.598650 13.737000 0.042000
3279.634600 12.542000 0.050000
3326.511750 13.124000 0.050000
3405.884010 13.057000 0.038000
3414.879400 12.950000 0.065000
3418.877150 13.296000 0.041000
3422.866410 13.618000 0.064000
3433.852290 13.130000 0.059000
3446.882550 13.611000 0.060000
3456.849990 13.416000 0.063000
3459.817680 13.194000 0.059000
3463.829900 13.476000 0.050000
3469.857560 13.101000 0.036000
3473.805840 13.519000 0.053000
3479.813340 12.413000 0.054000
3481.848270 12.993000 0.042000
3489.869150 13.163000 0.039000
3492.785700 13.578000 0.046000
3496.831950 12.597000 0.040000
3502.863160 13.602000 0.047000
3504.834210 13.416000 0.040000
3508.835060 12.549000 0.036000
3511.745010 13.305000 0.044000
3516.794640 13.466000 0.039000
3522.776040 12.401000 0.053000
3524.792460 13.066000 0.048000
3526.866280 13.260000 0.038000
3538.727640 13.219000 0.037000
3540.724800 13.412000 0.040000
3543.720700 13.075000 0.040000
3550.809810 13.586000 0.041000
3553.685110 12.412000 0.047000
3555.796150 13.221000 0.046000
3559.630470 13.380000 0.057000
3561.668050 13.529000 0.047000
3563.652860 13.605000 0.038000
3570.556280 13.451000 0.040000
3572.824600 13.177000 0.035000
3575.570470 13.503000 0.041000
3577.624450 12.295000 0.043000
3582.801250 12.759000 0.042000
3584.809560 13.152000 0.048000
3587.539880 13.476000 0.044000
3589.589670 13.677000 0.038000
3591.652330 12.729000 0.042000
3594.523000 13.590000 0.043000
3599.611190 13.697000 0.038000
3601.672120 12.421000 0.047000
3603.671600 12.795000 0.035000
3607.541500 13.126000 0.039000
3616.555460 13.641000 0.044000
3620.654380 12.637000 0.052000
3626.534740 13.329000 0.036000
3629.606310 13.051000 0.035000
3631.603970 13.190000 0.039000
3633.630150 13.586000 0.041000
3637.562300 13.723000 0.033000
3639.609520 12.614000 0.039000
3642.607090 13.800000 0.042000
3644.640320 12.513000 0.063000
3653.509180 12.717000 0.047000
3655.539910 13.125000 0.048000
3657.606740 13.513000 0.044000
3660.536960 13.363000 0.040000
3662.569270 13.271000 0.042000
3664.578030 13.582000 0.045000
3668.557530 13.381000 0.034000
3671.542060 13.665000 0.040000
3674.544750 13.201000 0.039000
3677.531780 12.599000 0.041000
3795.871010 13.387000 0.039000
3799.873290 13.545000 0.057000
3806.876940 12.810000 0.054000
3828.880900 13.635000 0.044000
3832.825650 12.319000 0.046000
3835.844880 13.522000 0.043000
3850.805280 13.592000 0.044000
3853.796170 13.247000 0.039000
3856.787940 12.556000 0.041000
3859.780260 13.523000 0.037000
3861.831840 12.722000 0.039000
3863.844270 12.789000 0.046000
3865.800100 13.225000 0.044000
3867.792980 13.428000 0.045000
3869.783630 13.470000 0.046000
3871.826930 13.760000 0.046000
3875.760410 12.629000 0.047000
3877.817000 13.142000 0.045000
3881.687300 13.379000 0.045000
3886.780490 13.372000 0.044000
3891.679890 13.011000 0.045000
3893.747860 13.624000 0.033000
3901.784100 13.049000 0.044000
3903.793260 13.312000 0.043000
3905.829440 13.415000 0.052000
4143.881110 13.437000 0.044000
4152.877090 13.548000 0.045000
4156.873060 13.129000 0.061000
4160.868810 13.512000 0.056000
4164.862590 13.613000 0.054000
4168.875050 13.073000 0.044000
4174.856810 13.653000 0.058000
4177.883130 13.370000 0.058000
4188.880830 13.799000 0.038000
4194.829560 13.108000 0.036000
4202.870800 12.580000 0.039000
4205.838430 13.626000 0.043000
4216.829100 12.847000 0.036000
4227.843750 13.651000 0.036000
4229.832000 13.531000 0.038000
4231.833510 13.342000 0.034000
4234.759540 13.410000 0.040000
4247.713350 12.527000 0.034000
4250.834890 12.519000 0.036000
4257.688960 13.567000 0.036000
4259.765500 12.768000 0.042000
4266.790270 13.074000 0.032000
4269.669640 13.526000 0.036000
4272.711550 13.565000 0.034000
4274.721410 13.658000 0.033000
4277.674250 13.406000 0.035000
4283.699840 12.581000 0.040000
4285.688480 13.096000 0.033000
4289.684570 13.375000 0.040000
4291.683710 13.885000 0.032000
4293.671920 13.693000 0.033000
4295.688670 12.491000 0.033000
4297.679110 12.827000 0.037000
4299.655120 13.149000 0.040000
4303.637480 13.463000 0.034000
4304.840140 13.523000 0.036000
4306.659580 13.573000 0.032000
4309.621500 12.793000 0.046000
4311.667980 13.355000 0.036000
4314.710410 13.007000 0.040000
4317.564350 13.461000 0.033000
4329.568050 13.522000 0.036000
4330.771090 13.470000 0.040000
4332.659270 13.540000 0.063000
4336.552930 13.581000 0.034000
4338.702910 12.598000 0.036000
4340.723920 13.243000 0.034000
4342.730940 13.360000 0.040000
4345.494140 13.451000 0.041000
4347.516340 12.768000 0.036000
4349.521620 13.021000 0.044000
4351.550490 13.403000 0.040000
4353.668200 13.790000 0.035000
4356.509020 13.465000 0.039000
4358.515740 13.300000 0.032000
4360.501580 13.387000 0.034000
4363.613020 13.505000 0.044000
4365.599310 13.486000 0.040000
4368.635500 13.143000 0.036000
4372.640280 13.853000 0.038000
4375.638030 13.375000 0.038000
4378.517280 12.875000 0.063000
4380.571540 13.346000 0.046000
4382.622150 13.486000 0.037000
4385.528850 13.057000 0.044000
4387.531960 13.353000 0.048000
4393.539160 12.611000 0.042000
4400.521820 12.376000 0.047000
4403.568360 13.726000 0.064000
4408.501960 13.745000 0.038000
4411.541590 13.323000 0.046000
4505.886100 13.433000 0.041000
4518.882590 13.427000 0.043000
4522.889260 13.474000 0.035000
4528.864720 13.052000 0.064000
4532.865440 13.324000 0.042000
4536.878100 12.962000 0.037000
4540.841170 13.058000 0.048000
4546.899350 13.332000 0.044000
4550.848780 12.676000 0.039000
4559.867940 13.322000 0.041000
4563.831330 13.635000 0.039000
4566.848470 13.488000 0.038000
4569.850730 12.764000 0.033000
4572.800440 13.691000 0.037000
4574.870390 12.720000 0.036000
4577.839360 13.582000 0.037000
4580.812930 13.390000 0.058000
4588.787570 12.886000 0.039000
4591.775850 13.573000 0.035000
4593.818100 13.017000 0.033000
4596.765900 13.504000 0.034000
4599.757190 13.432000 0.040000
4601.769090 13.564000 0.037000
4603.771420 13.350000 0.033000
4607.766900 12.709000 0.039000
4610.738670 13.548000 0.040000
4612.786290 12.707000 0.042000
4616.789410 13.307000 0.034000
4622.748170 13.119000 0.035000
4627.738890 13.633000 0.034000
4631.741140 12.962000 0.036000
4633.724430 13.270000 0.037000
4638.747120 13.095000 0.033000
4640.713960 13.193000 0.045000
4642.711110 13.342000 0.042000
4644.732170 13.391000 0.043000
4646.813390 12.381000 0.049000
4649.630350 13.568000 0.045000
4651.684820 13.446000 0.043000
4653.681320 13.401000 0.042000
4655.667340 12.601000 0.037000
4657.702140 13.195000 0.037000
4660.663130 12.679000 0.035000
4663.653580 13.528000 0.036000
4665.704280 12.518000 0.036000
4672.779110 12.803000 0.046000
4675.785980 13.504000 0.052000
4681.714450 13.208000 0.041000
4683.766600 13.662000 0.047000
4685.690790 13.400000 0.064000
4687.669550 13.368000 0.058000
4691.575560 13.204000 0.035000
4694.637390 13.521000 0.048000
4697.740630 13.498000 0.038000
4701.708450 12.542000 0.043000
4703.713220 12.787000 0.048000
4706.621510 13.703000 0.037000
4709.560300 13.433000 0.047000
4715.613310 12.556000 0.043000
4721.595540 13.307000 0.054000
4724.624110 13.450000 0.049000
4726.662330 13.212000 0.044000
4729.635110 12.920000 0.050000
4733.533610 13.196000 0.040000
4736.615690 12.960000 0.038000
4739.608180 12.718000 0.049000
4745.515510 13.238000 0.040000
4747.548100 13.865000 0.060000
4753.523120 12.542000 0.044000
4761.532310 13.471000 0.065000
4764.529290 13.508000 0.050000
4767.525500 12.692000 0.059000
4772.547020 12.618000 0.050000
4775.539260 13.478000 0.044000
4778.542300 13.342000 0.065000
4786.507820 13.232000 0.050000
4880.884580 13.422000 0.041000
4916.848530 13.570000 0.047000
4927.896440 12.748000 0.043000
4949.803700 13.466000 0.045000
4969.881490 13.388000 0.044000
4984.769250 12.969000 0.045000
5014.680570 13.523000 0.041000
5023.754160 12.985000 0.046000
5104.588240 13.001000 0.043000
1978.825640 13.059000 0.056000
1980.833920 13.224000 0.054000
1982.808030 13.525000 0.056000
1984.814140 13.398000 0.052000
1985.845260 13.402000 0.051000
1994.790510 13.620000 0.055000
1995.862470 12.761000 0.068000
1997.804300 13.005000 0.061000
1999.808360 13.631000 0.065000
2014.801320 12.999000 0.065000
2051.797360 13.561000 0.079000
2054.729810 13.116000 0.080000
2055.718470 13.669000 0.076000
2056.719660 13.301000 0.070000
2057.713220 12.509000 0.069000
2058.719050 13.277000 0.072000
2067.641500 13.485000 0.067000
2068.664690 13.278000 0.070000
2069.685210 12.453000 0.075000
2070.681470 13.352000 0.079000
2080.598440 13.199000 0.072000
2087.649540 13.268000 0.078000
2088.646040 12.341000 0.071000
2093.571240 13.588000 0.066000
2094.600590 13.412000 0.074000
2096.612290 13.461000 0.079000
2191.498600 13.526000 0.071000
2197.511810 13.337000 0.066000
2204.492210 13.315000 0.068000
2206.529650 13.693000 0.067000
2442.669160 13.793000 0.059000
2491.573840 12.780000 0.055000
2503.577030 13.204000 0.066000
2543.625280 13.558000 0.062000
2788.805480 13.519000 0.043000
2830.623820 12.586000 0.045000
2880.692590 13.234000 0.049000
2899.613260 12.968000 0.054000
3074.857090 13.794000 0.047000
3122.858980 13.299000 0.044000
3410.880750 13.467000 0.074000
3426.859070 13.011000 0.082000
3443.869390 12.691000 0.076000
3476.831970 13.076000 0.070000
3500.793230 13.093000 0.076000
3520.731780 13.621000 0.069000
3618.670700 13.141000 0.074000
3775.883650 13.835000 0.072000
3791.864910 12.803000 0.069000
3803.867660 12.731000 0.064000
3810.868510 12.991000 0.080000
3814.857130 13.412000 0.076000
3818.846930 13.078000 0.077000
3825.837640 12.755000 0.043000
3847.886590 13.028000 0.056000
3908.659600 12.710000 0.073000
3981.517370 13.294000 0.046000
4585.818630 13.128000 0.046000
4667.716720 12.985000 0.049000
4742.564610 13.061000 0.059000
4755.578600 13.024000 0.076000
4758.542990 12.641000 0.067000
4770.511010 13.465000 0.065000
4783.506520 13.493000 0.070000
4884.879920 12.602000 0.051000
4892.871230 13.371000 0.050000
4905.842100 13.217000 0.046000
4919.890580 13.320000 0.048000
4937.824060 13.416000 0.048000
4940.820040 13.518000 0.049000
4946.829850 12.973000 0.042000
4952.790100 13.664000 0.047000
4962.768940 13.118000 0.048000
4967.817400 13.147000 0.050000
4992.892580 12.534000 0.044000
5006.717150 12.847000 0.049000
5009.689690 13.552000 0.046000
5012.733270 13.429000 0.048000
5021.746620 13.543000 0.060000
5031.645240 13.508000 0.055000
5040.617490 13.181000 0.045000
5042.606890 13.505000 0.052000
5048.794240 13.415000 0.045000
5082.669660 12.972000 0.046000
5084.710280 13.106000 0.050000
5087.530230 13.217000 0.050000
5089.582760 13.000000 0.053000
5111.598720 12.344000 0.055000
5122.498770 13.231000 0.047000
1948.883580 29.999000 0.059000
1979.855280 29.999000 0.056000
2175.500860 29.999000 0.052000
2201.495240 29.999000 0.063000
2213.512190 29.999000 0.071000
2232.506820 29.999000 0.054000
2452.638600 29.999000 0.047000
2454.644430 29.999000 0.049000
2482.613970 29.999000 0.047000
2494.574530 29.999000 0.055000
2502.572320 29.999000 0.059000
2511.726930 29.999000 0.050000
2519.554900 29.999000 0.059000
2529.530620 29.999000 0.065000
2747.851530 29.999000 0.042000
2953.528780 29.999000 0.039000
3152.933280 29.999000 0.044000
4212.888720 29.999000 0.041000
4281.698300 29.999000 0.044000
4420.511770 29.999000 0.041000
4990.772090 29.999000 0.043000
