1900.842970 11.898000 0.038000
1954.797270 11.921000 0.046000
1955.805010 12.418000 0.041000
3388.818370 11.939000 0.044000
3395.852340 12.338000 0.039000
3399.804480 12.016000 0.043000
3405.808140 11.821000 0.038000
3414.818980 11.725000 0.034000
3417.819340 11.776000 0.042000
3425.833420 11.966000 0.038000
3438.782810 12.071000 0.036000
3442.782830 11.807000 0.037000
3444.795830 12.234000 0.039000
3452.730240 12.090000 0.041000
3454.768590 12.305000 0.040000
3458.768880 12.098000 0.034000
3460.780430 12.339000 0.035000
3463.700550 12.218000 0.039000
3465.754620 11.821000 0.040000
3468.728800 12.306000 0.035000
3470.744280 11.815000 0.038000
3472.791210 12.130000 0.031000
3474.863760 11.991000 0.040000
3477.651360 12.187000 0.045000
3479.696500 11.853000 0.040000
3481.697030 11.843000 0.034000
3483.686460 12.304000 0.037000
3496.657620 12.261000 0.035000
3499.661710 12.274000 0.033000
3501.709840 11.793000 0.045000
3503.699220 12.066000 0.037000
3506.704650 12.045000 0.036000
3509.701770 12.080000 0.037000
3522.652780 12.224000 0.042000
3524.686340 11.610000 0.036000
3526.671710 11.990000 0.039000
3528.674890 12.205000 0.038000
3530.689160 12.036000 0.038000
3537.686620 12.058000 0.043000
3544.502170 12.123000 0.043000
3547.602860 12.207000 0.036000
3554.596110 11.930000 0.033000
3556.629090 12.112000 0.034000
3559.612450 12.117000 0.036000
3561.616040 12.239000 0.034000
3563.599510 11.790000 0.033000
3569.544040 11.933000 0.036000
3571.628150 11.990000 0.037000
3574.632120 11.931000 0.038000
3577.549380 11.667000 0.036000
3587.560040 12.056000 0.036000
3589.574580 11.995000 0.034000
3602.546180 11.920000 0.042000
3606.501090 12.272000 0.038000
3615.523590 12.174000 0.037000
3628.483440 11.766000 0.038000
3719.855350 12.135000 0.038000
3727.846740 12.220000 0.039000
3734.851020 11.837000 0.039000
3738.841000 12.348000 0.038000
3742.838550 11.984000 0.039000
3750.828550 11.974000 0.045000
3754.815090 11.747000 0.036000
3763.865090 11.685000 0.038000
3767.821620 12.199000 0.042000
3772.811340 12.158000 0.036000
3775.832760 12.094000 0.037000
3783.831500 12.067000 0.043000
3787.862890 12.088000 0.035000
3790.794650 12.091000 0.041000
3796.785750 11.916000 0.040000
3799.766050 11.767000 0.036000
3804.798930 12.004000 0.040000
3807.851500 12.001000 0.038000
3810.747750 11.898000 0.038000
3814.792180 12.214000 0.042000
3821.818890 12.054000 0.038000
3824.709820 11.856000 0.038000
3826.757040 12.191000 0.037000
3829.694310 12.037000 0.041000
3833.736500 11.785000 0.038000
3835.730850 12.068000 0.036000
3837.741310 12.013000 0.036000
3847.700970 11.681000 0.040000
3849.693080 11.995000 0.038000
3851.692660 12.197000 0.041000
3853.726990 11.657000 0.034000
3860.656860 12.114000 0.036000
3862.652010 12.138000 0.035000
3864.650560 11.693000 0.038000
3868.667110 12.286000 0.043000
3870.661420 11.938000 0.037000
3872.659590 11.864000 0.043000
3875.764380 12.045000 0.040000
3881.641120 11.699000 0.037000
3886.589970 11.751000 0.034000
3890.586900 12.336000 0.035000
3892.592930 11.689000 0.040000
3896.593110 12.213000 0.041000
3898.611090 11.910000 0.038000
3900.630800 11.862000 0.034000
3902.647570 12.190000 0.034000
3904.671110 11.925000 0.034000
3906.686900 11.879000 0.034000
3908.709090 12.159000 0.037000
3912.697410 11.760000 0.037000
4204.757890 11.893000 0.040000
4232.676960 11.953000 0.046000
4238.741250 11.860000 0.039000
4246.692600 11.962000 0.037000
4254.634500 12.011000 0.039000
4256.693670 12.397000 0.034000
4258.764280 11.801000 0.037000
4273.722380 12.435000 0.038000
4311.543290 11.792000 0.037000
4329.477620 12.090000 0.043000
4333.478950 11.927000 0.033000
4336.551530 12.032000 0.039000
4345.483450 11.612000 0.045000
4347.505630 11.982000 0.036000
4352.493400 12.138000 0.036000
4356.480200 11.706000 0.040000
4361.480390 12.148000 0.037000
4501.813210 12.101000 0.041000
4533.817980 11.875000 0.040000
4578.805980 12.072000 0.040000
4700.517500 12.198000 0.037000
4202.735430 12.124000 0.045000
4207.796690 11.922000 0.046000
4290.553540 12.114000 0.038000
4292.515200 12.219000 0.033000
4294.528260 11.850000 0.036000
4296.520200 11.922000 0.044000
4298.527410 12.093000 0.037000
4306.471740 12.278000 0.034000
4308.556140 11.901000 0.042000
4316.577140 12.084000 0.039000
4342.519570 11.828000 0.037000
4593.756310 11.738000 0.036000
4606.632150 11.704000 0.038000
1889.860120 11.884000 0.047000
2040.617410 12.187000 0.052000
3420.804710 12.066000 0.045000
3449.733480 12.209000 0.045000
3489.844640 12.232000 0.050000
3520.630610 12.035000 0.049000
3585.555840 11.935000 0.049000
3596.539290 12.013000 0.049000
3600.538400 11.816000 0.044000
3760.811490 11.845000 0.047000
3793.779190 11.886000 0.047000
3802.771730 11.748000 0.043000
3816.819490 11.882000 0.051000
3819.721710 11.697000 0.049000
3831.748590 12.336000 0.051000
3855.822140 12.184000 0.042000
3888.595720 12.240000 0.047000
3983.497650 12.229000 0.043000
4349.510920 12.061000 0.045000
4340.493710 12.190000 0.046000
4721.491750 12.074000 0.047000
4993.702820 12.240000 0.042000
3583.504080 29.999000 0.041000
4282.523300 29.999000 0.055000
4300.488670 29.999000 0.038000
1903.848810 11.905000 0.031000
1905.857500 12.158000 0.030000
1907.854040 12.297000 0.030000
1914.806130 11.964000 0.030000
1919.812520 12.124000 0.033000
1921.811630 12.294000 0.031000
1924.875790 12.285000 0.033000
1925.866010 12.119000 0.031000
1926.857760 11.829000 0.029000
1929.803730 11.714000 0.031000
1932.799350 11.962000 0.032000
1936.808820 12.186000 0.033000
1938.812930 12.255000 0.031000
1940.807940 11.716000 0.032000
1948.790910 11.930000 0.033000
1953.781490 12.193000 0.042000
1961.791710 12.194000 0.041000
1964.743310 12.116000 0.038000
1965.780120 11.961000 0.039000
2025.646250 12.292000 0.031000
2026.654500 12.142000 0.029000
2027.646420 11.820000 0.029000
2030.632900 11.685000 0.034000
2031.649930 12.281000 0.031000
2032.635440 11.994000 0.029000
2033.623260 11.735000 0.031000
2062.560540 12.193000 0.035000
2081.526760 12.084000 0.035000
2085.529910 12.185000 0.035000
2088.524260 12.064000 0.035000
2094.574120 12.031000 0.032000
2102.479490 12.111000 0.034000
2104.523650 12.345000 0.031000
2106.514460 11.671000 0.028000
2115.600190 11.681000 0.036000
2117.499930 11.834000 0.034000
2129.477520 12.212000 0.028000
2131.513500 11.856000 0.031000
2133.526830 12.177000 0.030000
2135.537500 12.265000 0.031000
2141.532920 12.289000 0.044000
2144.474940 12.161000 0.030000
2440.549020 11.944000 0.034000
2442.544230 12.142000 0.032000
2443.541700 11.830000 0.032000
2444.541870 12.306000 0.034000
2452.504090 11.777000 0.039000
2454.511300 11.918000 0.037000
2456.514050 12.163000 0.038000
2464.493040 12.216000 0.038000
2466.484760 11.776000 0.039000
2468.485110 12.023000 0.037000
2470.474280 12.200000 0.040000
2474.463110 11.777000 0.042000
2482.465300 11.959000 0.044000
2494.484030 11.729000 0.040000
2511.505820 11.843000 0.043000
2512.535820 12.336000 0.036000
2520.503270 11.845000 0.032000
2521.520150 12.186000 0.025000
2625.863290 12.018000 0.033000
2629.851670 11.769000 0.030000
2635.843210 11.820000 0.027000
2639.843240 12.144000 0.024000
2643.837190 11.721000 0.025000
2646.840880 11.671000 0.025000
2652.857110 11.809000 0.029000
2657.841900 11.817000 0.032000
2660.805220 11.690000 0.036000
2662.822580 12.082000 0.035000
2664.833600 12.220000 0.029000
2667.825610 12.183000 0.033000
2670.834110 12.162000 0.031000
2673.820170 12.107000 0.027000
2678.814700 12.221000 0.025000
2680.821560 11.710000 0.037000
2684.810650 12.211000 0.034000
2686.807730 12.133000 0.033000
2688.787400 11.828000 0.033000
2690.789510 12.044000 0.033000
2693.800970 12.057000 0.043000
2696.796160 12.047000 0.034000
2700.841720 11.672000 0.033000
2704.810190 12.127000 0.025000
2706.794040 12.299000 0.031000
2710.752670 12.007000 0.028000
2712.750450 12.162000 0.032000
2714.737400 12.122000 0.034000
2717.739260 12.289000 0.039000
2720.680060 12.173000 0.034000
2722.722690 11.696000 0.029000
2724.744570 11.995000 0.035000
2726.750580 12.200000 0.037000
2728.743640 11.779000 0.033000
2730.744690 11.904000 0.031000
2733.738520 11.851000 0.033000
2735.734860 12.115000 0.028000
2737.696600 12.185000 0.033000
2739.721190 11.651000 0.033000
2741.695440 11.970000 0.030000
2742.843870 11.888000 0.037000
2744.672140 11.899000 0.028000
2747.749230 11.954000 0.025000
2750.786780 12.008000 0.032000
2752.700490 12.019000 0.032000
2755.649110 11.992000 0.031000
2757.623150 12.168000 0.034000
2759.669800 12.037000 0.031000
2760.764470 12.202000 0.026000
2762.716290 11.904000 0.033000
2775.725230 11.912000 0.034000
2782.773760 11.783000 0.027000
2784.655790 11.693000 0.027000
2785.780900 11.950000 0.028000
2787.732320 11.765000 0.026000
2794.579330 12.043000 0.031000
2809.584410 11.759000 0.031000
2810.684340 11.798000 0.032000
2812.581040 11.752000 0.036000
2813.750880 11.696000 0.031000
2819.615350 12.156000 0.029000
2821.621570 11.814000 0.030000
2826.609310 11.841000 0.030000
2831.616480 12.103000 0.029000
2836.560430 12.167000 0.030000
2839.616260 12.242000 0.035000
2841.664450 11.769000 0.030000
2853.511020 12.070000 0.029000
2854.589720 11.947000 0.032000
2858.589170 12.256000 0.032000
2860.577870 11.763000 0.031000
2862.554820 11.998000 0.037000
2866.593830 11.699000 0.029000
2875.515560 12.245000 0.036000
2877.514300 11.663000 0.033000
2879.517020 11.981000 0.030000
2883.492090 12.213000 0.030000
2885.511000 11.888000 0.028000
2895.528280 12.147000 0.027000
2898.506070 12.146000 0.027000
2900.501050 12.190000 0.026000
2904.493010 12.139000 0.026000
2906.491430 12.191000 0.026000
2989.855630 11.739000 0.030000
2994.852210 11.970000 0.030000
3003.842620 11.755000 0.028000
3011.838840 11.911000 0.028000
3017.842810 11.779000 0.027000
3025.858720 12.014000 0.026000
3030.862340 12.158000 0.027000
3041.829000 12.182000 0.030000
3054.831220 11.716000 0.029000
3057.862110 11.689000 0.034000
3067.805870 12.120000 0.027000
3067.868900 12.153000 0.029000
3069.848250 12.353000 0.030000
3071.817810 11.743000 0.029000
3074.783240 11.837000 0.029000
3077.754050 12.313000 0.027000
3079.806300 11.889000 0.029000
3082.735200 11.682000 0.027000
3086.785910 12.245000 0.026000
3088.858570 11.743000 0.028000
3091.719280 12.268000 0.032000
3093.767440 11.921000 0.031000
3097.715940 12.255000 0.027000
3101.780610 12.126000 0.028000
3103.812000 12.153000 0.030000
3105.802430 11.661000 0.028000
3107.804870 12.010000 0.026000
3110.668140 11.713000 0.028000
3112.717930 12.087000 0.028000
3114.757920 12.208000 0.027000
3116.778970 11.765000 0.026000
3121.713350 11.990000 0.032000
3125.690300 12.249000 0.026000
3127.684730 11.788000 0.032000
3129.726850 12.119000 0.032000
3131.751240 12.303000 0.028000
3133.754240 11.694000 0.028000
3144.794490 11.961000 0.025000
3153.704590 11.840000 0.025000
3156.592180 12.176000 0.027000
3158.731900 11.850000 0.029000
3163.753710 12.158000 0.027000
3169.510080 11.716000 0.030000
3176.496760 12.131000 0.026000
3178.633070 11.664000 0.029000
3180.730680 12.119000 0.028000
3183.719530 12.091000 0.027000
3185.673740 12.164000 0.029000
3187.717280 11.689000 0.030000
3190.707450 12.120000 0.044000
3393.848510 12.143000 0.033000
3403.825330 11.819000 0.038000
3406.847020 11.952000 0.040000
3412.832310 12.216000 0.032000
3421.813470 12.162000 0.034000
3424.797610 12.034000 0.033000
3426.838840 12.213000 0.027000
3431.842400 11.739000 0.035000
3438.790650 12.113000 0.030000
3442.788080 11.837000 0.036000
3444.803190 12.051000 0.038000
3446.846620 12.289000 0.032000
3465.765340 11.763000 0.026000
3483.695740 12.201000 0.029000
3487.670550 11.640000 0.036000
3496.682660 12.094000 0.029000
3499.685200 12.248000 0.032000
3525.676440 12.202000 0.028000
3538.619290 11.730000 0.032000
3540.642360 11.925000 0.038000
3543.611340 11.907000 0.034000
3550.643940 12.256000 0.028000
3555.688920 11.724000 0.027000
3563.497980 11.825000 0.026000
3565.502220 11.876000 0.035000
3570.581910 12.120000 0.031000
3578.552930 12.243000 0.026000
3584.567080 12.147000 0.030000
3586.602130 11.633000 0.029000
3591.524900 11.773000 0.036000
3593.536270 11.953000 0.031000
3601.553700 12.156000 0.034000
3603.560250 11.894000 0.028000
3606.565260 12.178000 0.034000
3618.494210 12.139000 0.029000
3620.528860 12.141000 0.029000
3630.494770 11.969000 0.033000
3633.492440 11.919000 0.037000
3765.703080 11.614000 0.031000
3765.734310 11.669000 0.033000
3794.821800 11.720000 0.032000
3837.743340 12.040000 0.032000
3868.656020 12.148000 0.038000
3875.751590 11.992000 0.027000
3883.594040 11.820000 0.036000
3891.581820 12.045000 0.032000
3909.688040 11.881000 0.029000
3913.689970 12.263000 0.028000
3981.543850 12.164000 0.039000
4278.533900 12.229000 0.029000
4282.586490 11.959000 0.038000
4286.591930 11.663000 0.035000
4296.571040 12.258000 0.033000
4302.600380 11.993000 0.030000
4307.605490 12.282000 0.039000
4312.557640 12.304000 0.038000
4330.513040 12.027000 0.029000
4333.504180 11.965000 0.031000
4340.499540 12.368000 0.032000
4346.535500 12.282000 0.036000
4349.489450 12.173000 0.030000
4357.480950 12.260000 0.030000
4360.479390 12.216000 0.032000
4363.505960 12.203000 0.034000
4533.830280 12.050000 0.035000
4578.800480 12.036000 0.033000
4662.644710 11.905000 0.035000
4682.476820 11.849000 0.033000
4684.482350 12.166000 0.030000
4698.532190 12.088000 0.041000
4704.549500 12.079000 0.033000
4711.503660 12.061000 0.034000
4722.494490 11.724000 0.037000
4729.485520 12.300000 0.038000
4733.483900 11.673000 0.042000
1958.801280 12.303000 0.044000
1962.851800 12.118000 0.044000
1966.825690 11.852000 0.039000
1967.828750 12.259000 0.042000
2769.750590 12.707000 0.043000
4305.603790 12.239000 0.041000
1950.757870 12.096000 0.055000
1996.713130 11.721000 0.052000
2037.633560 12.082000 0.037000
2052.576830 11.886000 0.038000
2053.602960 12.059000 0.035000
2054.610700 12.142000 0.039000
2056.591750 12.247000 0.035000
2057.580120 12.089000 0.035000
2058.581080 11.791000 0.039000
2067.574750 11.902000 0.034000
2068.562820 12.195000 0.037000
2069.565420 11.825000 0.037000
2070.555830 12.232000 0.037000
2079.520300 12.209000 0.048000
2083.522590 11.916000 0.045000
2086.527400 11.732000 0.039000
2087.521000 12.185000 0.035000
2093.491180 12.171000 0.039000
2490.524410 12.193000 0.048000
2498.516990 12.260000 0.046000
2502.517790 12.015000 0.050000
2503.531750 11.714000 0.048000
2843.614930 11.854000 0.049000
3160.750990 12.086000 0.039000
3409.840390 12.306000 0.038000
3475.771900 12.102000 0.035000
3529.675070 11.906000 0.040000
3765.764480 11.750000 0.043000
3765.794390 11.846000 0.050000
3863.663760 12.009000 0.041000
4300.527460 11.843000 0.038000
4708.535520 11.667000 0.041000
4726.490940 12.445000 0.047000
4918.738540 11.963000 0.042000
4972.749670 11.922000 0.039000
4985.586620 12.118000 0.038000
4993.713480 12.338000 0.040000
5042.509390 11.833000 0.044000
5048.556080 11.721000 0.045000
5057.576040 11.892000 0.041000
5085.509770 11.894000 0.046000
5088.505700 12.169000 0.047000
1976.820890 12.031000 0.050000
1977.751000 11.869000 0.048000
1979.692060 11.766000 0.052000
1981.744890 12.135000 0.052000
1982.743050 11.853000 0.045000
1984.742300 12.079000 0.050000
1985.753580 11.802000 0.046000
1993.773060 12.006000 0.053000
1995.665710 12.015000 0.050000
1997.720380 12.288000 0.053000
2055.585610 12.563000 0.042000
2463.531970 11.765000 0.041000
2454.555260 11.978000 0.055000
2040.640100 12.187000 0.045000
3385.846270 12.012000 0.042000
3397.827500 11.722000 0.042000
3406.812370 12.306000 0.032000
3409.845260 12.304000 0.033000
3418.870010 12.203000 0.043000
3424.811510 12.070000 0.033000
3432.864960 12.269000 0.042000
3436.808580 11.977000 0.036000
3443.788280 12.294000 0.034000
3447.837590 12.073000 0.039000
3450.755630 11.912000 0.037000
3459.792870 11.790000 0.032000
3462.724670 11.804000 0.035000
3464.779730 12.001000 0.032000
3466.811630 12.278000 0.038000
3469.774910 12.133000 0.031000
3471.822180 11.844000 0.033000
3474.699920 12.329000 0.035000
3476.810920 11.802000 0.038000
3478.745070 11.975000 0.038000
3482.726330 11.989000 0.039000
3489.791870 12.118000 0.043000
3491.813040 12.242000 0.040000
3497.818000 12.190000 0.034000
3503.670780 11.983000 0.032000
3509.685040 11.965000 0.034000
3515.640170 11.768000 0.034000
3517.632000 12.120000 0.035000
3520.754590 12.160000 0.040000
3522.689540 12.183000 0.036000
3526.733880 11.975000 0.039000
3528.740270 12.247000 0.035000
3543.741540 12.134000 0.039000
3547.584250 12.287000 0.040000
3554.600070 11.918000 0.037000
3556.632370 12.178000 0.030000
3561.631030 12.130000 0.038000
3563.602740 11.796000 0.033000
3569.572150 11.833000 0.034000
3571.636840 11.984000 0.035000
3574.640790 11.963000 0.035000
3576.650660 12.179000 0.031000
3578.653170 12.326000 0.030000
3585.559120 11.976000 0.034000
3587.567650 12.154000 0.034000
3589.577840 12.039000 0.030000
3596.554100 12.143000 0.036000
3600.542510 11.831000 0.039000
3602.549450 11.943000 0.031000
3604.562910 12.178000 0.034000
3608.536320 11.859000 0.032000
3615.527510 12.213000 0.033000
3619.482900 11.805000 0.031000
3626.498860 12.227000 0.035000
3633.497390 11.908000 0.038000
3639.480980 11.707000 0.037000
3727.859130 12.229000 0.034000
3737.855230 11.787000 0.040000
3741.854790 12.199000 0.039000
3745.849370 11.961000 0.032000
3749.841340 12.199000 0.041000
3757.801170 11.670000 0.033000
3769.836020 12.287000 0.044000
3773.833860 11.987000 0.038000
3777.821160 11.730000 0.040000
3787.891190 12.153000 0.038000
3790.824060 12.023000 0.043000
3793.804380 11.980000 0.036000
3796.799520 11.934000 0.035000
3799.806050 11.853000 0.040000
3804.839410 12.080000 0.038000
3807.874170 12.032000 0.036000
3810.777040 11.944000 0.041000
3815.817520 12.089000 0.038000
3820.809420 12.261000 0.033000
3825.778910 11.848000 0.039000
3828.715090 12.320000 0.039000
3830.788340 11.878000 0.041000
3832.758980 12.107000 0.035000
3834.742070 12.126000 0.039000
3836.745170 11.760000 0.036000
3847.720310 11.778000 0.037000
3851.719550 12.277000 0.038000
3853.773340 11.653000 0.035000
3856.648620 12.242000 0.041000
3862.673970 12.223000 0.040000
3864.671100 11.670000 0.031000
3866.667950 11.994000 0.033000
3869.672880 11.975000 0.034000
3871.661740 12.121000 0.034000
3874.745150 12.198000 0.030000
3882.583580 12.118000 0.037000
3886.619550 12.295000 0.031000
3890.608540 12.197000 0.032000
3892.609340 11.636000 0.033000
3901.660660 11.798000 0.031000
3903.663860 11.950000 0.031000
3905.661230 12.143000 0.033000
3907.660960 12.256000 0.033000
4106.845150 11.835000 0.034000
4125.831170 11.854000 0.036000
4128.858310 11.929000 0.038000
4132.830660 12.158000 0.042000
4143.808150 12.312000 0.040000
4146.849870 12.288000 0.038000
4150.857500 12.106000 0.043000
4153.835590 12.055000 0.035000
4156.835750 11.945000 0.037000
4159.809900 11.828000 0.034000
4162.789950 11.686000 0.034000
4165.785310 11.613000 0.033000
4174.739620 12.222000 0.045000
4184.828670 12.088000 0.036000
4188.762350 12.178000 0.037000
4190.801100 11.895000 0.034000
4192.774010 12.168000 0.040000
4200.740560 12.178000 0.036000
4203.751620 12.183000 0.035000
4205.751560 12.241000 0.035000
4208.841510 11.864000 0.045000
4212.843140 12.082000 0.038000
4215.775330 12.055000 0.035000
4228.703420 12.200000 0.037000
4230.701900 11.919000 0.039000
4232.700710 11.916000 0.034000
4234.692990 12.203000 0.035000
4238.754650 12.109000 0.038000
4246.781210 12.131000 0.038000
4253.609450 12.174000 0.040000
4255.643920 11.689000 0.034000
4257.639520 12.009000 0.037000
4273.729790 12.271000 0.034000
4281.535830 12.016000 0.034000
4283.570310 11.675000 0.042000
4285.570130 12.035000 0.038000
4289.563580 12.025000 0.037000
4291.580070 11.933000 0.038000
4295.576930 12.328000 0.035000
4297.576690 11.889000 0.036000
4299.550930 12.059000 0.033000
4301.518270 12.133000 0.040000
4306.625800 11.721000 0.034000
4311.587690 11.831000 0.035000
4316.618090 12.195000 0.037000
4319.625790 12.069000 0.037000
4329.483730 12.195000 0.043000
4334.474310 12.213000 0.033000
4338.477000 12.121000 0.037000
4340.544800 12.188000 0.035000
4342.548960 11.798000 0.038000
4344.551280 12.068000 0.042000
4349.491870 12.264000 0.035000
4351.533860 11.853000 0.036000
4354.524790 12.062000 0.033000
4361.483410 12.044000 0.035000
4365.491630 11.696000 0.040000
4458.859320 12.309000 0.038000
4465.856620 11.939000 0.039000
4473.864540 12.114000 0.039000
4479.844710 12.034000 0.043000
4485.865670 11.900000 0.034000
4490.854630 12.106000 0.038000
4498.865370 12.222000 0.039000
4502.817830 11.776000 0.040000
4505.846870 11.791000 0.040000
4518.836080 12.128000 0.038000
4521.818830 12.073000 0.032000
4525.870060 11.797000 0.035000
4528.803670 11.834000 0.035000
4531.789700 12.173000 0.040000
4535.794880 12.133000 0.035000
4537.839000 12.247000 0.041000
4543.754940 12.123000 0.037000
4547.799960 11.875000 0.039000
4554.819010 12.414000 0.039000
4557.729450 12.179000 0.037000
4559.800380 11.671000 0.034000
4562.706160 12.241000 0.036000
4564.783720 11.893000 0.035000
4567.689510 11.623000 0.035000
4569.823440 12.090000 0.036000
4571.740530 12.252000 0.035000
4573.734360 11.832000 0.035000
4575.729510 11.872000 0.033000
4579.747470 12.203000 0.035000
4582.710420 12.350000 0.036000
4585.758480 12.216000 0.039000
4587.796860 11.799000 0.041000
4590.637210 12.269000 0.037000
4592.686980 11.907000 0.037000
4594.688970 12.207000 0.034000
4600.657120 11.985000 0.035000
4602.653520 12.202000 0.037000
4607.651830 12.328000 0.038000
4609.712680 11.929000 0.043000
4611.678880 12.146000 0.037000
4615.784710 11.922000 0.040000
4617.682190 12.093000 0.040000
4623.632580 11.882000 0.034000
4627.591690 12.131000 0.032000
4629.580890 11.777000 0.032000
4638.712610 11.606000 0.042000
4640.678020 11.940000 0.040000
4642.641910 12.058000 0.039000
4644.660460 12.398000 0.037000
4648.678690 12.087000 0.046000
4650.723750 12.278000 0.036000
4653.501740 11.995000 0.033000
4655.506140 12.152000 0.033000
4661.502140 12.224000 0.034000
4663.563770 12.164000 0.042000
4665.647510 12.061000 0.037000
4667.605890 12.265000 0.037000
4671.586220 11.858000 0.035000
4679.603150 11.987000 0.039000
4682.592900 11.955000 0.042000
4691.545420 11.665000 0.044000
4697.498590 12.272000 0.033000
4699.520980 11.820000 0.037000
4701.526750 12.117000 0.038000
4703.535510 12.237000 0.034000
4705.560110 11.677000 0.038000
4708.559060 11.658000 0.043000
4716.489910 11.786000 0.036000
4720.511030 12.223000 0.037000
4724.495670 11.878000 0.045000
4821.858740 12.105000 0.036000
4828.861600 11.843000 0.042000
4833.857610 12.130000 0.036000
4837.847440 11.671000 0.043000
4845.869130 11.802000 0.038000
4857.833550 11.852000 0.036000
4861.872340 12.167000 0.036000
4872.867930 12.326000 0.037000
4876.755760 11.841000 0.039000
4883.836000 12.219000 0.038000
4968.700950 12.267000 0.040000
4994.682200 11.986000 0.040000
3389.848340 11.901000 0.049000
3453.697740 11.704000 0.050000
3486.787750 11.968000 0.048000
3501.583390 11.783000 0.042000
3537.690520 12.204000 0.044000
3559.622340 12.162000 0.045000
3753.835330 12.243000 0.045000
3761.825140 12.077000 0.046000
3765.827730 11.881000 0.045000
3802.814210 11.670000 0.048000
3818.736240 12.078000 0.048000
3823.725880 12.240000 0.045000
3849.719250 12.113000 0.046000
3858.714280 11.947000 0.048000
3888.631450 12.080000 0.041000
3899.624120 12.168000 0.044000
3983.504490 12.342000 0.049000
4135.879780 12.353000 0.049000
4176.830740 11.791000 0.048000
4179.813600 11.697000 0.049000
4182.757900 11.806000 0.043000
4245.616510 11.986000 0.044000
4259.670130 12.221000 0.041000
4293.573690 12.154000 0.052000
4308.650760 11.993000 0.044000
4346.550200 12.468000 0.046000
4516.785650 11.744000 0.044000
4545.814830 11.634000 0.039000
4646.652770 11.745000 0.050000
4730.489560 11.778000 0.045000
4734.483680 12.190000 0.045000
4853.830110 12.044000 0.050000
4865.854230 11.834000 0.040000
4886.824330 12.207000 0.047000
4901.819870 12.141000 0.045000
4907.827690 12.003000 0.041000
4917.778970 12.301000 0.042000
4924.812410 11.972000 0.054000
4928.753290 12.311000 0.049000
4936.802580 11.704000 0.056000
4938.871250 12.034000 0.042000
4946.862020 12.164000 0.049000
4949.656200 11.931000 0.046000
4951.817060 12.224000 0.045000
4955.695670 11.825000 0.045000
4966.650730 11.812000 0.045000
4984.607960 12.291000 0.043000
4991.617480 12.044000 0.042000
5021.610680 12.226000 0.046000
5023.613160 11.627000 0.046000
5047.502160 11.925000 0.052000
5049.548570 12.181000 0.050000
5071.485910 12.168000 0.047000
5075.542630 12.134000 0.046000
5084.518150 11.973000 0.056000
5087.488680 11.889000 0.050000
5090.484590 11.783000 0.047000
5093.484700 11.658000 0.051000
3421.829580 29.999000 0.044000
3445.803820 29.999000 0.035000
3583.507350 29.999000 0.049000
3630.499700 29.999000 0.039000
4892.799570 29.999000 0.043000
