2031.698090 13.309000 0.047000
2130.502580 13.823000 0.050000
2132.507800 13.769000 0.058000
2560.522960 13.320000 0.049000
2790.904060 13.755000 0.039000
2810.777880 13.426000 0.045000
2813.764850 13.874000 0.046000
2835.709190 13.684000 0.037000
2838.700080 13.445000 0.038000
2854.710610 13.526000 0.032000
2878.564140 13.681000 0.039000
2883.529590 13.604000 0.040000
2885.529940 13.980000 0.042000
2888.557220 13.329000 0.041000
2908.564640 13.176000 0.042000
2910.557460 13.340000 0.043000
2912.547650 13.448000 0.040000
2930.518350 13.461000 0.038000
2933.504170 13.618000 0.037000
3142.821940 13.845000 0.036000
3166.750090 13.679000 0.044000
3180.689050 13.630000 0.038000
3187.674910 13.625000 0.040000
2566.495340 29.999000 0.056000
2787.779260 29.999000 0.045000
2858.605400 29.999000 0.036000
2861.629570 29.999000 0.036000
2922.518140 29.999000 0.039000
3115.841060 29.999000 0.044000
3158.790980 29.999000 0.046000
2031.758600 13.518000 0.046000
2052.709580 13.754000 0.056000
2053.723200 13.236000 0.051000
2054.714940 13.705000 0.057000
2093.551620 13.718000 0.069000
2104.603430 13.765000 0.042000
2105.601390 13.326000 0.062000
2106.604570 13.669000 0.053000
2109.597330 13.663000 0.041000
2115.553160 13.483000 0.047000
2116.570150 13.309000 0.043000
2117.569040 13.819000 0.043000
2124.545190 13.598000 0.056000
2129.559370 13.293000 0.058000
2130.555000 13.997000 0.057000
2133.554330 13.384000 0.047000
2134.547900 13.923000 0.054000
2135.548990 13.521000 0.060000
2141.542380 13.859000 0.057000
2142.536600 13.351000 0.066000
2143.537040 13.809000 0.048000
2145.518820 13.751000 0.049000
2151.495290 13.662000 0.048000
2859.790200 13.482000 0.035000
2892.621440 13.782000 0.056000
2896.595170 13.608000 0.040000
2900.577750 13.920000 0.042000
2906.565620 13.378000 0.041000
2953.522020 13.401000 0.036000
2904.567200 14.212000 0.062000
2059.762810 29.999000 0.072000
2087.634320 29.999000 0.053000
2125.563270 29.999000 0.055000
2128.546790 29.999000 0.050000
2132.557970 29.999000 0.058000
2811.808740 29.999000 0.047000
2835.738120 29.999000 0.038000
2840.785750 29.999000 0.035000
2845.749730 29.999000 0.032000
2866.744140 29.999000 0.038000
2888.619120 29.999000 0.041000
2898.582870 29.999000 0.042000
2909.567430 29.999000 0.040000
2911.538910 29.999000 0.038000
2916.543500 29.999000 0.042000
2922.541620 29.999000 0.041000
2924.549290 29.999000 0.038000
2946.549960 29.999000 0.044000
2950.519950 29.999000 0.044000
3191.809920 29.999000 0.067000
2026.702040 13.488000 0.052000
2031.703210 13.533000 0.069000
2033.675510 13.328000 0.042000
2069.618920 13.839000 0.066000
2088.569440 14.010000 0.066000
2105.546250 13.287000 0.062000
2128.489840 13.619000 0.050000
2130.516290 13.934000 0.061000
2132.512350 13.880000 0.056000
2172.545050 13.742000 0.062000
2440.598500 13.493000 0.044000
2441.599510 13.971000 0.041000
2466.546720 13.284000 0.049000
2467.551590 14.002000 0.045000
2468.546120 13.347000 0.044000
2520.604230 13.704000 0.044000
2549.511520 13.081000 0.047000
2552.507630 13.158000 0.059000
2558.496480 13.494000 0.055000
2560.524650 13.109000 0.042000
2568.495510 13.061000 0.041000
2679.869370 13.411000 0.039000
2809.642560 13.684000 0.046000
2810.783160 13.439000 0.044000
2813.767640 13.774000 0.047000
2831.713190 13.829000 0.036000
2832.753400 13.228000 0.037000
2854.713030 13.453000 0.032000
2858.607770 13.331000 0.033000
2861.631920 13.743000 0.035000
2876.572140 13.696000 0.048000
2883.534520 13.842000 0.042000
2885.532010 13.611000 0.042000
2888.559270 13.436000 0.040000
2893.569540 14.150000 0.045000
2895.575870 13.384000 0.046000
2908.566470 13.201000 0.044000
2912.549450 13.462000 0.039000
2915.556930 14.096000 0.037000
2928.510400 14.184000 0.041000
2931.500740 13.841000 0.038000
2933.508370 13.592000 0.038000
3099.807770 13.128000 0.039000
3101.842400 13.225000 0.042000
3108.841410 13.248000 0.036000
3115.849750 13.412000 0.040000
3121.776610 13.081000 0.036000
3132.784290 13.507000 0.040000
3162.610630 13.420000 0.038000
3164.651870 13.510000 0.038000
3166.767790 14.003000 0.048000
3175.774290 13.744000 0.038000
3187.672860 13.435000 0.037000
3190.683360 13.505000 0.069000
3517.746190 13.456000 0.046000
3525.725900 13.408000 0.039000
3538.723710 13.499000 0.038000
3540.699470 13.730000 0.044000
3555.700840 13.634000 0.038000
3558.708970 13.517000 0.067000
3560.714850 13.427000 0.052000
3584.617010 13.416000 0.043000
3586.636390 13.802000 0.061000
3590.707120 13.775000 0.039000
3597.600790 13.584000 0.053000
3609.509010 14.082000 0.061000
3618.529030 13.598000 0.038000
3620.555430 13.976000 0.051000
3626.607110 13.482000 0.039000
3630.565700 13.373000 0.038000
3632.572930 13.167000 0.043000
3639.557240 13.813000 0.045000
3642.557160 13.779000 0.042000
3646.550520 13.640000 0.038000
3651.525860 13.568000 0.042000
3655.521520 13.681000 0.042000
3658.514260 13.619000 0.042000
3664.501350 13.747000 0.043000
3850.833670 13.846000 0.044000
3875.814170 13.763000 0.044000
3898.718370 13.700000 0.042000
3902.747220 13.336000 0.044000
3904.773220 13.444000 0.062000
3906.781850 13.459000 0.067000
3909.694050 13.652000 0.040000
3913.696140 14.091000 0.049000
3981.589720 13.835000 0.053000
4246.845170 13.406000 0.040000
4310.674820 13.407000 0.037000
4330.610760 13.594000 0.042000
4332.607960 13.715000 0.061000
4334.599080 13.448000 0.040000
4349.560110 13.628000 0.061000
4351.566120 13.567000 0.049000
4354.551870 13.498000 0.052000
4358.556580 13.335000 0.039000
4363.527280 13.378000 0.036000
4365.559650 13.419000 0.043000
4371.546580 13.448000 0.042000
4373.563830 13.852000 0.045000
4377.498880 13.767000 0.042000
4379.536120 14.077000 0.048000
4382.508230 13.565000 0.034000
4385.507540 13.913000 0.033000
4387.513400 13.484000 0.035000
2054.656860 13.642000 0.083000
2057.634570 13.303000 0.081000
2058.635150 13.919000 0.078000
2068.614070 13.532000 0.082000
2070.604850 13.338000 0.082000
2087.578430 13.956000 0.071000
2094.560710 13.228000 0.072000
2178.501490 13.934000 0.072000
2185.497490 13.385000 0.071000
2189.503670 13.728000 0.063000
2910.559280 13.326000 0.056000
3562.732390 13.603000 0.075000
2083.588270 29.999000 0.061000
2446.601370 29.999000 0.045000
2452.558400 29.999000 0.061000
2456.559560 29.999000 0.043000
2464.551270 29.999000 0.045000
2465.550470 29.999000 0.049000
2470.562900 29.999000 0.057000
2473.532680 29.999000 0.060000
2481.502290 29.999000 0.059000
2490.489730 29.999000 0.049000
2493.492530 29.999000 0.054000
2495.498100 29.999000 0.066000
2497.505670 29.999000 0.049000
2499.476230 29.999000 0.056000
2501.488170 29.999000 0.061000
2559.517900 29.999000 0.065000
2565.494370 29.999000 0.047000
2834.610220 29.999000 0.036000
2835.728640 29.999000 0.035000
2838.719280 29.999000 0.034000
2859.673120 29.999000 0.036000
2867.505850 29.999000 0.049000
2874.574160 29.999000 0.050000
2878.568740 29.999000 0.036000
2905.550060 29.999000 0.038000
2922.519840 29.999000 0.039000
2926.500410 29.999000 0.046000
3075.859640 29.999000 0.036000
3124.704420 29.999000 0.035000
3126.731970 29.999000 0.042000
3130.745260 29.999000 0.040000
3156.744080 29.999000 0.037000
3158.799650 29.999000 0.042000
3180.683890 29.999000 0.039000
3515.752290 29.999000 0.044000
3544.788780 29.999000 0.058000
3550.659050 29.999000 0.051000
3552.704470 29.999000 0.048000
3564.706940 29.999000 0.036000
3570.659540 29.999000 0.039000
3573.705660 29.999000 0.039000
3575.718690 29.999000 0.047000
3578.563690 29.999000 0.040000
3602.628890 29.999000 0.041000
3622.585270 29.999000 0.045000
3635.555000 29.999000 0.052000
3649.517260 29.999000 0.042000
3661.507830 29.999000 0.043000
3835.842150 29.999000 0.045000
3837.848030 29.999000 0.045000
3900.745640 29.999000 0.047000
4253.768600 29.999000 0.042000
4356.577680 29.999000 0.041000
4369.534510 29.999000 0.038000
4389.512650 29.999000 0.042000
1931.872120 13.166000 0.043000
1937.861220 13.606000 0.047000
1940.857850 13.842000 0.051000
1955.844860 13.346000 0.044000
1961.841380 13.761000 0.053000
1965.821420 14.087000 0.045000
1967.823520 13.749000 0.044000
1982.774410 13.956000 0.050000
2025.713300 14.054000 0.052000
2026.750710 13.598000 0.059000
2027.743240 13.283000 0.046000
2030.730990 13.714000 0.045000
2031.743470 13.409000 0.046000
2032.728360 13.817000 0.045000
2033.720290 13.413000 0.042000
2037.690940 13.578000 0.062000
2040.703040 13.300000 0.060000
2052.683340 13.655000 0.064000
2053.710540 13.387000 0.055000
2056.680680 13.729000 0.056000
2061.674470 13.657000 0.056000
2068.647930 13.173000 0.060000
2069.650560 13.723000 0.059000
2070.640900 13.318000 0.061000
2081.620400 13.166000 0.059000
2082.642810 13.777000 0.060000
2085.608920 13.414000 0.044000
2086.621570 13.838000 0.051000
2088.611210 13.750000 0.064000
2093.540610 13.638000 0.059000
2102.561720 13.664000 0.056000
2103.588210 13.303000 0.051000
2105.580490 13.283000 0.047000
2106.589200 13.653000 0.048000
2109.582000 13.647000 0.047000
2115.544520 13.482000 0.046000
2116.552530 13.310000 0.047000
2117.551400 13.646000 0.042000
2125.547720 13.682000 0.057000
2128.528980 13.736000 0.048000
2129.539150 13.251000 0.052000
2131.499800 13.331000 0.049000
2132.551370 13.746000 0.064000
2133.540650 13.505000 0.049000
2142.504360 13.102000 0.062000
2156.480270 13.784000 0.046000
2164.500470 13.328000 0.041000
2168.546860 13.397000 0.054000
2172.486610 13.609000 0.050000
2180.526680 13.939000 0.060000
2191.518880 13.726000 0.064000
2440.640170 13.193000 0.041000
2442.629860 13.471000 0.045000
2463.595740 13.609000 0.046000
2464.594660 13.449000 0.046000
2468.589550 13.489000 0.040000
2510.620740 13.327000 0.040000
2520.607190 13.791000 0.041000
2521.616830 13.263000 0.044000
2526.626010 13.906000 0.055000
2543.514400 13.721000 0.049000
2544.479920 13.605000 0.054000
2545.518260 13.832000 0.045000
2547.521340 13.223000 0.049000
2558.517060 13.620000 0.043000
2559.530340 13.926000 0.053000
2560.539520 13.379000 0.051000
2561.541910 13.703000 0.046000
2562.567220 13.442000 0.052000
2564.534650 13.295000 0.049000
2566.509170 13.550000 0.062000
2664.867610 13.379000 0.046000
2678.860410 13.330000 0.041000
2685.832660 13.485000 0.041000
2688.840970 13.429000 0.041000
2694.820420 13.414000 0.045000
2697.881940 13.529000 0.043000
2703.811470 13.291000 0.039000
2706.807400 13.729000 0.039000
2712.823860 13.365000 0.040000
2714.822150 13.425000 0.040000
2719.816720 14.119000 0.040000
2723.812470 13.398000 0.053000
2725.816130 13.351000 0.041000
2727.808290 13.397000 0.043000
2736.773250 13.446000 0.040000
2738.805040 13.187000 0.040000
2740.786680 13.190000 0.042000
2742.763260 13.315000 0.043000
2744.758760 13.461000 0.040000
2755.742520 13.687000 0.039000
2757.753100 13.445000 0.042000
2761.757830 13.538000 0.041000
2782.755480 13.494000 0.042000
2784.702700 13.575000 0.043000
2786.645500 13.390000 0.041000
2787.796200 13.708000 0.042000
2802.789360 13.863000 0.044000
2812.833940 13.724000 0.046000
2816.823020 13.750000 0.055000
2819.853180 13.369000 0.039000
2821.732130 13.243000 0.039000
2845.656880 13.520000 0.033000
2853.700800 13.673000 0.040000
2858.663320 13.298000 0.036000
2861.642050 13.546000 0.038000
2874.603610 13.674000 0.040000
2876.596420 13.864000 0.040000
2878.595760 13.794000 0.045000
2883.537500 13.778000 0.041000
2885.534980 13.753000 0.040000
2886.676380 13.372000 0.041000
2888.669730 13.433000 0.041000
2900.589270 13.812000 0.041000
2906.577010 13.422000 0.039000
2911.550480 13.940000 0.043000
2916.555020 13.612000 0.043000
2918.586520 13.680000 0.040000
2922.555170 13.700000 0.040000
2924.560600 13.933000 0.039000
2927.559810 13.818000 0.038000
2931.566870 13.643000 0.038000
2943.529170 13.395000 0.043000
2949.501000 13.187000 0.040000
3025.875570 13.210000 0.045000
3033.880050 13.683000 0.042000
3052.891490 13.876000 0.037000
3056.860920 13.952000 0.040000
3060.864480 13.238000 0.039000
3064.851510 13.775000 0.040000
3068.832190 13.772000 0.042000
3071.878750 13.338000 0.037000
3088.850310 13.213000 0.039000
3096.892250 13.730000 0.042000
3099.787300 13.128000 0.041000
3102.786000 13.745000 0.046000
3113.774130 13.783000 0.037000
3115.846720 13.961000 0.039000
3122.765550 13.550000 0.043000
3124.818490 14.036000 0.038000
3126.814470 13.872000 0.042000
3130.802100 13.286000 0.038000
3132.831340 13.165000 0.040000
3144.769020 13.663000 0.038000
3154.607260 13.727000 0.037000
3156.775240 13.360000 0.037000
3162.722910 13.464000 0.039000
3167.767930 13.471000 0.036000
3169.723710 13.810000 0.037000
3178.627750 13.899000 0.037000
3180.725600 13.316000 0.037000
3183.714570 13.792000 0.039000
3194.844420 14.112000 0.065000
3396.880690 13.534000 0.053000
3404.859110 13.643000 0.054000
3408.860370 13.504000 0.052000
3419.843780 13.538000 0.060000
3425.872300 13.628000 0.053000
3431.849960 13.658000 0.044000
3434.859810 13.350000 0.061000
3438.867150 13.533000 0.049000
3442.877810 13.809000 0.050000
3455.774080 13.551000 0.041000
3464.816850 13.497000 0.047000
3473.800160 13.345000 0.057000
3480.849460 13.296000 0.058000
3491.876560 13.434000 0.048000
3499.745860 13.424000 0.053000
3508.766960 13.330000 0.032000
3510.812630 13.398000 0.034000
3512.693820 13.558000 0.047000
3521.827420 13.589000 0.043000
3524.659670 13.947000 0.050000
3528.731510 13.643000 0.045000
3547.617930 13.267000 0.043000
3556.576270 14.009000 0.043000
3559.620190 13.600000 0.047000
3561.628980 13.745000 0.046000
3563.615680 14.060000 0.043000
3569.602340 13.243000 0.041000
3575.780900 13.677000 0.042000
3578.566810 13.853000 0.049000
3582.772150 13.629000 0.045000
3584.729030 13.557000 0.056000
3586.651660 13.535000 0.047000
3590.752470 13.835000 0.046000
3593.508520 13.681000 0.056000
3596.726690 13.768000 0.039000
3602.604730 13.553000 0.045000
3609.492480 13.754000 0.048000
3620.565610 13.886000 0.059000
3622.598060 13.718000 0.048000
3625.660110 13.559000 0.037000
3628.629990 13.300000 0.038000
3633.559310 14.017000 0.044000
3639.578950 13.458000 0.038000
3642.584040 14.003000 0.040000
3644.608090 13.798000 0.056000
3650.596860 13.307000 0.042000
3652.554320 13.450000 0.042000
3654.560990 13.114000 0.044000
3657.556830 13.821000 0.046000
3660.513650 13.563000 0.042000
3662.537320 13.718000 0.047000
3664.552080 13.888000 0.047000
3668.528380 13.759000 0.038000
3671.519870 13.519000 0.041000
3674.525250 13.711000 0.039000
3677.511810 13.739000 0.043000
3760.872420 13.372000 0.050000
3769.886310 13.432000 0.058000
3773.876530 13.462000 0.048000
3782.892340 13.135000 0.043000
3788.899420 13.568000 0.056000
3795.832020 13.311000 0.051000
3809.840960 13.665000 0.053000
3813.819630 13.642000 0.054000
3819.885530 13.418000 0.048000
3822.838080 13.732000 0.048000
3828.828080 13.335000 0.047000
3831.818060 13.512000 0.052000
3834.785670 13.383000 0.044000
3836.861330 13.517000 0.049000
3849.826470 13.661000 0.043000
3852.756890 13.970000 0.039000
3858.742770 13.350000 0.055000
3860.804130 13.612000 0.042000
3862.721680 13.428000 0.048000
3864.724040 13.652000 0.057000
3866.710200 14.062000 0.049000
3868.759660 13.972000 0.051000
3870.762880 13.452000 0.049000
3872.760910 13.973000 0.043000
3881.739960 13.978000 0.050000
3886.736750 13.630000 0.042000
3892.714510 14.101000 0.043000
3894.703040 14.060000 0.044000
3901.859600 13.616000 0.041000
3903.899920 14.041000 0.059000
3906.616810 13.319000 0.047000
3908.667870 13.901000 0.043000
4128.875590 13.755000 0.050000
4132.869820 13.206000 0.050000
4136.863790 13.509000 0.054000
4140.855650 13.872000 0.062000
4143.868830 13.101000 0.058000
4153.838250 13.705000 0.041000
4157.833140 13.897000 0.055000
4164.887070 13.486000 0.052000
4167.874130 13.243000 0.051000
4174.818490 13.987000 0.043000
4177.857250 13.399000 0.052000
4190.815680 13.862000 0.035000
4192.833410 13.611000 0.039000
4194.836580 13.801000 0.037000
4204.849840 13.491000 0.044000
4208.800450 13.422000 0.043000
4212.835120 13.373000 0.039000
4215.831880 13.215000 0.037000
4228.785270 13.204000 0.037000
4230.786360 13.370000 0.038000
4232.786810 13.563000 0.035000
4234.830780 13.805000 0.035000
4250.718220 13.587000 0.034000
4256.655710 13.645000 0.036000
4258.711410 13.641000 0.033000
4273.813950 13.658000 0.033000
4278.641630 13.444000 0.035000
4284.651930 13.377000 0.040000
4292.623060 13.876000 0.033000
4296.625140 13.837000 0.040000
4298.630560 14.104000 0.037000
4300.588100 14.118000 0.039000
4302.633940 13.264000 0.042000
4304.585900 13.247000 0.036000
4306.591830 13.332000 0.034000
4310.686190 13.848000 0.035000
4312.706370 13.867000 0.048000
4319.576880 13.428000 0.034000
4330.741670 13.614000 0.040000
4332.631720 13.471000 0.036000
4334.602270 13.601000 0.038000
4338.605220 13.676000 0.034000
4340.668710 13.725000 0.053000
4342.662980 13.750000 0.053000
4344.667080 13.793000 0.058000
4348.669010 13.297000 0.050000
4350.677370 13.305000 0.046000
4353.539170 13.802000 0.037000
4357.631170 13.764000 0.038000
4359.658540 13.361000 0.035000
4361.615150 13.312000 0.040000
4363.579510 13.351000 0.041000
4368.626810 13.577000 0.037000
4376.548240 13.173000 0.040000
4378.571650 13.334000 0.045000
4381.528010 13.993000 0.040000
4386.539260 13.714000 0.037000
4388.523050 13.829000 0.036000
4392.534290 14.077000 0.046000
4403.514430 13.439000 0.036000
4407.515460 13.714000 0.045000
4486.876860 13.615000 0.043000
4497.880120 13.432000 0.042000
4501.862870 13.758000 0.042000
4505.858560 14.119000 0.044000
4514.892950 13.580000 0.042000
4518.824640 13.501000 0.042000
4521.861250 13.645000 0.042000
4524.876010 13.622000 0.037000
4527.865700 13.763000 0.036000
4530.889680 13.355000 0.037000
4535.888270 13.498000 0.038000
4542.819950 13.704000 0.044000
4545.871130 13.579000 0.038000
4548.838150 13.568000 0.039000
4554.836310 13.205000 0.045000
4557.827340 13.935000 0.035000
4560.816670 13.669000 0.036000
4563.808940 13.417000 0.037000
4566.797000 13.919000 0.039000
4569.802620 13.653000 0.036000
4571.853930 13.892000 0.034000
4573.814000 13.866000 0.045000
4575.812030 13.936000 0.040000
4578.833560 13.292000 0.042000
4582.768700 13.589000 0.039000
4593.729950 13.388000 0.035000
4595.800690 13.707000 0.036000
4597.775180 13.612000 0.034000
4602.726740 13.131000 0.038000
4606.743040 13.493000 0.044000
4609.688830 14.081000 0.038000
4611.735780 13.410000 0.039000
4617.720310 13.549000 0.036000
4621.672780 13.522000 0.041000
4623.717970 13.739000 0.040000
4627.678660 13.844000 0.037000
4629.652810 13.811000 0.036000
4631.673970 13.677000 0.037000
4639.834040 13.712000 0.038000
4641.883190 13.690000 0.049000
4644.596670 13.700000 0.039000
4648.672650 13.534000 0.042000
4650.719700 13.349000 0.039000
4652.745350 13.576000 0.039000
4656.686640 13.530000 0.041000
4661.588510 13.902000 0.040000
4663.669280 13.219000 0.040000
4671.628790 13.698000 0.048000
4679.655640 13.959000 0.036000
4682.636460 13.659000 0.039000
4686.581240 13.794000 0.038000
4690.599720 13.980000 0.035000
4697.649210 13.804000 0.036000
4701.640350 13.970000 0.037000
4703.643870 13.648000 0.058000
4708.622620 13.821000 0.057000
4715.547610 13.227000 0.039000
4717.664730 13.867000 0.037000
4721.587680 14.049000 0.038000
4724.620640 13.503000 0.049000
4730.525840 13.251000 0.038000
4733.554680 13.558000 0.054000
4736.628510 14.142000 0.043000
4739.616610 13.300000 0.052000
4753.516880 13.543000 0.053000
4764.524130 13.719000 0.054000
4767.519570 13.749000 0.047000
4849.872440 13.812000 0.051000
4853.874470 13.752000 0.045000
4857.879370 13.699000 0.058000
4875.891400 13.785000 0.049000
4879.855740 13.765000 0.042000
4883.849730 14.240000 0.042000
4891.845330 13.181000 0.048000
4917.849520 13.545000 0.045000
4947.759250 13.684000 0.042000
4952.818130 13.368000 0.045000
5014.763860 13.851000 0.040000
5092.625290 13.566000 0.050000
2466.585420 13.342000 0.050000
2552.510590 13.210000 0.051000
1994.742030 13.155000 0.056000
2007.729380 12.921000 0.068000
2016.790300 13.245000 0.057000
2054.695010 13.647000 0.066000
2055.674950 13.364000 0.073000
2057.672000 13.422000 0.074000
2067.631620 13.754000 0.068000
2087.612440 13.552000 0.066000
2094.577360 13.191000 0.071000
2188.509530 13.384000 0.064000
2195.487990 13.896000 0.075000
2198.512230 13.890000 0.069000
2203.498360 13.426000 0.073000
2763.738540 13.749000 0.044000
2766.837050 13.526000 0.047000
2794.724720 13.729000 0.045000
2808.686500 13.670000 0.043000
3190.705430 13.510000 0.068000
3387.873410 13.459000 0.048000
3452.835560 13.827000 0.059000
3457.826190 13.683000 0.052000
3478.825070 13.949000 0.050000
3486.775150 13.256000 0.050000
3526.709330 13.963000 0.055000
3539.606090 13.644000 0.053000
3749.871200 13.399000 0.051000
3791.888820 13.384000 0.047000
3816.847380 13.685000 0.054000
3825.841460 14.014000 0.047000
3847.835500 13.563000 0.052000
3855.743870 13.515000 0.075000
4180.852780 13.410000 0.044000
4198.764780 14.145000 0.053000
4282.647640 13.395000 0.060000
4346.660520 13.509000 0.068000
4482.874140 13.409000 0.050000
4491.879790 13.383000 0.045000
4646.646680 13.825000 0.046000
4654.732940 13.523000 0.068000
4658.734400 14.093000 0.043000
4705.668360 13.836000 0.060000
4744.575290 13.761000 0.070000
4746.585290 13.229000 0.067000
4755.564820 14.160000 0.069000
4758.537670 13.701000 0.070000
4761.527190 13.301000 0.069000
4770.508550 13.756000 0.062000
4773.513590 14.136000 0.070000
4845.870910 13.514000 0.044000
4861.881050 13.433000 0.070000
4866.885410 13.744000 0.042000
4870.851710 13.664000 0.070000
4887.841960 13.510000 0.059000
4901.908090 13.587000 0.055000
4920.893930 13.584000 0.047000
4924.894420 13.381000 0.049000
4928.877970 13.529000 0.047000
4931.811550 13.753000 0.047000
4936.783670 13.670000 0.049000
4938.851150 13.709000 0.051000
4950.767830 13.367000 0.046000
4954.803950 13.387000 0.047000
4959.795710 13.345000 0.047000
4967.793180 13.579000 0.045000
4969.839030 13.707000 0.045000
4973.649460 13.830000 0.057000
4975.752430 13.871000 0.049000
4984.725730 13.857000 0.051000
4988.709380 13.754000 0.049000
4992.878470 13.225000 0.051000
5012.864180 14.140000 0.054000
5021.747970 13.530000 0.055000
5031.597320 13.880000 0.054000
5038.581120 13.758000 0.048000
5042.566190 13.929000 0.046000
5048.742860 13.571000 0.045000
5070.550210 13.773000 0.050000
5075.643840 13.858000 0.044000
5083.624050 13.493000 0.049000
5087.642700 13.781000 0.057000
5097.487450 13.510000 0.049000
5099.531110 13.722000 0.047000
5105.619260 13.794000 0.051000
5111.532100 13.278000 0.062000
5131.533150 13.517000 0.053000
5144.505890 13.696000 0.052000
1963.833220 29.999000 0.045000
1983.909920 29.999000 0.053000
1984.826440 29.999000 0.052000
1995.821620 29.999000 0.058000
1998.819770 29.999000 0.057000
2083.620320 29.999000 0.060000
2104.590370 29.999000 0.049000
2184.529060 29.999000 0.064000
2454.629740 29.999000 0.054000
2467.590380 29.999000 0.041000
2481.538860 29.999000 0.059000
2490.549680 29.999000 0.048000
2493.540670 29.999000 0.051000
2494.543960 29.999000 0.061000
2499.522340 29.999000 0.046000
2504.615450 29.999000 0.063000
2511.658840 29.999000 0.060000
2568.544640 29.999000 0.050000
2654.878590 29.999000 0.045000
2750.872880 29.999000 0.043000
2775.775360 29.999000 0.046000
2809.820240 29.999000 0.045000
2830.753740 29.999000 0.040000
2833.716690 29.999000 0.042000
2835.611370 29.999000 0.045000
2855.610220 29.999000 0.036000
2898.594450 29.999000 0.039000
2904.576360 29.999000 0.061000
3041.886480 29.999000 0.043000
3078.854320 29.999000 0.039000
3081.868620 29.999000 0.042000
3085.913990 29.999000 0.040000
3091.834370 29.999000 0.039000
3104.862910 29.999000 0.041000
3128.804020 29.999000 0.045000
3415.874740 29.999000 0.073000
3470.816090 29.999000 0.036000
3476.790180 29.999000 0.056000
3504.707960 29.999000 0.055000
3543.808800 29.999000 0.064000
3631.538800 29.999000 0.038000
3798.881540 29.999000 0.047000
3879.704610 29.999000 0.071000
4187.854660 29.999000 0.043000
4246.721430 29.999000 0.039000
4290.644600 29.999000 0.036000
4308.629330 29.999000 0.044000
4329.513990 29.999000 0.040000
4355.626570 29.999000 0.036000
4633.659280 29.999000 0.037000
4710.640240 29.999000 0.054000
4777.513450 29.999000 0.044000
1979.773630 29.999000 0.057000
1980.782620 29.999000 0.054000
1985.829710 29.999000 0.054000
1996.818130 29.999000 0.055000
1997.878650 29.999000 0.062000
2000.817030 29.999000 0.058000
2008.720620 29.999000 0.061000
2207.516100 29.999000 0.054000
2441.634510 29.999000 0.042000
2445.609720 29.999000 0.046000
2452.594680 29.999000 0.052000
2453.742720 29.999000 0.046000
2465.598330 29.999000 0.049000
2469.583720 29.999000 0.051000
2473.537740 29.999000 0.051000
2474.634390 29.999000 0.043000
2482.577550 29.999000 0.052000
2486.551630 29.999000 0.051000
2489.542890 29.999000 0.056000
2491.542310 29.999000 0.056000
2497.542810 29.999000 0.049000
2502.527390 29.999000 0.056000
2503.541380 29.999000 0.062000
2508.649810 29.999000 0.052000
2519.612030 29.999000 0.057000
2524.590630 29.999000 0.057000
2578.514990 29.999000 0.045000
2671.859260 29.999000 0.043000
2691.826800 29.999000 0.047000
2700.850570 29.999000 0.042000
2721.828440 29.999000 0.048000
2732.831340 29.999000 0.044000
2734.784550 29.999000 0.041000
2752.766820 29.999000 0.042000
2759.815980 29.999000 0.045000
2804.674070 29.999000 0.044000
2832.598760 29.999000 0.046000
2838.603230 29.999000 0.040000
2840.665380 29.999000 0.039000
2866.741990 29.999000 0.041000
2892.670600 29.999000 0.046000
2894.585360 29.999000 0.045000
2896.606750 29.999000 0.041000
2909.578880 29.999000 0.046000
3107.796940 29.999000 0.041000
3151.847000 29.999000 0.045000
3159.677920 29.999000 0.043000
3185.671430 29.999000 0.040000
3187.715110 29.999000 0.039000
3391.874050 29.999000 0.059000
3467.825290 29.999000 0.054000
3618.535820 29.999000 0.065000
3753.874690 29.999000 0.072000
3802.846130 29.999000 0.056000
3805.866530 29.999000 0.051000
3897.744690 29.999000 0.049000
4161.837020 29.999000 0.046000
4183.844630 29.999000 0.047000
4253.871270 29.999000 0.041000
4266.694410 29.999000 0.041000
4399.516010 29.999000 0.064000
4478.870660 29.999000 0.051000
4538.864720 29.999000 0.044000
4551.846800 29.999000 0.053000
4669.553720 29.999000 0.037000
4677.643040 29.999000 0.043000
4962.728680 29.999000 0.045000
5019.714940 29.999000 0.051000
5023.755610 29.999000 0.048000
