2227.852070 10.302000 0.037000
2463.509430 9.873000 0.022000
2229.861570 10.379000 0.056000
2233.846700 9.859000 0.037000
2235.855070 9.736000 0.042000
2237.852700 9.864000 0.042000
2240.835300 10.313000 0.040000
2242.841550 10.317000 0.041000
2649.820390 10.373000 0.043000
3042.758520 29.999000 0.035000
2454.529550 10.090000 0.029000
2628.833830 10.151000 0.030000
2724.725520 10.432000 0.029000
2719.783540 9.812000 0.049000
1876.856980 9.816000 0.036000
1878.846260 9.910000 0.032000
1880.846030 10.040000 0.035000
1884.853230 10.294000 0.039000
1886.842230 10.338000 0.028000
1888.840460 10.339000 0.033000
1900.791220 9.930000 0.028000
1903.800810 10.228000 0.027000
1905.804940 10.189000 0.028000
1907.801400 10.214000 0.025000
1915.812000 10.035000 0.025000
1918.784000 10.215000 0.028000
1920.778020 10.259000 0.030000
1922.769460 10.280000 0.028000
1926.835630 10.034000 0.025000
1931.763260 10.292000 0.025000
1933.756620 10.310000 0.025000
1937.772050 10.271000 0.028000
1939.753110 10.233000 0.022000
1947.758010 9.880000 0.027000
1948.803400 10.288000 0.028000
1954.755850 10.189000 0.030000
1955.753270 10.222000 0.030000
1963.736800 10.232000 0.027000
1968.719940 10.155000 0.028000
1982.691290 10.227000 0.033000
1985.684510 10.116000 0.035000
1994.664410 9.968000 0.033000
1995.665100 10.306000 0.040000
2000.650030 10.238000 0.041000
2025.569910 10.341000 0.027000
2026.598480 10.192000 0.030000
2027.590300 10.265000 0.029000
2030.570760 10.288000 0.032000
2032.576840 10.332000 0.029000
2052.518430 10.043000 0.031000
2053.537730 10.215000 0.028000
2054.537950 10.098000 0.039000
2056.533040 10.094000 0.029000
2057.524660 10.223000 0.031000
2058.525390 10.100000 0.031000
2064.532550 10.251000 0.039000
2067.496780 10.397000 0.033000
2069.494870 10.011000 0.030000
2071.483580 10.115000 0.036000
2082.462750 9.973000 0.028000
2103.513710 10.340000 0.030000
2236.853300 10.333000 0.041000
2441.476090 9.965000 0.025000
2466.465540 10.302000 0.022000
2469.461260 10.057000 0.023000
2622.843080 9.932000 0.028000
2625.849170 10.291000 0.025000
2628.829600 10.110000 0.027000
2629.814340 10.289000 0.028000
2637.811570 9.822000 0.024000
2641.808910 10.108000 0.024000
2644.837140 10.201000 0.026000
2651.833140 10.361000 0.022000
2654.868740 10.148000 0.023000
2658.792630 10.172000 0.032000
2664.763320 10.360000 0.021000
2669.796960 10.108000 0.023000
2671.831300 10.249000 0.024000
2673.832710 10.299000 0.024000
2675.800110 10.297000 0.023000
2677.769860 10.279000 0.023000
2681.741510 10.284000 0.022000
2683.748480 10.304000 0.025000
2685.740720 10.325000 0.025000
2691.801300 9.953000 0.030000
2693.820040 10.027000 0.026000
2695.775090 10.037000 0.028000
2698.716040 10.367000 0.025000
2700.760270 10.203000 0.027000
2704.763580 9.707000 0.024000
2719.639660 10.094000 0.026000
2720.773750 10.468000 0.030000
2734.812720 10.045000 0.025000
2736.653180 9.742000 0.022000
2738.646360 9.924000 0.026000
2747.634700 9.807000 0.028000
2750.688980 10.271000 0.023000
2751.770620 10.188000 0.027000
2754.649570 10.262000 0.023000
2757.605160 10.160000 0.020000
2759.635540 10.243000 0.023000
2760.721840 10.027000 0.027000
2762.686450 10.016000 0.041000
2764.665100 10.075000 0.021000
2770.640000 10.204000 0.023000
2775.729230 10.025000 0.034000
2790.507980 9.955000 0.025000
2792.536930 9.687000 0.024000
2835.538550 10.043000 0.025000
2976.838000 10.243000 0.028000
2979.851880 10.035000 0.026000
2983.843700 10.191000 0.046000
2987.841150 10.221000 0.026000
2996.845120 10.089000 0.027000
3000.859390 10.264000 0.026000
3008.831740 10.377000 0.028000
3012.809980 10.386000 0.030000
3025.786470 10.382000 0.025000
3035.789790 9.916000 0.036000
3066.773500 10.288000 0.024000
3085.721630 10.296000 0.024000
3176.626420 10.243000 0.026000
3354.841360 10.180000 0.045000
3358.837460 10.084000 0.030000
3362.849270 9.901000 0.030000
3386.852220 9.537000 0.047000
3396.793120 10.065000 0.033000
3399.795660 10.220000 0.034000
3402.854740 10.230000 0.039000
3405.775150 9.924000 0.036000
3408.764240 10.188000 0.034000
3411.759550 10.083000 0.032000
3414.754830 10.372000 0.029000
3416.814890 10.089000 0.034000
3419.736150 10.142000 0.031000
3425.790400 10.260000 0.037000
3431.804740 9.994000 0.032000
3433.841870 9.941000 0.033000
3438.722320 10.299000 0.027000
3442.701120 10.345000 0.023000
3450.719660 9.861000 0.039000
3453.647780 10.432000 0.044000
3456.848760 10.419000 0.037000
3458.842900 10.380000 0.035000
3461.636680 9.586000 0.034000
3463.693230 9.769000 0.027000
3465.685380 9.918000 0.031000
3468.671970 10.343000 0.029000
3470.681160 10.333000 0.026000
3474.730920 9.819000 0.036000
3476.823750 10.133000 0.038000
3478.759800 10.087000 0.032000
3487.789860 10.036000 0.035000
3490.776290 10.247000 0.040000
3492.734580 10.241000 0.035000
3496.728600 10.227000 0.025000
3504.565320 10.169000 0.038000
3511.565180 10.228000 0.042000
3520.614630 10.261000 0.032000
3522.638210 10.287000 0.031000
3526.656150 9.954000 0.032000
3528.659320 9.732000 0.031000
3530.662410 9.822000 0.026000
3542.584850 10.219000 0.036000
3559.507850 10.174000 0.048000
3571.552980 10.246000 0.029000
3575.511190 9.876000 0.027000
3578.512460 10.341000 0.028000
3585.500130 10.166000 0.028000
3588.496410 9.612000 0.038000
3594.490340 9.952000 0.031000
3602.475750 10.352000 0.033000
3707.852890 10.248000 0.032000
3715.844210 10.350000 0.036000
3719.845280 10.113000 0.035000
3724.836700 10.307000 0.031000
3732.843790 10.034000 0.039000
3736.817800 9.714000 0.037000
3739.837810 10.327000 0.032000
3743.830270 10.365000 0.032000
3746.860490 10.334000 0.043000
3750.821520 10.339000 0.036000
3753.835890 10.010000 0.038000
3758.775350 10.382000 0.035000
3761.803460 10.265000 0.049000
3764.804980 9.746000 0.044000
3767.800380 10.345000 0.035000
3773.766240 10.367000 0.043000
3776.769690 10.226000 0.040000
3788.790420 10.258000 0.039000
3793.783980 10.375000 0.034000
3796.706450 9.708000 0.029000
3801.700050 10.427000 0.041000
3804.689570 10.138000 0.043000
3818.891080 9.967000 0.039000
3821.647330 10.260000 0.036000
3825.715220 10.289000 0.043000
3832.673420 10.266000 0.035000
3834.667820 10.289000 0.032000
3852.725480 10.060000 0.027000
3861.654300 9.677000 0.031000
3868.726030 10.370000 0.039000
3870.738020 9.831000 0.038000
3872.736760 9.726000 0.038000
3876.643450 9.729000 0.039000
3882.527710 9.880000 0.033000
3887.530360 10.367000 0.034000
3889.539970 10.073000 0.026000
3894.595220 10.310000 0.031000
3897.577770 10.063000 0.047000
3901.649330 10.267000 0.031000
3903.649190 10.291000 0.028000
4090.836520 10.271000 0.032000
4104.818630 9.764000 0.041000
4107.843790 10.333000 0.028000
4126.808980 10.330000 0.038000
4129.798470 10.173000 0.034000
4132.790110 9.900000 0.039000
4135.774130 10.272000 0.034000
4143.755760 10.354000 0.030000
4152.735680 10.388000 0.031000
4157.716530 10.027000 0.035000
4159.779310 10.291000 0.029000
4161.776640 10.354000 0.032000
4172.875740 10.383000 0.034000
4175.679620 10.189000 0.041000
4180.693950 10.333000 0.038000
4184.742160 10.260000 0.041000
4190.637070 10.052000 0.032000
4197.682760 10.280000 0.030000
4205.672460 9.882000 0.043000
4208.738710 10.319000 0.039000
4216.744810 9.738000 0.031000
4227.672520 10.343000 0.027000
4229.675200 9.711000 0.028000
4231.687780 9.599000 0.044000
4233.683910 9.813000 0.025000
4235.684380 9.981000 0.026000
4249.536690 10.310000 0.029000
4256.564030 10.186000 0.027000
4258.582450 10.236000 0.042000
4276.526500 9.907000 0.027000
4278.581540 10.018000 0.027000
4284.606470 10.211000 0.033000
4291.501120 9.654000 0.039000
4293.510010 9.832000 0.036000
4295.511040 9.963000 0.024000
4299.503220 10.121000 0.032000
4304.510450 9.520000 0.026000
4306.539920 9.838000 0.028000
4317.500440 9.529000 0.025000
4435.848460 9.790000 0.033000
4441.846020 10.066000 0.033000
4457.840440 10.416000 0.032000
4461.828310 9.558000 0.033000
4480.807890 10.008000 0.046000
4484.854440 10.260000 0.030000
4487.816590 10.009000 0.033000
4490.820180 10.226000 0.031000
4494.864820 10.310000 0.028000
4498.805010 10.180000 0.031000
4501.786380 10.162000 0.029000
4504.768380 9.882000 0.024000
4507.760160 10.305000 0.032000
4510.754130 9.964000 0.031000
4514.758300 10.155000 0.049000
4516.769180 10.290000 0.048000
4522.783810 10.387000 0.028000
4524.813450 10.366000 0.030000
4527.711600 10.090000 0.038000
4529.779370 10.292000 0.029000
4535.794460 10.371000 0.032000
4537.804460 10.338000 0.028000
4540.676400 9.987000 0.043000
4542.719520 10.163000 0.032000
4554.649250 10.261000 0.036000
4558.752050 9.959000 0.030000
4560.721450 10.018000 0.029000
4562.782970 10.047000 0.030000
4565.619990 10.246000 0.031000
4567.657610 10.233000 0.030000
4571.649900 10.174000 0.030000
4580.648660 10.311000 0.036000
4583.710520 10.520000 0.029000
4586.702970 9.719000 0.028000
4588.752790 9.884000 0.034000
4591.536850 10.245000 0.031000
4593.587620 10.336000 0.031000
4595.580090 10.369000 0.028000
4597.577220 10.361000 0.030000
4599.600880 10.445000 0.037000
4609.515130 9.759000 0.030000
4620.587530 9.910000 0.036000
4623.575410 10.221000 0.032000
4631.488830 10.063000 0.037000
4633.562560 10.022000 0.038000
4640.584200 10.092000 0.033000
4642.576210 10.054000 0.031000
4644.589650 9.985000 0.033000
4651.585840 10.227000 0.045000
4659.543930 9.646000 0.034000
4666.489440 10.381000 0.029000
4669.559760 10.251000 0.037000
4672.484720 10.178000 0.041000
4679.478530 10.360000 0.035000
4691.478440 9.850000 0.036000
4807.852620 9.802000 0.039000
4815.835670 10.184000 0.040000
4823.831250 10.277000 0.038000
4827.822410 10.369000 0.035000
4835.808740 9.728000 0.045000
4838.833840 10.243000 0.036000
4845.856580 10.241000 0.033000
4850.782810 10.003000 0.032000
4853.824880 10.317000 0.042000
4857.776080 10.266000 0.029000
4861.784000 10.047000 0.042000
4865.754510 9.920000 0.043000
4868.777890 10.293000 0.037000
4871.756190 10.079000 0.040000
4877.811470 10.321000 0.031000
4883.737090 10.330000 0.035000
4892.715030 10.356000 0.045000
4921.660530 9.945000 0.046000
4945.649050 10.239000 0.047000
4947.701110 9.864000 0.042000
4952.627730 10.296000 0.044000
4975.701560 9.895000 0.049000
4994.614690 9.984000 0.046000
5021.562360 10.298000 0.044000
5023.563980 10.292000 0.045000
1871.850400 10.222000 0.033000
1874.848510 9.560000 0.040000
1949.821350 10.098000 0.028000
1977.687540 9.994000 0.038000
1981.712770 10.064000 0.037000
1993.684940 10.292000 0.043000
1996.660440 10.031000 0.044000
1997.660260 10.298000 0.042000
1998.656510 10.132000 0.044000
2008.630560 10.362000 0.051000
2011.617880 10.114000 0.050000
2014.613150 9.975000 0.048000
2016.609630 9.481000 0.050000
2233.857640 9.800000 0.046000
2240.841630 10.338000 0.044000
2242.847870 10.335000 0.044000
2244.844180 10.308000 0.050000
2248.829370 9.728000 0.042000
2250.835490 9.812000 0.047000
2254.813040 9.980000 0.043000
2261.803800 10.011000 0.052000
2264.815810 10.325000 0.053000
2266.821870 10.321000 0.054000
2795.515110 10.427000 0.057000
3053.743160 10.278000 0.046000
3389.845570 10.381000 0.051000
3421.799960 10.165000 0.064000
3423.831780 10.261000 0.056000
3444.722580 9.912000 0.043000
3446.731010 9.577000 0.033000
3448.727240 9.758000 0.054000
3480.753040 10.135000 0.040000
3484.635150 10.088000 0.057000
3499.726180 11.040000 0.043000
3524.669410 10.205000 0.051000
3539.546260 10.338000 0.035000
3561.517340 10.237000 0.036000
3770.786450 10.028000 0.050000
3779.760780 9.588000 0.050000
3791.729960 10.229000 0.046000
3798.779530 10.023000 0.049000
3806.731540 10.394000 0.042000
3812.731570 10.336000 0.042000
3814.753540 10.421000 0.043000
3816.775210 9.716000 0.038000
3823.700510 10.330000 0.048000
3830.626410 10.070000 0.042000
3848.700510 9.803000 0.058000
3859.681050 9.876000 0.036000
3866.737080 10.423000 0.043000
3879.724360 10.373000 0.064000
3899.608180 10.199000 0.055000
3906.481910 9.968000 0.039000
3908.502310 9.894000 0.039000
4140.828960 10.127000 0.037000
4167.758940 10.333000 0.039000
4182.723240 10.288000 0.037000
4187.841270 10.306000 0.048000
4200.660020 10.109000 0.050000
4253.670630 10.156000 0.059000
4268.551450 10.312000 0.046000
4282.600510 10.174000 0.062000
4297.513150 10.137000 0.056000
4453.841440 10.350000 0.058000
4468.807230 10.279000 0.044000
4472.850830 9.918000 0.063000
4476.869190 9.920000 0.051000
4532.708350 9.701000 0.034000
4551.811550 10.202000 0.046000
4606.703740 10.398000 0.052000
4646.584480 9.956000 0.049000
4649.539410 10.341000 0.045000
4662.561630 10.375000 0.045000
4686.491900 10.297000 0.042000
4886.778690 10.189000 0.064000
4889.726640 9.898000 0.050000
4904.746590 9.649000 0.063000
4906.783860 9.908000 0.056000
4926.775070 10.251000 0.055000
4931.674610 10.137000 0.065000
4933.713950 10.169000 0.064000
4935.756650 10.250000 0.057000
4937.811180 10.281000 0.049000
4949.727050 9.944000 0.046000
4954.601240 10.312000 0.053000
4960.654680 9.643000 0.062000
4986.521800 10.284000 0.062000
4988.564240 10.177000 0.062000
5013.536370 10.047000 0.055000
5015.569600 10.185000 0.053000
5041.478750 10.024000 0.048000
5049.491970 10.347000 0.057000
1953.759650 29.999000 0.027000
1961.731660 29.999000 0.024000
1964.734860 29.999000 0.024000
1966.729270 29.999000 0.024000
2723.866400 29.999000 0.031000
2755.800470 29.999000 0.023000
2786.713850 29.999000 0.024000
2829.510130 29.999000 0.023000
2833.544170 29.999000 0.064000
2855.517370 29.999000 0.025000
3020.836950 29.999000 0.044000
3042.775990 29.999000 0.030000
3055.831590 29.999000 0.046000
3060.784150 29.999000 0.037000
3063.717950 29.999000 0.035000
3081.668620 29.999000 0.026000
3087.726400 29.999000 0.038000
3091.762820 29.999000 0.025000
3156.531440 29.999000 0.027000
3162.578020 29.999000 0.026000
2675.786040 10.457000 0.035000
1884.846520 10.246000 0.039000
1902.827810 9.940000 0.029000
1904.812740 10.009000 0.028000
1906.812820 10.076000 0.027000
1913.832910 10.033000 0.027000
1915.795940 10.041000 0.027000
1919.866910 10.082000 0.028000
1921.768470 10.069000 0.029000
1924.820550 10.150000 0.027000
1925.806950 10.166000 0.029000
1928.827330 9.931000 0.027000
1930.868180 10.006000 0.025000
1933.838000 10.284000 0.024000
1935.677570 10.322000 0.026000
1945.819950 9.933000 0.023000
1947.744650 9.881000 0.029000
1948.779660 10.288000 0.030000
1949.823360 10.143000 0.029000
1953.750290 10.148000 0.027000
1958.728170 9.784000 0.025000
1961.720090 10.273000 0.024000
1962.747260 9.981000 0.030000
1964.732280 10.042000 0.026000
1965.718440 10.261000 0.025000
1968.717340 10.161000 0.029000
2025.565070 10.359000 0.028000
2026.593660 10.185000 0.027000
2027.576530 10.340000 0.029000
2030.568200 10.311000 0.031000
2031.568800 9.600000 0.033000
2032.567590 10.337000 0.028000
2033.570270 9.813000 0.032000
2034.570860 10.291000 0.032000
2038.564710 10.281000 0.037000
2052.515940 10.089000 0.032000
2055.524420 10.213000 0.037000
2057.487520 10.236000 0.032000
2058.518360 10.112000 0.032000
2064.474020 10.190000 0.039000
2067.492100 10.041000 0.033000
2069.490160 10.055000 0.029000
2071.496910 10.082000 0.037000
2080.452970 9.976000 0.031000
2082.486490 10.027000 0.030000
2085.497490 10.239000 0.028000
2087.495660 10.295000 0.030000
2094.468410 10.345000 0.028000
2103.516020 10.331000 0.028000
2106.486480 9.910000 0.030000
2116.491060 10.282000 0.031000
2441.494070 10.034000 0.026000
2443.498550 10.117000 0.023000
2445.502840 10.195000 0.024000
2453.469170 10.336000 0.034000
2463.501190 9.876000 0.025000
2464.517530 10.314000 0.025000
2467.458690 9.994000 0.022000
2470.459660 10.350000 0.025000
2635.794390 9.668000 0.035000
2641.845890 10.113000 0.024000
2644.830310 10.316000 0.026000
2651.821690 10.384000 0.024000
2659.805970 9.963000 0.026000
2661.830040 9.667000 0.028000
2663.809430 9.785000 0.032000
2665.835990 10.010000 0.028000
2667.821550 10.091000 0.032000
2677.760300 10.296000 0.028000
2679.743470 10.297000 0.030000
2681.736750 10.283000 0.023000
2683.743580 10.299000 0.024000
2685.738180 10.337000 0.028000
2689.769460 9.906000 0.037000
2691.764730 9.879000 0.033000
2693.793950 10.012000 0.027000
2695.761210 10.015000 0.031000
2698.708450 10.368000 0.025000
2700.750840 10.245000 0.024000
2704.742710 9.691000 0.028000
2706.728510 9.720000 0.023000
2712.685590 10.011000 0.025000
2714.661600 10.040000 0.024000
2717.675930 10.315000 0.029000
2721.688350 9.615000 0.026000
2727.704680 10.169000 0.024000
2733.709710 10.409000 0.024000
2734.775870 9.970000 0.026000
2736.641370 9.718000 0.025000
2737.844280 9.969000 0.028000
2739.712790 10.361000 0.027000
2741.668700 10.312000 0.025000
2742.826250 10.381000 0.037000
2744.658940 10.262000 0.028000
2747.733420 9.993000 0.030000
2752.673330 10.277000 0.024000
2754.770910 9.895000 0.024000
2756.719380 9.967000 0.024000
2758.770850 10.032000 0.023000
2760.636040 9.934000 0.023000
2764.611450 10.024000 0.023000
2782.624060 10.326000 0.023000
2786.585370 10.168000 0.023000
2792.529950 9.671000 0.025000
2808.625300 10.329000 0.027000
2810.538570 10.323000 0.023000
2821.502030 10.296000 0.025000
2826.515640 10.131000 0.024000
2829.555440 9.886000 0.028000
2831.587770 9.995000 0.035000
2835.552630 10.077000 0.028000
2838.544880 10.288000 0.026000
2841.559380 10.551000 0.025000
2853.469530 10.348000 0.027000
2855.525370 10.210000 0.028000
2860.469110 10.357000 0.027000
2862.481480 10.404000 0.029000
2866.485650 10.387000 0.025000
2967.850420 10.300000 0.029000
2979.841660 10.028000 0.032000
2986.844560 10.038000 0.032000
2989.842500 10.264000 0.026000
2992.846470 9.959000 0.035000
2995.845870 10.345000 0.028000
3000.838830 10.240000 0.027000
3003.822970 9.723000 0.029000
3007.776590 9.693000 0.028000
3010.829860 10.362000 0.028000
3017.787860 10.293000 0.026000
3024.864430 10.144000 0.033000
3031.800310 9.650000 0.029000
3034.790160 10.348000 0.028000
3038.833170 10.269000 0.034000
3041.818970 10.221000 0.034000
3043.811390 10.342000 0.037000
3046.755810 9.926000 0.031000
3049.754130 10.230000 0.027000
3052.750650 10.093000 0.033000
3055.728100 10.249000 0.032000
3060.773300 10.231000 0.027000
3066.724840 10.344000 0.029000
3068.734250 10.325000 0.029000
3070.749820 10.228000 0.031000
3073.676190 10.181000 0.031000
3075.733570 10.338000 0.029000
3077.771690 10.360000 0.030000
3079.774240 10.372000 0.029000
3081.805090 10.270000 0.031000
3085.805390 9.508000 0.038000
3087.806750 9.722000 0.041000
3092.682060 10.400000 0.026000
3098.687190 10.394000 0.031000
3100.720960 9.583000 0.033000
3102.728000 9.675000 0.031000
3104.743410 9.911000 0.028000
3106.743520 10.054000 0.027000
3108.743470 10.149000 0.027000
3111.576670 10.300000 0.025000
3113.619750 10.228000 0.022000
3115.634920 9.982000 0.024000
3118.692600 10.281000 0.029000
3122.611820 10.249000 0.025000
3124.622790 10.230000 0.026000
3126.634870 10.089000 0.031000
3132.528160 10.002000 0.028000
3134.566350 10.021000 0.029000
3142.599520 10.206000 0.031000
3145.620390 9.871000 0.027000
3153.567810 10.100000 0.030000
3155.615810 10.258000 0.041000
3158.664300 9.827000 0.033000
3163.670360 10.370000 0.030000
3169.496220 10.353000 0.027000
3176.544390 10.348000 0.032000
3179.511080 9.945000 0.027000
3182.583260 10.122000 0.030000
3184.566410 9.896000 0.031000
3187.513230 10.286000 0.029000
3190.545280 9.998000 0.029000
1950.737620 10.273000 0.029000
1971.736370 9.984000 0.050000
1977.682710 9.979000 0.042000
1978.720900 10.268000 0.051000
1979.691710 9.982000 0.047000
1980.688030 10.267000 0.047000
1981.705290 10.049000 0.038000
1982.688680 10.291000 0.035000
1984.678180 10.251000 0.041000
1985.681890 10.160000 0.037000
1993.680050 10.309000 0.047000
1994.652770 10.014000 0.040000
1996.657840 10.131000 0.048000
1997.657640 10.320000 0.049000
2014.608310 10.062000 0.053000
2016.598030 9.553000 0.053000
2096.496260 10.385000 0.045000
2483.469260 10.451000 0.049000
2649.817410 10.347000 0.045000
2769.747430 9.928000 0.039000
2790.500990 10.025000 0.051000
2795.508150 10.311000 0.055000
2812.536580 10.371000 0.027000
2843.536570 10.287000 0.052000
2973.844860 9.995000 0.046000
2976.845880 10.319000 0.048000
2983.830540 10.119000 0.045000
3062.833270 10.282000 0.053000
3090.627090 10.291000 0.054000
3127.761990 10.231000 0.054000
3165.664440 10.344000 0.045000
3392.862130 10.039000 0.037000
1995.655480 10.290000 0.048000
