3448.755470 14.184000 0.070000
3450.763040 14.263000 0.052000
1900.840800 14.220000 0.046000
2103.522540 14.794000 0.069000
2629.851760 14.000000 0.032000
2646.822340 14.120000 0.031000
2671.812940 14.274000 0.032000
2678.795400 14.034000 0.054000
2693.854140 13.925000 0.033000
2695.780070 13.950000 0.030000
2698.750990 14.601000 0.039000
2712.732520 14.274000 0.028000
2719.747350 13.822000 0.033000
2736.669370 13.751000 0.034000
2764.609590 14.763000 0.033000
2786.587900 14.021000 0.032000
2810.540800 13.993000 0.031000
2835.519730 13.966000 0.032000
3030.827200 13.936000 0.032000
3081.713210 13.773000 0.053000
3111.764010 13.607000 0.031000
3121.644800 13.988000 0.042000
3146.684450 14.008000 0.029000
3164.599640 14.390000 0.037000
3384.865340 14.339000 0.052000
3391.849260 14.287000 0.051000
3402.871390 14.718000 0.052000
3411.798630 14.466000 0.047000
3416.843460 14.354000 0.067000
3419.780970 14.643000 0.048000
3431.818790 13.863000 0.091000
3446.760720 14.782000 0.047000
3457.725230 13.734000 0.061000
3459.721930 14.237000 0.041000
3466.686890 13.940000 0.055000
3471.639300 14.827000 0.076000
3489.631630 14.754000 0.046000
3491.637670 13.711000 0.064000
3516.576800 13.873000 0.038000
3524.528050 14.364000 0.053000
3530.564280 14.776000 0.062000
3544.623860 14.631000 0.089000
3550.579440 14.324000 0.071000
3556.580550 14.054000 0.082000
3560.505320 14.618000 0.096000
3584.510230 14.601000 0.082000
3594.475680 15.252000 0.078000
3742.846740 14.518000 0.052000
3750.834930 14.628000 0.037000
3761.848180 14.385000 0.042000
3770.819240 14.253000 0.046000
3779.790270 14.043000 0.045000
3795.752320 14.374000 0.046000
3798.742420 14.752000 0.063000
3819.679820 13.897000 0.039000
3821.751830 14.967000 0.094000
3830.735460 14.953000 0.080000
3834.691770 14.139000 0.057000
3849.739570 14.619000 0.061000
3851.739910 14.289000 0.062000
3854.588220 14.519000 0.059000
3856.625600 15.007000 0.093000
3874.714310 13.546000 0.072000
3882.600250 14.892000 0.096000
3901.632630 14.425000 0.036000
3907.631170 14.603000 0.056000
3909.455070 14.729000 0.054000
3909.462750 14.882000 0.053000
3909.465250 15.119000 0.069000
3909.472850 14.420000 0.069000
3909.482830 14.895000 0.062000
3909.493000 14.688000 0.064000
3909.497970 14.986000 0.061000
3909.501180 14.738000 0.077000
3909.508610 14.995000 0.082000
3909.511080 14.704000 0.077000
3909.513570 14.279000 0.078000
3909.516100 14.509000 0.082000
3909.518620 14.526000 0.081000
3909.521070 14.385000 0.063000
3909.526140 13.962000 0.083000
3909.528660 13.694000 0.085000
3909.531180 13.642000 0.088000
3909.534440 13.796000 0.074000
3909.536930 13.700000 0.079000
3909.539430 13.653000 0.095000
3909.541890 13.748000 0.062000
3909.544390 13.719000 0.071000
3909.547700 13.592000 0.075000
3909.550060 13.948000 0.083000
3909.552630 13.941000 0.084000
3909.555170 13.854000 0.082000
3909.557700 13.856000 0.076000
3909.560120 13.844000 0.066000
3909.562600 13.762000 0.088000
3909.565110 13.964000 0.083000
3909.567540 13.898000 0.073000
3909.570040 13.628000 0.062000
3909.572580 13.914000 0.085000
3909.575110 14.101000 0.056000
3909.577650 13.860000 0.071000
3909.580150 13.863000 0.078000
3909.583410 13.874000 0.063000
3909.585930 13.938000 0.071000
3909.588450 14.341000 0.082000
3909.590910 14.106000 0.077000
3909.593410 14.032000 0.075000
3909.595890 13.957000 0.065000
3909.598420 14.213000 0.048000
3909.600930 13.990000 0.061000
3909.603430 14.255000 0.038000
3909.605940 14.195000 0.058000
3909.608440 14.073000 0.058000
3909.610940 14.007000 0.058000
3909.613380 14.443000 0.054000
3909.615860 14.269000 0.041000
3909.618370 14.170000 0.054000
3909.620870 14.288000 0.061000
3909.623360 14.280000 0.036000
3909.625880 14.264000 0.033000
3909.628380 14.269000 0.040000
3909.633990 14.655000 0.047000
3909.639000 14.222000 0.041000
3909.641530 14.486000 0.039000
3909.644050 14.249000 0.037000
3909.646540 14.313000 0.048000
3909.651510 14.339000 0.047000
3909.654040 14.495000 0.047000
3910.454130 14.824000 0.061000
3910.457310 14.423000 0.042000
3910.459850 14.264000 0.068000
3910.462310 14.047000 0.060000
3910.464810 14.058000 0.058000
3910.467320 14.206000 0.054000
3910.469850 14.006000 0.072000
3910.472370 13.842000 0.068000
3910.475650 13.918000 0.047000
3910.478170 13.607000 0.066000
3910.480670 13.728000 0.041000
3910.483190 13.912000 0.072000
3910.485690 13.690000 0.063000
3910.488210 13.604000 0.080000
3910.495850 13.747000 0.073000
3910.500870 13.662000 0.078000
3910.503410 13.781000 0.068000
3910.505950 13.679000 0.071000
3910.508450 13.728000 0.077000
3910.510960 13.663000 0.083000
3910.513450 14.000000 0.079000
3910.515980 14.327000 0.079000
3910.518480 13.912000 0.076000
3910.520960 14.229000 0.078000
3910.523480 14.095000 0.077000
3910.526000 13.824000 0.069000
3910.528470 13.996000 0.067000
3910.530970 14.072000 0.070000
3910.533470 14.145000 0.069000
3910.535990 14.301000 0.089000
3910.538490 14.175000 0.041000
3910.541000 14.211000 0.065000
3910.543470 14.060000 0.051000
3910.546810 13.993000 0.059000
3910.549170 14.082000 0.039000
3910.551670 13.934000 0.062000
3910.554100 14.123000 0.063000
3910.559140 13.949000 0.063000
3910.561670 13.883000 0.071000
3910.574220 14.202000 0.048000
3910.577960 14.371000 0.042000
3910.607620 14.767000 0.041000
3910.610070 14.643000 0.066000
3910.612570 14.651000 0.068000
3910.615080 14.486000 0.040000
3910.617600 14.357000 0.044000
3910.620120 14.567000 0.052000
3910.622640 14.748000 0.048000
3911.587290 14.482000 0.049000
3911.595580 14.352000 0.072000
3911.600590 14.742000 0.063000
3911.608100 14.527000 0.051000
3912.454830 14.025000 0.049000
3912.457360 14.070000 0.052000
3912.460820 14.300000 0.066000
3912.463250 14.521000 0.042000
3912.465780 14.348000 0.062000
3912.468270 14.339000 0.068000
3912.471480 14.480000 0.047000
3912.475520 14.628000 0.091000
3912.478010 14.422000 0.091000
3912.480490 14.456000 0.072000
3912.482930 14.614000 0.100000
3912.485440 14.159000 0.087000
3912.490490 14.097000 0.090000
3912.492990 14.472000 0.093000
3912.495450 14.456000 0.102000
3912.497970 14.666000 0.069000
3912.503950 14.545000 0.096000
3912.508830 14.636000 0.107000
3912.511340 14.386000 0.079000
3912.513810 14.513000 0.092000
3912.516330 14.710000 0.097000
3912.518840 14.696000 0.104000
3912.521340 14.379000 0.096000
3912.523790 14.536000 0.099000
3912.526320 14.828000 0.095000
3912.532370 14.530000 0.081000
3912.539750 14.677000 0.081000
3912.542240 14.667000 0.094000
3912.544690 14.506000 0.091000
3912.547210 14.918000 0.075000
3912.549740 14.846000 0.088000
3912.552250 14.865000 0.092000
3912.557260 14.706000 0.086000
3912.559760 14.643000 0.080000
3912.563040 14.773000 0.074000
3912.568050 14.612000 0.091000
3912.570570 14.569000 0.061000
3912.573100 14.527000 0.079000
3912.575540 14.580000 0.072000
3912.577960 14.754000 0.065000
3912.582970 14.980000 0.055000
3912.585470 15.090000 0.065000
3912.587970 14.755000 0.081000
3912.593000 14.713000 0.079000
3912.595480 14.966000 0.054000
3912.598860 14.811000 0.087000
3912.601220 14.890000 0.076000
3912.613720 15.227000 0.048000
3912.624450 14.807000 0.049000
3912.629360 14.628000 0.041000
3912.631860 14.727000 0.048000
3913.455860 14.467000 0.056000
3913.462540 14.470000 0.078000
3913.465810 14.410000 0.073000
3913.469840 14.340000 0.075000
3913.473110 14.566000 0.102000
3913.489310 14.971000 0.081000
3913.501610 14.486000 0.089000
3913.508140 14.867000 0.076000
3913.517060 14.626000 0.094000
3913.525380 14.481000 0.095000
3913.532000 14.448000 0.074000
3913.535270 14.705000 0.073000
3913.538490 14.571000 0.090000
3913.544890 14.527000 0.069000
3913.548290 14.495000 0.078000
3913.550660 14.565000 0.083000
3913.556420 14.891000 0.087000
3913.558940 14.719000 0.091000
3913.566420 14.716000 0.086000
3913.571390 15.091000 0.076000
3913.578850 14.908000 0.089000
3913.581210 14.749000 0.053000
3913.583740 14.765000 0.059000
3913.588770 14.770000 0.060000
3913.591320 14.732000 0.047000
3913.593850 14.951000 0.083000
3913.596360 15.025000 0.073000
3913.598850 14.677000 0.049000
3913.602210 14.788000 0.060000
3913.604570 15.435000 0.052000
3913.609610 14.443000 0.043000
3913.612130 14.601000 0.048000
3913.627180 14.734000 0.044000
3913.629680 14.897000 0.044000
3913.634610 14.834000 0.057000
3913.637980 14.776000 0.045000
3913.641120 14.807000 0.053000
3914.492820 14.332000 0.081000
3914.506270 14.716000 0.084000
3914.519400 14.877000 0.078000
3914.524400 14.945000 0.078000
3914.526890 14.839000 0.078000
3914.551680 14.705000 0.059000
3914.554210 15.078000 0.065000
3914.556710 14.966000 0.042000
3914.574310 14.731000 0.062000
3915.486230 14.936000 0.081000
3915.499470 14.661000 0.080000
3915.522710 14.637000 0.080000
3916.465460 15.008000 0.073000
3916.468690 14.732000 0.065000
3916.478600 14.888000 0.066000
3916.481080 14.776000 0.070000
3916.497090 14.907000 0.078000
3917.463970 14.811000 0.080000
3917.469960 14.268000 0.093000
3917.472320 14.571000 0.089000
3917.477330 14.430000 0.104000
3917.480760 14.729000 0.094000
3917.499710 14.705000 0.099000
3917.502230 14.675000 0.101000
3918.456240 14.250000 0.061000
3918.458720 14.475000 0.074000
3918.464700 14.356000 0.063000
3918.467260 13.991000 0.068000
3918.470760 13.987000 0.060000
3918.473140 13.844000 0.059000
3918.475640 13.707000 0.055000
3918.479080 13.717000 0.066000
3918.486530 13.580000 0.072000
3918.489060 13.502000 0.050000
3918.491610 13.797000 0.064000
3918.496590 14.119000 0.052000
3918.499130 13.869000 0.048000
3918.501650 13.624000 0.039000
3918.504930 13.902000 0.056000
3918.507440 13.918000 0.055000
3918.509980 13.870000 0.052000
3918.512530 13.869000 0.055000
3918.517610 13.966000 0.053000
3918.520120 13.930000 0.062000
3918.551600 14.291000 0.085000
3918.553970 14.330000 0.063000
3919.464350 14.043000 0.074000
3919.467670 14.026000 0.058000
3919.475050 14.087000 0.085000
3919.478380 14.070000 0.068000
3919.484820 14.115000 0.082000
3919.488310 13.878000 0.067000
4133.821760 14.532000 0.054000
4173.726220 14.218000 0.049000
4197.700740 14.372000 0.070000
4269.585040 13.906000 0.061000
4294.547160 13.534000 0.051000
4482.854460 13.912000 0.048000
4498.841280 14.130000 0.043000
4501.824700 14.754000 0.041000
4522.810060 13.871000 0.048000
4565.743480 14.085000 0.077000
4570.628890 14.530000 0.047000
4588.711520 13.784000 0.058000
4616.588330 14.316000 0.051000
4622.597620 13.828000 0.066000
4639.571940 13.585000 0.045000
4860.867330 14.317000 0.037000
4866.859520 13.499000 0.046000
3802.709900 14.215000 0.076000
3910.637020 14.559000 0.057000
3911.498270 13.535000 0.049000
3912.500510 14.807000 0.100000
3913.476370 14.676000 0.097000
3913.503970 14.322000 0.095000
3913.510510 14.500000 0.108000
3913.519590 14.565000 0.108000
3913.522860 14.381000 0.099000
3913.528760 14.621000 0.102000
3914.501360 14.923000 0.098000
3918.481440 13.642000 0.062000
3918.483990 13.705000 0.057000
4899.806110 14.074000 0.079000
4909.700070 13.553000 0.056000
4917.680360 14.246000 0.053000
4967.622130 14.080000 0.069000
1887.859220 29.999000 0.056000
1889.859820 29.999000 0.055000
1903.842290 29.999000 0.080000
1954.786570 29.999000 0.051000
1955.785210 29.999000 0.058000
1980.859250 29.999000 0.066000
2117.464180 29.999000 0.056000
2255.860260 29.999000 0.063000
2257.861630 29.999000 0.060000
2446.582460 29.999000 0.049000
2468.463160 29.999000 0.050000
2625.851600 29.999000 0.037000
2628.848770 29.999000 0.033000
2642.843040 29.999000 0.033000
2652.848730 29.999000 0.036000
2657.838160 29.999000 0.035000
2665.806510 29.999000 0.028000
2674.802110 29.999000 0.031000
2676.825690 29.999000 0.037000
2680.793070 29.999000 0.045000
2684.770610 29.999000 0.035000
2691.816550 29.999000 0.037000
2700.787160 29.999000 0.037000
2704.777630 29.999000 0.028000
2706.755240 29.999000 0.033000
2714.710290 29.999000 0.030000
2721.716510 29.999000 0.029000
2723.710610 29.999000 0.047000
2724.871670 29.999000 0.029000
2726.725270 29.999000 0.033000
2728.699950 29.999000 0.032000
2730.707630 29.999000 0.032000
2732.824210 29.999000 0.034000
2738.662610 29.999000 0.030000
2740.672500 29.999000 0.030000
2742.610480 29.999000 0.028000
2747.641750 29.999000 0.038000
2750.696010 29.999000 0.047000
2751.783300 29.999000 0.037000
2754.656600 29.999000 0.033000
2756.653750 29.999000 0.032000
2758.752820 29.999000 0.029000
2762.618580 29.999000 0.039000
2766.690360 29.999000 0.034000
2782.626630 29.999000 0.041000
2784.592590 29.999000 0.035000
2790.514780 29.999000 0.038000
2792.539180 29.999000 0.030000
2795.522550 29.999000 0.047000
2804.537480 29.999000 0.033000
2808.627560 29.999000 0.036000
2812.538780 29.999000 0.033000
2819.509800 29.999000 0.031000
2821.554730 29.999000 0.033000
2829.479360 29.999000 0.032000
2831.530420 29.999000 0.032000
2838.514280 29.999000 0.039000
2841.524710 29.999000 0.032000
2843.512880 29.999000 0.047000
2859.475140 29.999000 0.037000
2861.482860 29.999000 0.036000
2866.472470 29.999000 0.031000
2997.850640 29.999000 0.029000
3003.863150 29.999000 0.035000
3011.847200 29.999000 0.035000
3020.852690 29.999000 0.035000
3025.867330 29.999000 0.042000
3036.828090 29.999000 0.032000
3041.811800 29.999000 0.042000
3051.773780 29.999000 0.041000
3053.821480 29.999000 0.053000
3056.784940 29.999000 0.060000
3059.772110 29.999000 0.030000
3061.821270 29.999000 0.046000
3064.761510 29.999000 0.055000
3067.783560 29.999000 0.057000
3069.789120 29.999000 0.038000
3074.778290 29.999000 0.038000
3076.804080 29.999000 0.034000
3078.862770 29.999000 0.032000
3085.727350 29.999000 0.053000
3087.732080 29.999000 0.038000
3089.754360 29.999000 0.036000
3091.768460 29.999000 0.035000
3096.699690 29.999000 0.038000
3101.696980 29.999000 0.038000
3103.696160 29.999000 0.030000
3105.679170 29.999000 0.041000
3107.683770 29.999000 0.054000
3109.686320 29.999000 0.035000
3113.741500 29.999000 0.032000
3115.761750 29.999000 0.029000
3129.623520 29.999000 0.031000
3131.615720 29.999000 0.040000
3144.630420 29.999000 0.034000
3156.544960 29.999000 0.034000
3159.564900 29.999000 0.029000
3162.583080 29.999000 0.033000
3169.641030 29.999000 0.030000
3176.631390 29.999000 0.030000
3184.491420 29.999000 0.031000
3186.579810 29.999000 0.034000
3190.503480 29.999000 0.030000
3219.501490 29.999000 0.041000
3388.826630 29.999000 0.038000
3395.860580 29.999000 0.048000
3405.823910 29.999000 0.044000
3408.807150 29.999000 0.089000
3414.787500 29.999000 0.036000
3438.753520 29.999000 0.071000
3444.747200 29.999000 0.041000
3461.761040 29.999000 0.073000
3464.660820 29.999000 0.085000
3473.674530 29.999000 0.039000
3477.775510 29.999000 0.096000
3479.685630 29.999000 0.053000
3495.634120 29.999000 0.038000
3497.671250 29.999000 0.044000
3502.704550 29.999000 0.067000
3504.743350 29.999000 0.081000
3512.573930 29.999000 0.058000
3522.498360 29.999000 0.042000
3528.552420 29.999000 0.063000
3542.550510 29.999000 0.064000
3570.503620 29.999000 0.060000
3574.509300 29.999000 0.042000
3577.519520 29.999000 0.062000
3587.477460 29.999000 0.064000
3734.856420 29.999000 0.039000
3738.848980 29.999000 0.039000
3746.831780 29.999000 0.049000
3758.817500 29.999000 0.055000
3767.848350 29.999000 0.092000
3773.811420 29.999000 0.045000
3776.797130 29.999000 0.057000
3787.880370 29.999000 0.060000
3790.764770 29.999000 0.078000
3804.765960 29.999000 0.077000
3806.802410 29.999000 0.089000
3812.753840 29.999000 0.082000
3814.771350 29.999000 0.106000
3823.825840 29.999000 0.051000
3826.667190 29.999000 0.040000
3832.714700 29.999000 0.069000
3847.795990 29.999000 0.081000
3867.603030 29.999000 0.079000
3869.603320 29.999000 0.061000
3871.596970 29.999000 0.069000
3886.626690 29.999000 0.063000
3894.584010 29.999000 0.043000
3897.563960 29.999000 0.059000
3899.592310 29.999000 0.058000
3903.631330 29.999000 0.071000
3905.630130 29.999000 0.082000
3909.457670 29.999000 0.060000
3909.460310 29.999000 0.081000
3909.470320 29.999000 0.068000
3909.475380 29.999000 0.075000
3909.477940 29.999000 0.067000
3909.480390 29.999000 0.064000
3909.485380 29.999000 0.079000
3909.487900 29.999000 0.079000
3909.490430 29.999000 0.072000
3909.495530 29.999000 0.069000
3909.503670 29.999000 0.078000
3909.506180 29.999000 0.082000
3909.631620 29.999000 0.055000
3909.636520 29.999000 0.043000
3910.493290 29.999000 0.076000
3910.498370 29.999000 0.074000
3910.556620 29.999000 0.041000
3910.564180 29.999000 0.062000
3910.569200 29.999000 0.067000
3910.571690 29.999000 0.045000
3910.599410 29.999000 0.047000
3910.605110 29.999000 0.038000
3910.625140 29.999000 0.049000
3910.628850 29.999000 0.098000
3910.639550 29.999000 0.060000
3910.647050 29.999000 0.056000
3910.649580 29.999000 0.061000
3911.500710 29.999000 0.044000
3911.504200 29.999000 0.036000
3911.582360 29.999000 0.072000
3911.589790 29.999000 0.040000
3911.593060 29.999000 0.042000
3911.598070 29.999000 0.052000
3911.603090 29.999000 0.080000
3911.605590 29.999000 0.061000
3911.610590 29.999000 0.058000
3911.613130 29.999000 0.041000
3911.615650 29.999000 0.049000
3911.618150 29.999000 0.040000
3911.620640 29.999000 0.043000
3911.623140 29.999000 0.044000
3911.625580 29.999000 0.046000
3911.628090 29.999000 0.048000
3911.630570 29.999000 0.044000
3911.633080 29.999000 0.050000
3911.635600 29.999000 0.053000
3911.638140 29.999000 0.044000
3911.640640 29.999000 0.040000
3911.643150 29.999000 0.038000
3911.645620 29.999000 0.042000
3911.648160 29.999000 0.051000
3912.534740 29.999000 0.084000
3912.537240 29.999000 0.047000
3912.554750 29.999000 0.079000
3912.565540 29.999000 0.076000
3912.580460 29.999000 0.088000
3912.590500 29.999000 0.048000
3912.603730 29.999000 0.056000
3912.606230 29.999000 0.067000
3912.608720 29.999000 0.066000
3912.611230 29.999000 0.044000
3912.616220 29.999000 0.065000
3912.619420 29.999000 0.036000
3912.621920 29.999000 0.048000
3912.626860 29.999000 0.040000
3912.635140 29.999000 0.044000
3912.637650 29.999000 0.037000
3912.640150 29.999000 0.048000
3912.642640 29.999000 0.044000
3912.645170 29.999000 0.047000
3913.479590 29.999000 0.090000
3913.482850 29.999000 0.073000
3913.486080 29.999000 0.105000
3913.495700 29.999000 0.095000
3913.498220 29.999000 0.075000
3913.541750 29.999000 0.085000
3913.554060 29.999000 0.082000
3913.561470 29.999000 0.078000
3913.563940 29.999000 0.064000
3913.568850 29.999000 0.079000
3913.574810 29.999000 0.067000
3913.586250 29.999000 0.074000
3913.607120 29.999000 0.062000
3913.614640 29.999000 0.066000
3913.617150 29.999000 0.039000
3913.619660 29.999000 0.038000
3913.622150 29.999000 0.075000
3913.624670 29.999000 0.042000
3913.632180 29.999000 0.045000
3914.495180 29.999000 0.092000
3914.497680 29.999000 0.094000
3914.503730 29.999000 0.079000
3914.508740 29.999000 0.090000
3914.511230 29.999000 0.093000
3914.513720 29.999000 0.085000
3914.517030 29.999000 0.069000
3914.521890 29.999000 0.072000
3914.529400 29.999000 0.043000
3914.531890 29.999000 0.066000
3914.535700 29.999000 0.039000
3914.538070 29.999000 0.064000
3914.541770 29.999000 0.045000
3914.544130 29.999000 0.050000
3914.546620 29.999000 0.049000
3914.559220 29.999000 0.066000
3914.564270 29.999000 0.077000
3914.566790 29.999000 0.083000
3914.569300 29.999000 0.073000
3914.571800 29.999000 0.081000
3914.576800 29.999000 0.078000
3914.579230 29.999000 0.054000
3914.581740 29.999000 0.046000
3914.584230 29.999000 0.048000
3914.587500 29.999000 0.078000
3914.590010 29.999000 0.079000
3914.592530 29.999000 0.035000
3914.594980 29.999000 0.067000
3914.597500 29.999000 0.056000
3914.600000 29.999000 0.054000
3914.602490 29.999000 0.037000
3914.605000 29.999000 0.051000
3914.607520 29.999000 0.037000
3914.610020 29.999000 0.045000
3914.612540 29.999000 0.045000
3914.615830 29.999000 0.044000
3914.618360 29.999000 0.043000
3914.620860 29.999000 0.049000
3914.623370 29.999000 0.040000
3914.625870 29.999000 0.066000
3915.458880 29.999000 0.057000
3915.462240 29.999000 0.070000
3915.465930 29.999000 0.064000
3915.468750 29.999000 0.084000
3915.471250 29.999000 0.076000
3915.473720 29.999000 0.071000
3915.476220 29.999000 0.072000
3915.478680 29.999000 0.080000
3915.481190 29.999000 0.088000
3915.483720 29.999000 0.079000
3915.488740 29.999000 0.062000
3915.491250 29.999000 0.077000
3915.493690 29.999000 0.082000
3915.496950 29.999000 0.076000
3915.501990 29.999000 0.060000
3915.505280 29.999000 0.092000
3915.507800 29.999000 0.089000
3916.454970 29.999000 0.072000
3916.457680 29.999000 0.058000
3916.460440 29.999000 0.075000
3916.463030 29.999000 0.077000
3916.471050 29.999000 0.058000
3916.473600 29.999000 0.061000
3916.476100 29.999000 0.052000
3916.483560 29.999000 0.076000
3916.486080 29.999000 0.076000
3916.488620 29.999000 0.077000
3916.491150 29.999000 0.071000
3916.499450 29.999000 0.058000
3916.501960 29.999000 0.095000
3916.504490 29.999000 0.087000
3917.458680 29.999000 0.057000
3917.461430 29.999000 0.089000
3917.466500 29.999000 0.065000
3917.474800 29.999000 0.092000
3917.483130 29.999000 0.092000
3917.486520 29.999000 0.098000
3917.488880 29.999000 0.095000
3917.491420 29.999000 0.093000
3917.494000 29.999000 0.091000
3917.497340 29.999000 0.089000
3918.462140 29.999000 0.077000
3918.494080 29.999000 0.046000
3918.515080 29.999000 0.042000
3918.557720 29.999000 0.064000
3919.456920 29.999000 0.074000
3919.461040 29.999000 0.056000
3919.471740 29.999000 0.076000
3919.482450 29.999000 0.077000
4104.846530 29.999000 0.048000
4140.853520 29.999000 0.083000
4143.798320 29.999000 0.045000
4150.789790 29.999000 0.042000
4153.768300 29.999000 0.069000
4158.756580 29.999000 0.051000
4160.791890 29.999000 0.058000
4167.779600 29.999000 0.053000
4180.769500 29.999000 0.048000
4183.690940 29.999000 0.069000
4185.718740 29.999000 0.060000
4188.851430 29.999000 0.041000
4194.704850 29.999000 0.041000
4200.677860 29.999000 0.034000
4203.678160 29.999000 0.058000
4205.686290 29.999000 0.047000
4216.655700 29.999000 0.054000
4232.727280 29.999000 0.049000
4234.719340 29.999000 0.046000
4237.542020 29.999000 0.044000
4253.554470 29.999000 0.048000
4257.608610 29.999000 0.048000
4259.630330 29.999000 0.058000
4267.561210 29.999000 0.049000
4276.503200 29.999000 0.054000
4284.576760 29.999000 0.070000
4286.571660 29.999000 0.073000
4292.534150 29.999000 0.045000
4296.538380 29.999000 0.063000
4298.542990 29.999000 0.055000
4304.484550 29.999000 0.042000
4306.517780 29.999000 0.048000
4311.493960 29.999000 0.044000
4458.849640 29.999000 0.050000
4462.844010 29.999000 0.042000
4468.846760 29.999000 0.054000
4472.862180 29.999000 0.045000
4490.832360 29.999000 0.041000
4494.880650 29.999000 0.038000
4504.808260 29.999000 0.041000
4507.795900 29.999000 0.054000
4510.787220 29.999000 0.040000
4517.767630 29.999000 0.042000
4527.884580 29.999000 0.056000
4530.736210 29.999000 0.058000
4532.823210 29.999000 0.070000
4536.726650 29.999000 0.039000
4538.767420 29.999000 0.076000
4540.818180 29.999000 0.074000
4543.701100 29.999000 0.042000
4545.738680 29.999000 0.051000
4551.823980 29.999000 0.070000
4554.670260 29.999000 0.049000
4558.792360 29.999000 0.072000
4561.647420 29.999000 0.039000
4567.781620 29.999000 0.073000
4572.651170 29.999000 0.044000
4576.677410 29.999000 0.056000
4580.636750 29.999000 0.052000
4583.693370 29.999000 0.055000
4586.686280 29.999000 0.040000
4591.569240 29.999000 0.102000
4593.610550 29.999000 0.071000
4595.603910 29.999000 0.042000
4597.596200 29.999000 0.045000
4606.634540 29.999000 0.079000
4608.639620 29.999000 0.053000
4611.572020 29.999000 0.050000
4618.607230 29.999000 0.061000
4631.502960 29.999000 0.068000
4633.571440 29.999000 0.073000
4641.605900 29.999000 0.041000
4643.606240 29.999000 0.043000
4646.494110 29.999000 0.061000
4651.508620 29.999000 0.066000
4653.512520 29.999000 0.040000
4659.511420 29.999000 0.038000
4662.520030 29.999000 0.044000
4664.545830 29.999000 0.038000
4667.515560 29.999000 0.037000
4671.509340 29.999000 0.039000
4674.513320 29.999000 0.048000
4686.475930 29.999000 0.050000
4690.478610 29.999000 0.041000
4694.476170 29.999000 0.071000
4823.860820 29.999000 0.052000
4827.860220 29.999000 0.037000
4835.847110 29.999000 0.055000
4839.837780 29.999000 0.038000
4843.834150 29.999000 0.049000
4850.818600 29.999000 0.066000
4856.872420 29.999000 0.060000
4863.861940 29.999000 0.044000
4869.836450 29.999000 0.051000
4872.804140 29.999000 0.055000
4876.858940 29.999000 0.044000
4879.784670 29.999000 0.041000
4891.746930 29.999000 0.052000
4895.794610 29.999000 0.066000
4904.763420 29.999000 0.052000
4906.836970 29.999000 0.079000
4914.737140 29.999000 0.053000
4919.729330 29.999000 0.062000
4921.843900 29.999000 0.079000
4926.693300 29.999000 0.049000
4933.719580 29.999000 0.050000
4935.825630 29.999000 0.059000
4938.618890 29.999000 0.061000
4940.656430 29.999000 0.059000
4945.726170 29.999000 0.058000
4948.586950 29.999000 0.047000
4962.595810 29.999000 0.068000
4964.636590 29.999000 0.082000
4969.645740 29.999000 0.079000
4972.692590 29.999000 0.083000
4988.582960 29.999000 0.055000
4994.617210 29.999000 0.081000
5013.475140 29.999000 0.060000
5015.552020 29.999000 0.068000
5019.520520 29.999000 0.077000
5021.546200 29.999000 0.057000
5023.549090 29.999000 0.053000
5031.516210 29.999000 0.074000
5041.470460 29.999000 0.053000
5048.489890 29.999000 0.058000
