1962.887220 12.224000 0.051000
1964.888400 13.007000 0.045000
1966.884420 12.840000 0.045000
2025.783170 12.478000 0.051000
2027.823980 12.906000 0.053000
2030.826580 12.649000 0.059000
2031.833690 12.890000 0.065000
2032.815960 12.922000 0.056000
2033.831640 12.242000 0.049000
2057.760270 12.865000 0.063000
2061.787360 12.704000 0.068000
2067.655150 12.420000 0.060000
2069.799940 12.515000 0.048000
2081.695880 11.872000 0.063000
2082.713820 12.549000 0.063000
2085.691490 13.027000 0.062000
2086.713530 11.988000 0.066000
2087.694750 12.412000 0.068000
2093.598820 12.467000 0.069000
2103.655120 12.453000 0.058000
2104.663570 12.863000 0.056000
2105.655500 12.860000 0.065000
2106.658700 13.086000 0.061000
2114.750390 12.938000 0.043000
2115.640780 12.956000 0.046000
2116.628730 12.917000 0.052000
2117.624590 11.944000 0.059000
2125.601630 12.907000 0.052000
2128.628400 12.067000 0.058000
2129.604570 12.568000 0.051000
2130.606920 12.860000 0.065000
2131.597210 12.897000 0.060000
2132.603120 13.108000 0.065000
2133.597210 11.765000 0.052000
2134.600180 12.306000 0.064000
2167.508080 12.911000 0.056000
2169.531140 12.168000 0.051000
2172.513530 12.833000 0.057000
2183.482380 12.974000 0.045000
2188.522840 12.983000 0.045000
2190.548180 12.194000 0.046000
2192.544790 12.835000 0.048000
2194.550580 13.037000 0.046000
2196.550480 12.598000 0.047000
2198.545500 13.016000 0.047000
2202.505650 12.603000 0.040000
2206.494250 12.165000 0.041000
2442.715520 13.042000 0.045000
2443.706120 12.020000 0.029000
2444.710350 12.498000 0.038000
2446.704040 12.952000 0.044000
2466.658280 12.956000 0.044000
2467.662100 12.908000 0.036000
2468.652160 13.154000 0.036000
2489.641300 12.294000 0.034000
2490.629640 12.214000 0.046000
2497.603830 12.715000 0.039000
2499.592270 13.017000 0.040000
2501.593740 12.490000 0.038000
2508.715120 12.790000 0.038000
2512.526550 12.418000 0.046000
2520.602210 12.472000 0.039000
2521.611840 12.221000 0.040000
2526.496710 13.016000 0.050000
2535.592410 13.161000 0.048000
2540.648070 12.096000 0.047000
2544.644470 12.973000 0.041000
2561.505140 13.027000 0.037000
2562.559010 12.044000 0.064000
2563.585000 12.605000 0.040000
2564.598470 12.961000 0.046000
2565.624170 12.899000 0.049000
2578.559720 12.441000 0.041000
2694.876980 13.084000 0.042000
2699.889020 13.097000 0.042000
2703.882340 12.908000 0.036000
2706.876830 11.814000 0.039000
2709.869200 12.774000 0.041000
2712.863590 12.227000 0.039000
2720.861440 12.916000 0.039000
2730.893500 12.924000 0.039000
2734.814430 12.734000 0.037000
2736.850960 13.027000 0.041000
2738.854370 12.372000 0.035000
2740.866880 12.944000 0.035000
2742.854610 11.915000 0.036000
2744.848770 12.846000 0.037000
2754.840610 12.692000 0.038000
2756.841420 12.934000 0.035000
2758.859720 12.308000 0.033000
2760.820030 12.974000 0.042000
2764.813720 12.500000 0.037000
2783.695730 12.981000 0.035000
2790.776420 12.564000 0.036000
2808.859010 11.782000 0.036000
2810.705450 11.814000 0.036000
2812.674130 12.638000 0.037000
2814.840250 12.148000 0.049000
2819.737430 12.920000 0.040000
2821.731170 12.515000 0.036000
2830.775290 12.137000 0.037000
2832.616690 12.209000 0.036000
2836.624300 12.118000 0.039000
2838.827300 13.026000 0.037000
2840.885860 12.578000 0.044000
2845.824060 12.326000 0.049000
2853.596790 12.503000 0.035000
2854.831700 12.496000 0.032000
2858.617500 12.488000 0.033000
2866.691470 11.744000 0.040000
2867.748970 12.662000 0.038000
2872.710340 12.255000 0.040000
2875.711670 12.877000 0.041000
2877.679890 12.124000 0.038000
2879.723020 12.890000 0.039000
2883.520250 12.376000 0.035000
2884.704140 12.888000 0.037000
2892.694480 12.021000 0.046000
2894.601380 12.596000 0.041000
2895.721620 12.928000 0.038000
2897.724010 12.167000 0.037000
2899.691320 12.874000 0.042000
2902.492100 12.921000 0.037000
2908.508250 12.965000 0.034000
2910.520740 12.418000 0.037000
2911.699780 12.959000 0.039000
2917.608580 13.023000 0.037000
2921.598390 12.935000 0.037000
2923.588160 12.546000 0.044000
2926.586620 12.900000 0.036000
2928.588570 12.854000 0.038000
2930.583900 12.559000 0.037000
2932.582180 12.798000 0.036000
2934.578370 11.945000 0.036000
2939.582440 11.911000 0.037000
2944.518930 12.838000 0.046000
2945.601000 12.523000 0.036000
2948.580030 13.090000 0.037000
2951.524640 12.552000 0.041000
2955.574050 12.337000 0.037000
2958.526100 12.897000 0.034000
2963.525020 12.862000 0.040000
2965.540530 11.909000 0.036000
2971.513600 12.316000 0.038000
3070.886590 12.801000 0.045000
3074.882260 12.344000 0.037000
3081.874290 12.734000 0.048000
3087.878360 13.035000 0.040000
3091.866920 12.824000 0.039000
3097.858280 12.986000 0.037000
3101.848420 12.737000 0.040000
3108.834270 12.876000 0.036000
3114.894780 11.958000 0.035000
3118.874280 12.973000 0.037000
3125.847770 12.095000 0.038000
3128.823740 12.924000 0.039000
3131.795620 12.327000 0.038000
3142.806690 12.812000 0.041000
3146.760440 11.891000 0.034000
3154.687830 12.768000 0.036000
3159.798930 13.248000 0.039000
3162.839050 12.642000 0.037000
3168.787790 12.775000 0.041000
3170.874240 11.731000 0.038000
3176.799230 11.736000 0.040000
3179.714910 12.699000 0.037000
3182.727060 11.775000 0.038000
3184.725010 12.855000 0.034000
3186.770160 12.811000 0.039000
3189.861960 12.929000 0.038000
3191.905300 12.367000 0.061000
3266.547720 12.095000 0.038000
3272.527800 12.470000 0.043000
3326.555540 13.005000 0.043000
3433.881370 12.918000 0.041000
3444.865520 12.862000 0.054000
3447.892040 12.699000 0.063000
3455.852820 13.168000 0.051000
3458.873740 12.854000 0.037000
3464.844010 12.926000 0.053000
3472.868520 12.338000 0.053000
3478.843870 12.585000 0.054000
3481.835590 13.377000 0.068000
3484.854190 12.865000 0.055000
3490.905580 12.804000 0.043000
3496.862880 12.996000 0.044000
3500.840310 12.866000 0.051000
3503.809760 12.292000 0.041000
3506.855820 13.161000 0.038000
3509.852220 12.788000 0.040000
3512.753490 12.986000 0.038000
3523.861710 12.377000 0.055000
3528.812850 12.018000 0.049000
3538.776770 12.402000 0.054000
3550.744790 12.427000 0.044000
3552.845080 13.025000 0.041000
3555.762470 12.440000 0.037000
3558.904170 12.373000 0.042000
3561.659580 12.443000 0.061000
3563.707970 13.067000 0.048000
3570.668130 11.796000 0.038000
3572.835130 12.960000 0.036000
3574.854520 12.395000 0.044000
3576.841870 12.862000 0.039000
3583.731780 12.903000 0.052000
3585.761180 12.212000 0.049000
3587.784180 12.984000 0.038000
3590.615430 13.056000 0.063000
3592.633360 12.392000 0.044000
3596.622220 11.846000 0.036000
3602.601710 12.162000 0.037000
3617.614470 12.225000 0.044000
3619.700600 12.978000 0.043000
3622.529120 13.151000 0.057000
3628.563560 12.264000 0.037000
3630.644000 13.161000 0.038000
3632.646160 12.019000 0.039000
3634.681780 12.893000 0.042000
3637.679010 12.222000 0.039000
3640.690420 12.926000 0.039000
3643.523140 11.893000 0.040000
3646.600840 12.973000 0.037000
3655.526220 12.679000 0.055000
3657.598910 12.981000 0.065000
3659.635130 12.864000 0.036000
3662.519460 13.028000 0.044000
3664.543310 12.263000 0.046000
3668.523580 13.113000 0.035000
3670.577110 12.720000 0.034000
3673.534190 12.881000 0.037000
3675.605580 12.834000 0.055000
3678.554110 12.986000 0.049000
3700.535010 12.351000 0.047000
3703.525050 12.969000 0.040000
3797.897170 11.818000 0.057000
3808.882570 12.131000 0.044000
3812.883820 12.939000 0.050000
3831.841680 12.855000 0.068000
3834.870890 12.378000 0.067000
3860.827300 12.354000 0.055000
3869.821530 12.322000 0.042000
3874.806320 12.956000 0.055000
3877.793770 13.015000 0.043000
3880.863150 12.305000 0.038000
3887.799330 12.742000 0.037000
3892.740130 12.880000 0.048000
3900.786060 12.257000 0.046000
3902.781910 12.662000 0.041000
3904.799900 12.917000 0.041000
3906.855250 12.521000 0.046000
3913.749770 12.965000 0.051000
4159.890930 11.906000 0.046000
4182.909010 12.950000 0.048000
4191.853690 12.347000 0.048000
4194.850200 12.913000 0.038000
4203.859330 12.957000 0.060000
4207.885670 12.739000 0.055000
4215.865870 13.111000 0.039000
4228.887060 12.913000 0.050000
4230.869940 13.005000 0.041000
4233.804660 12.664000 0.036000
4235.870830 12.980000 0.056000
4247.773520 11.967000 0.037000
4256.813660 13.055000 0.043000
4272.720910 12.841000 0.042000
4274.756060 12.485000 0.036000
4277.720190 12.879000 0.034000
4283.741290 12.223000 0.058000
4285.729470 12.629000 0.043000
4289.723360 12.072000 0.035000
4291.725470 12.883000 0.035000
4293.714210 13.125000 0.037000
4295.726970 12.528000 0.035000
4299.691320 11.786000 0.036000
4301.682440 12.753000 0.045000
4303.686970 13.079000 0.040000
4305.678260 12.265000 0.037000
4307.654430 12.950000 0.048000
4310.666100 12.102000 0.035000
4312.662170 12.852000 0.039000
4315.662430 11.940000 0.036000
4330.610680 13.029000 0.036000
4332.607110 12.656000 0.037000
4334.599040 12.878000 0.032000
4338.613250 12.816000 0.037000
4340.673560 11.758000 0.037000
4344.671860 12.922000 0.041000
4346.668730 12.319000 0.057000
4348.673790 12.826000 0.061000
4350.682130 12.087000 0.047000
4353.543850 12.599000 0.047000
4355.632030 13.071000 0.035000
4357.635920 12.453000 0.039000
4359.670820 13.075000 0.038000
4361.619750 11.807000 0.043000
4365.527020 12.838000 0.036000
4367.665640 12.563000 0.035000
4369.683900 12.973000 0.043000
4372.518500 12.760000 0.043000
4375.549440 12.920000 0.039000
4377.556680 11.769000 0.047000
4379.558100 12.818000 0.053000
4381.610270 13.093000 0.041000
4383.650500 12.817000 0.049000
4386.551080 13.022000 0.046000
4388.534820 12.079000 0.049000
4393.519500 11.871000 0.048000
4404.600260 12.829000 0.036000
4408.539870 11.902000 0.044000
4411.563500 12.950000 0.038000
4422.549040 12.899000 0.042000
4428.522280 13.025000 0.045000
4431.530440 12.895000 0.041000
4435.521490 12.591000 0.044000
4521.895680 12.000000 0.047000
4530.896450 12.941000 0.055000
4537.897010 12.090000 0.045000
4541.889240 13.053000 0.049000
4561.844220 12.983000 0.055000
4564.883180 12.728000 0.041000
4567.898310 11.756000 0.044000
4571.837210 13.003000 0.035000
4574.830140 12.445000 0.042000
4577.867270 12.948000 0.044000
4583.913690 12.245000 0.034000
4587.804860 12.948000 0.041000
4590.824660 12.689000 0.047000
4593.810590 13.054000 0.039000
4601.809010 12.899000 0.043000
4607.775540 13.073000 0.049000
4611.840730 13.019000 0.036000
4616.912780 12.847000 0.039000
4623.741010 12.935000 0.045000
4627.785730 12.936000 0.040000
4629.769980 13.179000 0.040000
4631.783400 12.600000 0.035000
4633.768230 12.876000 0.041000
4639.757780 12.913000 0.034000
4641.764930 12.359000 0.036000
4643.759300 13.010000 0.041000
4645.790750 11.923000 0.046000
4650.680730 12.881000 0.048000
4652.732060 12.555000 0.038000
4654.724940 12.956000 0.049000
4656.713560 11.903000 0.042000
4660.651070 13.082000 0.039000
4662.696920 12.283000 0.041000
4665.694210 12.846000 0.036000
4672.777240 12.625000 0.063000
4675.784140 12.837000 0.048000
4681.712570 12.550000 0.046000
4683.764770 12.800000 0.049000
4685.683740 13.071000 0.040000
4687.667870 11.771000 0.051000
4696.813220 12.102000 0.040000
4698.718950 12.543000 0.051000
4700.719520 12.971000 0.055000
4705.526930 12.585000 0.037000
4709.754440 12.945000 0.066000
4716.592230 12.913000 0.045000
4720.635790 12.695000 0.045000
4722.663440 12.972000 0.047000
4725.687800 12.924000 0.069000
4728.617770 12.304000 0.040000
4730.656860 12.768000 0.065000
4733.660630 11.785000 0.048000
4738.601170 12.828000 0.035000
4741.580010 12.775000 0.059000
4743.599710 13.016000 0.053000
4754.643800 12.102000 0.060000
4760.547490 12.017000 0.063000
4766.530460 12.279000 0.062000
4768.606580 12.635000 0.059000
4771.541350 12.554000 0.056000
4775.530740 11.780000 0.038000
4777.567820 12.967000 0.043000
4780.564440 11.797000 0.069000
4787.536280 12.654000 0.063000
4921.866730 12.553000 0.042000
4946.865320 12.482000 0.048000
4985.740190 12.925000 0.045000
4993.795490 12.582000 0.042000
5014.740930 12.701000 0.045000
5039.652090 11.849000 0.041000
5041.635620 12.750000 0.040000
5063.672140 13.008000 0.045000
5092.581660 12.488000 0.042000
5098.548250 12.713000 0.043000
1981.898550 12.994000 0.049000
2465.663160 12.790000 0.039000
2470.608730 12.304000 0.040000
2498.594140 13.220000 0.045000
2500.564380 12.576000 0.043000
2502.600570 12.755000 0.038000
3894.734890 13.072000 0.038000
5037.667800 13.157000 0.058000
1985.841800 12.767000 0.050000
2026.849130 13.003000 0.073000
2037.770980 12.956000 0.070000
2039.790500 11.837000 0.076000
2052.760050 12.918000 0.071000
2053.779690 12.895000 0.071000
2054.774530 12.381000 0.074000
2055.760900 12.043000 0.076000
2056.762050 12.580000 0.073000
2058.759270 13.069000 0.070000
2065.717820 11.941000 0.070000
2070.728470 11.799000 0.070000
2080.643820 12.959000 0.073000
2083.704790 12.904000 0.075000
2088.693760 12.850000 0.073000
2094.621990 12.940000 0.076000
2215.523100 11.938000 0.059000
2459.671270 12.180000 0.048000
2474.668030 11.985000 0.048000
2554.641110 13.019000 0.056000
2556.647840 12.139000 0.056000
2717.892800 12.442000 0.041000
2786.756760 12.869000 0.037000
2916.510890 12.614000 0.038000
3104.872010 11.842000 0.047000
3165.737650 12.989000 0.042000
3339.523410 12.677000 0.085000
3425.888230 11.874000 0.087000
3468.856360 12.698000 0.070000
3521.777080 12.987000 0.071000
3649.548790 12.407000 0.053000
3793.894900 12.300000 0.070000
3804.882160 12.766000 0.060000
3819.877130 12.587000 0.087000
3823.857860 11.795000 0.078000
3827.849530 12.774000 0.080000
3857.879300 13.015000 0.047000
3863.808660 12.942000 0.074000
3865.841550 12.461000 0.078000
3867.815980 12.915000 0.077000
3883.861750 12.834000 0.079000
3909.719210 13.000000 0.071000
4163.889800 12.791000 0.060000
4167.880950 12.890000 0.077000
4179.883220 12.966000 0.066000
4187.901020 12.806000 0.045000
4342.667800 12.745000 0.053000
4400.615150 13.528000 0.042000
4545.887080 12.885000 0.052000
4647.855530 13.024000 0.088000
4667.713250 12.476000 0.046000
4707.651480 12.812000 0.060000
4747.539480 12.793000 0.073000
4757.551820 12.952000 0.070000
4763.545260 12.972000 0.071000
4784.542650 13.108000 0.069000
4793.535670 13.035000 0.069000
4797.519200 12.593000 0.076000
4802.516800 12.464000 0.068000
4906.879540 12.510000 0.060000
4917.871080 12.965000 0.045000
4928.907210 13.101000 0.054000
4935.872480 12.148000 0.050000
4949.846770 12.991000 0.047000
4952.843010 12.669000 0.058000
4968.797540 12.700000 0.045000
4974.790200 13.030000 0.051000
5006.850320 12.219000 0.051000
5012.801730 11.894000 0.049000
5022.711460 13.214000 0.044000
5024.716190 12.329000 0.050000
5048.638060 12.903000 0.042000
5070.721120 12.536000 0.068000
5075.589730 12.698000 0.042000
5083.645780 12.793000 0.050000
5089.728470 11.839000 0.049000
5105.607640 12.989000 0.048000
5124.582210 12.919000 0.073000
5129.518640 12.718000 0.044000
2487.647530 12.265000 0.057000
1978.877810 12.466000 0.053000
1980.856690 12.817000 0.053000
1982.856020 11.778000 0.053000
1984.831870 12.591000 0.052000
1994.840100 12.852000 0.058000
1997.888950 11.861000 0.057000
2142.579530 29.999000 0.054000
1996.832440 29.999000 0.053000
2491.610750 29.999000 0.045000
2953.565360 29.999000 0.042000
3268.538870 29.999000 0.041000
4251.821020 29.999000 0.044000
4596.816340 29.999000 0.038000
1999.858480 29.999000 0.064000
2016.805260 29.999000 0.055000
2454.685410 29.999000 0.051000
2473.627960 29.999000 0.039000
2481.614140 29.999000 0.048000
2486.619250 29.999000 0.046000
2493.606220 29.999000 0.043000
2494.607100 29.999000 0.062000
2503.598480 29.999000 0.046000
2460.922330 12.952000 0.049000
2490.579600 11.684000 0.040000
2719.881790 12.834000 0.043000
2726.853800 12.885000 0.040000
2783.717670 12.907000 0.041000
2840.768510 11.919000 0.038000
2853.606210 12.483000 0.033000
2894.681520 12.772000 0.041000
2104.684120 12.773000 0.058000
2105.668690 12.810000 0.060000
2114.702530 12.870000 0.052000
2116.644150 12.987000 0.055000
2117.642260 11.768000 0.063000
2124.601760 12.657000 0.066000
2125.610320 12.928000 0.046000
2134.614860 12.495000 0.064000
2135.611940 12.650000 0.059000
2140.594100 12.757000 0.063000
2141.596290 12.872000 0.060000
2143.597820 11.789000 0.065000
2144.591180 12.264000 0.064000
2145.579880 12.651000 0.059000
2151.533130 12.927000 0.074000
2460.934660 13.080000 0.055000
2140.557260 12.581000 0.069000
2143.568150 12.342000 0.057000
2145.552400 12.534000 0.054000
3452.879440 12.572000 0.053000
2093.584840 12.180000 0.068000
2102.630400 11.801000 0.060000
2104.647370 12.757000 0.052000
2105.639290 12.979000 0.064000
2106.642440 13.119000 0.059000
2109.635190 12.705000 0.049000
2114.758860 12.942000 0.045000
2115.626850 12.809000 0.054000
2116.610170 12.851000 0.058000
2117.606940 12.794000 0.058000
2124.582820 12.425000 0.055000
2125.596570 12.786000 0.054000
2134.583820 12.347000 0.064000
2135.580070 12.719000 0.058000
2141.571140 12.823000 0.055000
2142.567670 12.865000 0.055000
2144.559150 12.088000 0.063000
