2628.797870 13.807000 0.028000
2695.711850 13.477000 0.031000
2719.722830 13.936000 0.028000
2724.682340 13.434000 0.036000
2998.861540 13.882000 0.033000
3387.823670 13.462000 0.075000
2976.825610 29.999000 0.053000
3053.788790 29.999000 0.054000
1889.801000 13.882000 0.052000
2068.506900 13.856000 0.059000
2071.468250 13.577000 0.053000
2082.449630 13.847000 0.060000
2087.452320 13.377000 0.060000
2443.456160 13.442000 0.041000
2622.783990 13.460000 0.031000
2634.859720 13.507000 0.029000
2637.798720 13.338000 0.033000
2639.837860 13.898000 0.029000
2642.798410 13.740000 0.031000
2645.778680 14.049000 0.033000
2649.767920 13.816000 0.031000
2651.757990 13.530000 0.031000
2657.738170 13.572000 0.033000
2661.789440 13.848000 0.038000
2663.778440 13.600000 0.030000
2665.771290 13.650000 0.032000
2669.776160 13.694000 0.030000
2673.756030 13.412000 0.028000
2675.747710 13.870000 0.032000
2677.726570 13.310000 0.030000
2681.704940 13.483000 0.037000
2688.722540 13.211000 0.034000
2690.710160 13.612000 0.030000
2692.773900 13.262000 0.043000
2696.714920 13.918000 0.029000
2698.705330 13.692000 0.030000
2704.674510 13.801000 0.023000
2706.662710 13.229000 0.027000
2710.636630 13.585000 0.031000
2717.596830 13.338000 0.035000
2721.630700 13.657000 0.036000
2726.650180 13.831000 0.033000
2728.641420 13.236000 0.033000
2730.637320 13.902000 0.034000
2733.683650 13.441000 0.038000
2735.677160 13.471000 0.042000
2739.654350 13.288000 0.032000
2750.595000 13.333000 0.042000
2751.690960 14.025000 0.033000
2754.626490 13.502000 0.030000
2756.625820 13.597000 0.037000
2761.521370 13.979000 0.032000
2763.517150 13.637000 0.032000
2766.540690 13.793000 0.037000
2782.597230 13.635000 0.036000
2784.570820 13.922000 0.031000
2786.566060 13.504000 0.039000
2789.561880 13.648000 0.039000
2792.491480 13.744000 0.042000
2809.517150 13.844000 0.036000
2814.469480 13.598000 0.042000
2819.479580 13.247000 0.036000
2957.843430 13.503000 0.033000
2967.838600 13.503000 0.033000
2975.807300 13.166000 0.034000
2978.821140 13.809000 0.029000
2981.821810 13.639000 0.038000
2990.803410 13.234000 0.033000
2996.836400 13.835000 0.040000
3000.827180 13.630000 0.062000
3008.827810 13.414000 0.032000
3023.792300 13.281000 0.031000
3028.776920 13.721000 0.030000
3031.731900 14.276000 0.041000
3033.768860 13.468000 0.030000
3044.741200 13.444000 0.031000
3047.707160 13.586000 0.037000
3055.671260 13.398000 0.038000
3059.799460 13.691000 0.039000
3064.707410 13.670000 0.048000
3077.733050 13.379000 0.033000
3079.735720 13.871000 0.037000
3085.763410 13.385000 0.037000
3090.568310 13.801000 0.040000
3092.596650 13.960000 0.031000
3099.588960 13.385000 0.037000
3101.594520 13.711000 0.033000
3105.595990 14.094000 0.038000
3113.615490 13.496000 0.044000
3115.630530 13.861000 0.043000
3121.600180 13.270000 0.043000
3128.543650 13.152000 0.034000
3132.570540 13.380000 0.033000
3134.585150 13.832000 0.036000
3142.604740 13.384000 0.053000
3146.549170 13.304000 0.030000
3160.512880 13.498000 0.037000
3163.524550 13.839000 0.033000
3168.536650 13.260000 0.031000
3184.485140 13.738000 0.035000
3355.801540 13.809000 0.041000
3362.823320 13.906000 0.057000
3385.760290 13.769000 0.046000
3390.746540 13.289000 0.047000
3407.700970 13.874000 0.073000
3409.739510 13.760000 0.065000
3411.813960 13.720000 0.079000
3414.680540 13.875000 0.036000
3416.721920 13.880000 0.038000
3426.778890 13.542000 0.048000
3431.638420 14.001000 0.068000
3439.653910 14.148000 0.056000
3458.600240 13.755000 0.059000
3460.601410 14.025000 0.076000
3462.607830 13.530000 0.063000
3464.639280 13.927000 0.075000
3466.651020 13.606000 0.050000
3469.646220 13.637000 0.073000
3473.646050 13.814000 0.044000
3481.544340 13.795000 0.042000
3490.637440 13.886000 0.063000
3492.635600 13.342000 0.066000
3496.637970 13.396000 0.043000
3512.548780 13.517000 0.061000
3520.541160 13.444000 0.041000
3525.518590 14.035000 0.080000
3539.484110 13.186000 0.060000
3547.482410 13.776000 0.051000
3556.464760 13.812000 0.058000
3674.867200 13.601000 0.039000
3705.857610 13.955000 0.042000
3713.836200 13.692000 0.052000
3717.833840 13.523000 0.055000
3721.838260 13.516000 0.068000
3728.795960 13.486000 0.046000
3732.787920 13.171000 0.075000
3735.798210 13.630000 0.049000
3741.790500 14.025000 0.072000
3744.781190 13.988000 0.047000
3747.774080 13.702000 0.047000
3750.771550 13.343000 0.043000
3757.741160 13.412000 0.073000
3763.733080 13.866000 0.073000
3769.709140 13.817000 0.059000
3772.701360 13.502000 0.072000
3774.820870 14.058000 0.058000
3787.699240 14.126000 0.069000
3792.678860 14.041000 0.053000
3794.728050 13.338000 0.058000
3797.632490 13.332000 0.042000
3799.698710 13.931000 0.059000
3802.630050 13.739000 0.066000
3805.608790 13.873000 0.046000
3811.650930 13.550000 0.074000
3815.673460 13.382000 0.058000
3822.589010 13.562000 0.071000
3824.623330 13.859000 0.073000
3826.623700 13.330000 0.059000
3830.694080 13.346000 0.080000
3836.572550 13.389000 0.066000
3848.570680 13.285000 0.076000
3854.610230 13.776000 0.053000
3856.661920 13.386000 0.068000
3870.548880 13.182000 0.043000
3876.560830 13.739000 0.079000
3882.544880 13.978000 0.044000
3886.546250 13.896000 0.047000
3891.453970 13.396000 0.042000
3900.478470 14.026000 0.064000
3902.504790 13.852000 0.052000
3905.465420 13.535000 0.062000
4128.728090 13.351000 0.043000
4136.850100 13.379000 0.057000
4139.699650 13.256000 0.038000
4141.729800 13.968000 0.057000
4143.733830 13.316000 0.053000
4149.690880 13.750000 0.059000
4151.741740 13.795000 0.056000
4160.597250 13.546000 0.047000
4172.703260 13.574000 0.069000
4204.614590 13.781000 0.065000
4207.651540 13.962000 0.072000
4213.634200 14.294000 0.063000
4229.487410 13.657000 0.062000
4278.467170 13.680000 0.037000
4438.828570 13.471000 0.054000
4485.756720 13.288000 0.048000
4493.830030 13.274000 0.055000
4508.691250 14.045000 0.075000
4512.752490 13.902000 0.073000
4521.724500 13.301000 0.062000
4523.751800 13.765000 0.046000
4530.701960 13.935000 0.065000
4532.785160 13.560000 0.064000
4555.561480 14.031000 0.054000
4557.592130 13.443000 0.058000
4561.667330 13.357000 0.046000
4568.573430 13.275000 0.058000
4586.638680 13.447000 0.041000
4596.522480 13.360000 0.055000
4610.497610 13.960000 0.070000
4616.556280 13.257000 0.046000
4623.504870 13.335000 0.051000
4645.496830 13.207000 0.046000
4806.814910 14.007000 0.067000
4823.851940 13.605000 0.042000
4826.848640 13.444000 0.043000
4838.782260 13.430000 0.049000
4852.758950 13.324000 0.072000
4856.737100 13.457000 0.042000
4888.658130 13.613000 0.043000
4904.719010 13.560000 0.070000
4940.691830 13.331000 0.063000
4948.614940 14.210000 0.074000
4145.813130 13.833000 0.063000
4290.462590 13.781000 0.039000
4503.700440 13.327000 0.044000
4776.862940 13.295000 0.046000
4455.806200 11.709000 0.041000
2737.664220 13.794000 0.044000
3081.763590 13.377000 0.062000
3393.788830 13.483000 0.071000
3443.613210 13.849000 0.072000
3445.640630 14.121000 0.085000
3447.637450 13.671000 0.093000
3454.617590 13.644000 0.093000
3456.611130 13.760000 0.089000
3476.565230 13.614000 0.096000
3499.640980 13.556000 0.082000
3502.496400 13.473000 0.082000
3529.543040 14.141000 0.082000
3754.800200 13.115000 0.086000
3760.743290 14.055000 0.088000
3766.718540 13.648000 0.088000
3789.755260 13.482000 0.093000
3813.662950 14.234000 0.086000
3819.744290 13.705000 0.085000
3828.640120 13.803000 0.086000
3850.603650 13.847000 0.092000
3852.599450 13.279000 0.087000
3864.496130 13.794000 0.086000
3866.503680 13.308000 0.084000
3868.544010 14.006000 0.076000
3872.559850 13.607000 0.089000
3907.487180 14.239000 0.091000
4153.723630 13.672000 0.092000
4164.679220 13.704000 0.084000
4167.660030 14.026000 0.085000
4470.792170 13.534000 0.055000
4563.682410 14.277000 0.103000
4648.482580 13.511000 0.111000
4882.793060 13.534000 0.094000
4909.675250 14.012000 0.111000
4914.677630 13.467000 0.084000
4936.609930 13.162000 0.095000
4525.810440 13.389000 0.085000
2232.853310 29.999000 0.054000
2239.845240 29.999000 0.048000
2262.810690 29.999000 0.070000
2265.766630 29.999000 0.064000
2269.798610 29.999000 0.068000
2667.770980 29.999000 0.035000
2722.765960 29.999000 0.038000
2745.578950 29.999000 0.037000
2944.861840 29.999000 0.039000
3006.800940 29.999000 0.045000
3036.719030 29.999000 0.040000
3071.681030 29.999000 0.046000
3087.762510 29.999000 0.040000
3103.601190 29.999000 0.052000
3107.598360 29.999000 0.032000
3109.603510 29.999000 0.031000
3154.492300 29.999000 0.036000
3158.484120 29.999000 0.036000
3176.517820 29.999000 0.044000
3187.471370 29.999000 0.042000
3387.809220 29.999000 0.078000
3543.482680 29.999000 0.039000
3701.852170 29.999000 0.040000
4184.656360 29.999000 0.068000
4196.627550 29.999000 0.071000
4253.520320 29.999000 0.051000
4283.475020 29.999000 0.070000
4286.462870 29.999000 0.063000
4442.818700 29.999000 0.043000
2243.828390 29.999000 0.052000
2252.773710 29.999000 0.065000
2624.839840 29.999000 0.035000
2671.759680 29.999000 0.035000
2804.517790 29.999000 0.038000
2812.462180 29.999000 0.035000
2948.864020 29.999000 0.056000
3017.813890 29.999000 0.035000
3057.723350 29.999000 0.042000
3111.601180 29.999000 0.034000
3126.514350 29.999000 0.052000
3130.558880 29.999000 0.035000
3165.536470 29.999000 0.039000
3399.770500 29.999000 0.060000
4105.790140 29.999000 0.047000
4125.782610 29.999000 0.071000
4177.695020 29.999000 0.077000
4182.659160 29.999000 0.072000
4193.610340 29.999000 0.067000
4233.509450 29.999000 0.055000
4274.479350 29.999000 0.051000
4429.832760 29.999000 0.043000
4458.820370 29.999000 0.045000
4464.857630 29.999000 0.048000
4467.799360 29.999000 0.041000
4478.745250 29.999000 0.051000
4491.783400 29.999000 0.043000
4497.752640 29.999000 0.038000
4505.793170 29.999000 0.071000
4519.708390 29.999000 0.075000
4528.635450 29.999000 0.044000
4536.620390 29.999000 0.071000
4538.662780 29.999000 0.065000
4540.682820 29.999000 0.076000
4546.629640 29.999000 0.085000
4548.625490 29.999000 0.070000
4550.686520 29.999000 0.057000
4552.748660 29.999000 0.072000
4559.626760 29.999000 0.072000
4566.543300 29.999000 0.067000
4574.554270 29.999000 0.051000
4576.578490 29.999000 0.079000
4580.570630 29.999000 0.048000
4589.566290 29.999000 0.064000
4591.609710 29.999000 0.060000
4594.516330 29.999000 0.058000
4601.480880 29.999000 0.060000
4607.566180 29.999000 0.076000
4620.506680 29.999000 0.058000
4628.459190 29.999000 0.064000
4630.507760 29.999000 0.061000
4633.478120 29.999000 0.060000
4641.474940 29.999000 0.061000
4643.484730 29.999000 0.050000
4770.867300 29.999000 0.040000
4793.841850 29.999000 0.046000
4798.839610 29.999000 0.036000
4802.818980 29.999000 0.047000
4810.818640 29.999000 0.049000
4814.805180 29.999000 0.053000
4820.808600 29.999000 0.040000
4829.826350 29.999000 0.042000
4835.793570 29.999000 0.058000
4846.812240 29.999000 0.044000
4849.753850 29.999000 0.053000
4860.730020 29.999000 0.049000
4865.731360 29.999000 0.042000
4868.709710 29.999000 0.055000
4875.688480 29.999000 0.055000
4877.716290 29.999000 0.076000
4916.718510 29.999000 0.082000
4938.689500 29.999000 0.055000
5021.459750 29.999000 0.073000
5165.839070 29.999000 0.047000
2214.863200 29.999000 0.052000
2227.845430 29.999000 0.049000
2236.842820 29.999000 0.051000
2255.806240 29.999000 0.060000
2257.803420 29.999000 0.060000
2694.699800 29.999000 0.030000
2963.842070 29.999000 0.034000
3011.785450 29.999000 0.031000
3050.683610 29.999000 0.030000
3075.712020 29.999000 0.034000
3116.637770 29.999000 0.031000
3418.743950 29.999000 0.056000
3436.662830 29.999000 0.058000
3522.558600 29.999000 0.066000
3809.645630 29.999000 0.090000
3817.694680 29.999000 0.093000
3893.519390 29.999000 0.045000
3897.501210 29.999000 0.061000
4174.715440 29.999000 0.066000
4231.487050 29.999000 0.055000
4235.512250 29.999000 0.072000
4487.782210 29.999000 0.056000
4510.725580 29.999000 0.041000
4656.464830 29.999000 0.069000
4919.627340 29.999000 0.051000
