2117.473160 13.978000 0.056000
2637.847340 13.740000 0.037000
2641.858140 14.310000 0.034000
2645.847720 14.156000 0.029000
2665.809000 14.043000 0.027000
2668.837810 13.679000 0.029000
2671.808510 13.584000 0.031000
2676.830670 13.985000 0.034000
2680.797810 13.200000 0.029000
2700.793980 13.811000 0.031000
2714.714830 13.383000 0.033000
2719.667840 13.826000 0.033000
2726.709020 14.328000 0.029000
2732.812100 14.200000 0.048000
2734.684570 13.272000 0.031000
2740.681340 13.569000 0.030000
2750.702570 14.345000 0.034000
2754.739650 13.868000 0.032000
2756.694380 14.019000 0.033000
2758.757140 14.235000 0.029000
2760.627090 13.591000 0.028000
2766.701460 13.686000 0.047000
2813.550050 14.200000 0.040000
2819.560750 13.592000 0.033000
2831.551280 13.057000 0.031000
3030.845660 13.711000 0.040000
3051.766480 14.145000 0.036000
3059.766980 13.865000 0.037000
3064.764100 13.704000 0.041000
3085.742980 13.273000 0.038000
3091.842230 13.430000 0.033000
3096.707370 13.457000 0.037000
3109.688690 14.160000 0.030000
3121.652400 14.023000 0.031000
3133.620480 13.242000 0.027000
3156.547150 13.456000 0.027000
3159.567060 13.320000 0.039000
3162.585260 13.806000 0.032000
3167.605940 14.133000 0.033000
3190.505720 13.155000 0.033000
3385.842170 14.438000 0.046000
3388.853750 14.449000 0.051000
3417.776170 14.617000 0.032000
3419.833120 13.396000 0.056000
3433.853400 13.616000 0.062000
3438.740750 13.730000 0.036000
3442.744490 14.533000 0.046000
3446.765600 14.174000 0.042000
3456.723980 14.374000 0.059000
3458.720730 13.700000 0.057000
3463.667100 13.962000 0.053000
3465.712300 14.340000 0.050000
3470.689470 13.510000 0.070000
3472.697800 14.239000 0.060000
3477.626260 14.232000 0.051000
3489.633930 13.896000 0.046000
3497.673500 14.354000 0.065000
3506.559050 13.669000 0.047000
3511.572830 14.394000 0.059000
3517.577480 14.139000 0.055000
3522.667660 14.008000 0.056000
3525.542760 14.554000 0.055000
3529.562110 14.382000 0.061000
3561.508780 13.289000 0.059000
3570.525250 13.623000 0.046000
3593.467530 14.160000 0.042000
3735.863710 13.688000 0.040000
3739.851270 13.921000 0.041000
3743.855830 13.959000 0.041000
3751.836880 14.053000 0.063000
3758.824120 14.265000 0.053000
3761.863680 13.534000 0.047000
3767.838860 14.667000 0.047000
3776.802760 14.298000 0.047000
3793.812940 14.773000 0.039000
3796.747050 14.339000 0.046000
3798.812370 13.702000 0.070000
3802.719260 13.858000 0.049000
3816.744630 14.372000 0.060000
3818.812470 13.346000 0.054000
3821.689720 14.270000 0.049000
3823.724950 13.807000 0.058000
3827.820510 13.533000 0.066000
3832.689300 13.578000 0.069000
3850.667780 14.509000 0.057000
3852.675180 13.413000 0.035000
3854.689890 14.079000 0.067000
3856.728470 14.432000 0.049000
3861.614100 14.546000 0.041000
3868.629780 14.021000 0.052000
3894.589670 13.901000 0.036000
3906.526630 13.765000 0.040000
4105.846370 13.719000 0.041000
4125.815330 14.102000 0.041000
4134.814720 13.443000 0.047000
4139.853530 14.317000 0.042000
4142.805530 14.144000 0.052000
4145.795980 14.172000 0.041000
4151.833920 14.105000 0.050000
4157.768070 13.714000 0.051000
4161.791330 14.210000 0.049000
4175.716680 14.391000 0.057000
4177.865630 13.756000 0.045000
4182.823000 14.129000 0.065000
4197.703820 13.680000 0.061000
4200.683600 13.624000 0.040000
4205.691250 13.816000 0.039000
4227.613390 14.343000 0.035000
4229.623310 14.443000 0.053000
4233.630870 14.038000 0.044000
4235.628270 14.371000 0.063000
4255.630330 14.120000 0.048000
4257.625780 13.703000 0.045000
4276.510420 13.527000 0.045000
4282.571860 13.848000 0.063000
4291.489180 13.418000 0.043000
4293.501380 14.069000 0.049000
4295.501610 14.389000 0.040000
4304.496900 13.903000 0.042000
4308.482270 13.737000 0.051000
4467.851810 14.113000 0.036000
4479.836530 13.573000 0.059000
4485.860360 13.305000 0.069000
4488.849280 13.451000 0.056000
4499.794210 13.925000 0.070000
4505.806820 13.623000 0.062000
4508.806270 13.840000 0.043000
4521.807960 13.973000 0.043000
4524.756420 13.873000 0.049000
4526.794740 14.472000 0.068000
4529.749210 14.558000 0.039000
4535.739030 14.086000 0.058000
4537.764380 14.413000 0.051000
4540.719030 14.285000 0.043000
4542.736040 13.340000 0.045000
4554.678950 14.222000 0.058000
4561.658780 14.075000 0.038000
4563.689220 14.375000 0.060000
4565.745870 13.611000 0.066000
4570.637810 13.791000 0.037000
4576.658310 13.600000 0.067000
4580.645180 14.269000 0.068000
4583.707870 14.573000 0.052000
4586.700350 14.441000 0.035000
4588.750110 13.161000 0.048000
4595.621540 13.920000 0.041000
4607.581790 14.071000 0.054000
4611.633740 13.963000 0.055000
4616.621060 13.680000 0.043000
4622.621600 13.481000 0.050000
4633.573580 13.277000 0.046000
4639.606940 13.120000 0.040000
4644.536130 13.694000 0.037000
4653.567630 13.777000 0.040000
4659.524400 13.540000 0.033000
4662.536770 13.772000 0.045000
4670.483410 14.273000 0.039000
4830.851770 13.653000 0.049000
4834.847270 14.365000 0.046000
4838.842700 13.787000 0.035000
4860.870880 13.997000 0.060000
4863.852260 14.227000 0.042000
4869.839200 14.290000 0.069000
4872.806790 14.469000 0.054000
4876.834700 13.594000 0.046000
4879.790910 14.079000 0.040000
4891.756720 14.361000 0.049000
4908.791690 14.635000 0.054000
4917.688690 14.119000 0.041000
2720.799470 13.374000 0.051000
2728.711260 13.695000 0.048000
3392.832340 13.909000 0.054000
3402.874130 14.457000 0.078000
3424.798160 14.188000 0.080000
3444.752150 13.248000 0.078000
3448.765320 14.392000 0.063000
3450.736080 13.776000 0.091000
3468.680980 14.349000 0.079000
3500.681710 14.299000 0.089000
3502.711840 14.235000 0.080000
3520.662850 14.168000 0.090000
3585.483260 14.145000 0.081000
3773.829340 13.923000 0.073000
3788.808450 14.103000 0.097000
3791.769090 14.169000 0.086000
3806.804880 14.027000 0.090000
3814.707660 14.113000 0.094000
3866.601250 13.319000 0.092000
3872.626730 13.247000 0.096000
3876.600970 14.334000 0.073000
3879.642410 14.596000 0.067000
3881.666070 13.465000 0.076000
3886.552300 13.675000 0.054000
3897.568780 13.985000 0.052000
3901.640100 13.878000 0.071000
3904.505980 14.330000 0.077000
3908.531460 13.940000 0.098000
4149.796210 13.725000 0.064000
4154.767090 13.892000 0.046000
4166.805360 13.495000 0.069000
4185.689120 13.882000 0.049000
4194.707170 13.675000 0.068000
4216.677580 14.147000 0.050000
4231.632480 13.338000 0.062000
4502.815550 13.925000 0.075000
4511.796250 13.446000 0.078000
4531.830940 13.549000 0.066000
4551.820430 13.410000 0.060000
4593.650700 13.597000 0.094000
4609.629120 14.487000 0.074000
4850.827960 13.132000 0.075000
4895.820580 13.916000 0.074000
4903.829960 14.189000 0.074000
4914.825260 14.305000 0.073000
4931.688200 14.230000 0.081000
4933.735030 13.280000 0.049000
4936.627450 14.104000 0.054000
4938.706570 13.719000 0.084000
4940.764750 14.457000 0.084000
4948.597600 14.208000 0.062000
4959.711310 13.782000 0.051000
4962.621280 14.213000 0.072000
4973.607980 14.090000 0.058000
4994.619590 14.453000 0.077000
5013.484430 14.143000 0.078000
5015.555040 13.723000 0.074000
5019.522720 14.047000 0.066000
5021.548360 13.683000 0.061000
2454.539780 29.999000 0.040000
2490.470750 29.999000 0.054000
2625.858920 29.999000 0.037000
2650.833060 29.999000 0.025000
2674.816230 29.999000 0.030000
2678.800170 29.999000 0.036000
2684.777560 29.999000 0.027000
2686.773740 29.999000 0.031000
2691.818920 29.999000 0.033000
2693.863440 29.999000 0.034000
2695.786940 29.999000 0.030000
2698.755680 29.999000 0.026000
2704.770850 29.999000 0.032000
2710.732560 29.999000 0.029000
2712.725630 29.999000 0.040000
2722.711070 29.999000 0.039000
2724.719260 29.999000 0.034000
2730.700730 29.999000 0.030000
2736.673760 29.999000 0.039000
2738.673880 29.999000 0.035000
2742.622500 29.999000 0.031000
2747.648310 29.999000 0.033000
2752.643500 29.999000 0.029000
2762.623100 29.999000 0.043000
2764.616190 29.999000 0.032000
2775.673640 29.999000 0.053000
2784.617970 29.999000 0.030000
2786.603870 29.999000 0.028000
2790.516690 29.999000 0.038000
2792.541080 29.999000 0.039000
2795.524440 29.999000 0.039000
2804.558070 29.999000 0.036000
2809.553230 29.999000 0.040000
2811.551550 29.999000 0.029000
2829.491330 29.999000 0.033000
2835.528690 29.999000 0.031000
2838.520910 29.999000 0.036000
2841.534360 29.999000 0.033000
2843.519530 29.999000 0.053000
2859.482420 29.999000 0.032000
2862.468880 29.999000 0.033000
3005.859400 29.999000 0.033000
3009.845540 29.999000 0.035000
3013.853520 29.999000 0.030000
3020.857960 29.999000 0.038000
3033.849860 29.999000 0.037000
3036.836250 29.999000 0.051000
3041.817180 29.999000 0.039000
3053.831670 29.999000 0.056000
3056.789860 29.999000 0.049000
3061.813420 29.999000 0.035000
3067.848670 29.999000 0.030000
3074.780830 29.999000 0.036000
3076.824850 29.999000 0.029000
3078.875920 29.999000 0.033000
3081.710630 29.999000 0.038000
3087.749790 29.999000 0.047000
3089.808680 29.999000 0.032000
3101.702380 29.999000 0.031000
3103.698510 29.999000 0.035000
3111.766350 29.999000 0.031000
3115.764080 29.999000 0.041000
3129.625810 29.999000 0.031000
3131.618810 29.999000 0.033000
3144.632630 29.999000 0.033000
3146.693950 29.999000 0.027000
3164.604100 29.999000 0.033000
3171.527900 29.999000 0.029000
3175.527890 29.999000 0.031000
3177.542900 29.999000 0.029000
3184.501920 29.999000 0.038000
3186.589490 29.999000 0.035000
3392.853020 29.999000 0.044000
3396.824250 29.999000 0.039000
3408.816880 29.999000 0.051000
3411.809480 29.999000 0.081000
3414.798240 29.999000 0.044000
3431.816370 29.999000 0.047000
3450.800560 29.999000 0.045000
3542.555310 29.999000 0.044000
3552.571130 29.999000 0.056000
3574.524700 29.999000 0.037000
3578.509290 29.999000 0.053000
3747.849850 29.999000 0.045000
3764.838680 29.999000 0.041000
3770.825550 29.999000 0.043000
3804.768480 29.999000 0.072000
3811.828680 29.999000 0.052000
3825.752920 29.999000 0.043000
3830.666830 29.999000 0.043000
3848.648420 29.999000 0.052000
3859.617720 29.999000 0.060000
3870.627510 29.999000 0.045000
3888.561340 29.999000 0.074000
4188.823300 29.999000 0.033000
4253.577200 29.999000 0.044000
4515.798150 29.999000 0.071000
4567.784140 29.999000 0.063000
4572.653400 29.999000 0.037000
4591.576750 29.999000 0.038000
4597.607970 29.999000 0.036000
4631.505910 29.999000 0.058000
4642.526580 29.999000 0.036000
4646.536390 29.999000 0.044000
4649.515650 29.999000 0.043000
4651.577380 29.999000 0.046000
4666.478020 29.999000 0.046000
4677.504400 29.999000 0.052000
4685.473280 29.999000 0.059000
4842.844010 29.999000 0.043000
4866.844150 29.999000 0.044000
4906.718020 29.999000 0.046000
4919.738430 29.999000 0.061000
4926.715490 29.999000 0.044000
4945.722470 29.999000 0.074000
4953.636610 29.999000 0.047000
4975.659340 29.999000 0.051000
4988.585940 29.999000 0.057000
5023.551340 29.999000 0.054000
5040.474940 29.999000 0.055000
5049.475440 29.999000 0.050000
