1918.852330 14.121000 0.057000
1926.877420 13.081000 0.051000
1930.843240 13.593000 0.042000
1932.842390 13.607000 0.044000
1935.804930 13.743000 0.041000
1938.817670 14.101000 0.048000
1946.808020 13.196000 0.061000
1948.846100 13.457000 0.054000
1961.835170 14.197000 0.052000
1964.855660 13.076000 0.043000
1966.782370 12.986000 0.049000
1984.808540 13.003000 0.057000
2025.684060 13.197000 0.050000
2026.702040 13.136000 0.052000
2027.698600 13.377000 0.047000
2030.688520 13.492000 0.054000
2031.703210 13.765000 0.069000
2032.690280 13.679000 0.063000
2033.675510 13.846000 0.042000
2069.618920 13.438000 0.066000
2082.608450 14.059000 0.065000
2085.572740 13.335000 0.049000
2088.569440 13.442000 0.066000
2102.534270 14.179000 0.055000
2104.553800 13.604000 0.052000
2105.546250 13.142000 0.062000
2106.552600 13.175000 0.057000
2115.505780 13.941000 0.053000
2116.518240 14.062000 0.053000
2117.521600 14.073000 0.052000
2124.493110 14.194000 0.068000
2128.489840 13.341000 0.050000
2130.516290 13.803000 0.061000
2132.512350 13.924000 0.056000
2136.502680 14.085000 0.054000
2143.499650 14.082000 0.055000
2145.491000 12.894000 0.061000
2440.598500 13.277000 0.044000
2441.599510 13.536000 0.041000
2463.556930 13.953000 0.046000
2464.551270 14.207000 0.045000
2467.551590 13.914000 0.045000
2493.492530 13.852000 0.054000
2497.505670 13.153000 0.049000
2520.604230 13.864000 0.044000
2521.613860 13.923000 0.043000
2545.510510 13.965000 0.043000
2547.513650 14.075000 0.055000
2549.511520 14.174000 0.047000
2552.507630 13.962000 0.059000
2568.495510 13.872000 0.041000
2651.848030 13.323000 0.039000
2655.858390 13.504000 0.041000
2671.836030 13.019000 0.040000
2689.840700 12.958000 0.038000
2697.858890 14.258000 0.044000
2709.800760 13.088000 0.041000
2711.805870 13.340000 0.044000
2719.774820 13.553000 0.038000
2734.726810 13.794000 0.041000
2736.740840 13.830000 0.038000
2752.730430 13.320000 0.039000
2755.713120 13.561000 0.037000
2757.687150 13.792000 0.043000
2759.752520 13.863000 0.035000
2761.692180 14.003000 0.045000
2763.681690 14.174000 0.042000
2766.744120 13.918000 0.043000
2783.635070 14.197000 0.045000
2809.642560 13.080000 0.046000
2810.783160 13.954000 0.044000
2812.601630 13.266000 0.046000
2819.694350 14.040000 0.034000
2831.713190 13.627000 0.036000
2832.753400 13.745000 0.037000
2834.610220 13.786000 0.036000
2840.756780 13.600000 0.036000
2853.562020 13.638000 0.032000
2854.713030 14.058000 0.032000
2858.607770 13.976000 0.033000
2876.572140 13.852000 0.048000
2878.568740 14.291000 0.036000
2883.534520 13.895000 0.042000
2888.559270 13.379000 0.040000
2905.550060 13.071000 0.038000
2908.566470 13.613000 0.044000
2912.549450 13.989000 0.039000
2928.510400 13.641000 0.041000
2931.500740 13.812000 0.038000
3012.864890 13.471000 0.048000
3031.858800 13.840000 0.040000
3035.852560 14.257000 0.040000
3041.884420 13.006000 0.039000
3052.825320 13.858000 0.038000
3055.847950 14.066000 0.036000
3059.811130 14.036000 0.038000
3066.868140 13.851000 0.041000
3069.843340 13.904000 0.040000
3075.859640 14.079000 0.036000
3081.803820 13.021000 0.038000
3086.833880 13.677000 0.039000
3097.739460 13.857000 0.038000
3099.807770 13.178000 0.039000
3101.842400 13.455000 0.042000
3104.743310 13.605000 0.040000
3113.792530 13.993000 0.038000
3121.776610 13.463000 0.036000
3124.704420 13.302000 0.035000
3126.731970 13.666000 0.042000
3146.605460 13.193000 0.036000
3158.799650 13.284000 0.042000
3162.610630 13.578000 0.038000
3164.651870 13.385000 0.038000
3166.767790 14.086000 0.048000
3169.575510 13.633000 0.038000
3175.774290 13.043000 0.038000
3178.579550 14.006000 0.036000
3180.683890 13.367000 0.039000
3395.871130 12.994000 0.050000
3399.836290 13.336000 0.057000
3403.845740 14.417000 0.046000
3409.876750 14.240000 0.056000
3416.886630 13.585000 0.067000
3426.818660 14.048000 0.055000
3432.837720 13.771000 0.054000
3443.839200 14.041000 0.044000
3446.822690 14.029000 0.040000
3452.826340 12.910000 0.042000
3454.840940 13.405000 0.063000
3456.827670 13.653000 0.052000
3458.841820 13.934000 0.049000
3464.762740 14.079000 0.052000
3466.839130 14.109000 0.046000
3474.819200 13.579000 0.059000
3477.737280 13.524000 0.045000
3479.789420 13.842000 0.052000
3481.770370 13.967000 0.046000
3492.760740 13.020000 0.054000
3496.755410 13.778000 0.054000
3504.674250 14.109000 0.055000
3515.752290 13.926000 0.044000
3517.746190 13.545000 0.046000
3523.697150 13.887000 0.052000
3525.725900 14.209000 0.039000
3538.723710 13.894000 0.038000
3540.699470 13.915000 0.044000
3552.704470 13.403000 0.048000
3555.700840 13.756000 0.038000
3558.708970 13.978000 0.067000
3560.714850 14.218000 0.052000
3570.659540 12.968000 0.039000
3573.705660 13.623000 0.039000
3578.563690 13.698000 0.040000
3584.617010 13.876000 0.043000
3586.636390 14.308000 0.061000
3590.707120 13.627000 0.039000
3597.600790 13.728000 0.053000
3609.509010 13.884000 0.061000
3618.529030 13.753000 0.038000
3626.607110 13.935000 0.039000
3630.565700 13.108000 0.038000
3632.572930 13.354000 0.043000
3639.557240 14.176000 0.045000
3642.557160 14.060000 0.042000
3646.550520 14.324000 0.038000
3649.517260 13.705000 0.042000
3651.525860 13.102000 0.042000
3658.514260 14.055000 0.042000
3664.501350 13.930000 0.043000
3742.859030 13.874000 0.043000
3751.866080 13.362000 0.059000
3755.858240 13.670000 0.048000
3758.866620 14.531000 0.057000
3766.877930 13.181000 0.048000
3783.856870 14.181000 0.058000
3789.818210 13.376000 0.058000
3792.847860 14.010000 0.060000
3795.866340 14.078000 0.049000
3798.858580 14.206000 0.069000
3805.832750 13.160000 0.054000
3808.830820 13.326000 0.050000
3811.848540 13.922000 0.054000
3814.826120 14.121000 0.059000
3817.800500 14.494000 0.049000
3828.780120 13.432000 0.057000
3831.760080 13.820000 0.046000
3833.820370 13.902000 0.054000
3850.833670 13.792000 0.044000
3853.696000 13.762000 0.047000
3862.692840 14.083000 0.052000
3864.690730 14.102000 0.061000
3866.678490 13.612000 0.051000
3868.722320 13.363000 0.048000
3870.734470 13.688000 0.044000
3872.733380 14.240000 0.049000
3875.814170 14.249000 0.044000
3879.649740 14.051000 0.057000
3881.689420 14.048000 0.047000
3887.679290 13.206000 0.044000
3889.684860 13.509000 0.044000
3891.662750 13.554000 0.045000
3893.643420 13.942000 0.046000
3902.747220 13.152000 0.044000
3904.773220 13.568000 0.062000
3906.781850 13.716000 0.067000
3909.694050 13.796000 0.040000
3913.696140 14.230000 0.049000
3981.589720 13.639000 0.053000
4126.854920 14.030000 0.050000
4137.846170 14.154000 0.050000
4140.878360 13.230000 0.065000
4143.856270 13.629000 0.045000
4156.820450 14.353000 0.056000
4159.850640 13.116000 0.056000
4162.858380 13.403000 0.042000
4174.776800 14.090000 0.037000
4177.811880 13.898000 0.048000
4180.807480 13.184000 0.049000
4189.788990 14.094000 0.036000
4199.762710 13.106000 0.050000
4202.828580 13.658000 0.061000
4204.833980 13.874000 0.048000
4207.878670 13.853000 0.063000
4215.729790 14.147000 0.043000
4227.762820 14.102000 0.034000
4229.764610 13.866000 0.039000
4233.767410 13.835000 0.035000
4235.794100 13.047000 0.037000
4246.845170 14.064000 0.040000
4253.768600 13.474000 0.042000
4256.612100 14.035000 0.036000
4258.648810 13.444000 0.040000
4268.583030 13.900000 0.043000
4276.574170 14.041000 0.043000
4278.614680 13.434000 0.036000
4282.632090 13.627000 0.049000
4284.638870 13.669000 0.039000
4292.593320 14.095000 0.035000
4298.604280 13.081000 0.038000
4300.553610 13.068000 0.040000
4302.607480 13.526000 0.040000
4304.549340 13.482000 0.038000
4306.566300 14.061000 0.035000
4315.674740 13.167000 0.035000
4319.565470 13.089000 0.037000
4330.610760 14.227000 0.042000
4334.599080 13.644000 0.040000
4338.621060 13.553000 0.040000
4341.537310 13.670000 0.057000
4343.547310 13.863000 0.067000
4345.566660 13.847000 0.053000
4347.568770 13.685000 0.055000
4354.551870 14.376000 0.052000
4356.577680 13.224000 0.041000
4358.556580 13.317000 0.039000
4363.527280 13.769000 0.036000
4373.563830 13.581000 0.045000
4377.498880 13.039000 0.042000
4379.536120 13.732000 0.048000
4382.508230 13.782000 0.034000
4385.507540 14.044000 0.033000
4387.513400 14.118000 0.035000
4494.866490 13.283000 0.040000
4499.849260 13.759000 0.044000
4506.853160 14.005000 0.039000
4525.847000 14.360000 0.035000
4528.869870 14.309000 0.044000
4531.832300 12.991000 0.043000
4541.817030 14.241000 0.044000
4552.784140 13.101000 0.040000
4557.764730 13.592000 0.041000
4559.871660 13.997000 0.036000
4562.754230 14.383000 0.050000
4567.746840 14.021000 0.041000
4570.737040 14.118000 0.037000
4572.756660 13.213000 0.036000
4574.749140 13.797000 0.040000
4576.757920 13.908000 0.039000
4583.717310 14.017000 0.037000
4588.798560 13.031000 0.040000
4590.833590 13.632000 0.040000
4593.683890 13.092000 0.039000
4595.728250 13.464000 0.035000
4597.715150 13.836000 0.038000
4601.744750 14.186000 0.038000
4607.749260 13.874000 0.067000
4612.681400 13.181000 0.045000
4617.656580 13.622000 0.048000
4626.814000 13.574000 0.048000
4630.691880 13.148000 0.036000
4641.748380 13.920000 0.051000
4652.590290 13.052000 0.045000
4654.576590 13.245000 0.044000
4656.567500 13.775000 0.064000
4667.707190 13.272000 0.044000
4671.605780 13.336000 0.059000
4677.618400 14.179000 0.051000
4679.633270 13.993000 0.037000
4684.582060 14.136000 0.057000
4686.557250 14.174000 0.058000
4690.581300 13.165000 0.046000
4701.637130 14.133000 0.047000
4721.575510 13.697000 0.044000
4728.509390 13.751000 0.038000
4730.554450 13.049000 0.065000
4733.563120 13.902000 0.067000
4737.565690 13.773000 0.043000
4745.545930 13.993000 0.058000
4754.512190 13.658000 0.060000
4838.864320 14.120000 0.053000
4846.867320 13.222000 0.049000
4850.855930 13.838000 0.041000
4867.830510 13.206000 0.050000
4870.859670 13.656000 0.042000
4875.875210 13.752000 0.044000
4879.823370 14.221000 0.047000
4883.817650 14.289000 0.041000
4894.900640 14.186000 0.048000
4921.790840 14.069000 0.048000
4927.860060 13.962000 0.058000
4946.706650 13.111000 0.048000
4948.786690 13.933000 0.047000
4985.659580 13.368000 0.046000
5013.562460 13.833000 0.047000
5037.670960 13.999000 0.050000
5039.621580 13.906000 0.044000
5041.609320 13.237000 0.042000
2519.601530 13.035000 0.052000
1928.841800 13.175000 0.073000
2037.665090 14.352000 0.080000
2052.613980 13.946000 0.078000
2053.658250 13.927000 0.076000
2055.636460 13.985000 0.080000
2056.640250 14.063000 0.076000
2057.634570 14.085000 0.081000
2058.635150 14.087000 0.078000
2067.610790 13.283000 0.078000
2068.614070 13.608000 0.082000
2070.604850 13.645000 0.082000
2079.574170 14.158000 0.080000
2081.579270 14.060000 0.073000
2087.578430 13.279000 0.071000
2093.523110 13.552000 0.077000
2094.560710 13.889000 0.072000
2910.559280 13.797000 0.056000
3406.858180 14.157000 0.079000
3562.732390 13.913000 0.075000
3825.851170 13.310000 0.053000
4645.772760 13.131000 0.071000
4647.793280 13.621000 0.076000
4682.616120 14.193000 0.072000
4709.540930 12.981000 0.081000
4886.887550 13.555000 0.051000
4902.858180 12.999000 0.047000
4937.805260 13.914000 0.050000
4987.674460 13.445000 0.049000
5021.792030 13.725000 0.054000
5069.545820 13.837000 0.059000
5124.504910 13.728000 0.054000
1953.797880 29.999000 0.048000
1958.877020 29.999000 0.050000
1963.801440 29.999000 0.044000
1967.910550 29.999000 0.053000
1971.895600 29.999000 0.054000
1976.868230 29.999000 0.051000
1981.784430 29.999000 0.051000
1982.758750 29.999000 0.050000
1994.675020 29.999000 0.052000
2000.764280 29.999000 0.061000
2008.684180 29.999000 0.061000
2083.588270 29.999000 0.061000
2134.506330 29.999000 0.047000
2141.505530 29.999000 0.061000
2189.503670 29.999000 0.063000
2452.558400 29.999000 0.061000
2465.550470 29.999000 0.049000
2469.540460 29.999000 0.054000
2501.488170 29.999000 0.061000
2502.536250 29.999000 0.046000
2503.545370 29.999000 0.059000
2512.514510 29.999000 0.034000
2524.587650 29.999000 0.048000
2558.496480 29.999000 0.055000
2662.851960 29.999000 0.041000
2677.818360 29.999000 0.041000
2679.869370 29.999000 0.039000
2685.809310 29.999000 0.038000
2713.790900 29.999000 0.044000
2715.797880 29.999000 0.039000
2721.768830 29.999000 0.043000
2727.781150 29.999000 0.044000
2742.708070 29.999000 0.045000
2775.794300 29.999000 0.042000
2859.673120 29.999000 0.036000
2874.574160 29.999000 0.050000
2885.532010 29.999000 0.042000
2915.556930 29.999000 0.037000
2922.519840 29.999000 0.039000
2926.500410 29.999000 0.046000
3072.834020 29.999000 0.039000
3078.814180 29.999000 0.042000
3092.765240 29.999000 0.035000
3106.803480 29.999000 0.041000
3108.841410 29.999000 0.036000
3187.672860 29.999000 0.037000
3190.683360 29.999000 0.069000
3423.855250 29.999000 0.046000
3436.858650 29.999000 0.051000
3449.792940 29.999000 0.087000
3472.737880 29.999000 0.047000
3509.650270 29.999000 0.049000
3511.703900 29.999000 0.039000
3747.867360 29.999000 0.058000
3762.864220 29.999000 0.053000
3774.835820 29.999000 0.046000
3820.787940 29.999000 0.051000
3823.780360 29.999000 0.049000
3896.687850 29.999000 0.058000
3898.718370 29.999000 0.042000
3900.745640 29.999000 0.047000
4133.878220 29.999000 0.066000
4186.852810 29.999000 0.036000
4191.807760 29.999000 0.040000
4193.800090 29.999000 0.041000
4196.831320 29.999000 0.045000
4231.768680 29.999000 0.050000
4238.652350 29.999000 0.044000
4250.629460 29.999000 0.034000
4273.651150 29.999000 0.035000
4290.633030 29.999000 0.037000
4296.598860 29.999000 0.039000
4308.607950 29.999000 0.046000
4538.835590 29.999000 0.040000
4554.846560 29.999000 0.040000
4564.843690 29.999000 0.036000
4579.844150 29.999000 0.039000
4586.749760 29.999000 0.039000
4603.743960 29.999000 0.038000
4610.643610 29.999000 0.039000
4620.670650 29.999000 0.047000
4622.836380 29.999000 0.047000
4639.745770 29.999000 0.039000
4643.743910 29.999000 0.046000
4658.646120 29.999000 0.046000
4663.632750 29.999000 0.049000
4665.689050 29.999000 0.058000
4697.645890 29.999000 0.036000
4703.640630 29.999000 0.048000
4706.589790 29.999000 0.046000
4716.629440 29.999000 0.046000
4725.545130 29.999000 0.068000
4740.554550 29.999000 0.038000
4758.500420 29.999000 0.075000
4762.497790 29.999000 0.063000
1914.861900 29.999000 0.054000
1920.862300 29.999000 0.058000
1922.853140 29.999000 0.053000
1924.847170 29.999000 0.049000
1955.827480 29.999000 0.049000
1978.778400 29.999000 0.058000
1979.781180 29.999000 0.058000
1983.898790 29.999000 0.052000
1985.805360 29.999000 0.054000
1996.782600 29.999000 0.058000
1998.775000 29.999000 0.063000
2016.728960 29.999000 0.065000
2054.656860 29.999000 0.083000
2103.549480 29.999000 0.065000
2169.505600 29.999000 0.078000
2172.545050 29.999000 0.062000
2178.501490 29.999000 0.072000
2185.497490 29.999000 0.071000
2446.601370 29.999000 0.045000
2454.570770 29.999000 0.046000
2456.559560 29.999000 0.043000
2466.546720 29.999000 0.049000
2468.546120 29.999000 0.044000
2470.562900 29.999000 0.057000
2473.532680 29.999000 0.060000
2481.502290 29.999000 0.059000
2490.489730 29.999000 0.049000
2495.498100 29.999000 0.066000
2510.631840 29.999000 0.047000
2540.508610 29.999000 0.073000
2543.537590 29.999000 0.049000
2559.517900 29.999000 0.065000
2560.524650 29.999000 0.042000
2565.494370 29.999000 0.047000
2643.858340 29.999000 0.038000
2659.833070 29.999000 0.044000
2664.853790 29.999000 0.042000
2667.855020 29.999000 0.049000
2700.832690 29.999000 0.042000
2703.779770 29.999000 0.040000
2707.814090 29.999000 0.049000
2738.754790 29.999000 0.042000
2740.764430 29.999000 0.043000
2750.826060 29.999000 0.041000
2784.883590 29.999000 0.042000
2786.618490 29.999000 0.041000
2813.767640 29.999000 0.047000
2835.728640 29.999000 0.035000
2838.719280 29.999000 0.034000
2861.631920 29.999000 0.035000
2867.505850 29.999000 0.049000
2893.569540 29.999000 0.045000
2895.575870 29.999000 0.046000
2933.508370 29.999000 0.038000
3019.858690 29.999000 0.044000
3089.791200 29.999000 0.038000
3111.737130 29.999000 0.037000
3115.849750 29.999000 0.040000
3128.716630 29.999000 0.043000
3130.745260 29.999000 0.040000
3132.784290 29.999000 0.040000
3134.779920 29.999000 0.039000
3156.744080 29.999000 0.037000
3413.832190 29.999000 0.055000
3469.793730 29.999000 0.060000
3483.760500 29.999000 0.062000
3490.761050 29.999000 0.064000
3544.788780 29.999000 0.058000
3550.659050 29.999000 0.051000
3564.706940 29.999000 0.036000
3575.718690 29.999000 0.047000
3602.628890 29.999000 0.041000
3620.555430 29.999000 0.051000
3622.585270 29.999000 0.045000
3635.555000 29.999000 0.052000
3655.521520 29.999000 0.042000
3661.507830 29.999000 0.043000
3802.819710 29.999000 0.057000
3835.842150 29.999000 0.045000
3837.848030 29.999000 0.045000
4152.855830 29.999000 0.039000
4165.839940 29.999000 0.061000
4168.847880 29.999000 0.050000
4183.804600 29.999000 0.049000
4310.674820 29.999000 0.037000
4312.677370 29.999000 0.043000
4332.607960 29.999000 0.061000
4349.560110 29.999000 0.061000
4351.566120 29.999000 0.049000
4360.559620 29.999000 0.058000
4365.559650 29.999000 0.043000
4369.534510 29.999000 0.038000
4389.512650 29.999000 0.042000
4487.844060 29.999000 0.065000
4491.853850 29.999000 0.043000
4503.840000 29.999000 0.042000
4510.839050 29.999000 0.045000
4519.845270 29.999000 0.042000
4522.851470 29.999000 0.035000
4535.850550 29.999000 0.041000
4546.830570 29.999000 0.061000
4661.555190 29.999000 0.042000
4842.865950 29.999000 0.051000
4890.816400 29.999000 0.051000
4905.815150 29.999000 0.049000
4916.750680 29.999000 0.051000
4918.854360 29.999000 0.061000
4940.731700 29.999000 0.057000
4951.723230 29.999000 0.057000
4961.630080 29.999000 0.050000
4968.730170 29.999000 0.077000
4989.707680 29.999000 0.051000
4991.731970 29.999000 0.049000
4994.756580 29.999000 0.047000
5015.587900 29.999000 0.046000
5024.507950 29.999000 0.053000
5048.638270 29.999000 0.046000
5071.578500 29.999000 0.074000
5075.601100 29.999000 0.050000
5087.515200 29.999000 0.061000
5089.570130 29.999000 0.053000
5092.542280 29.999000 0.055000
5099.516640 29.999000 0.059000
5105.511460 29.999000 0.053000
5111.503670 29.999000 0.052000
1954.817430 13.984000 0.045000
3391.854480 14.160000 0.066000
2185.516060 13.793000 0.076000
2169.516780 29.999000 0.056000
2172.542480 29.999000 0.062000
2175.487530 29.999000 0.067000
2178.505570 29.999000 0.071000
3387.854120 29.999000 0.055000
3399.864860 29.999000 0.066000
1932.800970 14.164000 0.046000
1965.810800 13.226000 0.050000
2033.628350 13.880000 0.046000
2053.535280 13.498000 0.062000
2054.607220 14.039000 0.069000
2142.528520 13.715000 0.057000
2440.561970 13.238000 0.049000
2512.589600 13.422000 0.047000
2650.826980 13.938000 0.036000
2660.802410 13.990000 0.042000
2722.736860 14.132000 0.038000
2730.760990 13.110000 0.043000
2733.754880 13.426000 0.045000
2770.664090 13.117000 0.040000
2809.639860 13.118000 0.044000
2812.589810 13.529000 0.043000
2813.758170 14.035000 0.043000
2878.565800 14.274000 0.035000
2885.574250 13.142000 0.035000
2896.531040 14.080000 0.039000
2904.511740 14.510000 0.049000
3051.838220 14.268000 0.034000
3087.816500 13.763000 0.036000
3111.677910 14.211000 0.034000
3142.743840 13.540000 0.035000
3183.640370 13.552000 0.035000
3402.853430 14.014000 0.036000
3417.849990 13.434000 0.053000
3454.795570 13.057000 0.039000
3456.792760 13.690000 0.048000
3466.713480 13.879000 0.045000
3474.678840 13.969000 0.049000
3478.728940 13.452000 0.041000
3482.727640 14.030000 0.052000
3490.813050 12.985000 0.049000
3538.694750 13.766000 0.042000
3570.655610 13.249000 0.039000
3576.613510 13.534000 0.037000
3584.613840 14.135000 0.067000
3586.633180 13.818000 0.064000
3650.486970 13.473000 0.041000
3788.885940 13.583000 0.047000
3797.800590 14.318000 0.047000
3830.706500 13.276000 0.049000
3859.721390 14.098000 0.039000
3882.680050 14.000000 0.044000
3889.622100 13.185000 0.043000
3904.752780 13.520000 0.045000
4208.842550 14.027000 0.038000
4235.784480 13.392000 0.040000
4255.789670 12.797000 0.043000
4278.608500 13.322000 0.034000
4319.562290 13.219000 0.037000
4345.580570 13.662000 0.038000
4359.530390 13.457000 0.040000
4376.490140 13.228000 0.036000
4630.664580 13.062000 0.033000
1914.808340 13.681000 0.059000
1925.867870 13.564000 0.046000
1926.864300 13.092000 0.044000
1929.805440 13.228000 0.048000
1939.828810 14.031000 0.045000
1948.792880 13.015000 0.053000
1950.761380 13.559000 0.043000
2025.693310 13.156000 0.046000
2026.668490 13.006000 0.069000
2027.660470 13.115000 0.047000
2030.642470 13.540000 0.044000
2031.664010 13.629000 0.041000
2032.642760 13.612000 0.042000
2068.575530 13.198000 0.068000
2070.570860 13.509000 0.068000
2081.542130 14.191000 0.057000
2085.540910 14.004000 0.051000
2086.542850 13.386000 0.065000
2088.537570 13.208000 0.061000
2093.509140 13.874000 0.058000
2106.494450 14.000000 0.056000
2115.471410 13.803000 0.056000
2124.555970 12.914000 0.066000
2128.511900 13.386000 0.053000
2130.542640 13.796000 0.057000
2132.536530 13.912000 0.055000
2144.511060 13.151000 0.057000
2158.477410 13.834000 0.063000
2441.565360 13.242000 0.046000
2443.557000 13.447000 0.049000
2497.527850 13.000000 0.041000
2499.493740 13.228000 0.043000
2521.530930 13.795000 0.052000
2545.507730 14.051000 0.037000
2548.485050 13.670000 0.042000
2553.487040 13.579000 0.049000
2635.845780 13.469000 0.041000
2699.749190 13.868000 0.038000
2720.682750 13.945000 0.036000
2726.766910 14.009000 0.041000
2737.701530 13.663000 0.040000
2739.739790 14.120000 0.039000
2750.868710 13.631000 0.043000
2755.651850 13.488000 0.036000
2757.639390 13.935000 0.044000
2766.772240 13.008000 0.039000
2786.853540 13.523000 0.043000
2791.724470 13.756000 0.040000
2810.780460 13.889000 0.038000
2855.552710 13.898000 0.036000
2898.524760 14.122000 0.045000
2906.507550 13.262000 0.034000
2909.511110 13.436000 0.037000
2912.506130 13.760000 0.037000
3017.822620 13.792000 0.038000
3064.808440 13.751000 0.039000
3070.855580 14.037000 0.037000
3085.815110 13.639000 0.039000
3096.792430 13.916000 0.037000
3100.770210 13.541000 0.037000
3102.773520 13.295000 0.036000
3115.732900 13.985000 0.036000
3122.681620 13.706000 0.033000
3124.720280 13.462000 0.035000
3126.672760 13.545000 0.039000
3146.557780 13.192000 0.041000
3154.567060 14.227000 0.032000
3158.762560 13.094000 0.038000
3169.514650 13.432000 0.035000
3175.767930 13.337000 0.036000
3180.667710 13.147000 0.036000
3185.633940 13.595000 0.040000
3434.784010 13.906000 0.056000
3438.796810 13.769000 0.051000
3458.812160 13.676000 0.038000
3476.753760 13.386000 0.037000
3487.880640 13.250000 0.047000
3496.798930 13.874000 0.039000
3517.743460 13.817000 0.040000
3550.692330 13.051000 0.041000
3559.536650 13.280000 0.054000
3561.564310 13.689000 0.046000
3574.585090 13.121000 0.034000
3578.617880 13.765000 0.048000
3593.546670 13.124000 0.046000
3606.586310 14.036000 0.041000
3618.525870 13.899000 0.056000
3629.529220 13.832000 0.042000
3632.497300 13.268000 0.050000
3641.503530 14.189000 0.041000
3794.831060 13.724000 0.048000
3822.801220 13.979000 0.047000
3850.765850 13.707000 0.044000
3867.699470 13.329000 0.046000
3869.723390 13.496000 0.038000
3871.713870 13.652000 0.045000
3887.619620 13.482000 0.043000
3891.599740 13.469000 0.043000
3893.602780 13.635000 0.042000
3902.725220 13.345000 0.038000
3906.749510 13.575000 0.041000
3909.690110 13.853000 0.035000
3913.692190 14.331000 0.047000
4293.717020 13.496000 0.037000
4339.502100 13.104000 0.036000
4357.539120 13.312000 0.036000
4380.486260 13.376000 0.042000
4632.670300 13.279000 0.035000
2094.526410 13.659000 0.077000
5088.525950 13.256000 0.052000
2051.649450 13.679000 0.074000
2055.591140 14.012000 0.076000
2056.604060 14.043000 0.078000
2067.585450 13.084000 0.073000
2069.580400 13.389000 0.070000
2096.517310 13.952000 0.076000
1903.842280 29.999000 0.067000
1946.754080 29.999000 0.056000
1958.820350 29.999000 0.059000
1963.741560 29.999000 0.051000
1964.810520 29.999000 0.051000
1968.733620 29.999000 0.053000
1976.832780 29.999000 0.059000
1980.726810 29.999000 0.066000
1981.747600 29.999000 0.061000
1982.745740 29.999000 0.056000
1984.751730 29.999000 0.064000
1985.879480 29.999000 0.067000
1996.722620 29.999000 0.065000
2117.491640 29.999000 0.053000
2452.521860 29.999000 0.058000
2459.518540 29.999000 0.049000
2466.498400 29.999000 0.052000
2490.502660 29.999000 0.046000
2493.512210 29.999000 0.050000
2508.519810 29.999000 0.040000
2529.519340 29.999000 0.076000
2679.837300 29.999000 0.051000
2743.680450 29.999000 0.042000
2819.688870 29.999000 0.038000
2821.673440 29.999000 0.042000
2833.657460 29.999000 0.048000
2860.588330 29.999000 0.033000
2882.538160 29.999000 0.042000
2884.543560 29.999000 0.038000
2894.497430 29.999000 0.041000
2900.519750 29.999000 0.041000
3041.833290 29.999000 0.036000
3075.870890 29.999000 0.037000
3104.826480 29.999000 0.037000
3130.709410 29.999000 0.038000
3178.556230 29.999000 0.036000
3187.656900 29.999000 0.039000
3392.852550 29.999000 0.048000
3461.714580 29.999000 0.047000
3471.773570 29.999000 0.032000
3511.669250 29.999000 0.042000
3603.584760 29.999000 0.037000
3629.479100 29.999000 0.044000
3629.481700 29.999000 0.056000
3629.484960 29.999000 0.050000
3629.487510 29.999000 0.061000
3629.489990 29.999000 0.042000
3629.492510 29.999000 0.044000
3629.494940 29.999000 0.041000
3629.497370 29.999000 0.043000
3629.499880 29.999000 0.043000
3629.502380 29.999000 0.041000
3629.504910 29.999000 0.039000
3629.507440 29.999000 0.039000
3629.509970 29.999000 0.043000
3629.512470 29.999000 0.039000
3629.518050 29.999000 0.039000
3629.523900 29.999000 0.040000
3629.534240 29.999000 0.044000
3629.549330 29.999000 0.046000
3832.751490 29.999000 0.053000
3834.743190 29.999000 0.048000
3836.752060 29.999000 0.049000
3848.753630 29.999000 0.046000
3852.808510 29.999000 0.039000
3896.663270 29.999000 0.052000
3898.699330 29.999000 0.039000
3900.710470 29.999000 0.044000
5024.691480 29.999000 0.058000
1905.855490 29.999000 0.057000
1935.757080 29.999000 0.042000
1937.826020 29.999000 0.045000
1953.782530 29.999000 0.051000
1955.812100 29.999000 0.048000
1961.803890 29.999000 0.054000
1966.848180 29.999000 0.053000
1985.749520 29.999000 0.060000
1993.786990 29.999000 0.066000
1995.675310 29.999000 0.066000
1997.727490 29.999000 0.063000
1998.720580 29.999000 0.068000
2000.716630 29.999000 0.069000
2040.635880 29.999000 0.073000
2079.535560 29.999000 0.073000
2083.535760 29.999000 0.052000
2134.537640 29.999000 0.062000
2136.529060 29.999000 0.055000
2173.494940 29.999000 0.070000
2442.559530 29.999000 0.050000
2456.518470 29.999000 0.052000
2464.506790 29.999000 0.055000
2473.488290 29.999000 0.062000
2476.486070 29.999000 0.065000
2481.467910 29.999000 0.065000
2495.531430 29.999000 0.058000
2501.496580 29.999000 0.064000
2502.544660 29.999000 0.056000
2503.553800 29.999000 0.060000
2511.553490 29.999000 0.055000
2524.526870 29.999000 0.049000
2540.505780 29.999000 0.076000
2630.848300 29.999000 0.036000
2696.801710 29.999000 0.042000
2735.753630 29.999000 0.040000
2741.700370 29.999000 0.040000
2759.698020 29.999000 0.041000
2761.632830 29.999000 0.048000
2764.695790 29.999000 0.041000
2783.618880 29.999000 0.050000
2785.625980 29.999000 0.047000
2830.577500 29.999000 0.047000
2840.591170 29.999000 0.035000
2845.577980 29.999000 0.035000
2862.565350 29.999000 0.034000
2867.500480 29.999000 0.043000
2995.851340 29.999000 0.037000
3003.857940 29.999000 0.036000
3054.846150 29.999000 0.034000
3061.795420 29.999000 0.034000
3068.745370 29.999000 0.036000
3078.766290 29.999000 0.037000
3092.796230 29.999000 0.043000
3098.772660 29.999000 0.037000
3106.822320 29.999000 0.035000
3108.854740 29.999000 0.034000
3113.725120 29.999000 0.036000
3128.669540 29.999000 0.048000
3132.730800 29.999000 0.037000
3165.810010 29.999000 0.046000
3190.675000 29.999000 0.064000
3431.859070 29.999000 0.053000
3442.791370 29.999000 0.045000
3444.816500 29.999000 0.046000
3463.796520 29.999000 0.034000
3484.761490 29.999000 0.059000
3509.605590 29.999000 0.035000
3515.749600 29.999000 0.041000
3525.671980 29.999000 0.078000
3540.690990 29.999000 0.051000
3543.667810 29.999000 0.047000
3563.569770 29.999000 0.040000
3591.544020 29.999000 0.055000
3597.597540 29.999000 0.076000
3601.578860 29.999000 0.040000
3620.548970 29.999000 0.050000
3629.532050 29.999000 0.040000
3635.489070 29.999000 0.050000
3644.498510 29.999000 0.050000
3874.803250 29.999000 0.039000
3880.634170 29.999000 0.046000
4229.762070 29.999000 0.040000
4231.765350 29.999000 0.041000
4233.764830 29.999000 0.032000
4246.694580 29.999000 0.034000
4253.749150 29.999000 0.039000
4258.548940 29.999000 0.033000
4273.641400 29.999000 0.034000
4283.747830 29.999000 0.040000
4285.732570 29.999000 0.040000
4289.727090 29.999000 0.038000
4291.728330 29.999000 0.038000
4302.589820 29.999000 0.051000
4304.533590 29.999000 0.034000
4306.552100 29.999000 0.035000
4308.594720 29.999000 0.051000
4310.671660 29.999000 0.044000
4312.674230 29.999000 0.054000
4315.671570 29.999000 0.038000
4330.600880 29.999000 0.050000
4332.599940 29.999000 0.058000
4334.589410 29.999000 0.041000
4341.562310 29.999000 0.036000
4343.564150 29.999000 0.039000
4348.499520 29.999000 0.044000
4350.512130 29.999000 0.039000
4352.533890 29.999000 0.035000
4355.536620 29.999000 0.042000
4361.529000 29.999000 0.037000
4364.522530 29.999000 0.038000
4369.500690 29.999000 0.041000
4372.495390 29.999000 0.048000
4590.803020 29.999000 0.038000
4599.754030 29.999000 0.035000
4607.745800 29.999000 0.046000
4622.814030 29.999000 0.046000
4700.578120 29.999000 0.064000
4927.857800 29.999000 0.056000
4951.836500 29.999000 0.044000
4962.868940 29.999000 0.046000
4972.758300 29.999000 0.041000
4974.840170 29.999000 0.050000
4991.714610 29.999000 0.046000
4994.742930 29.999000 0.042000
5018.681940 29.999000 0.054000
5037.667810 29.999000 0.046000
5111.486430 29.999000 0.046000
