3452.654640 11.589000 0.031000
3393.844930 11.872000 0.048000
3449.721820 11.337000 0.053000
1872.843460 11.455000 0.026000
1876.833120 11.837000 0.026000
1878.827240 11.737000 0.031000
1880.824830 12.272000 0.035000
1884.834180 10.883000 0.028000
1886.822700 12.049000 0.028000
1888.823900 11.890000 0.029000
1899.850370 11.768000 0.030000
1902.818140 11.878000 0.027000
1904.803100 11.857000 0.026000
1906.800620 11.636000 0.026000
1908.790380 11.289000 0.027000
1913.821100 11.690000 0.025000
1915.774430 11.156000 0.026000
1918.738670 11.614000 0.027000
1919.798690 11.911000 0.029000
1920.846730 11.790000 0.029000
1921.853230 12.016000 0.032000
1924.850050 11.247000 0.030000
1925.792870 11.784000 0.032000
1926.784900 12.050000 0.027000
1928.796840 11.919000 0.026000
1929.780660 11.181000 0.028000
1930.778570 11.835000 0.029000
1931.797060 10.835000 0.031000
1932.787870 11.783000 0.029000
1933.822810 11.423000 0.031000
1935.672860 11.706000 0.027000
1935.804220 11.911000 0.032000
1937.731790 11.771000 0.028000
1938.783050 10.773000 0.031000
1940.730990 11.852000 0.028000
1945.781300 10.983000 0.030000
1947.710080 11.925000 0.031000
1948.742360 11.237000 0.031000
1949.764750 11.916000 0.050000
1953.725570 11.463000 0.036000
1954.727600 12.063000 0.045000
1955.720600 11.024000 0.040000
1958.706960 11.776000 0.033000
1961.694000 11.865000 0.035000
1962.725910 11.052000 0.035000
1963.707340 11.806000 0.035000
1964.703920 11.973000 0.034000
1965.697020 11.597000 0.032000
1966.699400 11.987000 0.034000
1968.691370 11.821000 0.036000
1971.705520 12.050000 0.042000
1982.664570 11.793000 0.036000
1984.656300 11.583000 0.038000
1985.650920 11.908000 0.038000
1996.627020 11.683000 0.042000
1997.629860 12.001000 0.042000
2025.538420 11.774000 0.026000
2026.563790 10.836000 0.028000
2027.557960 11.823000 0.030000
2030.537890 11.946000 0.032000
2031.549750 11.162000 0.030000
2033.576980 10.892000 0.031000
2034.552050 11.781000 0.029000
2038.521880 10.878000 0.034000
2052.486170 11.247000 0.032000
2056.488520 11.883000 0.030000
2067.454190 11.973000 0.028000
2069.520960 11.489000 0.028000
2080.487380 11.826000 0.032000
2088.449460 11.404000 0.033000
2094.512430 11.183000 0.028000
2105.467010 11.781000 0.030000
2222.850410 11.785000 0.040000
2226.852290 11.244000 0.044000
2232.858350 11.890000 0.046000
2234.843440 11.783000 0.044000
2236.847800 11.828000 0.043000
2239.850200 11.832000 0.046000
2241.834760 11.891000 0.043000
2249.822510 12.012000 0.046000
2256.817510 12.173000 0.047000
2440.492830 11.876000 0.031000
2444.451450 11.509000 0.033000
2453.508320 11.412000 0.041000
2467.461550 11.193000 0.032000
2625.816120 11.785000 0.027000
2636.794830 11.145000 0.036000
2639.810000 11.758000 0.039000
2642.820180 11.902000 0.024000
2645.799760 10.763000 0.034000
2649.793760 11.911000 0.029000
2651.783670 11.769000 0.042000
2659.789390 11.527000 0.028000
2662.838690 11.599000 0.023000
2664.799090 11.041000 0.024000
2666.793060 11.533000 0.026000
2668.790970 11.916000 0.025000
2670.843360 11.925000 0.024000
2672.808890 11.814000 0.025000
2674.782180 11.542000 0.024000
2676.768710 11.171000 0.027000
2678.755220 10.870000 0.024000
2680.755340 12.041000 0.024000
2684.706830 11.786000 0.035000
2686.733300 11.638000 0.026000
2689.761620 11.864000 0.028000
2691.743190 11.751000 0.039000
2693.762320 11.824000 0.035000
2699.735890 11.944000 0.039000
2707.718870 11.449000 0.026000
2710.835730 12.056000 0.025000
2712.658880 11.510000 0.025000
2714.639620 10.963000 0.027000
2717.687980 11.754000 0.024000
2721.695700 11.325000 0.037000
2722.814070 11.984000 0.024000
2726.678440 11.542000 0.026000
2731.805270 11.943000 0.025000
2734.567790 11.760000 0.038000
2736.609500 11.725000 0.031000
2738.607100 11.414000 0.026000
2740.623910 11.166000 0.022000
2744.612480 12.009000 0.025000
2747.650010 11.285000 0.026000
2750.704210 11.823000 0.024000
2752.631060 11.511000 0.025000
2756.686440 11.075000 0.026000
2759.538550 10.820000 0.027000
2764.652210 11.754000 0.025000
2766.677340 11.689000 0.023000
2775.515070 11.976000 0.030000
2776.619200 11.842000 0.024000
2782.511350 12.041000 0.030000
2785.610130 11.931000 0.023000
2787.571700 10.980000 0.024000
2790.597000 11.747000 0.033000
2793.498420 11.791000 0.028000
2796.490260 11.906000 0.029000
2809.468680 11.356000 0.035000
2811.485390 11.142000 0.042000
2813.485640 10.801000 0.043000
2820.550640 11.149000 0.028000
2835.472800 11.662000 0.026000
2841.484990 11.581000 0.027000
2854.461740 11.818000 0.032000
2949.864480 10.784000 0.029000
2955.857620 11.813000 0.030000
2964.849130 11.609000 0.027000
2968.840300 10.897000 0.029000
2975.837710 10.802000 0.025000
2978.844390 11.553000 0.025000
2982.824230 10.774000 0.029000
2991.810690 11.972000 0.037000
2995.812860 11.839000 0.026000
3006.796430 11.233000 0.034000
3009.816730 11.795000 0.026000
3012.829040 11.954000 0.031000
3019.759570 11.806000 0.026000
3027.843340 11.388000 0.039000
3030.765930 11.609000 0.026000
3033.760130 11.850000 0.026000
3036.756660 12.018000 0.029000
3040.800330 11.813000 0.029000
3046.696800 10.754000 0.027000
3049.719420 11.659000 0.026000
3054.763220 11.818000 0.030000
3057.697010 11.959000 0.031000
3059.759620 11.941000 0.026000
3061.792600 11.902000 0.025000
3064.680710 11.937000 0.027000
3067.719410 10.796000 0.027000
3069.730510 11.925000 0.029000
3074.704460 10.741000 0.030000
3076.729730 11.934000 0.028000
3078.723080 11.982000 0.036000
3082.821690 11.914000 0.033000
3086.785230 11.554000 0.026000
3091.653820 11.122000 0.036000
3093.646050 11.245000 0.036000
3100.632900 11.813000 0.027000
3102.637280 11.993000 0.027000
3104.648690 11.820000 0.027000
3106.645330 11.842000 0.028000
3108.648660 11.615000 0.026000
3110.639460 11.295000 0.032000
3112.651360 11.011000 0.025000
3114.707550 10.983000 0.027000
3116.680770 11.987000 0.025000
3121.565690 11.900000 0.026000
3127.569880 11.589000 0.030000
3129.582570 11.322000 0.029000
3133.586270 11.962000 0.025000
3144.600820 11.901000 0.026000
3146.649910 11.852000 0.027000
3155.575480 11.441000 0.036000
3158.641650 11.913000 0.028000
3162.505400 10.959000 0.037000
3164.524520 10.733000 0.025000
3167.529910 11.516000 0.025000
3169.580050 11.426000 0.027000
3176.586300 11.467000 0.027000
3184.543570 11.807000 0.027000
3187.501340 11.915000 0.036000
3190.538390 11.122000 0.030000
3219.461100 11.721000 0.031000
3355.818250 11.451000 0.026000
3380.853190 10.809000 0.030000
3390.785840 11.176000 0.036000
3403.812100 12.119000 0.035000
3406.738620 12.094000 0.034000
3408.802130 12.040000 0.039000
3411.727610 10.859000 0.027000
3418.707910 11.758000 0.036000
3438.691310 11.751000 0.037000
3442.662720 10.932000 0.032000
3455.660330 11.936000 0.033000
3457.664450 11.813000 0.032000
3459.659160 11.524000 0.029000
3461.664360 11.264000 0.036000
3465.772110 11.183000 0.033000
3470.703670 11.131000 0.028000
3472.757570 11.024000 0.029000
3474.750960 11.603000 0.035000
3477.557280 11.923000 0.029000
3479.591960 11.869000 0.031000
3499.582490 11.353000 0.034000
3501.593410 11.014000 0.033000
3503.649810 10.956000 0.035000
3511.503880 11.158000 0.028000
3513.514730 10.851000 0.037000
3517.515040 11.978000 0.038000
3523.500460 11.444000 0.037000
3525.549930 11.384000 0.026000
3538.484410 11.842000 0.028000
3543.535440 12.036000 0.035000
3547.525430 11.830000 0.027000
3565.460510 11.080000 0.037000
3569.492220 12.057000 0.031000
3573.494340 11.753000 0.033000
3583.461160 11.987000 0.044000
3587.462440 11.801000 0.031000
3684.860960 11.978000 0.033000
3702.853840 11.819000 0.033000
3706.849450 11.507000 0.032000
3713.857820 11.504000 0.029000
3717.856570 10.795000 0.027000
3721.857170 11.886000 0.030000
3725.845110 11.676000 0.033000
3734.809260 11.186000 0.034000
3737.830500 11.799000 0.029000
3740.842420 11.967000 0.029000
3744.788180 11.643000 0.038000
3747.839380 11.995000 0.035000
3750.813680 10.874000 0.029000
3756.834820 11.784000 0.033000
3759.774650 11.881000 0.032000
3762.767420 10.780000 0.030000
3765.760220 11.469000 0.031000
3768.744600 11.760000 0.029000
3774.735530 10.862000 0.033000
3776.787410 10.777000 0.029000
3790.686450 11.933000 0.033000
3792.757590 11.998000 0.040000
3795.678820 12.078000 0.032000
3797.713740 11.986000 0.042000
3799.762440 11.961000 0.037000
3804.732290 11.939000 0.036000
3806.720620 11.949000 0.033000
3810.699120 11.646000 0.042000
3821.614520 12.021000 0.029000
3823.649740 11.923000 0.039000
3825.666990 11.940000 0.035000
3829.781470 11.886000 0.036000
3832.577040 11.712000 0.029000
3834.616830 11.652000 0.035000
3851.627050 11.874000 0.034000
3853.636610 11.811000 0.027000
3856.550840 11.879000 0.033000
3860.678990 11.892000 0.037000
3869.577390 11.568000 0.032000
3871.570250 10.946000 0.033000
3875.572350 12.000000 0.028000
3877.592370 11.889000 0.030000
3887.503810 11.906000 0.034000
3894.629370 10.818000 0.030000
3900.541980 11.726000 0.036000
3902.578180 11.585000 0.035000
3904.592720 11.334000 0.029000
3907.478650 11.382000 0.030000
4204.623920 11.712000 0.035000
4213.577110 11.245000 0.038000
4234.574010 11.152000 0.037000
4238.603700 12.011000 0.040000
4247.489090 11.716000 0.037000
4250.487480 11.870000 0.040000
4256.584050 11.756000 0.028000
4267.470430 11.297000 0.032000
4269.505650 12.053000 0.032000
4276.456190 11.931000 0.033000
4278.505040 11.969000 0.030000
4284.531980 11.672000 0.035000
4290.537660 11.357000 0.038000
4292.500050 11.969000 0.034000
4294.513920 11.868000 0.032000
4317.461850 11.524000 0.034000
4424.857600 11.358000 0.030000
4443.827540 10.737000 0.036000
4448.821070 11.121000 0.035000
4452.821460 11.969000 0.038000
4459.841640 11.937000 0.034000
4481.816660 11.353000 0.042000
4503.737120 11.757000 0.035000
4524.776330 11.749000 0.037000
4543.725720 11.696000 0.036000
4552.761230 11.676000 0.037000
4557.586890 11.054000 0.033000
4559.640690 10.960000 0.034000
4568.556770 11.934000 0.038000
4575.592860 12.019000 0.039000
4579.593940 11.867000 0.034000
4594.549400 12.085000 0.038000
4596.554410 11.896000 0.033000
4602.517680 11.246000 0.043000
4608.545260 11.973000 0.037000
4610.617860 12.105000 0.041000
4612.652690 12.112000 0.038000
4620.537990 11.982000 0.043000
4623.529740 11.219000 0.044000
4630.454110 11.264000 0.031000
4643.536780 12.016000 0.042000
2007.580990 11.170000 0.056000
2008.598580 11.851000 0.048000
1870.836450 10.900000 0.036000
1874.836020 11.918000 0.033000
1979.701900 11.590000 0.046000
1980.675280 11.922000 0.044000
1981.685670 11.068000 0.041000
1993.653270 11.214000 0.042000
1995.630690 11.224000 0.040000
1998.627100 11.406000 0.046000
2000.617210 10.941000 0.047000
2009.603990 12.166000 0.052000
2011.585800 11.809000 0.051000
2014.585530 11.038000 0.045000
2016.579770 11.977000 0.051000
2018.571250 11.907000 0.047000
2019.574960 10.990000 0.055000
2062.473250 11.311000 0.040000
2083.477300 11.247000 0.041000
2215.868180 11.820000 0.053000
2229.848550 11.798000 0.058000
2243.833300 11.701000 0.046000
2247.846970 11.036000 0.045000
2250.832440 11.599000 0.047000
2254.861200 11.110000 0.048000
2260.852960 11.976000 0.055000
2264.773020 11.285000 0.053000
2269.823850 11.621000 0.056000
2760.708630 12.044000 0.044000
2762.676190 11.948000 0.047000
2843.481580 11.946000 0.048000
2986.817480 11.876000 0.046000
3052.710370 11.870000 0.050000
3080.762580 11.955000 0.044000
3089.606910 11.257000 0.055000
3152.483170 11.881000 0.052000
3384.765660 11.927000 0.051000
3396.789360 11.878000 0.050000
3413.769300 11.672000 0.045000
3424.752040 11.950000 0.046000
3430.732980 11.100000 0.052000
3432.729420 11.315000 0.042000
3434.729730 12.050000 0.046000
3444.683950 11.063000 0.043000
3446.682580 12.022000 0.057000
3448.676870 11.959000 0.052000
3463.724970 11.291000 0.040000
3468.692260 11.491000 0.043000
3483.589740 11.698000 0.049000
3486.738780 10.878000 0.040000
3490.593540 11.687000 0.052000
3492.591850 11.419000 0.052000
3520.630330 11.539000 0.041000
3529.566830 10.786000 0.043000
3552.489590 11.899000 0.041000
3559.467790 11.761000 0.048000
3577.486330 11.495000 0.048000
3730.841920 11.902000 0.036000
3771.736700 11.960000 0.042000
3779.718590 11.121000 0.049000
3783.761300 11.435000 0.049000
3787.763230 11.894000 0.048000
3802.659170 12.048000 0.043000
3812.701030 11.272000 0.039000
3814.715310 10.975000 0.041000
3816.734890 10.934000 0.045000
3818.765700 12.052000 0.046000
3827.711020 11.898000 0.044000
3849.626810 12.027000 0.046000
3865.538030 11.751000 0.042000
3867.578730 11.665000 0.043000
3880.635660 10.941000 0.057000
3883.502960 10.823000 0.038000
3892.572820 10.844000 0.049000
3898.512470 11.789000 0.046000
4178.709730 11.798000 0.049000
4230.565530 11.670000 0.057000
4258.616910 11.767000 0.060000
4282.506920 11.727000 0.041000
4296.502690 11.718000 0.048000
4306.497510 11.848000 0.048000
4506.727430 12.081000 0.053000
4581.718020 11.834000 0.044000
4606.517590 12.093000 0.053000
4617.531120 11.822000 0.057000
4632.536780 10.754000 0.041000
4908.626490 11.040000 0.047000
4921.635040 11.971000 0.050000
4959.535960 11.797000 0.049000
4961.591330 11.978000 0.051000
4974.509750 10.773000 0.052000
4991.616380 11.822000 0.044000
5006.479520 11.894000 0.053000
4497.772710 29.999000 0.037000
1875.857360 11.481000 0.031000
1877.847120 11.010000 0.031000
1881.836570 11.989000 0.027000
1885.814650 11.696000 0.029000
1887.822820 11.556000 0.028000
1889.823370 11.430000 0.033000
1899.860990 11.746000 0.028000
1902.831010 11.910000 0.025000
1904.818260 11.793000 0.027000
1906.816060 11.677000 0.026000
1908.813150 11.448000 0.026000
1913.831680 11.748000 0.024000
1915.799280 11.348000 0.024000
1918.764020 11.690000 0.028000
1919.870240 10.971000 0.029000
1921.774280 11.915000 0.028000
1922.784430 11.167000 0.028000
1924.870530 11.345000 0.029000
1925.814760 11.818000 0.027000
1926.806800 11.861000 0.027000
1929.819200 11.383000 0.028000
1930.831870 11.884000 0.031000
1931.826720 11.052000 0.028000
1932.831540 11.829000 0.031000
1936.823090 11.369000 0.032000
1938.760880 11.667000 0.029000
1940.750550 11.907000 0.030000
1947.739640 11.956000 0.028000
1955.740540 11.202000 0.036000
1961.714330 11.890000 0.036000
1968.702490 11.871000 0.038000
1994.648790 11.818000 0.037000
2025.562790 11.794000 0.024000
2038.562180 11.170000 0.030000
2094.485530 12.009000 0.029000
2249.831270 11.629000 0.043000
2254.800130 10.785000 0.043000
2622.830160 11.433000 0.045000
2628.818930 11.982000 0.028000
2629.796710 11.206000 0.030000
2637.805520 11.829000 0.027000
2641.802960 11.469000 0.026000
2644.833620 11.865000 0.024000
2651.818260 11.826000 0.025000
2657.796200 11.022000 0.028000
2659.802570 10.852000 0.026000
2663.849090 12.010000 0.025000
2665.813960 11.837000 0.023000
2667.801390 11.666000 0.030000
2670.771030 11.807000 0.024000
2672.819800 11.810000 0.023000
2674.800280 11.700000 0.024000
2676.772840 11.192000 0.022000
2678.761700 10.741000 0.022000
2684.718060 11.747000 0.028000
2686.742120 11.637000 0.024000
2690.777150 11.163000 0.036000
2694.744710 11.972000 0.022000
2698.795480 11.828000 0.024000
2700.779120 11.715000 0.024000
2704.732140 10.796000 0.023000
2706.704090 11.997000 0.023000
2727.684130 11.919000 0.023000
2728.844260 11.868000 0.029000
2734.773990 11.697000 0.029000
2957.858660 11.659000 0.032000
2965.858170 12.051000 0.030000
2985.832900 11.483000 0.024000
2992.820030 11.386000 0.026000
3000.850130 11.863000 0.028000
3013.831480 11.430000 0.033000
3030.797050 11.719000 0.027000
3357.843680 11.320000 0.026000
3362.828030 11.547000 0.042000
3387.804380 11.891000 0.038000
3396.796550 11.976000 0.025000
3407.762580 11.618000 0.030000
3409.812690 11.628000 0.036000
3414.804480 11.753000 0.029000
3424.717090 11.801000 0.027000
3436.804640 11.960000 0.031000
3456.679890 10.968000 0.032000
3458.668750 11.983000 0.034000
3464.708490 11.851000 0.026000
3466.752510 11.801000 0.025000
3471.704720 11.855000 0.032000
3473.721080 11.762000 0.033000
3476.605150 11.804000 0.028000
3478.617040 11.635000 0.036000
3483.604460 11.722000 0.033000
3496.596760 11.068000 0.028000
3501.602950 11.086000 0.027000
3503.655630 11.033000 0.033000
3511.526150 11.296000 0.031000
3520.608800 11.369000 0.030000
3522.632220 11.167000 0.028000
3526.641590 11.989000 0.029000
3528.645910 11.967000 0.028000
3538.487670 11.820000 0.027000
3543.539610 12.022000 0.035000
3547.528640 11.877000 0.035000
3569.498140 12.009000 0.030000
3583.464260 11.981000 0.030000
3703.849250 10.784000 0.034000
3707.844430 11.898000 0.029000
3714.835130 11.857000 0.024000
3718.851210 11.716000 0.027000
3722.841130 10.978000 0.033000
3738.818860 12.033000 0.026000
3742.805430 11.824000 0.026000
3746.798280 11.401000 0.031000
3749.848470 11.862000 0.029000
3757.851400 10.881000 0.029000
3760.802310 11.377000 0.032000
3766.779210 11.894000 0.031000
3769.772490 10.732000 0.032000
3780.737390 11.870000 0.033000
3790.708050 12.075000 0.029000
3795.701250 11.794000 0.027000
3799.819700 11.895000 0.030000
3806.725730 11.884000 0.035000
3815.766160 11.863000 0.034000
3819.805930 11.753000 0.038000
3822.632120 11.459000 0.027000
3824.667910 11.374000 0.027000
3826.682830 11.089000 0.028000
3832.719480 11.924000 0.035000
3851.630010 11.896000 0.034000
3853.639630 11.835000 0.029000
3855.742500 11.923000 0.037000
3858.572840 11.833000 0.039000
3866.556850 11.987000 0.036000
3870.578280 11.918000 0.036000
3872.588240 11.850000 0.033000
3875.662100 10.748000 0.027000
3881.603470 11.707000 0.029000
3898.641510 11.991000 0.035000
3903.539200 11.891000 0.031000
4107.830600 11.781000 0.023000
4127.786820 11.785000 0.028000
4133.770800 11.786000 0.027000
4139.808660 11.094000 0.034000
4142.745110 11.408000 0.028000
4158.707100 10.895000 0.025000
4160.750060 11.670000 0.025000
4179.705090 11.614000 0.040000
4183.755830 11.914000 0.043000
4193.756880 10.817000 0.036000
4202.697840 11.918000 0.041000
4204.711670 11.918000 0.036000
4207.734490 10.983000 0.037000
4213.608450 11.398000 0.037000
4228.574780 11.783000 0.036000
4230.578360 11.696000 0.034000
4232.581810 11.505000 0.030000
4234.583550 11.147000 0.029000
4238.607620 12.032000 0.042000
4267.473640 11.169000 0.035000
4269.508870 11.993000 0.033000
4278.508220 11.934000 0.030000
4282.510110 11.794000 0.032000
4284.535140 11.626000 0.033000
4286.529060 11.365000 0.037000
4290.540780 11.403000 0.044000
4292.503190 11.907000 0.029000
4294.517000 11.821000 0.028000
4296.505800 11.718000 0.032000
4298.515360 11.524000 0.037000
4305.512570 11.524000 0.035000
4317.480340 11.578000 0.029000
4430.857380 11.803000 0.032000
4435.841260 11.834000 0.029000
4440.835750 11.931000 0.032000
4448.850260 11.270000 0.029000
4452.839430 12.023000 0.032000
4456.829370 11.808000 0.031000
4460.823260 11.443000 0.032000
4467.807490 11.337000 0.033000
4478.800430 12.063000 0.035000
4481.849830 11.471000 0.035000
4485.813770 12.023000 0.028000
4494.836770 11.962000 0.030000
4498.800100 11.793000 0.029000
4501.778010 11.926000 0.033000
4504.760710 12.003000 0.035000
4510.736730 11.697000 0.030000
4514.740020 11.070000 0.037000
4521.763770 11.202000 0.034000
4523.802600 11.022000 0.032000
4525.864480 11.060000 0.036000
4528.688140 11.299000 0.042000
4530.755710 10.829000 0.037000
4532.835040 10.813000 0.038000
4536.678410 11.598000 0.029000
4538.716310 11.615000 0.042000
4540.772010 11.606000 0.042000
4542.713150 10.738000 0.029000
4548.689290 11.771000 0.036000
4553.633280 11.811000 0.031000
4555.671860 11.766000 0.038000
4557.713540 11.711000 0.038000
4559.736080 11.578000 0.037000
4561.784770 11.480000 0.034000
4564.603460 11.136000 0.032000
4566.640820 10.975000 0.037000
4568.662740 10.774000 0.040000
4570.642970 11.939000 0.033000
4572.618940 11.753000 0.031000
4576.616350 11.443000 0.043000
4579.771470 11.524000 0.034000
4582.755160 11.253000 0.041000
4586.559740 11.711000 0.034000
4588.635070 11.785000 0.032000
4590.682020 11.689000 0.034000
4592.660130 11.408000 0.031000
4594.677210 11.140000 0.034000
4596.676590 10.937000 0.033000
4599.528540 11.949000 0.033000
4603.537560 11.746000 0.031000
4611.617580 11.350000 0.042000
4618.545650 10.898000 0.036000
4622.541740 12.010000 0.041000
4630.463920 10.828000 0.037000
4632.546610 10.850000 0.031000
4639.473380 12.102000 0.032000
4641.538680 12.053000 0.029000
4643.540040 11.889000 0.039000
4649.577720 11.746000 0.033000
4652.525720 11.864000 0.039000
4659.465450 11.663000 0.033000
4662.472370 11.863000 0.041000
4664.523140 11.878000 0.032000
4667.499760 12.039000 0.029000
4671.493570 11.792000 0.033000
4674.501480 12.017000 0.036000
4679.461930 12.036000 0.030000
4685.464020 11.796000 0.032000
4806.846400 10.938000 0.037000
4810.856480 12.013000 0.037000
4814.860450 11.783000 0.030000
4822.820280 12.064000 0.029000
4826.825220 11.864000 0.029000
4830.819110 11.447000 0.039000
4834.810530 11.389000 0.027000
4837.857800 11.657000 0.029000
4848.867320 10.938000 0.028000
4851.829400 11.412000 0.031000
4855.817420 11.578000 0.030000
4860.818790 10.954000 0.038000
4863.800840 11.538000 0.031000
4866.795720 11.842000 0.033000
4869.771180 12.038000 0.029000
4872.745500 10.810000 0.034000
4879.758970 10.857000 0.028000
4884.819180 11.573000 0.033000
4892.779340 11.938000 0.038000
4914.688350 12.033000 0.039000
5031.478690 11.505000 0.040000
1873.857740 11.732000 0.035000
1977.667770 11.666000 0.041000
1979.723060 11.593000 0.043000
1984.672130 11.700000 0.043000
1993.667060 11.364000 0.044000
2011.608770 11.960000 0.043000
2018.589710 11.940000 0.044000
2247.851150 11.194000 0.046000
2256.826190 11.951000 0.046000
2264.803100 11.472000 0.049000
2266.811350 11.250000 0.052000
2625.834030 11.731000 0.055000
2783.679820 11.873000 0.056000
3390.805530 11.387000 0.043000
3404.817960 11.338000 0.039000
3417.738940 11.726000 0.042000
3419.802920 11.820000 0.049000
3431.769060 11.841000 0.044000
3433.784260 11.840000 0.046000
3445.707190 11.811000 0.044000
3447.709460 11.555000 0.040000
3462.675970 11.983000 0.038000
3490.596580 11.670000 0.040000
3492.594930 11.405000 0.047000
3506.672240 11.722000 0.043000
3524.651360 10.850000 0.038000
3552.492800 11.733000 0.037000
3730.862210 11.893000 0.049000
3734.831620 11.355000 0.034000
3752.828690 11.947000 0.039000
3763.793320 11.826000 0.038000
3772.759500 11.375000 0.035000
3775.764240 11.777000 0.041000
3787.765480 11.852000 0.041000
3792.770640 12.106000 0.045000
3797.742020 11.987000 0.041000
3804.742850 12.037000 0.040000
3811.708580 11.987000 0.040000
3813.721350 11.985000 0.051000
3817.772870 11.816000 0.043000
3828.713300 10.810000 0.049000
3847.662270 10.892000 0.035000
3849.629800 11.908000 0.041000
3883.650700 11.806000 0.044000
3887.600920 11.010000 0.034000
3905.538980 11.808000 0.047000
3907.542440 11.678000 0.038000
4089.843400 12.062000 0.042000
4150.870040 11.212000 0.047000
4153.716890 12.056000 0.051000
4166.791500 11.903000 0.040000
4173.863110 12.251000 0.046000
4181.715630 12.034000 0.047000
4189.642740 10.889000 0.047000
4276.459350 11.963000 0.047000
4470.833300 11.749000 0.036000
4474.872760 11.645000 0.037000
4488.796190 11.139000 0.050000
4516.751460 10.785000 0.034000
4550.809120 11.909000 0.043000
4607.538980 11.523000 0.046000
4609.588120 11.603000 0.044000
4647.552520 11.728000 0.048000
4795.857390 11.768000 0.034000
4800.851350 11.820000 0.043000
4876.789790 12.381000 0.044000
4887.754010 11.738000 0.044000
4890.701690 12.003000 0.046000
4903.718100 11.333000 0.038000
4905.765100 11.189000 0.038000
4908.650250 11.249000 0.038000
4916.730100 11.995000 0.047000
4918.817020 12.091000 0.053000
4921.647900 11.942000 0.041000
4926.647800 12.032000 0.037000
4931.641980 10.919000 0.052000
4937.767500 12.085000 0.036000
4945.636750 11.668000 0.048000
4947.688870 11.799000 0.040000
4949.709180 12.021000 0.049000
4952.618060 12.005000 0.041000
4959.557300 11.887000 0.047000
4961.603350 11.817000 0.051000
4966.598830 11.993000 0.052000
4968.650820 11.988000 0.038000
4974.522970 10.870000 0.044000
4985.555880 12.014000 0.044000
5006.482800 11.851000 0.051000
5013.454660 11.817000 0.049000
5015.534890 11.852000 0.041000
5021.532850 11.187000 0.042000
5040.461910 10.980000 0.045000
5047.463590 11.031000 0.048000
3450.664660 11.804000 0.026000
