2622.828850 12.147000 0.035000
2625.832700 11.968000 0.031000
2643.796850 11.522000 0.034000
2645.818360 11.642000 0.036000
2649.782150 12.018000 0.035000
2651.769910 12.099000 0.035000
2661.794280 12.266000 0.034000
2663.781030 12.180000 0.035000
2669.783500 11.969000 0.042000
2671.762210 11.638000 0.034000
2673.761070 12.033000 0.040000
2675.743110 12.211000 0.040000
2677.731300 12.180000 0.037000
2683.714220 12.002000 0.034000
2690.698400 12.149000 0.046000
2694.657820 12.357000 0.037000
2700.676920 12.005000 0.039000
2702.669100 11.557000 0.036000
2704.667670 11.833000 0.038000
2712.617480 12.412000 0.036000
2717.606510 11.620000 0.043000
2723.634480 12.278000 0.033000
2729.621000 12.179000 0.033000
2733.606820 11.706000 0.041000
2735.602250 11.813000 0.037000
2743.566470 12.291000 0.036000
2745.574020 11.764000 0.043000
2751.540700 11.689000 0.035000
2754.541210 12.366000 0.043000
2764.534290 11.937000 0.037000
2776.552740 11.804000 0.039000
2784.488260 12.311000 0.038000
2811.462020 12.104000 0.034000
2813.466690 12.392000 0.037000
2975.837810 12.393000 0.035000
2978.852030 11.634000 0.033000
2982.834550 12.182000 0.037000
2994.818460 11.775000 0.033000
3005.792540 12.007000 0.036000
3007.818130 11.344000 0.036000
3010.796430 11.990000 0.034000
3016.819360 12.146000 0.035000
3018.841890 11.914000 0.036000
3029.811200 11.897000 0.034000
3032.741590 12.325000 0.037000
3044.748520 11.838000 0.034000
3052.824330 12.100000 0.036000
3055.673890 11.727000 0.036000
3057.726010 12.199000 0.034000
3064.709950 11.953000 0.036000
3071.666220 11.769000 0.037000
3086.621110 11.743000 0.038000
3088.626810 12.200000 0.034000
3090.642220 12.247000 0.037000
3092.624950 12.267000 0.036000
3099.593680 11.762000 0.035000
3101.599200 12.148000 0.040000
3103.605850 12.095000 0.036000
3109.608160 11.958000 0.039000
3113.622910 11.704000 0.035000
3115.637970 12.196000 0.038000
3128.548080 11.693000 0.037000
3130.563430 12.110000 0.037000
3132.575130 12.281000 0.034000
3144.556960 12.069000 0.034000
3159.475200 11.830000 0.036000
3165.489760 12.246000 0.037000
3169.467740 12.324000 0.035000
3386.739420 12.379000 0.032000
3389.727670 11.588000 0.030000
3392.717910 12.009000 0.041000
3404.808710 12.095000 0.041000
3407.687300 12.109000 0.042000
3409.707560 12.100000 0.034000
3418.659500 11.711000 0.035000
3426.738440 12.369000 0.041000
3430.767920 11.784000 0.043000
3436.617500 11.864000 0.035000
3439.618770 12.126000 0.036000
3442.618440 12.228000 0.033000
3449.566100 11.748000 0.033000
3468.535720 11.879000 0.037000
3470.615510 12.239000 0.040000
3481.583960 12.123000 0.037000
3483.616500 12.411000 0.047000
3497.566550 12.203000 0.043000
3517.531060 12.282000 0.047000
3791.638140 12.245000 0.041000
3798.618100 11.984000 0.046000
3800.627110 11.694000 0.043000
3816.576660 11.774000 0.039000
3823.572000 12.540000 0.044000
3830.551120 11.610000 0.035000
3849.577120 12.293000 0.043000
3851.582420 12.170000 0.041000
3869.572450 12.254000 0.039000
3891.461970 11.905000 0.041000
3901.463260 12.096000 0.035000
3904.458310 11.728000 0.039000
4524.760090 12.121000 0.041000
4918.577000 12.083000 0.039000
2679.711910 12.192000 0.052000
2719.669660 11.965000 0.057000
2762.549870 11.685000 0.052000
2791.513170 11.701000 0.048000
2967.856630 11.771000 0.050000
3025.740500 11.741000 0.055000
3037.857070 11.891000 0.042000
3079.725680 11.809000 0.047000
3082.596330 11.906000 0.047000
3105.600660 12.013000 0.046000
3111.605830 11.309000 0.050000
3163.474730 11.783000 0.051000
3411.784650 12.445000 0.045000
3413.786930 12.087000 0.059000
3420.676620 11.782000 0.045000
3432.766750 11.954000 0.051000
3446.694420 11.604000 0.049000
3474.635730 12.160000 0.044000
3490.557940 12.227000 0.045000
3492.563450 11.733000 0.058000
3500.547740 12.283000 0.056000
3511.558510 12.145000 0.051000
3521.525050 11.753000 0.050000
3529.499810 12.335000 0.056000
3836.604940 12.219000 0.046000
3867.570630 12.273000 0.050000
3871.565230 11.927000 0.052000
3882.500650 12.334000 0.055000
3907.459730 12.118000 0.043000
4608.491610 11.872000 0.048000
4909.693180 11.561000 0.051000
4947.589450 11.893000 0.052000
4973.531080 11.971000 0.048000
4989.513680 12.080000 0.050000
2637.846260 29.999000 0.034000
2665.773880 29.999000 0.034000
2667.773540 29.999000 0.035000
2681.709610 29.999000 0.033000
2688.715880 29.999000 0.053000
2691.810850 29.999000 0.039000
2696.689070 29.999000 0.036000
2698.679640 29.999000 0.036000
2706.658110 29.999000 0.036000
2710.641110 29.999000 0.035000
2725.629680 29.999000 0.033000
2727.623220 29.999000 0.033000
2737.589450 29.999000 0.036000
2786.488820 29.999000 0.036000
2789.484710 29.999000 0.037000
2997.829810 29.999000 0.036000
3034.764460 29.999000 0.042000
3047.709880 29.999000 0.035000
3050.688810 29.999000 0.040000
3059.802110 29.999000 0.045000
3062.657510 29.999000 0.051000
3073.698590 29.999000 0.038000
3075.701730 29.999000 0.035000
3077.723030 29.999000 0.037000
3107.603080 29.999000 0.053000
3134.589700 29.999000 0.037000
3415.812500 29.999000 0.038000
3444.686260 29.999000 0.041000
3754.838030 29.999000 0.041000
3774.804600 29.999000 0.044000
3863.532120 29.999000 0.041000
3865.532320 29.999000 0.044000
3894.459620 29.999000 0.039000
3898.470780 29.999000 0.044000
4929.611150 29.999000 0.058000
4932.593490 29.999000 0.054000
4967.507290 29.999000 0.055000
4986.486690 29.999000 0.048000
4109.757820 11.749000 0.031000
4469.824070 11.441000 0.036000
4552.695190 11.418000 0.033000
4557.604800 11.638000 0.034000
4827.856460 11.813000 0.033000
4830.837490 11.836000 0.035000
3328.796300 12.225000 0.036000
3328.814540 11.871000 0.038000
3328.819150 11.957000 0.034000
3328.840590 11.900000 0.031000
3328.845860 11.852000 0.036000
3328.853640 11.771000 0.029000
3329.840740 11.677000 0.029000
3333.858730 12.066000 0.035000
3334.841440 12.157000 0.031000
3334.849300 12.263000 0.038000
3334.856880 12.333000 0.030000
3335.818780 12.149000 0.031000
3335.826930 12.265000 0.030000
3335.845730 12.247000 0.028000
3336.828340 12.334000 0.033000
3336.833500 12.371000 0.032000
3336.857260 12.349000 0.032000
3338.828060 12.354000 0.030000
3339.807860 12.380000 0.031000
3339.815990 12.376000 0.031000
3339.824080 12.373000 0.032000
3339.842550 12.430000 0.032000
3340.827100 12.488000 0.032000
3341.831140 12.261000 0.035000
3344.836240 11.656000 0.036000
3344.847000 11.717000 0.031000
3344.860870 11.750000 0.034000
3345.799570 11.692000 0.039000
3345.809010 11.712000 0.037000
3345.825400 11.776000 0.040000
3347.849790 12.170000 0.039000
3348.819820 12.262000 0.038000
3348.838660 12.067000 0.040000
3348.841350 12.257000 0.040000
3353.791700 12.421000 0.031000
3353.825080 12.580000 0.036000
3353.846570 12.546000 0.040000
3355.824110 12.326000 0.028000
3358.814960 11.596000 0.035000
3400.698670 12.459000 0.033000
3403.688910 11.910000 0.030000
3406.687390 11.937000 0.030000
3409.677180 12.287000 0.035000
3412.669000 12.454000 0.032000
3414.664450 12.442000 0.028000
3416.662270 12.232000 0.040000
3419.646850 11.639000 0.029000
3428.628290 12.341000 0.038000
3431.619560 12.373000 0.027000
3434.609050 11.723000 0.033000
3437.600140 11.972000 0.029000
3440.589360 11.925000 0.030000
3446.581340 12.454000 0.029000
3454.556590 12.159000 0.033000
3459.537120 12.456000 0.027000
3465.525490 11.528000 0.031000
3475.495110 12.530000 0.033000
3483.481720 12.056000 0.029000
3712.847000 12.052000 0.028000
3715.834370 12.387000 0.040000
3731.795580 12.111000 0.036000
3734.786380 12.409000 0.032000
3737.777000 12.224000 0.032000
3740.765410 11.694000 0.032000
3743.756380 12.104000 0.034000
3755.727140 11.667000 0.033000
3761.710220 12.293000 0.033000
3764.706720 12.418000 0.032000
3766.794190 11.809000 0.040000
3766.808150 11.600000 0.039000
3767.696700 12.457000 0.032000
3773.676860 12.236000 0.034000
3775.684630 12.263000 0.034000
3783.647480 12.176000 0.035000
3789.638650 12.138000 0.034000
3792.627460 12.372000 0.031000
3795.619070 12.425000 0.028000
3798.608460 12.106000 0.036000
3800.611410 11.804000 0.029000
3803.598630 12.017000 0.030000
3809.576720 12.465000 0.034000
3812.577810 12.513000 0.033000
3815.566340 11.636000 0.030000
3818.555790 11.923000 0.034000
3821.546230 12.306000 0.031000
3824.537210 12.406000 0.031000
3830.527300 11.671000 0.030000
3837.505230 12.305000 0.035000
4089.815490 11.657000 0.031000
4103.775640 11.932000 0.031000
4127.706660 12.415000 0.032000
4129.710570 12.541000 0.029000
4139.679820 12.068000 0.029000
4149.648880 11.630000 0.029000
4151.652380 11.539000 0.027000
4167.597320 11.727000 0.029000
4173.586820 12.280000 0.030000
4179.566960 12.033000 0.031000
4182.557470 11.783000 0.035000
4185.547590 12.118000 0.039000
4197.516810 11.711000 0.032000
4201.504840 12.173000 0.030000
4437.860580 12.279000 0.034000
4440.844710 11.670000 0.032000
4458.843440 12.136000 0.033000
4463.854110 12.277000 0.033000
4477.795860 12.299000 0.040000
4484.776410 11.685000 0.031000
4486.789990 11.861000 0.040000
4491.781270 12.390000 0.032000
4497.757790 12.470000 0.036000
4508.707950 12.519000 0.034000
4511.697230 12.444000 0.033000
4518.708110 12.026000 0.034000
4522.725640 12.494000 0.034000
4527.657660 12.414000 0.040000
4538.627050 12.108000 0.034000
4540.639240 12.442000 0.038000
4555.574960 12.449000 0.036000
4559.650550 11.798000 0.035000
4562.559520 11.811000 0.032000
4573.557490 11.856000 0.035000
4575.583290 11.713000 0.039000
4594.501880 12.127000 0.035000
4600.493530 12.474000 0.038000
4608.496410 11.768000 0.039000
4809.858430 11.986000 0.031000
4820.833160 11.721000 0.033000
4824.828260 12.190000 0.032000
4833.826010 12.011000 0.031000
4836.810740 11.819000 0.032000
4839.800880 11.944000 0.030000
4846.821650 12.455000 0.033000
4849.782250 11.850000 0.032000
4856.767890 12.278000 0.034000
4860.758530 12.075000 0.035000
4863.743520 12.243000 0.036000
4866.727970 11.633000 0.031000
4869.720080 12.068000 0.038000
4876.727520 12.316000 0.034000
4879.713970 11.892000 0.031000
4918.662430 12.380000 0.039000
4921.585720 12.469000 0.037000
4579.609920 11.478000 0.051000
3335.837530 12.370000 0.041000
3340.844670 12.388000 0.045000
3348.825210 12.299000 0.045000
3349.855270 12.223000 0.050000
3351.812240 12.300000 0.055000
3383.748770 12.458000 0.049000
3746.758260 12.222000 0.042000
3766.788180 11.923000 0.042000
3766.790650 11.808000 0.048000
3770.688450 11.682000 0.054000
4137.667920 11.792000 0.049000
4145.658550 12.596000 0.041000
4454.850570 11.679000 0.044000
4466.825530 12.158000 0.053000
4473.809360 12.225000 0.046000
4493.827110 12.550000 0.048000
4500.726140 11.458000 0.041000
4503.717900 11.938000 0.042000
4520.732580 12.335000 0.041000
4529.706680 11.795000 0.044000
4532.637830 11.874000 0.042000
4535.733380 12.361000 0.049000
4547.638860 12.029000 0.042000
4564.619640 12.092000 0.042000
4583.529450 12.377000 0.043000
4589.531250 12.005000 0.043000
4591.559900 11.900000 0.047000
4611.495590 12.292000 0.046000
4620.477740 11.771000 0.045000
4842.786890 12.227000 0.046000
4885.705000 12.189000 0.047000
4888.667930 12.315000 0.043000
4905.628990 12.532000 0.042000
4932.602750 12.397000 0.053000
4973.525370 12.114000 0.057000
3469.505260 29.999000 0.031000
3707.854390 29.999000 0.029000
3718.825370 29.999000 0.032000
3758.718030 29.999000 0.032000
4192.525840 29.999000 0.032000
4205.496760 29.999000 0.039000
4569.531490 29.999000 0.042000
3456.554790 29.999000 0.032000
4142.670360 29.999000 0.030000
4586.565930 29.999000 0.037000
4631.465330 29.999000 0.041000
4852.768470 29.999000 0.031000
4907.673300 29.999000 0.047000
4947.592590 29.999000 0.053000
4967.517190 29.999000 0.047000
2628.840450 11.776000 0.029000
2635.786810 12.258000 0.032000
2657.770800 11.515000 0.028000
2695.714150 12.068000 0.034000
2719.682060 11.861000 0.029000
2976.846500 11.985000 0.041000
3338.830510 12.345000 0.034000
3344.843950 11.789000 0.036000
3348.811700 12.194000 0.041000
