1931.856040 11.911000 0.033000
1933.865170 11.767000 0.029000
1936.862870 11.613000 0.029000
1939.863620 11.944000 0.030000
1958.854890 11.392000 0.035000
1964.820280 11.679000 0.040000
2025.732040 11.781000 0.026000
2026.726100 11.615000 0.026000
2027.714440 11.316000 0.027000
2030.704370 11.960000 0.027000
2031.714590 11.938000 0.028000
2032.701650 11.835000 0.026000
2052.638650 11.994000 0.029000
2053.673850 11.961000 0.026000
2054.670220 11.993000 0.031000
2056.655790 11.688000 0.028000
2057.645660 11.430000 0.034000
2058.643960 11.113000 0.029000
2062.589270 11.825000 0.031000
2067.661060 11.988000 0.030000
2068.627160 11.969000 0.028000
2069.625240 11.935000 0.029000
2070.620070 11.930000 0.028000
2081.599110 11.151000 0.029000
2082.616670 11.928000 0.029000
2083.596440 12.021000 0.037000
2085.587510 11.937000 0.027000
2087.586450 11.571000 0.027000
2088.581870 11.315000 0.026000
2094.590690 11.722000 0.031000
2096.564280 11.162000 0.029000
2102.532730 11.598000 0.026000
2103.559220 11.457000 0.030000
2104.561260 11.156000 0.028000
2105.553630 12.130000 0.033000
2106.562230 11.999000 0.029000
2115.512750 11.982000 0.030000
2116.529690 11.787000 0.034000
2124.483980 11.738000 0.029000
2128.480510 12.065000 0.028000
2130.524830 12.050000 0.028000
2132.518600 11.785000 0.029000
2134.524120 11.445000 0.027000
2136.515500 12.157000 0.039000
2142.525960 11.378000 0.028000
2441.612360 11.694000 0.033000
2442.606450 11.455000 0.035000
2443.603940 11.151000 0.035000
2444.604380 12.158000 0.036000
2445.583950 11.947000 0.030000
2454.585350 12.047000 0.039000
2456.571910 11.730000 0.038000
2463.564310 11.825000 0.040000
2464.558870 11.632000 0.038000
2465.562580 11.414000 0.037000
2466.556530 11.165000 0.033000
2467.559140 12.108000 0.032000
2468.553580 11.938000 0.033000
2481.509250 11.158000 0.039000
2520.527730 11.272000 0.035000
2521.537160 11.439000 0.025000
2654.871400 11.934000 0.033000
2663.859960 11.932000 0.032000
2668.870260 12.240000 0.035000
2676.848950 12.122000 0.030000
2685.838630 11.986000 0.038000
2688.840040 11.669000 0.035000
2699.822720 12.136000 0.027000
2702.849700 11.937000 0.028000
2705.804310 11.028000 0.029000
2707.834910 12.083000 0.035000
2709.823130 11.996000 0.028000
2711.836100 11.805000 0.027000
2713.816250 11.284000 0.032000
2715.813970 12.098000 0.025000
2722.863350 11.172000 0.026000
2726.793550 11.837000 0.036000
2728.787900 11.409000 0.032000
2730.785500 12.142000 0.026000
2735.780620 11.581000 0.024000
2737.762000 11.774000 0.026000
2739.766800 12.000000 0.024000
2749.792580 11.843000 0.036000
2754.727240 12.006000 0.031000
2755.913390 11.893000 0.025000
2757.721540 11.694000 0.024000
2759.768610 11.441000 0.023000
2761.712750 12.023000 0.023000
2763.695490 11.932000 0.024000
2766.779150 11.680000 0.023000
2770.699060 12.023000 0.030000
2785.729770 11.996000 0.027000
2787.690790 11.910000 0.025000
2790.719050 11.358000 0.026000
2794.631530 11.907000 0.024000
2804.643190 11.535000 0.034000
2808.645190 12.043000 0.037000
2809.789640 12.144000 0.026000
2811.666910 11.751000 0.024000
2812.762880 11.810000 0.032000
2820.646560 11.481000 0.025000
2832.565010 11.959000 0.030000
2836.722440 11.680000 0.033000
2840.601790 11.914000 0.030000
2842.591900 11.623000 0.031000
2845.596690 12.080000 0.028000
2851.504440 11.527000 0.029000
2853.632990 11.662000 0.034000
2859.490020 12.123000 0.030000
2861.495460 11.942000 0.033000
2862.642410 12.036000 0.034000
2874.587390 11.521000 0.024000
2878.579500 11.951000 0.036000
2886.477410 11.903000 0.033000
2896.537280 11.697000 0.024000
2898.530910 11.141000 0.036000
2900.525830 11.955000 0.037000
2906.511140 11.376000 0.022000
2909.514620 11.939000 0.023000
2915.482580 11.975000 0.037000
3042.886690 11.811000 0.032000
3060.863530 11.208000 0.026000
3064.850740 11.959000 0.030000
3068.831560 11.317000 0.027000
3077.892570 11.572000 0.036000
3080.849870 11.930000 0.032000
3085.864980 12.126000 0.030000
3088.804970 11.850000 0.038000
3091.795280 11.299000 0.030000
3098.828070 11.519000 0.026000
3100.819710 12.090000 0.027000
3105.817600 11.651000 0.029000
3107.823410 11.174000 0.028000
3112.802310 11.731000 0.035000
3115.737720 12.125000 0.027000
3118.803960 11.992000 0.027000
3122.734810 11.842000 0.028000
3124.787430 12.040000 0.029000
3126.752390 11.845000 0.028000
3128.731450 11.475000 0.035000
3132.743240 12.030000 0.030000
3142.751340 11.810000 0.025000
3146.629350 11.945000 0.025000
3154.598900 11.975000 0.029000
3163.616750 11.953000 0.026000
3165.650750 11.747000 0.030000
3168.669140 11.473000 0.026000
3171.663250 11.918000 0.029000
3175.645310 11.097000 0.028000
3177.670500 12.079000 0.033000
3180.607580 11.775000 0.024000
3187.593860 11.881000 0.030000
3190.619170 11.266000 0.028000
3273.486440 11.658000 0.030000
3389.875860 11.605000 0.036000
3393.870450 12.015000 0.028000
3394.873030 11.948000 0.035000
3402.877190 11.992000 0.027000
3407.859880 11.821000 0.032000
3411.858820 11.892000 0.028000
3414.879090 11.270000 0.027000
3418.852770 11.964000 0.031000
3422.839310 11.298000 0.032000
3425.862100 11.997000 0.028000
3434.831830 11.873000 0.036000
3448.825060 12.713000 0.028000
3453.772990 11.966000 0.031000
3455.781690 11.994000 0.030000
3460.845000 11.496000 0.031000
3468.784010 11.198000 0.026000
3471.761670 11.964000 0.027000
3473.851030 11.954000 0.031000
3476.748990 11.549000 0.026000
3480.803430 11.970000 0.030000
3487.916990 12.109000 0.035000
3490.824970 11.728000 0.033000
3492.820000 11.183000 0.034000
3496.803840 11.953000 0.037000
3502.680620 11.982000 0.038000
3504.731230 11.807000 0.035000
3508.733470 12.175000 0.031000
3510.791340 12.047000 0.031000
3515.696520 12.128000 0.029000
3523.683620 12.156000 0.036000
3529.782820 11.662000 0.028000
3544.722700 11.657000 0.030000
3547.774930 11.396000 0.035000
3552.587850 11.788000 0.038000
3562.642000 12.094000 0.031000
3564.580810 11.899000 0.030000
3570.543690 11.941000 0.031000
3573.623100 12.056000 0.034000
3575.640440 11.467000 0.029000
3587.559220 11.942000 0.027000
3589.573690 11.655000 0.028000
3597.472830 11.219000 0.031000
3602.605920 12.016000 0.031000
3615.509010 12.074000 0.031000
3626.488740 11.782000 0.029000
3629.543130 11.338000 0.031000
3632.498620 11.970000 0.036000
3639.490090 11.950000 0.031000
3642.509250 11.881000 0.037000
3647.483500 11.939000 0.031000
3748.868860 11.981000 0.032000
3754.874210 12.131000 0.034000
3763.879970 11.951000 0.036000
3767.877170 11.526000 0.029000
3772.870760 11.950000 0.027000
3783.895710 11.571000 0.032000
3789.853010 11.772000 0.029000
3793.831670 12.053000 0.029000
3796.889160 11.998000 0.028000
3804.809390 11.836000 0.037000
3808.807030 12.125000 0.033000
3822.796730 11.184000 0.037000
3825.792100 11.991000 0.032000
3828.788520 11.697000 0.034000
3831.776000 12.205000 0.030000
3833.814250 12.000000 0.030000
3835.832990 11.996000 0.030000
3837.840850 11.582000 0.035000
3847.786870 12.089000 0.039000
3856.763260 12.023000 0.033000
3863.734150 11.929000 0.029000
3865.738010 11.948000 0.030000
3870.725560 12.110000 0.033000
3872.723680 11.956000 0.032000
3875.804690 11.739000 0.036000
3879.660540 11.920000 0.036000
3881.694910 11.798000 0.026000
3883.557000 12.103000 0.028000
3883.559390 12.114000 0.028000
3883.561860 12.064000 0.029000
3883.565040 12.139000 0.028000
3883.568330 12.128000 0.028000
3883.570830 12.083000 0.028000
3883.573370 12.080000 0.029000
3883.575890 12.126000 0.028000
3883.578400 12.111000 0.028000
3883.580880 12.094000 0.027000
3883.583380 12.071000 0.029000
3883.586650 12.062000 0.026000
3883.589170 11.981000 0.028000
3883.591640 11.979000 0.028000
3883.597780 11.877000 0.027000
3883.604330 11.663000 0.029000
3883.609520 11.566000 0.030000
3883.615880 11.470000 0.033000
3883.645160 11.180000 0.029000
3883.701100 11.420000 0.036000
3886.677200 11.973000 0.027000
3890.670280 11.533000 0.033000
3892.660350 12.057000 0.029000
3902.682060 11.953000 0.026000
3904.706390 11.922000 0.036000
3906.718740 11.607000 0.028000
3912.713200 11.880000 0.031000
4126.877290 12.014000 0.028000
4134.866990 11.951000 0.031000
4151.843830 11.745000 0.036000
4164.892490 11.959000 0.032000
4172.857690 11.969000 0.035000
4184.803940 11.241000 0.035000
4190.874340 11.919000 0.036000
4192.803830 11.203000 0.032000
4194.802560 11.995000 0.033000
4204.824790 11.995000 0.037000
4207.866260 11.638000 0.039000
4215.784010 11.290000 0.040000
4228.746260 11.770000 0.038000
4230.743970 11.344000 0.038000
4234.734510 11.947000 0.033000
4246.677270 11.822000 0.037000
4255.705460 12.085000 0.035000
4273.691360 11.967000 0.032000
4276.581210 11.739000 0.040000
4290.726310 11.814000 0.036000
4292.614910 11.495000 0.033000
4298.624070 11.590000 0.039000
4315.619890 11.171000 0.037000
4319.538130 11.855000 0.040000
4329.473790 11.187000 0.037000
4352.515550 11.512000 0.031000
4355.522690 12.030000 0.040000
4357.521550 11.955000 0.031000
4362.490230 12.068000 0.033000
4364.535090 11.967000 0.035000
4368.524120 11.447000 0.036000
4371.497970 11.961000 0.034000
4375.494570 11.527000 0.035000
4378.490480 12.073000 0.035000
4383.486010 11.428000 0.040000
4487.871870 12.036000 0.034000
4492.878740 11.161000 0.032000
4499.881130 11.454000 0.033000
4503.875990 12.021000 0.032000
4507.862990 11.336000 0.036000
4517.850460 12.101000 0.033000
4520.862660 11.894000 0.032000
4527.840160 11.933000 0.032000
4530.879440 11.553000 0.030000
4535.865790 11.992000 0.034000
4538.850120 11.476000 0.034000
4541.833070 12.042000 0.029000
4547.801990 12.035000 0.035000
4559.786550 11.803000 0.031000
4562.775200 11.649000 0.035000
4564.854500 12.074000 0.038000
4567.766270 11.690000 0.034000
4570.751450 12.107000 0.031000
4576.775880 11.443000 0.035000
4582.724710 11.764000 0.030000
4585.769020 11.117000 0.035000
4590.705670 11.680000 0.040000
4592.822990 11.566000 0.036000
4594.759360 12.069000 0.033000
4596.774210 11.960000 0.035000
4599.683580 11.271000 0.036000
4601.715660 12.095000 0.032000
4609.610190 12.002000 0.031000
4611.676880 11.949000 0.032000
4615.776900 11.574000 0.039000
4617.680140 12.014000 0.039000
4623.646850 11.624000 0.033000
4627.623420 11.845000 0.037000
4629.605620 11.337000 0.032000
4631.620040 12.128000 0.030000
4640.618220 11.989000 0.040000
4642.610850 11.964000 0.040000
4644.624830 11.635000 0.038000
4648.642600 12.042000 0.038000
4652.700600 11.757000 0.032000
4654.684890 11.241000 0.035000
4656.660410 12.043000 0.031000
4662.705780 11.392000 0.033000
4664.688210 12.036000 0.034000
4666.704260 11.961000 0.034000
4670.656440 11.279000 0.037000
4672.679000 11.984000 0.034000
4679.495390 12.023000 0.035000
4682.493690 11.508000 0.034000
4690.476580 11.368000 0.030000
4697.570130 11.799000 0.035000
4722.523110 11.398000 0.038000
4729.511000 11.563000 0.037000
4737.508050 11.497000 0.034000
4855.875450 12.163000 0.034000
4862.883820 11.140000 0.034000
4868.860000 11.543000 0.032000
4882.858400 11.872000 0.032000
4938.747450 11.310000 0.040000
4940.803240 11.658000 0.038000
4946.729050 11.199000 0.040000
1925.869240 11.807000 0.051000
1949.840010 11.620000 0.055000
1950.899330 11.677000 0.049000
1962.806340 11.894000 0.052000
1966.820160 11.209000 0.046000
1971.911160 11.987000 0.042000
1976.880970 12.090000 0.041000
1978.840190 11.990000 0.042000
1979.837480 11.874000 0.044000
1984.886920 12.166000 0.042000
1985.818550 11.932000 0.043000
1994.721130 11.705000 0.048000
1995.794620 11.784000 0.042000
1996.791400 11.610000 0.042000
1997.798310 11.321000 0.043000
1998.786050 11.939000 0.045000
2000.782840 11.997000 0.044000
2014.719060 11.949000 0.044000
2016.740300 12.012000 0.045000
2018.736300 11.668000 0.049000
2040.689810 11.830000 0.040000
2055.652040 11.905000 0.033000
2059.685970 11.386000 0.035000
2071.652600 11.881000 0.037000
2080.522950 11.112000 0.043000
2177.476890 11.757000 0.046000
2452.570940 12.073000 0.043000
2459.584210 11.701000 0.041000
2469.550170 12.002000 0.045000
2487.621370 11.882000 0.050000
2490.496320 12.063000 0.043000
2493.487750 11.856000 0.051000
2495.502240 11.610000 0.041000
2497.511940 11.362000 0.042000
2508.584120 11.980000 0.042000
2510.541970 11.795000 0.043000
2524.532970 11.934000 0.043000
2659.872640 11.164000 0.045000
2672.863770 11.840000 0.053000
2690.874790 11.336000 0.053000
2743.738420 11.372000 0.041000
2822.673050 11.460000 0.043000
2833.687050 11.994000 0.042000
2891.480430 11.908000 0.060000
2894.510690 11.923000 0.050000
3056.850490 11.889000 0.046000
3096.834510 11.780000 0.044000
3134.743370 11.871000 0.047000
3151.854580 11.812000 0.033000
3398.876080 11.416000 0.044000
3438.856610 11.273000 0.036000
3442.866770 11.951000 0.035000
3450.834360 11.836000 0.047000
3465.911250 11.985000 0.039000
3478.778900 12.016000 0.048000
3517.690830 12.018000 0.037000
3521.677130 11.307000 0.044000
3525.708870 11.945000 0.037000
3560.623520 11.123000 0.047000
3583.503260 12.158000 0.042000
3585.551930 11.957000 0.049000
3591.640120 11.397000 0.038000
3609.473940 11.946000 0.039000
3618.545720 11.969000 0.041000
3635.490360 11.659000 0.045000
3652.485040 11.350000 0.043000
3800.866400 11.296000 0.037000
3811.846890 11.942000 0.045000
3816.867830 11.522000 0.045000
3819.809050 11.920000 0.044000
3849.778180 11.901000 0.044000
3851.815090 11.861000 0.046000
3858.842380 11.930000 0.040000
3861.702600 11.914000 0.038000
3883.630540 11.323000 0.037000
3883.672240 11.211000 0.041000
3898.648820 11.367000 0.041000
3908.769910 11.263000 0.041000
4158.838660 11.930000 0.032000
4161.855320 11.229000 0.042000
4178.835080 12.026000 0.042000
4181.815110 11.822000 0.045000
4188.812330 11.996000 0.049000
4199.740270 11.165000 0.046000
4202.808100 12.073000 0.045000
4232.741520 12.183000 0.050000
4257.707110 11.962000 0.044000
4284.760660 11.642000 0.042000
4296.619500 11.976000 0.049000
4300.578780 12.036000 0.055000
4308.522450 11.999000 0.045000
4312.613940 11.848000 0.047000
4343.566110 11.790000 0.045000
4349.578080 12.000000 0.043000
4572.771570 11.976000 0.042000
4574.769610 11.880000 0.041000
4587.811940 12.250000 0.044000
4646.618080 11.454000 0.043000
4650.696370 12.022000 0.037000
4709.527070 11.976000 0.051000
4720.488940 11.705000 0.050000
4726.518330 11.905000 0.038000
4733.501060 12.058000 0.042000
4844.870970 11.650000 0.037000
4872.853330 11.998000 0.041000
4886.840740 12.144000 0.050000
4902.866710 12.091000 0.048000
4914.854340 11.802000 0.051000
4917.829800 12.036000 0.045000
4920.794960 11.928000 0.040000
4924.835030 11.108000 0.041000
4931.766160 11.149000 0.042000
4935.807720 11.973000 0.042000
4948.805030 11.931000 0.043000
4955.751450 11.702000 0.045000
4966.693320 11.844000 0.042000
4968.744250 11.643000 0.052000
4992.825490 11.750000 0.045000
5021.687650 11.918000 0.045000
5023.690570 11.573000 0.042000
5047.494690 12.020000 0.042000
5049.541620 11.955000 0.041000
5084.516340 11.356000 0.043000
5089.498730 11.907000 0.042000
5092.502980 11.244000 0.042000
5099.485020 11.379000 0.046000
4745.485190 29.999000 0.038000
2724.792220 11.963000 0.033000
3828.643200 11.168000 0.038000
3828.677420 11.310000 0.034000
3829.659430 12.036000 0.034000
3829.688970 11.512000 0.033000
3829.718210 11.151000 0.032000
3830.631690 11.946000 0.039000
2782.677750 11.281000 0.057000
