2728.814430 10.360000 0.028000
3000.829960 11.159000 0.027000
2956.850640 10.331000 0.047000
1954.691590 10.601000 0.030000
2194.879970 10.886000 0.032000
2201.875320 11.095000 0.032000
2206.855550 10.705000 0.031000
2212.868210 11.137000 0.034000
2215.843680 11.265000 0.037000
2222.811990 10.351000 0.037000
2227.824360 11.091000 0.037000
2232.824930 10.996000 0.037000
2236.819160 10.967000 0.039000
2241.803790 10.389000 0.038000
2249.793090 10.601000 0.041000
3365.813730 10.460000 0.030000
3391.730060 10.720000 0.030000
3399.791730 10.776000 0.031000
4409.855780 11.297000 0.028000
4770.850190 11.002000 0.030000
4774.849920 10.919000 0.034000
4778.835410 10.879000 0.027000
4786.846920 10.835000 0.035000
2262.786650 11.256000 0.048000
2197.872820 11.127000 0.045000
2225.814770 10.684000 0.038000
2229.821870 10.710000 0.058000
2239.816640 11.101000 0.039000
2243.799190 11.122000 0.048000
2247.818350 11.074000 0.045000
2251.789370 11.012000 0.041000
2253.774380 11.207000 0.042000
2255.777200 10.924000 0.042000
2264.802330 10.493000 0.050000
2266.752180 11.078000 0.053000
2269.822370 11.174000 0.052000
3382.814820 11.129000 0.043000
3386.740700 11.128000 0.037000
3448.650740 10.867000 0.048000
3450.636720 11.088000 0.043000
3394.776130 29.999000 0.034000
3365.840460 10.586000 0.032000
4151.822960 11.049000 0.038000
4174.836390 11.086000 0.027000
3386.766970 11.091000 0.046000
3391.814920 10.948000 0.054000
1869.811220 10.923000 0.031000
1873.806310 10.876000 0.032000
1877.790850 10.780000 0.031000
1879.789250 11.088000 0.030000
1881.777530 10.690000 0.029000
1885.744570 10.531000 0.028000
1886.858250 10.378000 0.028000
1888.782920 10.988000 0.031000
1899.807980 11.159000 0.026000
1902.761120 11.094000 0.028000
1903.867270 11.105000 0.030000
1904.861950 10.946000 0.028000
1906.733930 11.149000 0.029000
1907.791520 11.074000 0.026000
1913.767050 11.175000 0.026000
1914.775800 11.162000 0.028000
1919.717950 10.781000 0.033000
1920.754600 10.409000 0.029000
1921.772500 11.294000 0.029000
1922.759300 11.084000 0.026000
1924.746870 10.319000 0.029000
1925.752210 11.052000 0.037000
1926.753280 11.067000 0.028000
1928.743930 10.483000 0.026000
1930.737600 11.026000 0.026000
1931.732380 10.701000 0.035000
1932.730050 11.069000 0.025000
1933.748730 11.108000 0.025000
1934.726850 10.979000 0.027000
1935.642570 10.394000 0.026000
1935.772430 10.729000 0.025000
1936.774170 10.651000 0.025000
1938.677690 10.814000 0.027000
1939.747040 10.589000 0.025000
1940.767700 11.117000 0.026000
1946.742500 10.835000 0.028000
1948.675850 11.123000 0.032000
1949.704690 11.055000 0.031000
1950.689050 10.703000 0.030000
1953.686670 10.930000 0.031000
1955.690620 11.212000 0.033000
1958.670290 10.463000 0.030000
1961.628890 10.758000 0.029000
1962.691360 10.431000 0.041000
1963.668340 11.079000 0.038000
1964.664880 11.070000 0.036000
1965.660270 10.784000 0.029000
1966.667010 10.330000 0.036000
1968.652360 11.050000 0.038000
1970.684180 10.332000 0.041000
1982.623220 11.212000 0.043000
1985.618440 10.355000 0.043000
1994.553720 11.102000 0.045000
2025.505890 11.048000 0.030000
2027.507050 10.801000 0.031000
2030.509900 10.615000 0.032000
2032.508880 11.104000 0.031000
2034.500780 10.519000 0.035000
2038.484450 10.380000 0.032000
2052.454420 10.922000 0.032000
2056.523820 11.038000 0.029000
2058.504610 11.168000 0.033000
2067.485350 11.080000 0.035000
2070.462860 11.123000 0.030000
2080.519730 10.764000 0.031000
2085.458450 11.203000 0.029000
2088.464900 10.429000 0.028000
2444.501990 10.502000 0.027000
2464.476720 11.079000 0.031000
2558.870780 10.512000 0.028000
2562.862490 10.372000 0.032000
2564.880560 11.184000 0.035000
2622.749790 10.864000 0.027000
2624.800980 11.187000 0.028000
2627.832940 10.641000 0.032000
2634.834880 10.983000 0.031000
2637.775930 11.079000 0.026000
2639.821890 10.371000 0.025000
2642.784780 10.707000 0.026000
2645.765380 10.949000 0.026000
2649.750230 10.884000 0.027000
2651.735610 11.093000 0.025000
2655.817430 11.180000 0.029000
2660.765760 11.104000 0.030000
2662.768590 10.298000 0.039000
2664.766960 11.047000 0.026000
2666.757670 10.633000 0.040000
2668.763400 11.020000 0.038000
2670.791970 10.504000 0.026000
2672.757590 10.953000 0.037000
2674.749940 11.201000 0.032000
2676.731820 10.867000 0.027000
2678.722900 11.113000 0.027000
2680.715900 10.771000 0.025000
2685.831200 10.678000 0.030000
2689.709570 11.119000 0.029000
2695.694190 10.870000 0.026000
2697.700470 11.193000 0.026000
2699.695700 10.856000 0.027000
2701.693740 11.096000 0.025000
2703.689620 10.779000 0.027000
2705.681960 11.139000 0.027000
2707.678400 10.705000 0.028000
2710.647070 10.939000 0.026000
2712.605320 11.101000 0.025000
2713.714310 11.129000 0.027000
2717.666330 11.085000 0.028000
2721.685380 11.107000 0.028000
2722.803110 11.099000 0.028000
2726.672760 10.792000 0.024000
2728.659400 11.081000 0.025000
2730.653100 10.690000 0.027000
2732.762580 11.226000 0.028000
2734.603690 10.458000 0.025000
2736.578660 11.076000 0.026000
2738.585320 10.309000 0.027000
2740.578300 11.051000 0.030000
2743.640560 11.146000 0.028000
2745.663040 10.861000 0.036000
2750.581080 11.192000 0.027000
2751.681330 11.142000 0.029000
2756.621560 10.997000 0.029000
2759.512500 11.017000 0.034000
2760.689450 11.047000 0.026000
2764.630350 10.919000 0.025000
2770.626410 11.097000 0.027000
2782.596070 11.145000 0.031000
2784.569680 10.462000 0.027000
2786.564990 11.122000 0.025000
2789.560880 11.091000 0.032000
2791.598780 10.853000 0.029000
2794.536250 10.988000 0.031000
2797.517090 11.106000 0.039000
2809.516540 11.082000 0.026000
2811.519870 10.371000 0.026000
2813.518110 11.058000 0.026000
2819.479070 11.215000 0.030000
2821.535700 11.008000 0.028000
2826.503320 10.456000 0.027000
2830.495840 10.324000 0.031000
2832.497780 11.067000 0.029000
2834.498970 10.302000 0.030000
2841.479430 10.625000 0.026000
2845.461720 10.484000 0.026000
2923.882960 11.144000 0.033000
2927.872240 11.099000 0.031000
2931.871190 11.146000 0.030000
2946.836560 11.102000 0.026000
2947.852460 10.925000 0.032000
2949.857810 11.235000 0.026000
2954.840670 11.044000 0.041000
2957.845000 11.063000 0.034000
2961.829160 11.104000 0.030000
2965.814880 11.097000 0.030000
2968.856030 10.717000 0.033000
2973.822180 11.122000 0.029000
2976.787980 11.087000 0.028000
2979.794350 10.409000 0.027000
2982.827460 10.795000 0.034000
2985.828860 11.056000 0.027000
2988.814980 11.105000 0.031000
2991.823650 10.916000 0.027000
2994.813840 10.597000 0.028000
2997.802250 10.883000 0.029000
3001.793570 10.858000 0.027000
3005.745290 10.657000 0.027000
3007.808590 11.085000 0.032000
3010.764360 11.133000 0.032000
3013.764540 10.587000 0.029000
3016.822020 11.045000 0.026000
3019.744570 11.093000 0.027000
3023.821710 11.143000 0.035000
3028.785480 10.814000 0.027000
3031.716960 10.963000 0.030000
3033.762280 10.653000 0.028000
3036.709590 10.453000 0.036000
3040.833410 10.800000 0.029000
3043.704410 10.783000 0.031000
3045.742620 11.148000 0.028000
3051.687800 10.660000 0.037000
3053.769730 11.125000 0.038000
3056.652450 11.127000 0.028000
3060.732970 11.172000 0.029000
3068.666420 11.139000 0.027000
3070.694980 10.797000 0.031000
3072.775740 11.200000 0.031000
3074.763100 10.886000 0.032000
3076.792520 11.185000 0.029000
3078.840000 10.984000 0.030000
3081.587000 10.738000 0.028000
3085.625270 10.754000 0.029000
3087.625740 11.100000 0.040000
3091.642080 11.092000 0.027000
3097.627360 10.618000 0.032000
3101.692430 10.754000 0.032000
3103.691630 11.142000 0.030000
3105.672000 10.609000 0.032000
3107.676550 11.131000 0.028000
3109.679060 10.592000 0.027000
3112.510440 10.405000 0.028000
3114.545280 11.116000 0.028000
3121.593160 11.251000 0.027000
3125.619540 11.219000 0.030000
3131.675010 10.993000 0.031000
3142.547480 10.910000 0.027000
3145.580170 11.140000 0.027000
3153.550160 11.111000 0.027000
3159.493010 11.191000 0.032000
3162.539140 10.630000 0.030000
3164.558340 11.134000 0.026000
3167.561570 11.114000 0.026000
3171.512370 11.112000 0.029000
3175.516100 11.080000 0.027000
3177.530060 10.801000 0.029000
3182.511380 10.734000 0.028000
3187.506310 11.133000 0.030000
3356.788940 10.948000 0.031000
3396.715840 11.226000 0.037000
3403.773600 10.654000 0.033000
3410.774990 10.972000 0.036000
3415.666930 11.171000 0.032000
3427.764630 10.631000 0.039000
3436.763800 11.086000 0.034000
3439.739700 11.167000 0.033000
3452.743900 11.053000 0.041000
3455.813720 11.101000 0.039000
3457.734880 10.596000 0.034000
3459.729430 11.101000 0.029000
3461.771320 10.608000 0.037000
3464.553460 10.313000 0.026000
3466.592040 11.121000 0.032000
3469.596070 11.079000 0.026000
3471.602080 10.823000 0.027000
3473.605990 11.075000 0.028000
3477.670720 11.189000 0.026000
3481.646260 11.133000 0.032000
3483.662960 10.846000 0.036000
3487.656520 10.751000 0.031000
3490.659040 11.053000 0.035000
3496.660390 11.128000 0.038000
3499.665080 10.600000 0.029000
3509.537900 10.877000 0.028000
3511.641390 10.364000 0.029000
3515.641650 10.627000 0.033000
3517.634080 10.993000 0.032000
3525.606280 10.853000 0.029000
3530.494810 11.164000 0.031000
3538.541460 11.212000 0.030000
3556.509250 10.557000 0.028000
3560.486800 10.344000 0.036000
3562.488280 11.431000 0.030000
3564.482110 10.350000 0.029000
3570.487130 10.970000 0.029000
3665.868550 11.133000 0.038000
3672.858940 11.163000 0.031000
3700.816910 10.923000 0.039000
3708.807220 10.830000 0.034000
3716.832170 10.787000 0.039000
3724.792070 10.532000 0.031000
3757.823700 11.123000 0.032000
3760.719220 11.155000 0.038000
3773.690840 10.797000 0.040000
3775.739680 11.194000 0.036000
3780.666060 10.958000 0.037000
3787.720800 11.082000 0.037000
3792.680010 10.829000 0.038000
3794.729390 11.231000 0.035000
3796.844560 11.112000 0.029000
3799.627720 11.027000 0.040000
3805.773250 10.558000 0.033000
3810.798480 11.284000 0.040000
3813.580630 11.136000 0.034000
3817.656880 11.187000 0.037000
3826.539650 10.821000 0.033000
3830.650030 10.940000 0.038000
3836.667190 11.182000 0.039000
3852.590630 11.119000 0.037000
3854.602070 10.549000 0.032000
3856.660030 11.093000 0.036000
3863.574480 11.088000 0.038000
3865.580910 10.747000 0.034000
3867.624080 11.123000 0.038000
3869.620220 10.824000 0.040000
3875.602010 11.105000 0.031000
3877.652330 10.800000 0.031000
3881.558660 10.420000 0.029000
3883.620020 11.146000 0.031000
3887.579720 11.069000 0.029000
3891.563510 11.039000 0.029000
3893.573090 10.395000 0.034000
3897.540020 11.280000 0.031000
3901.585910 10.798000 0.032000
3904.499020 10.293000 0.035000
3906.515910 11.132000 0.035000
3908.523740 10.309000 0.038000
4104.734210 11.085000 0.039000
4107.758060 11.158000 0.029000
4111.830400 10.326000 0.036000
4125.733890 10.730000 0.027000
4127.797880 11.156000 0.029000
4130.706390 11.227000 0.031000
4136.807200 11.064000 0.038000
4139.694800 11.085000 0.028000
4141.730630 10.407000 0.034000
4145.814040 10.658000 0.030000
4149.686940 11.168000 0.032000
4151.733930 11.063000 0.026000
4160.627170 10.646000 0.029000
4162.668590 11.067000 0.032000
4176.639080 11.221000 0.030000
4185.708410 11.103000 0.034000
4189.621810 11.027000 0.027000
4191.646880 10.597000 0.031000
4193.675250 11.056000 0.033000
4204.643290 11.123000 0.036000
4207.675840 11.291000 0.036000
4213.629490 10.754000 0.036000
4216.637880 11.057000 0.033000
4228.668100 11.024000 0.030000
4230.666420 11.215000 0.036000
4232.665600 10.955000 0.037000
4234.663230 11.199000 0.033000
4237.532080 11.262000 0.041000
4253.513990 11.122000 0.028000
4255.591810 10.862000 0.030000
4257.580150 11.126000 0.041000
4267.535240 10.486000 0.029000
4269.567340 11.085000 0.027000
4276.490520 11.150000 0.037000
4278.544850 10.790000 0.028000
4285.494170 10.908000 0.032000
4289.493710 10.860000 0.030000
4291.516920 11.196000 0.035000
4294.464750 10.445000 0.027000
4296.474330 11.091000 0.028000
4299.462720 11.096000 0.028000
4301.469070 10.680000 0.034000
4305.473450 10.623000 0.030000
4392.874670 10.838000 0.033000
4409.850520 11.307000 0.031000
4428.818610 11.131000 0.033000
4431.836960 10.634000 0.031000
4435.808480 10.462000 0.029000
4439.795380 10.341000 0.033000
4443.796530 10.389000 0.031000
4453.818930 11.041000 0.033000
4457.782400 10.873000 0.035000
4460.830140 11.035000 0.038000
4463.793910 11.146000 0.030000
4466.812690 10.399000 0.039000
4469.785250 10.739000 0.034000
4473.777990 10.706000 0.036000
4479.765080 11.142000 0.032000
4488.728540 10.738000 0.037000
4490.781760 11.122000 0.031000
4492.833460 10.892000 0.029000
4498.831940 11.147000 0.032000
4501.705400 11.164000 0.031000
4503.818310 11.094000 0.033000
4506.682380 11.071000 0.035000
4508.760190 10.500000 0.035000
4511.668860 10.643000 0.033000
4515.675620 10.558000 0.032000
4517.736310 11.109000 0.032000
4521.802030 11.111000 0.030000
4524.628520 11.092000 0.028000
4528.732340 11.240000 0.037000
4530.834420 11.107000 0.033000
4536.696240 11.052000 0.026000
4538.738690 10.835000 0.036000
4540.795340 11.261000 0.039000
4542.686800 10.614000 0.039000
4546.717450 10.685000 0.035000
4548.727460 11.174000 0.036000
4551.660000 11.074000 0.037000
4553.693960 10.892000 0.030000
4555.709070 11.183000 0.029000
4557.760860 10.973000 0.029000
4560.582260 10.870000 0.028000
4562.630400 11.205000 0.031000
4564.714730 11.082000 0.029000
4566.723590 10.331000 0.035000
4568.731160 11.118000 0.031000
4571.523880 10.905000 0.031000
4573.566030 10.893000 0.036000
4575.602460 11.092000 0.036000
4579.602780 10.980000 0.039000
4582.604300 11.081000 0.034000
4585.622960 11.028000 0.028000
4587.667320 11.064000 0.032000
4589.701730 10.341000 0.031000
4594.582120 11.115000 0.032000
4596.584330 10.319000 0.033000
4602.601980 11.080000 0.036000
4606.609930 11.008000 0.042000
4608.612250 10.663000 0.038000
4611.558550 10.472000 0.032000
4616.552560 11.105000 0.033000
4618.579460 10.869000 0.031000
4622.571620 10.813000 0.034000
4627.516760 11.270000 0.029000
4631.568050 11.106000 0.032000
4639.552120 11.104000 0.030000
4642.511880 10.540000 0.036000
4644.520060 11.035000 0.033000
4652.491340 10.949000 0.042000
4654.492230 11.144000 0.040000
4672.467650 10.614000 0.040000
4761.870610 11.096000 0.031000
4772.847240 11.191000 0.029000
4776.843430 11.287000 0.040000
4780.829060 11.092000 0.032000
4784.845320 11.106000 0.030000
4792.826630 11.116000 0.030000
4796.857590 11.150000 0.038000
4800.813410 11.102000 0.041000
4804.846880 11.175000 0.032000
4808.797560 11.056000 0.030000
4813.817790 10.697000 0.032000
4816.823520 11.004000 0.034000
4820.785290 10.951000 0.033000
4823.802600 11.111000 0.032000
4829.822130 10.516000 0.035000
4835.775570 11.037000 0.039000
4844.838400 10.738000 0.036000
4850.735540 11.082000 0.031000
4853.755790 11.079000 0.034000
4856.782500 10.372000 0.036000
4860.719130 11.151000 0.033000
4865.727120 11.265000 0.040000
4868.702020 11.118000 0.038000
4879.718410 10.497000 0.036000
4882.647460 10.439000 0.038000
4884.739710 11.140000 0.033000
4921.582460 11.213000 0.041000
2754.622170 11.465000 0.025000
1871.806940 11.176000 0.035000
1875.798960 11.112000 0.034000
1977.637420 10.476000 0.050000
1978.653520 11.131000 0.056000
1980.638290 10.919000 0.057000
1981.655460 10.481000 0.048000
1995.600350 11.012000 0.048000
1996.594390 10.560000 0.050000
2000.586940 10.447000 0.055000
2016.544940 11.234000 0.052000
2095.463330 10.808000 0.045000
2442.462360 11.005000 0.046000
2762.651470 11.269000 0.054000
2766.644060 11.240000 0.029000
2838.460060 11.169000 0.058000
2935.863450 11.026000 0.049000
3089.647560 10.793000 0.042000
3123.600980 10.906000 0.059000
3127.640060 10.973000 0.046000
3129.685040 10.595000 0.047000
3133.680390 11.046000 0.053000
3398.788420 11.123000 0.038000
3405.802840 11.138000 0.047000
3408.685830 11.122000 0.043000
3412.841350 10.582000 0.041000
3417.717340 11.046000 0.039000
3419.714380 10.814000 0.048000
3425.732720 11.005000 0.047000
3431.730280 11.257000 0.046000
3443.609770 11.180000 0.041000
3445.644800 10.460000 0.050000
3454.688420 11.147000 0.041000
3475.722240 11.089000 0.047000
3492.656950 10.747000 0.045000
3502.506420 10.445000 0.036000
3504.542520 11.107000 0.041000
3521.580300 10.815000 0.040000
3523.584250 11.104000 0.043000
3542.496620 11.107000 0.042000
3704.802340 10.852000 0.037000
3720.781960 10.546000 0.043000
3731.812180 10.854000 0.044000
3734.814830 11.162000 0.046000
3737.789330 11.099000 0.038000
3740.776920 10.656000 0.038000
3752.771730 11.222000 0.040000
3755.738800 10.357000 0.040000
3762.814710 10.845000 0.048000
3768.695030 11.119000 0.048000
3770.810790 10.726000 0.048000
3783.718970 11.080000 0.047000
3789.771270 10.780000 0.047000
3801.668950 10.540000 0.043000
3803.839260 11.147000 0.044000
3808.731280 10.791000 0.044000
3819.673140 10.827000 0.044000
3821.739620 11.093000 0.039000
3823.774230 10.936000 0.045000
3828.597590 11.208000 0.043000
3832.650220 11.150000 0.037000
3834.643640 10.910000 0.039000
3848.565930 11.191000 0.050000
3850.598230 10.635000 0.044000
3861.575250 10.822000 0.036000
3871.613840 11.076000 0.041000
3899.566940 11.033000 0.044000
4090.786150 10.919000 0.042000
4132.756790 10.959000 0.037000
4134.789090 10.644000 0.037000
4143.735460 11.119000 0.036000
4157.814510 10.391000 0.037000
4164.693310 10.344000 0.041000
4166.865040 11.174000 0.042000
4174.559520 10.754000 0.045000
4181.676000 11.138000 0.045000
4183.713010 10.587000 0.040000
4196.700980 11.114000 0.044000
4198.740080 10.825000 0.054000
4245.591380 11.266000 0.051000
4259.599120 10.869000 0.042000
4283.474350 11.163000 0.052000
4423.819360 10.657000 0.043000
4476.840640 11.077000 0.048000
4482.784500 11.203000 0.052000
4519.763580 10.778000 0.043000
4526.677560 10.858000 0.039000
4629.525570 10.989000 0.049000
4646.520490 10.662000 0.043000
4656.502060 10.904000 0.042000
4664.480280 10.776000 0.043000
4826.840720 11.158000 0.044000
4838.763200 11.109000 0.046000
4862.806130 11.178000 0.040000
4870.776790 10.974000 0.039000
4876.719130 11.024000 0.040000
4892.645940 11.068000 0.051000
4898.756400 10.580000 0.055000
4902.758920 10.508000 0.052000
4905.703770 10.738000 0.050000
4907.799440 11.317000 0.050000
4914.661910 11.149000 0.045000
4929.687790 10.454000 0.058000
4936.629390 10.422000 0.055000
4946.595040 11.018000 0.056000
4948.639030 10.489000 0.048000
4959.643710 10.640000 0.056000
4962.559770 10.700000 0.045000
4967.592180 10.478000 0.051000
4969.613470 10.992000 0.057000
4975.616380 10.684000 0.046000
4991.583360 11.176000 0.046000
5006.523100 11.133000 0.056000
5013.521650 10.661000 0.052000
5025.480510 11.018000 0.044000
5032.470020 10.942000 0.056000
5037.473570 11.074000 0.044000
5148.853520 11.138000 0.046000
5159.833050 11.151000 0.049000
5163.852040 11.118000 0.048000
5167.848290 11.087000 0.054000
1979.634900 29.999000 0.050000
1984.621570 29.999000 0.043000
1997.592790 29.999000 0.051000
1998.594430 29.999000 0.050000
2011.549270 29.999000 0.059000
2468.452500 29.999000 0.029000
3815.628780 29.999000 0.035000
