1874.515760 13.439000 0.047000
1886.529840 13.114000 0.063000
2025.851110 13.653000 0.045000
2026.907910 13.430000 0.051000
2030.850700 13.283000 0.047000
2033.814530 13.294000 0.049000
2052.812600 13.887000 0.048000
2053.830640 13.707000 0.055000
2054.827080 13.408000 0.060000
2056.818950 13.767000 0.056000
2057.813420 13.673000 0.052000
2058.831710 13.509000 0.064000
2061.852360 13.563000 0.063000
2068.708270 13.333000 0.065000
2069.718980 13.741000 0.065000
2080.709930 13.873000 0.054000
2081.828530 13.739000 0.066000
2085.705600 13.664000 0.061000
2086.765330 13.462000 0.067000
2087.754000 13.198000 0.067000
2088.748330 14.068000 0.044000
2094.670200 13.921000 0.066000
2103.729030 13.585000 0.051000
2104.716580 13.134000 0.046000
2114.728380 13.533000 0.048000
2115.706510 13.157000 0.045000
2116.681860 13.649000 0.041000
2128.654540 13.499000 0.065000
2129.657950 13.265000 0.048000
2132.656080 13.105000 0.049000
2134.652160 14.033000 0.045000
2135.644730 13.590000 0.041000
2136.644150 13.320000 0.044000
2141.633590 13.750000 0.046000
2143.629150 13.257000 0.059000
2145.617320 13.905000 0.039000
2443.760890 13.228000 0.041000
2446.768800 13.506000 0.041000
2467.714730 13.294000 0.047000
2470.663640 13.371000 0.046000
2498.645130 13.788000 0.049000
2508.723250 13.454000 0.036000
2520.656890 13.223000 0.032000
2521.658850 13.683000 0.040000
2526.563500 13.545000 0.056000
2540.681890 13.443000 0.034000
2544.670510 13.429000 0.040000
2545.704710 13.412000 0.036000
2552.692370 13.458000 0.051000
2559.567290 13.047000 0.044000
2560.577060 13.803000 0.039000
2565.643610 13.751000 0.048000
2566.653940 13.245000 0.048000
2620.529930 13.824000 0.063000
2622.561810 13.604000 0.039000
2629.542970 13.621000 0.044000
2634.532970 13.149000 0.042000
2637.531240 13.223000 0.034000
2704.901400 13.378000 0.037000
2711.906170 12.931000 0.039000
2714.900540 13.371000 0.036000
2730.884040 13.787000 0.035000
2734.865120 13.416000 0.038000
2740.859410 13.980000 0.036000
2743.859490 13.402000 0.035000
2756.913220 13.677000 0.033000
2763.855220 13.587000 0.035000
2776.775920 13.645000 0.035000
2784.853230 13.479000 0.033000
2808.844720 13.711000 0.039000
2815.879350 13.738000 0.044000
2821.822880 13.509000 0.036000
2838.872650 13.797000 0.038000
2841.692980 13.294000 0.033000
2854.587150 13.539000 0.030000
2861.803900 13.689000 0.036000
2876.649600 13.764000 0.039000
2883.637870 13.517000 0.033000
2884.804430 13.660000 0.039000
2895.695490 13.269000 0.036000
2898.657190 13.203000 0.037000
2902.799800 13.330000 0.037000
2905.578050 13.519000 0.034000
2907.749220 13.555000 0.034000
2909.690430 13.140000 0.041000
2911.653470 13.578000 0.035000
2916.623040 13.466000 0.039000
2923.621770 13.046000 0.038000
2926.617700 13.473000 0.035000
2928.617530 13.916000 0.032000
2930.614280 12.776000 0.034000
2932.607850 13.548000 0.035000
2934.602350 13.888000 0.033000
2939.606550 13.597000 0.033000
2943.563550 13.439000 0.039000
2949.636540 13.623000 0.035000
2951.646490 13.427000 0.033000
2964.556830 13.804000 0.035000
2972.588280 13.574000 0.033000
2975.548600 13.357000 0.035000
2990.549300 12.987000 0.032000
2993.540800 13.312000 0.033000
2996.541740 13.538000 0.032000
3000.532890 13.363000 0.033000
3091.900490 13.461000 0.034000
3106.905940 12.845000 0.043000
3109.895990 13.465000 0.032000
3113.875470 13.195000 0.033000
3126.877620 13.498000 0.047000
3187.805610 13.369000 0.032000
3194.852270 13.412000 0.064000
2034.902420 13.069000 0.065000
2039.814150 13.527000 0.080000
2055.832840 12.998000 0.071000
2067.691720 13.487000 0.077000
2093.665570 13.231000 0.068000
2151.602350 13.704000 0.069000
2500.637860 13.771000 0.052000
2502.649150 13.902000 0.056000
2556.606060 13.290000 0.056000
2558.558850 13.647000 0.061000
2641.527470 12.969000 0.046000
2915.566420 13.322000 0.049000
2921.639750 13.593000 0.045000
3152.904340 13.059000 0.038000
3159.809690 13.014000 0.038000
3182.753390 13.891000 0.047000
1907.525520 29.999000 0.053000
1978.910320 29.999000 0.056000
1984.899120 29.999000 0.049000
1994.898480 29.999000 0.051000
1996.892560 29.999000 0.048000
1998.884670 29.999000 0.049000
2000.887540 29.999000 0.060000
2064.869300 29.999000 0.061000
2105.711520 29.999000 0.049000
2106.713640 29.999000 0.047000
2117.677800 29.999000 0.044000
2130.657300 29.999000 0.043000
2131.647730 29.999000 0.041000
2133.647820 29.999000 0.034000
2452.691760 29.999000 0.046000
2465.717990 29.999000 0.041000
2466.717630 29.999000 0.046000
2473.678380 29.999000 0.043000
2482.676530 29.999000 0.051000
2486.672010 29.999000 0.049000
2487.697950 29.999000 0.057000
2489.612060 29.999000 0.053000
2494.659080 29.999000 0.043000
2501.648990 29.999000 0.047000
2512.564870 29.999000 0.050000
2523.788810 29.999000 0.041000
2554.578620 29.999000 0.057000
2561.579750 29.999000 0.038000
2563.611160 29.999000 0.039000
2564.617940 29.999000 0.042000
2579.508440 29.999000 0.052000
2627.523880 29.999000 0.036000
2723.877210 29.999000 0.038000
2737.867150 29.999000 0.049000
2747.907770 29.999000 0.038000
2754.899690 29.999000 0.032000
2759.885810 29.999000 0.038000
2761.873960 29.999000 0.040000
2782.921660 29.999000 0.036000
2786.822060 29.999000 0.035000
2810.757500 29.999000 0.037000
2819.805150 29.999000 0.038000
2826.801870 29.999000 0.032000
2832.686320 29.999000 0.034000
2856.827600 29.999000 0.036000
2860.704020 29.999000 0.033000
2866.692660 29.999000 0.038000
2867.750190 29.999000 0.040000
2871.792740 29.999000 0.041000
2874.635310 29.999000 0.033000
2878.653840 29.999000 0.045000
2888.647870 29.999000 0.034000
2892.648600 29.999000 0.037000
2900.628760 29.999000 0.037000
2917.720700 29.999000 0.035000
2945.560250 29.999000 0.038000
2953.658160 29.999000 0.036000
2957.655900 29.999000 0.035000
2977.581870 29.999000 0.035000
2982.576690 29.999000 0.038000
2984.582420 29.999000 0.040000
3070.902670 29.999000 0.036000
3074.903940 29.999000 0.039000
3082.901050 29.999000 0.040000
3087.909650 29.999000 0.034000
3098.893270 29.999000 0.047000
3118.920380 29.999000 0.030000
3130.847630 29.999000 0.048000
3133.857290 29.999000 0.036000
3162.868500 29.999000 0.041000
3165.806440 29.999000 0.040000
3171.813810 29.999000 0.038000
3175.849030 29.999000 0.037000
2030.884570 13.257000 0.049000
2056.841520 13.929000 0.065000
2167.580050 13.381000 0.056000
2168.608110 13.493000 0.047000
2180.564190 13.496000 0.054000
2183.560730 13.732000 0.057000
2194.533880 12.894000 0.047000
2197.534870 13.801000 0.049000
2201.545670 13.634000 0.048000
2464.746350 13.323000 0.042000
2471.791060 13.308000 0.035000
3321.659760 13.575000 0.043000
3483.870510 13.556000 0.049000
3506.895600 13.927000 0.043000
3530.897410 13.195000 0.057000
3551.864110 13.237000 0.044000
3554.829480 13.240000 0.042000
3558.796950 13.340000 0.050000
3563.754040 13.865000 0.045000
3578.844670 13.576000 0.040000
3603.767090 13.516000 0.039000
3619.738370 13.845000 0.048000
3621.853290 13.300000 0.053000
3637.706980 13.804000 0.037000
3648.627640 13.883000 0.039000
3650.687520 13.252000 0.042000
3652.678770 13.705000 0.059000
3656.607230 13.243000 0.042000
3675.578400 14.001000 0.038000
3701.589300 13.825000 0.069000
3704.581470 13.957000 0.079000
3713.588380 13.172000 0.056000
3716.566390 13.556000 0.038000
3722.548620 13.670000 0.047000
3732.546890 13.731000 0.041000
3740.530410 13.611000 0.043000
3741.547960 13.421000 0.052000
3741.555490 13.373000 0.046000
3742.548660 13.508000 0.049000
3743.532150 13.669000 0.072000
3743.540560 13.786000 0.050000
3832.898420 13.459000 0.071000
3849.906900 13.753000 0.085000
3877.889830 13.593000 0.050000
3896.845070 13.536000 0.058000
4227.890880 13.753000 0.050000
4250.912110 13.359000 0.038000
4283.841850 13.520000 0.043000
4289.829580 13.928000 0.041000
4295.883420 13.477000 0.043000
4302.786570 13.274000 0.044000
4308.742940 13.579000 0.042000
4336.879200 13.562000 0.045000
4341.690140 13.243000 0.045000
4349.688090 13.574000 0.042000
4356.587040 13.728000 0.041000
4368.661040 13.416000 0.041000
4380.549940 13.937000 0.041000
4384.615440 13.761000 0.042000
4388.622060 13.869000 0.037000
4392.589810 13.600000 0.044000
4399.726960 13.577000 0.064000
4406.698710 13.767000 0.040000
4409.549670 13.888000 0.042000
4429.575090 13.195000 0.040000
4443.562690 13.242000 0.044000
4569.898690 13.477000 0.037000
4589.861590 13.582000 0.046000
4592.919960 13.574000 0.040000
4630.832300 13.233000 0.044000
4653.820040 13.847000 0.038000
4697.784110 13.255000 0.044000
4728.841340 13.703000 0.043000
4738.777230 13.668000 0.049000
4750.591500 12.906000 0.040000
4756.709970 13.564000 0.073000
4775.669600 13.291000 0.041000
4779.654970 13.429000 0.082000
4822.547340 13.626000 0.051000
4947.883300 13.328000 0.049000
5012.860060 13.571000 0.058000
5021.838550 13.401000 0.045000
5048.663580 13.787000 0.048000
2025.845880 13.679000 0.050000
2026.930580 13.566000 0.070000
2067.737850 13.564000 0.072000
2068.731690 13.444000 0.073000
2069.727980 13.206000 0.069000
2083.727930 13.141000 0.067000
2136.667380 12.981000 0.055000
2156.634660 13.531000 0.054000
2169.623840 13.839000 0.047000
2172.590830 13.771000 0.056000
2173.595980 13.834000 0.055000
2178.556690 13.129000 0.043000
2179.558820 13.874000 0.061000
2184.579810 13.540000 0.049000
2185.579310 13.734000 0.046000
2189.540940 13.510000 0.048000
2192.568840 13.321000 0.046000
2195.560970 13.457000 0.055000
2203.526190 13.361000 0.056000
2204.533960 13.825000 0.050000
2205.525130 13.609000 0.049000
2207.521110 13.985000 0.058000
2213.590540 13.331000 0.043000
2215.556680 13.562000 0.059000
2221.512010 13.713000 0.046000
2226.562990 13.868000 0.059000
2228.564050 13.170000 0.049000
2230.555910 13.666000 0.052000
2233.555610 13.861000 0.054000
2235.538010 13.092000 0.060000
2237.548350 13.561000 0.056000
2443.827490 13.487000 0.037000
2446.793740 13.591000 0.037000
2466.739430 13.693000 0.053000
2757.847420 13.134000 0.034000
2765.801530 13.838000 0.032000
2791.764630 13.409000 0.032000
3116.873150 13.420000 0.034000
3326.575940 13.713000 0.037000
3343.547240 13.425000 0.038000
3357.550600 13.123000 0.042000
3365.564270 13.775000 0.056000
3455.898990 12.983000 0.046000
3459.900710 13.170000 0.063000
3467.899730 13.681000 0.059000
3471.894530 13.656000 0.055000
3479.885910 13.467000 0.071000
3497.863470 13.315000 0.049000
3521.870480 13.967000 0.074000
3544.861210 13.032000 0.051000
3569.801280 13.326000 0.038000
3582.868420 13.583000 0.039000
3585.698130 13.443000 0.052000
3587.736700 13.855000 0.047000
3590.678830 13.952000 0.045000
3592.730340 13.542000 0.051000
3596.713560 13.348000 0.045000
3601.777190 13.671000 0.035000
3625.640090 13.355000 0.046000
3630.680580 14.128000 0.036000
3632.699660 13.285000 0.042000
3634.731300 13.957000 0.052000
3639.801820 13.397000 0.036000
3642.681570 13.469000 0.037000
3644.749310 13.530000 0.054000
3654.611520 13.723000 0.043000
3660.661780 13.081000 0.047000
3664.718430 13.251000 0.043000
3668.597510 13.928000 0.034000
3670.641000 13.657000 0.036000
3672.688600 14.029000 0.045000
3677.695960 13.870000 0.054000
3707.565250 14.037000 0.039000
3711.588830 13.870000 0.036000
3728.552090 13.643000 0.060000
3736.540720 13.771000 0.039000
3739.529010 13.975000 0.041000
3739.534100 13.872000 0.045000
3740.533160 13.936000 0.053000
3741.535660 13.427000 0.046000
3741.541440 13.410000 0.053000
3741.545590 13.340000 0.047000
3741.550460 13.285000 0.049000
3741.552950 13.411000 0.043000
3742.532830 13.603000 0.046000
3742.535210 13.658000 0.058000
3742.537780 13.542000 0.048000
3742.541230 13.507000 0.045000
3742.543600 13.429000 0.050000
3742.546110 13.445000 0.045000
3742.551190 13.299000 0.048000
3742.553660 13.358000 0.044000
3743.534630 13.901000 0.051000
3743.537230 13.759000 0.048000
3743.545470 13.648000 0.047000
3743.547990 13.569000 0.048000
3743.550490 13.840000 0.041000
3828.904660 13.556000 0.076000
3853.879090 13.561000 0.049000
3857.896540 13.323000 0.060000
3861.861200 13.175000 0.046000
3864.870230 13.707000 0.067000
3882.879230 13.385000 0.051000
3887.866070 13.784000 0.045000
3892.908940 13.509000 0.046000
3904.884230 13.010000 0.046000
3907.796320 13.089000 0.047000
4092.561510 13.825000 0.052000
4105.537080 13.198000 0.056000
4191.898940 13.929000 0.048000
4204.893290 13.949000 0.061000
4230.879850 13.682000 0.046000
4233.920510 13.579000 0.056000
4246.862190 13.269000 0.046000
4255.803880 13.717000 0.038000
4258.848660 13.716000 0.050000
4274.866390 12.972000 0.048000
4277.811840 13.411000 0.040000
4285.827180 13.331000 0.046000
4291.828670 13.388000 0.040000
4293.818780 13.828000 0.042000
4304.735730 13.552000 0.048000
4306.736060 13.694000 0.039000
4312.771750 13.764000 0.048000
4316.646650 13.630000 0.053000
4319.730310 13.503000 0.041000
4332.671780 13.617000 0.047000
4339.662340 14.194000 0.039000
4343.691860 13.638000 0.049000
4345.693540 13.944000 0.045000
4347.692770 13.427000 0.043000
4351.707810 13.626000 0.046000
4353.843150 13.659000 0.043000
4358.628790 13.257000 0.038000
4362.693470 13.304000 0.034000
4364.620410 13.737000 0.038000
4366.818660 13.342000 0.045000
4377.735160 13.297000 0.063000
4382.609740 13.615000 0.038000
4386.642120 13.458000 0.036000
4403.539090 13.489000 0.041000
4422.658820 13.409000 0.045000
4426.638640 13.281000 0.052000
4431.646350 14.106000 0.042000
4437.535460 14.296000 0.049000
4458.566570 13.447000 0.050000
4462.534960 13.486000 0.038000
4465.538790 13.414000 0.058000
4468.530000 13.103000 0.049000
4561.894890 13.491000 0.064000
4565.893180 13.877000 0.049000
4573.873450 13.221000 0.058000
4576.898620 13.601000 0.054000
4585.892420 13.862000 0.044000
4602.864210 13.139000 0.044000
4610.829440 13.577000 0.046000
4616.925730 13.474000 0.042000
4628.822670 13.664000 0.048000
4632.830830 13.846000 0.044000
4639.806200 13.821000 0.043000
4641.860330 13.169000 0.043000
4643.891990 13.636000 0.046000
4648.853510 13.195000 0.057000
4651.779210 13.337000 0.061000
4655.843110 13.207000 0.054000
4661.797490 13.531000 0.049000
4665.791040 13.487000 0.040000
4671.775950 13.785000 0.041000
4674.738970 14.048000 0.041000
4677.799650 14.033000 0.044000
4685.704010 13.602000 0.044000
4687.685110 13.751000 0.059000
4691.659040 13.577000 0.040000
4694.709940 13.502000 0.041000
4701.762660 13.223000 0.046000
4703.794890 13.432000 0.062000
4708.823610 13.308000 0.042000
4710.744040 13.805000 0.044000
4716.650260 13.807000 0.038000
4721.641190 13.264000 0.043000
4724.669320 13.748000 0.039000
4726.720190 13.493000 0.038000
4734.596180 13.616000 0.053000
4741.659800 13.846000 0.037000
4747.632910 13.501000 0.042000
4754.689670 13.236000 0.073000
4759.633170 13.577000 0.043000
4761.718820 13.230000 0.040000
4764.601000 13.462000 0.035000
4766.675260 13.927000 0.043000
4769.584950 13.914000 0.040000
4777.649150 13.690000 0.040000
4783.575100 13.244000 0.072000
4785.635180 13.333000 0.043000
4805.550080 13.420000 0.079000
4807.574300 13.554000 0.062000
4809.613850 13.684000 0.073000
4819.546450 13.780000 0.049000
4985.791740 13.841000 0.052000
5023.852170 13.839000 0.046000
5039.710150 13.189000 0.044000
5041.701840 13.632000 0.046000
5111.661780 13.512000 0.048000
2016.864420 13.063000 0.060000
2171.581260 13.056000 0.055000
2217.563440 13.145000 0.057000
2497.676150 13.529000 0.055000
2526.663270 14.037000 0.053000
3662.679570 13.525000 0.075000
4310.757650 13.597000 0.053000
4968.884780 13.323000 0.055000
4975.895570 13.506000 0.054000
4990.827220 13.022000 0.046000
4993.830500 13.279000 0.057000
5006.857470 13.670000 0.062000
5063.700570 13.610000 0.053000
5087.579040 13.761000 0.070000
5107.575100 13.672000 0.048000
2177.537580 13.402000 0.062000
2248.588220 13.631000 0.066000
2499.665220 13.065000 0.058000
3475.890990 13.582000 0.072000
3741.538040 13.572000 0.087000
3742.529520 13.484000 0.077000
4272.860660 13.654000 0.053000
4330.664390 13.064000 0.057000
4607.824930 13.241000 0.055000
4658.762360 13.289000 0.048000
4743.681820 13.319000 0.063000
4773.665820 13.968000 0.079000
4935.914660 13.826000 0.057000
4939.889220 13.600000 0.055000
4961.888730 13.403000 0.050000
4972.907070 13.434000 0.047000
4987.874390 13.259000 0.048000
5009.796280 13.874000 0.060000
5056.912790 13.596000 0.062000
5070.774130 13.634000 0.053000
5082.777240 13.169000 0.060000
5084.771030 13.569000 0.057000
5093.690310 13.777000 0.047000
5105.537210 13.383000 0.050000
5129.546220 13.769000 0.055000
1999.898550 29.999000 0.055000
2032.836910 29.999000 0.048000
2240.562590 29.999000 0.065000
2442.795460 29.999000 0.043000
2465.750280 29.999000 0.038000
2468.738640 29.999000 0.041000
2473.710390 29.999000 0.037000
2482.683730 29.999000 0.052000
2490.691470 29.999000 0.057000
2493.677820 29.999000 0.045000
2498.672870 29.999000 0.042000
2502.665610 29.999000 0.051000
2539.642800 29.999000 0.064000
2736.882680 29.999000 0.038000
2760.860370 29.999000 0.036000
2783.786520 29.999000 0.034000
3104.904690 29.999000 0.035000
3489.886520 29.999000 0.061000
3501.870370 29.999000 0.065000
3547.880480 29.999000 0.047000
3571.794860 29.999000 0.037000
3576.707710 29.999000 0.043000
3599.773210 29.999000 0.036000
3658.636280 29.999000 0.041000
3725.561680 29.999000 0.065000
3739.536480 29.999000 0.050000
3743.542940 29.999000 0.052000
3824.903070 29.999000 0.042000
3836.888130 29.999000 0.044000
3870.829710 29.999000 0.055000
3902.804360 29.999000 0.040000
4372.679080 29.999000 0.058000
4375.678720 29.999000 0.042000
4420.609120 29.999000 0.044000
4826.533610 29.999000 0.043000
1876.524320 29.999000 0.057000
2011.877750 29.999000 0.058000
2262.532970 29.999000 0.068000
2470.691140 29.999000 0.035000
2486.695110 29.999000 0.047000
2489.658840 29.999000 0.057000
2494.682310 29.999000 0.044000
2495.676530 29.999000 0.043000
2501.665560 29.999000 0.040000
2508.733620 29.999000 0.042000
2512.597900 29.999000 0.050000
2578.584730 29.999000 0.042000
2724.907380 29.999000 0.033000
2739.882380 29.999000 0.034000
2742.881480 29.999000 0.037000
2769.926810 29.999000 0.040000
2804.737190 29.999000 0.035000
3099.892720 29.999000 0.037000
3112.886420 29.999000 0.033000
3463.910050 29.999000 0.067000
3492.895640 29.999000 0.090000
3517.827970 29.999000 0.072000
3524.871100 29.999000 0.053000
3573.861450 29.999000 0.039000
3617.663770 29.999000 0.054000
3867.861210 29.999000 0.047000
3874.898980 29.999000 0.049000
4268.779790 29.999000 0.045000
4621.867920 29.999000 0.054000
4624.840940 29.999000 0.048000
4646.787060 29.999000 0.047000
4663.843600 29.999000 0.051000
4719.736830 29.999000 0.044000
4731.555810 29.999000 0.046000
5068.660670 29.999000 0.058000
5089.626430 29.999000 0.043000
2813.805620 13.577000 0.043000
2930.665780 13.412000 0.037000
1869.536160 13.837000 0.060000
1872.550530 13.411000 0.050000
1903.529500 13.437000 0.046000
1907.535250 13.254000 0.048000
2025.868790 13.581000 0.046000
2030.893760 13.403000 0.047000
2052.852410 13.436000 0.050000
2057.803710 13.709000 0.049000
2061.858720 13.632000 0.062000
2088.779440 13.821000 0.051000
2094.727220 13.477000 0.061000
2104.768730 13.568000 0.049000
2105.752460 13.854000 0.047000
2113.797490 13.812000 0.045000
2115.738050 13.325000 0.046000
2116.722270 13.721000 0.043000
2117.718780 13.737000 0.049000
2128.681440 13.507000 0.060000
2129.696230 13.223000 0.041000
2130.695460 13.719000 0.052000
2132.692030 13.376000 0.051000
2133.685950 13.770000 0.039000
2136.680150 13.211000 0.049000
2145.663380 13.827000 0.036000
2443.840810 13.270000 0.040000
2446.812430 13.454000 0.042000
2460.692290 13.175000 0.032000
2464.763760 13.222000 0.043000
2466.761350 13.859000 0.041000
2468.756000 13.259000 0.043000
2470.717710 13.630000 0.040000
2471.810780 13.151000 0.038000
2501.682910 13.496000 0.040000
2544.769280 13.706000 0.037000
2558.587250 13.506000 0.045000
2559.585840 13.228000 0.037000
2561.589330 13.678000 0.050000
2563.620750 13.258000 0.045000
2565.653210 13.541000 0.040000
2566.663530 13.339000 0.044000
2622.569290 13.670000 0.046000
2743.894090 13.069000 0.034000
2764.858880 13.122000 0.036000
2809.773930 13.513000 0.033000
2821.795820 13.495000 0.037000
2841.753920 13.511000 0.034000
2851.785970 13.451000 0.030000
2854.641060 13.488000 0.027000
2859.671540 13.143000 0.032000
2860.770480 13.238000 0.030000
2884.679290 13.396000 0.036000
2896.669840 13.967000 0.033000
2905.610840 12.993000 0.030000
2915.578810 13.351000 0.036000
2916.637710 13.231000 0.035000
2923.675240 13.110000 0.038000
2926.676510 13.313000 0.035000
2934.651450 13.233000 0.038000
3124.873290 13.167000 0.034000
2053.882840 13.949000 0.063000
2070.766290 14.104000 0.061000
2085.893890 13.770000 0.053000
2106.757200 13.782000 0.059000
2131.688060 13.605000 0.054000
2141.676310 14.203000 0.047000
2144.658920 13.830000 0.059000
2489.683610 13.065000 0.040000
2502.685220 13.618000 0.046000
2552.751500 13.561000 0.044000
2562.604440 13.447000 0.033000
2755.865220 13.420000 0.031000
2770.853470 13.486000 0.034000
2879.644950 11.945000 0.039000
2886.650100 13.664000 0.033000
2898.650440 12.963000 0.035000
2944.579300 13.012000 0.037000
3166.838100 13.523000 0.032000
3180.842170 13.229000 0.038000
1874.563980 13.476000 0.070000
1876.575040 13.836000 0.067000
2016.885450 13.227000 0.056000
2039.861210 13.660000 0.087000
2054.941980 13.858000 0.085000
2055.877910 13.353000 0.069000
2067.780960 13.827000 0.072000
2068.768400 13.302000 0.071000
2069.749070 13.214000 0.067000
2080.757040 13.734000 0.065000
2093.724110 13.449000 0.075000
2140.666550 13.807000 0.072000
2453.721220 13.089000 0.060000
2495.700600 13.632000 0.049000
2497.691210 13.674000 0.054000
2498.683480 13.611000 0.052000
3183.812870 13.319000 0.046000
3191.897800 13.490000 0.067000
3276.716850 12.940000 0.042000
1884.544630 13.551000 0.064000
2096.701560 13.664000 0.081000
2135.685070 13.340000 0.067000
2482.690480 13.117000 0.055000
1887.532960 29.999000 0.053000
1919.526700 29.999000 0.054000
1923.525710 29.999000 0.058000
1998.917710 29.999000 0.055000
2009.894940 29.999000 0.055000
2032.853250 29.999000 0.046000
2095.714390 29.999000 0.067000
2103.814050 29.999000 0.052000
2520.737510 29.999000 0.063000
2526.721590 29.999000 0.051000
2726.900760 29.999000 0.036000
2734.898910 29.999000 0.038000
2758.877090 29.999000 0.033000
2783.803820 29.999000 0.043000
2866.747810 29.999000 0.039000
3162.872870 29.999000 0.042000
2087.735360 29.999000 0.060000
2486.712390 29.999000 0.042000
2499.689360 29.999000 0.049000
2512.618220 29.999000 0.052000
2539.720980 29.999000 0.048000
2546.595340 29.999000 0.043000
2548.608550 29.999000 0.048000
2560.591150 29.999000 0.039000
2564.627540 29.999000 0.042000
2722.910580 29.999000 0.035000
2730.902190 29.999000 0.036000
2737.896000 29.999000 0.042000
2761.861580 29.999000 0.040000
2776.824160 29.999000 0.034000
2785.871600 29.999000 0.050000
2787.861010 29.999000 0.033000
2805.848340 29.999000 0.034000
2818.883690 29.999000 0.034000
2888.685290 29.999000 0.034000
3109.898130 29.999000 0.038000
3131.883260 29.999000 0.035000
3144.925440 29.999000 0.031000
3154.808050 29.999000 0.032000
3158.842020 29.999000 0.051000
3169.854610 29.999000 0.035000
3177.890590 29.999000 0.040000
2007.908990 29.999000 0.066000
2018.874920 29.999000 0.060000
2454.742520 29.999000 0.057000
2465.763230 29.999000 0.039000
2490.711130 29.999000 0.044000
2494.697370 29.999000 0.061000
2538.839360 29.999000 0.054000
2540.820600 29.999000 0.055000
2553.803100 29.999000 0.050000
2577.739970 29.999000 0.058000
2740.900840 29.999000 0.042000
2829.831700 29.999000 0.034000
2832.852960 29.999000 0.032000
2839.818770 29.999000 0.041000
2876.701880 29.999000 0.041000
2892.687060 29.999000 0.039000
2900.649580 29.999000 0.044000
2911.683420 29.999000 0.035000
2947.624270 29.999000 0.035000
3186.817710 29.999000 0.034000
3189.813070 29.999000 0.036000
