1869.516550 12.749000 0.061000
1872.544680 12.793000 0.073000
1874.540120 13.363000 0.051000
1876.566860 13.644000 0.052000
1884.536270 13.833000 0.071000
1886.583880 12.866000 0.048000
1902.540780 13.352000 0.052000
1906.527850 13.615000 0.058000
1921.532340 13.601000 0.057000
2025.929910 13.159000 0.044000
2030.920130 13.643000 0.043000
2032.886650 13.729000 0.047000
2052.874200 13.776000 0.060000
2055.833790 13.755000 0.067000
2058.827970 13.560000 0.059000
2064.890750 13.322000 0.073000
2069.778630 13.558000 0.071000
2070.777260 12.831000 0.069000
2080.781790 13.724000 0.067000
2082.773880 13.790000 0.070000
2085.825100 14.175000 0.063000
2087.760380 12.928000 0.073000
2088.801910 13.633000 0.070000
2103.842440 13.476000 0.054000
2104.793810 12.740000 0.067000
2105.779790 13.792000 0.072000
2106.780110 13.426000 0.070000
2113.811530 13.874000 0.058000
2115.793750 13.119000 0.048000
2116.752200 13.851000 0.057000
2117.739670 13.433000 0.062000
2128.691290 13.484000 0.064000
2129.710640 12.769000 0.068000
2130.714400 13.963000 0.073000
2131.715960 13.302000 0.073000
2132.716230 12.926000 0.063000
2133.709400 13.793000 0.053000
2134.709390 13.341000 0.057000
2135.706390 13.800000 0.069000
2136.703680 13.744000 0.064000
2141.692400 13.703000 0.058000
2143.689920 12.716000 0.066000
2144.682580 13.720000 0.064000
2145.679460 13.405000 0.055000
2443.785450 13.769000 0.027000
2445.851340 12.965000 0.034000
2464.784380 13.474000 0.038000
2466.777520 13.468000 0.033000
2468.776770 13.697000 0.036000
2470.740900 12.687000 0.032000
2471.824720 13.710000 0.028000
2497.714720 13.513000 0.038000
2498.704710 12.840000 0.043000
2500.677170 13.580000 0.032000
2520.784410 13.372000 0.055000
2521.769650 13.267000 0.041000
2526.755630 13.122000 0.030000
2540.829760 13.421000 0.044000
2544.782540 13.581000 0.031000
2552.821160 12.831000 0.042000
2556.642940 13.485000 0.036000
2559.610790 13.338000 0.037000
2560.618910 13.857000 0.033000
2561.605550 13.392000 0.036000
2562.617870 13.023000 0.028000
2565.663690 13.249000 0.040000
2578.604810 13.693000 0.038000
2622.611870 13.785000 0.045000
2625.583770 13.542000 0.042000
2635.543160 12.918000 0.042000
2637.568960 13.754000 0.039000
2639.576600 13.715000 0.035000
2641.583900 12.586000 0.039000
2643.579490 13.341000 0.041000
2645.567910 13.848000 0.032000
2647.563380 13.487000 0.040000
2650.567010 14.038000 0.030000
2653.550890 13.525000 0.038000
2657.533000 13.385000 0.039000
2660.532170 13.141000 0.035000
2662.536510 13.666000 0.034000
2744.914760 12.634000 0.032000
2755.884160 12.757000 0.031000
2758.897110 12.800000 0.032000
2764.874230 13.820000 0.034000
2776.851060 13.585000 0.035000
2783.823450 12.799000 0.034000
2787.876390 13.819000 0.031000
2809.775910 13.616000 0.031000
2811.825010 13.144000 0.032000
2813.826830 13.548000 0.035000
2821.829940 13.535000 0.034000
2829.871000 13.560000 0.031000
2831.790380 13.404000 0.031000
2833.854850 13.434000 0.030000
2836.719540 12.760000 0.036000
2841.761330 13.526000 0.027000
2851.807460 13.779000 0.028000
2859.696580 13.895000 0.028000
2860.840950 13.654000 0.029000
2866.770830 13.472000 0.035000
2871.894190 13.996000 0.037000
2874.701390 13.557000 0.031000
2876.727820 13.742000 0.030000
2879.665760 13.760000 0.032000
2884.692680 13.502000 0.029000
2886.674260 13.263000 0.033000
2888.705590 13.570000 0.028000
2895.776940 13.240000 0.031000
2897.793080 13.840000 0.030000
2899.743430 13.721000 0.033000
2905.623690 13.450000 0.030000
2910.587260 13.552000 0.030000
2915.591670 13.631000 0.029000
2921.690280 13.542000 0.031000
2923.678990 12.905000 0.033000
2926.680230 12.955000 0.032000
2929.811210 12.970000 0.034000
2931.751950 13.421000 0.041000
2933.736160 13.560000 0.033000
2935.730970 14.026000 0.033000
2939.522770 13.158000 0.029000
2940.749640 13.076000 0.034000
2942.632160 13.421000 0.033000
2943.701990 12.683000 0.030000
2945.589890 13.014000 0.035000
2947.608340 13.679000 0.038000
2955.564480 13.616000 0.029000
2957.570940 13.639000 0.030000
2959.569710 12.993000 0.032000
2961.565950 13.561000 0.031000
2965.585640 12.718000 0.030000
2969.573670 13.621000 0.030000
2971.593480 13.800000 0.033000
2973.567310 12.915000 0.030000
2975.585120 13.922000 0.029000
2977.610290 13.943000 0.032000
2979.631240 12.967000 0.031000
2981.648060 13.343000 0.033000
2986.555550 13.672000 0.029000
2989.569780 13.871000 0.030000
2994.563860 13.689000 0.031000
2996.623290 12.943000 0.030000
2998.614380 13.658000 0.030000
3006.562140 13.318000 0.030000
3010.562400 12.841000 0.032000
3029.534430 13.120000 0.031000
3124.917480 12.828000 0.033000
3146.886710 13.255000 0.033000
3166.872020 12.863000 0.033000
3169.902410 12.955000 0.032000
3182.840960 13.312000 0.031000
3187.865970 13.404000 0.031000
3194.911300 13.050000 0.058000
3271.651450 13.528000 0.053000
3356.551750 13.040000 0.039000
3383.542140 13.496000 0.039000
3525.849830 13.555000 0.060000
3541.869610 13.334000 0.036000
3551.886860 13.637000 0.045000
3561.802350 13.537000 0.063000
3573.777620 13.404000 0.044000
3575.822400 13.712000 0.038000
3577.887490 13.128000 0.034000
3581.889700 13.940000 0.029000
3584.736830 13.726000 0.061000
3586.814060 13.939000 0.051000
3589.725920 14.049000 0.053000
3595.748950 13.436000 0.039000
3619.646550 13.897000 0.054000
3621.714640 13.228000 0.050000
3624.702470 13.261000 0.034000
3626.698150 13.334000 0.034000
3633.713480 12.833000 0.040000
3641.713860 13.278000 0.047000
3647.625020 13.893000 0.034000
3651.732250 13.756000 0.057000
3653.622830 13.581000 0.034000
3655.609220 12.728000 0.037000
3657.652660 13.545000 0.043000
3659.689310 13.575000 0.034000
3661.718910 12.968000 0.040000
3669.703500 13.337000 0.029000
3672.565090 13.754000 0.036000
3674.675690 13.734000 0.045000
3680.530080 12.801000 0.046000
3699.665560 13.349000 0.042000
3705.589920 13.456000 0.042000
3712.566130 13.770000 0.069000
3714.584970 12.714000 0.052000
3716.634740 13.466000 0.038000
3719.616860 13.231000 0.042000
3722.570120 13.280000 0.040000
3725.584050 13.223000 0.045000
3727.617520 13.893000 0.047000
3731.566650 12.998000 0.050000
3737.586590 14.021000 0.035000
3740.556430 14.097000 0.068000
3750.551110 13.208000 0.068000
3754.542880 13.910000 0.041000
3758.529610 13.441000 0.038000
3763.526060 13.599000 0.038000
3874.908090 13.727000 0.067000
3898.833380 12.802000 0.053000
3912.889160 13.466000 0.050000
4103.575700 13.708000 0.040000
4111.545820 12.724000 0.045000
4305.793030 13.578000 0.039000
4309.761060 12.862000 0.038000
4348.766240 13.224000 0.059000
4350.836990 13.658000 0.048000
4365.639730 12.802000 0.031000
4371.730340 12.820000 0.035000
4373.743630 13.357000 0.044000
4379.566540 13.933000 0.071000
4381.621070 13.794000 0.037000
4383.658270 13.701000 0.033000
4385.678510 13.328000 0.031000
4387.704630 13.376000 0.046000
4393.616510 12.656000 0.040000
4399.636200 13.615000 0.046000
4404.718830 13.286000 0.030000
4408.582630 13.598000 0.038000
4420.531610 13.506000 0.034000
4422.623480 13.622000 0.038000
4426.624860 13.580000 0.041000
4431.575890 13.562000 0.040000
4436.594080 14.061000 0.046000
4438.661550 13.081000 0.044000
4457.594610 13.264000 0.041000
4460.592800 12.999000 0.036000
4463.574600 12.821000 0.039000
4469.571010 13.192000 0.039000
4577.900970 13.058000 0.040000
4658.870820 13.558000 0.037000
4738.707740 13.927000 0.032000
4747.617570 13.306000 0.039000
4753.719320 13.334000 0.045000
4760.687770 13.952000 0.035000
4763.617630 13.789000 0.047000
4765.678080 12.627000 0.040000
4770.617560 13.152000 0.046000
4772.693460 13.593000 0.036000
4775.551980 13.483000 0.035000
4777.579700 13.555000 0.036000
4779.612110 13.359000 0.049000
4782.669380 12.941000 0.070000
4797.565020 13.474000 0.049000
4802.553050 13.905000 0.046000
4804.573250 12.656000 0.066000
4809.565490 13.318000 0.040000
4817.593450 13.521000 0.061000
4823.609780 13.091000 0.048000
4826.605130 13.232000 0.067000
4829.588500 13.092000 0.052000
4838.565660 13.584000 0.046000
4850.528810 13.838000 0.057000
5144.718310 13.430000 0.041000
2465.783780 14.287000 0.040000
4361.604650 13.371000 0.034000
4402.632840 13.933000 0.044000
2053.940160 13.695000 0.081000
2056.931680 13.547000 0.076000
2067.791690 13.186000 0.077000
2114.813960 13.649000 0.054000
2140.690160 12.810000 0.080000
2151.599100 12.760000 0.079000
2453.728100 12.780000 0.048000
2495.749420 13.084000 0.038000
2554.613260 12.940000 0.050000
2984.546990 13.096000 0.037000
3019.543980 14.006000 0.037000
3132.903260 12.829000 0.049000
3591.823970 12.890000 0.088000
3702.592800 13.406000 0.075000
3734.592810 13.306000 0.040000
3746.559360 13.794000 0.082000
3981.653470 13.431000 0.080000
4346.761710 13.735000 0.061000
4806.633580 13.431000 0.074000
4820.616010 13.753000 0.066000
5008.891690 13.049000 0.070000
5129.653800 13.638000 0.062000
5131.680970 12.749000 0.054000
2096.724570 13.770000 0.078000
2446.858330 29.999000 0.037000
2486.733420 29.999000 0.036000
2499.703910 29.999000 0.037000
2539.732460 29.999000 0.047000
2563.634140 29.999000 0.036000
2620.594450 29.999000 0.071000
2667.524890 29.999000 0.033000
2737.913400 29.999000 0.039000
2862.693460 29.999000 0.036000
2894.651050 29.999000 0.030000
3012.562520 29.999000 0.035000
3025.533100 29.999000 0.031000
3544.829380 29.999000 0.047000
3558.825410 29.999000 0.058000
3629.677350 29.999000 0.034000
3631.696070 29.999000 0.036000
3663.798930 29.999000 0.036000
5163.606880 29.999000 0.051000
2068.792850 29.999000 0.073000
2095.739720 29.999000 0.069000
2482.697890 29.999000 0.044000
2490.745860 29.999000 0.039000
2494.720800 29.999000 0.037000
2508.639340 29.999000 0.054000
2546.610940 29.999000 0.054000
2558.614440 29.999000 0.040000
2564.640890 29.999000 0.041000
2566.673980 29.999000 0.043000
2734.909060 29.999000 0.033000
2770.882580 29.999000 0.039000
2785.891900 29.999000 0.044000
2804.788240 29.999000 0.033000
2818.912410 29.999000 0.029000
2843.757380 29.999000 0.038000
2902.721930 29.999000 0.033000
2916.651250 29.999000 0.030000
2918.650310 29.999000 0.034000
2949.640970 29.999000 0.044000
2950.736440 29.999000 0.030000
2953.550340 29.999000 0.033000
2963.582170 29.999000 0.030000
3016.552110 29.999000 0.049000
3101.916160 29.999000 0.047000
3128.893980 29.999000 0.038000
3154.847240 29.999000 0.050000
3158.859150 29.999000 0.032000
3185.829510 29.999000 0.031000
4280.899140 29.999000 0.037000
4367.686780 29.999000 0.040000
4428.662080 29.999000 0.034000
4433.655930 29.999000 0.033000
4441.592960 29.999000 0.046000
4444.598640 29.999000 0.040000
4454.607600 29.999000 0.044000
4755.783810 29.999000 0.066000
4785.569270 29.999000 0.034000
4814.637470 29.999000 0.076000
4845.550040 29.999000 0.059000
2628.585140 13.819000 0.051000
2894.863540 13.456000 0.033000
2953.666520 13.276000 0.033000
2965.677870 13.113000 0.033000
2990.582420 13.112000 0.032000
2993.558350 12.705000 0.032000
2996.556680 13.239000 0.042000
3001.552410 13.159000 0.031000
3007.554480 12.601000 0.032000
2487.732700 29.999000 0.056000
2951.654970 29.999000 0.032000
2955.669520 29.999000 0.032000
2974.559460 29.999000 0.032000
2976.582540 29.999000 0.031000
2998.565550 29.999000 0.052000
3011.544410 29.999000 0.035000
1878.556640 13.820000 0.054000
1880.548630 13.121000 0.067000
1889.536310 13.192000 0.058000
2156.660650 13.570000 0.061000
2164.649860 13.604000 0.048000
2167.629090 13.640000 0.056000
2168.650140 12.953000 0.053000
2169.659280 13.579000 0.047000
2171.623360 12.981000 0.047000
2172.633610 13.626000 0.052000
2173.631400 13.211000 0.050000
2174.629730 13.603000 0.054000
2175.614470 13.585000 0.049000
2177.597250 13.592000 0.048000
2178.604310 13.620000 0.045000
2180.594340 13.801000 0.051000
2183.595010 13.897000 0.052000
2184.608540 13.427000 0.048000
2185.612600 12.791000 0.047000
2188.629290 13.192000 0.048000
2190.553590 13.077000 0.050000
2191.603070 13.613000 0.047000
2192.595650 13.594000 0.044000
2193.596700 12.965000 0.052000
2194.592040 13.611000 0.044000
2195.592030 13.440000 0.050000
2196.593310 12.871000 0.053000
2197.593050 13.759000 0.052000
2199.585720 12.801000 0.054000
2201.572270 13.196000 0.044000
2203.571500 13.778000 0.046000
2204.562710 13.031000 0.050000
2206.563530 13.627000 0.041000
2207.552800 12.766000 0.046000
2213.543880 13.511000 0.043000
2215.542460 13.165000 0.045000
2217.538100 13.609000 0.045000
2219.533940 13.914000 0.046000
2222.541530 13.765000 0.041000
2227.530970 13.368000 0.045000
2229.538640 13.317000 0.044000
2232.545550 13.201000 0.044000
2248.564440 13.739000 0.047000
3362.605350 12.910000 0.043000
3366.590850 13.861000 0.062000
3477.918790 14.141000 0.070000
3481.915200 13.528000 0.057000
3491.898310 13.742000 0.077000
3502.885340 13.704000 0.054000
3509.926340 13.474000 0.039000
3512.881410 13.165000 0.039000
3521.912800 13.038000 0.042000
3551.889250 13.929000 0.053000
3554.866230 13.469000 0.042000
3561.804940 13.842000 0.037000
3569.869080 12.878000 0.035000
3571.879450 13.467000 0.032000
3574.770500 12.870000 0.035000
3576.829830 13.639000 0.036000
3583.805080 13.685000 0.051000
3588.850990 13.360000 0.065000
3595.751790 13.832000 0.040000
3603.687580 13.914000 0.035000
3617.699460 13.476000 0.050000
3622.648580 14.042000 0.038000
3628.683430 13.772000 0.034000
3637.820510 13.783000 0.044000
3640.754630 14.012000 0.035000
3643.586030 13.472000 0.049000
3646.639960 13.229000 0.036000
3651.564190 13.639000 0.043000
3661.717060 13.194000 0.062000
3669.701360 13.281000 0.036000
3860.901230 13.727000 0.040000
3864.899260 13.311000 0.070000
3867.919380 13.364000 0.079000
3870.881100 12.972000 0.044000
3874.910050 13.758000 0.050000
3877.908050 13.518000 0.036000
3882.909420 13.935000 0.063000
3887.921320 13.301000 0.041000
3891.854470 13.608000 0.041000
3894.862270 13.666000 0.034000
3898.850040 13.026000 0.057000
3901.881860 13.111000 0.055000
3904.864600 12.777000 0.059000
3907.872200 12.823000 0.049000
3912.891490 13.151000 0.054000
3981.636020 13.398000 0.075000
4089.598200 13.881000 0.080000
4106.557330 13.742000 0.041000
4228.896360 12.707000 0.051000
4231.902660 12.747000 0.037000
4253.922280 13.100000 0.048000
4258.874650 13.381000 0.034000
4268.862910 13.847000 0.043000
4273.827690 13.056000 0.033000
4277.849020 13.803000 0.034000
4283.879140 13.480000 0.041000
4289.921280 13.679000 0.037000
4292.805390 13.221000 0.034000
4303.821660 13.342000 0.041000
4305.804890 13.734000 0.044000
4307.771120 13.786000 0.049000
4332.707700 13.637000 0.046000
4334.696970 12.825000 0.032000
4337.797450 13.155000 0.032000
4343.731370 13.373000 0.042000
4349.741730 13.981000 0.045000
4354.671990 13.422000 0.038000
4356.721800 13.399000 0.031000
4359.621930 13.042000 0.038000
4361.739490 13.733000 0.055000
4363.654310 13.725000 0.038000
4365.642770 12.967000 0.035000
4367.689870 13.580000 0.040000
4369.707420 13.688000 0.035000
4371.733460 12.695000 0.060000
4373.746730 13.356000 0.073000
4376.737230 13.287000 0.054000
4379.569590 13.769000 0.037000
4383.656430 13.801000 0.036000
4385.676690 13.333000 0.032000
4387.702730 13.318000 0.040000
4406.711790 13.554000 0.034000
4422.719630 13.839000 0.059000
4429.581730 13.154000 0.039000
4431.657460 14.161000 0.035000
4436.673400 14.041000 0.052000
4442.625020 13.918000 0.038000
4462.572500 13.601000 0.038000
4573.917830 13.584000 0.059000
4577.909860 13.150000 0.037000
4590.895510 13.586000 0.046000
4594.889420 12.902000 0.039000
4601.908570 13.706000 0.041000
4609.906830 13.713000 0.040000
4617.857960 13.778000 0.048000
4622.853550 13.056000 0.047000
4628.857640 13.115000 0.041000
4631.851130 13.905000 0.037000
4639.820990 12.759000 0.038000
4642.833790 13.283000 0.036000
4645.840500 13.813000 0.066000
4648.826340 13.872000 0.041000
4651.817740 13.997000 0.068000
4653.875720 13.062000 0.044000
4656.791580 14.023000 0.067000
4661.815250 13.027000 0.048000
4663.860050 13.559000 0.039000
4671.836150 13.667000 0.038000
4674.800650 13.692000 0.041000
4677.860520 13.678000 0.050000
4681.729710 13.582000 0.042000
4683.797980 13.405000 0.038000
4685.787250 13.659000 0.039000
4691.754840 13.521000 0.035000
4694.758180 13.450000 0.035000
4697.843470 13.756000 0.039000
4701.864020 12.769000 0.042000
4709.689650 13.796000 0.042000
4716.693990 13.456000 0.036000
4721.712700 13.911000 0.040000
4726.742680 12.966000 0.032000
4729.692320 13.566000 0.039000
4734.789850 13.297000 0.071000
4738.822780 13.882000 0.042000
4741.692140 13.720000 0.043000
4743.794670 12.779000 0.040000
4748.616380 13.018000 0.050000
4757.573320 13.786000 0.044000
4761.751560 13.623000 0.038000
4764.615260 13.614000 0.044000
4766.712640 13.928000 0.041000
4771.641410 13.997000 0.065000
4773.676440 13.149000 0.064000
4775.716700 13.594000 0.049000
4777.669040 14.105000 0.068000
4785.645340 13.649000 0.031000
4804.590280 12.705000 0.036000
4806.654830 13.491000 0.070000
5041.744190 13.042000 0.047000
5063.749020 13.475000 0.045000
5089.733390 12.904000 0.042000
2040.860170 13.881000 0.088000
2202.584090 13.692000 0.055000
2211.537540 13.764000 0.062000
2251.545760 13.700000 0.051000
2253.587800 13.699000 0.052000
2256.543330 13.723000 0.054000
2260.542070 13.390000 0.063000
2263.534290 13.105000 0.058000
3517.905060 13.700000 0.051000
3525.852770 13.615000 0.065000
3529.855340 13.298000 0.080000
3564.775470 13.637000 0.045000
3586.733880 13.947000 0.098000
4235.881020 13.604000 0.061000
4247.869430 13.139000 0.044000
4299.851690 13.929000 0.091000
4309.772880 13.079000 0.044000
4330.689810 13.737000 0.094000
4351.771170 13.011000 0.045000
4393.611080 12.727000 0.047000
4399.762200 13.009000 0.066000
4475.548390 13.623000 0.056000
4731.794300 13.207000 0.046000
4754.803090 13.180000 0.044000
4759.667510 12.927000 0.070000
4940.903080 13.036000 0.049000
4946.903270 13.012000 0.051000
4954.886230 13.468000 0.065000
4969.906910 12.915000 0.067000
4973.870270 13.697000 0.044000
4985.832250 13.057000 0.046000
4991.894020 13.097000 0.050000
5013.837250 13.379000 0.053000
5018.899360 13.736000 0.056000
5021.805670 13.470000 0.043000
5023.865090 13.607000 0.047000
5048.692180 13.706000 0.042000
5072.660860 12.607000 0.051000
5075.683570 12.847000 0.043000
5082.817960 13.654000 0.054000
5087.687400 14.176000 0.046000
5122.595360 13.027000 0.047000
5124.665390 14.205000 0.064000
5129.656890 13.739000 0.043000
5131.689330 12.884000 0.049000
5155.699570 13.546000 0.075000
3388.543380 29.999000 0.040000
3558.840630 29.999000 0.077000
3591.766460 29.999000 0.049000
3597.772650 29.999000 0.051000
3625.687480 29.999000 0.033000
3635.614180 29.999000 0.044000
3659.687440 29.999000 0.064000
3663.797020 29.999000 0.043000
3666.606650 29.999000 0.044000
3699.668480 29.999000 0.048000
3716.643890 29.999000 0.035000
3851.894490 29.999000 0.076000
4341.728350 29.999000 0.049000
4381.619320 29.999000 0.034000
4389.677750 29.999000 0.057000
4420.691180 29.999000 0.056000
4426.656080 29.999000 0.047000
4453.618010 29.999000 0.040000
4456.591710 29.999000 0.049000
4465.567700 29.999000 0.042000
4665.843660 29.999000 0.041000
4719.879490 29.999000 0.036000
4724.689890 29.999000 0.035000
4746.566040 29.999000 0.041000
4750.714840 29.999000 0.061000
4779.669360 29.999000 0.078000
4783.582630 29.999000 0.065000
4821.561540 29.999000 0.070000
4833.563910 29.999000 0.081000
4950.894680 29.999000 0.054000
1877.530170 13.263000 0.071000
3497.897980 13.496000 0.048000
3510.869770 13.253000 0.040000
3524.897740 12.703000 0.045000
3556.788450 13.383000 0.041000
3564.841740 13.665000 0.048000
3569.849680 13.083000 0.043000
3571.823280 13.086000 0.033000
3585.717610 12.627000 0.043000
3596.723350 13.133000 0.060000
3642.789280 13.287000 0.045000
3646.584160 13.256000 0.035000
3661.690120 12.872000 0.044000
3663.706330 13.220000 0.055000
3669.670420 12.927000 0.044000
3981.620790 13.443000 0.054000
4089.589770 13.770000 0.038000
4373.715130 13.220000 0.054000
4406.706120 13.490000 0.035000
4422.686310 13.593000 0.058000
4431.654240 13.894000 0.049000
4439.633840 13.861000 0.040000
4461.565880 13.932000 0.041000
4253.897800 13.419000 0.045000
2156.647170 13.473000 0.059000
2167.599420 13.494000 0.061000
2168.629750 12.679000 0.050000
2169.641090 13.652000 0.051000
2171.602900 13.348000 0.049000
2172.610260 13.772000 0.052000
2173.608650 13.248000 0.050000
2178.576070 13.378000 0.049000
2180.575220 13.664000 0.051000
2184.590170 13.346000 0.061000
2185.594170 13.075000 0.050000
2189.562640 13.518000 0.044000
2190.653340 13.219000 0.054000
2192.540440 13.535000 0.044000
2193.573650 12.949000 0.047000
2194.573630 13.684000 0.052000
2195.573610 13.367000 0.056000
2196.571450 12.631000 0.055000
2197.581320 13.628000 0.047000
2198.580240 13.310000 0.050000
2199.582980 12.930000 0.046000
2201.553810 13.122000 0.047000
2203.538740 13.625000 0.047000
2205.539980 13.566000 0.048000
2206.542660 13.712000 0.051000
2207.540850 12.727000 0.056000
2213.525280 13.830000 0.057000
2215.544150 13.296000 0.040000
2217.551090 13.829000 0.047000
2221.506360 12.709000 0.045000
2230.552330 13.774000 0.046000
2233.549670 13.681000 0.049000
2242.576930 13.664000 0.054000
3521.902570 12.953000 0.089000
3562.769410 13.257000 0.088000
3590.697340 13.227000 0.076000
3592.774410 13.790000 0.096000
3651.537600 13.529000 0.075000
4399.736870 12.941000 0.067000
2040.830950 13.671000 0.092000
2183.566610 13.534000 0.056000
2224.528370 12.596000 0.053000
2235.534350 13.065000 0.056000
2237.546870 13.722000 0.053000
2240.553900 13.510000 0.056000
2252.542950 12.824000 0.054000
2211.521180 29.999000 0.054000
2228.560510 29.999000 0.047000
2245.544120 29.999000 0.052000
3481.893820 29.999000 0.071000
3553.810740 29.999000 0.035000
3573.872770 29.999000 0.036000
3576.735700 29.999000 0.037000
3587.773270 29.999000 0.041000
3617.683540 29.999000 0.047000
3622.611680 29.999000 0.043000
3632.733100 29.999000 0.053000
3834.912520 29.999000 0.039000
3863.855450 29.999000 0.058000
3869.857790 29.999000 0.048000
3872.849430 29.999000 0.046000
3880.899550 29.999000 0.039000
3893.866470 29.999000 0.036000
3900.853440 29.999000 0.045000
3913.867550 29.999000 0.050000
2177.563690 29.999000 0.053000
3473.903450 29.999000 0.047000
3477.903200 29.999000 0.068000
3603.771580 29.999000 0.058000
3628.649910 29.999000 0.036000
3634.779370 29.999000 0.045000
3665.759680 29.999000 0.050000
3866.850080 29.999000 0.042000
3909.821620 29.999000 0.050000
4092.570780 29.999000 0.040000
4364.791610 29.999000 0.042000
4420.648400 29.999000 0.050000
4426.645390 29.999000 0.068000
4455.583070 29.999000 0.040000
4464.562280 29.999000 0.039000
4470.554590 29.999000 0.078000
2174.604730 29.999000 0.054000
2175.591750 29.999000 0.050000
