1887.528510 13.131000 0.063000
2452.805860 13.407000 0.036000
2453.765580 12.948000 0.039000
2621.559130 13.575000 0.036000
2758.924930 12.992000 0.036000
2763.912990 13.579000 0.035000
2765.925880 13.121000 0.033000
2816.918380 13.350000 0.045000
2829.845750 13.734000 0.030000
2851.812330 13.662000 0.030000
2859.718410 12.903000 0.030000
2860.875500 13.375000 0.033000
2867.761820 12.809000 0.034000
2872.745030 13.594000 0.038000
2875.751180 13.448000 0.045000
2877.726450 13.893000 0.033000
2879.823580 13.912000 0.038000
2883.682760 13.797000 0.044000
2886.713960 13.801000 0.030000
2900.655580 13.666000 0.050000
2905.703300 13.837000 0.031000
2908.622600 13.406000 0.032000
2912.618750 13.848000 0.036000
2915.596550 13.240000 0.049000
2916.656110 13.349000 0.035000
2930.594070 13.256000 0.043000
2932.592410 13.658000 0.042000
2934.588430 13.770000 0.038000
2939.592590 12.744000 0.040000
2963.602510 13.712000 0.039000
2968.545530 12.772000 0.046000
2982.540010 12.800000 0.040000
2987.536380 14.401000 0.057000
2990.549110 12.615000 0.045000
3175.886710 13.908000 0.032000
3187.862410 13.257000 0.045000
3270.643870 13.361000 0.037000
3281.742010 12.771000 0.045000
3293.586240 13.084000 0.046000
3295.711080 12.913000 0.052000
3298.627040 13.952000 0.051000
3354.530250 13.699000 0.044000
3511.919740 13.458000 0.038000
3523.883400 13.852000 0.042000
3550.872340 13.811000 0.042000
3556.827060 12.766000 0.039000
3562.822430 13.334000 0.053000
3569.835040 13.264000 0.038000
3571.835230 12.975000 0.038000
3577.825910 13.171000 0.048000
3581.907030 13.934000 0.043000
3626.714510 13.590000 0.044000
3637.693870 13.983000 0.045000
3639.774100 13.738000 0.056000
3642.677200 12.940000 0.042000
3650.684480 12.843000 0.045000
3669.616050 13.563000 0.041000
3671.656290 13.197000 0.049000
3673.661410 14.214000 0.050000
3864.924260 13.686000 0.049000
3868.913690 13.085000 0.040000
3872.906870 13.860000 0.050000
3883.922620 13.372000 0.059000
3896.900650 13.123000 0.040000
3912.883700 13.315000 0.044000
4234.925870 13.996000 0.040000
4255.912580 13.826000 0.050000
4283.827600 13.649000 0.044000
4301.790110 13.107000 0.048000
4307.777450 13.604000 0.044000
4309.776090 12.997000 0.044000
4316.718350 12.722000 0.037000
4319.767980 13.907000 0.041000
4331.741890 12.833000 0.037000
4333.720940 13.916000 0.036000
4338.774300 13.126000 0.039000
4349.722060 13.914000 0.048000
4354.670090 13.902000 0.040000
4356.719990 14.068000 0.039000
4359.637960 12.842000 0.047000
4363.644370 13.860000 0.039000
4365.638690 13.492000 0.041000
4375.652550 13.845000 0.050000
4377.680210 13.840000 0.048000
4379.722100 13.812000 0.056000
4384.605010 13.690000 0.040000
4386.635240 13.737000 0.039000
4388.612000 12.938000 0.038000
4392.587540 13.709000 0.052000
4403.623850 12.877000 0.056000
4407.613930 13.820000 0.053000
4413.577780 13.859000 0.052000
4429.568030 13.581000 0.056000
4435.559140 13.658000 0.059000
4438.554440 13.307000 0.062000
4600.909770 13.311000 0.052000
4610.897380 13.866000 0.042000
4628.897250 13.181000 0.050000
4643.901220 13.084000 0.040000
4646.844460 13.927000 0.051000
4649.835840 13.190000 0.057000
4655.807020 13.456000 0.045000
4662.785050 13.487000 0.054000
4664.778880 12.973000 0.042000
4671.824860 13.388000 0.039000
4674.788000 13.860000 0.039000
4677.846920 14.051000 0.042000
4683.747430 13.912000 0.057000
4685.768900 13.344000 0.062000
4691.749260 13.531000 0.041000
4694.752930 13.365000 0.049000
4700.753520 13.239000 0.059000
4702.776110 14.140000 0.040000
4716.691870 14.039000 0.046000
4720.668010 13.559000 0.041000
4725.685760 13.816000 0.049000
4728.667580 13.362000 0.038000
4730.718680 12.797000 0.047000
4733.745030 13.983000 0.040000
4738.743310 12.884000 0.038000
4741.643140 13.703000 0.041000
4743.662560 13.268000 0.061000
4747.614200 13.758000 0.043000
4753.598890 13.839000 0.041000
4755.628330 13.495000 0.056000
4757.705950 13.533000 0.040000
4760.594890 13.754000 0.040000
4762.677760 13.728000 0.040000
4765.593660 12.815000 0.040000
4772.615630 13.073000 0.041000
4774.602040 13.961000 0.041000
4792.566890 13.503000 0.049000
4795.581170 12.933000 0.043000
4798.562280 13.752000 0.057000
1875.541040 14.014000 0.067000
1878.530890 13.582000 0.066000
2452.823920 13.227000 0.054000
2470.772380 13.869000 0.051000
2544.712060 13.891000 0.040000
2843.768750 13.380000 0.039000
2903.744730 13.195000 0.057000
2923.605360 13.289000 0.038000
2961.590830 12.990000 0.073000
3279.588570 12.812000 0.064000
3326.539910 13.811000 0.086000
3584.756920 13.026000 0.063000
3586.852020 12.770000 0.080000
3589.742190 13.710000 0.087000
3591.833490 13.349000 0.076000
3619.682870 13.167000 0.063000
3621.740750 12.768000 0.090000
3634.699520 13.235000 0.069000
3644.741770 13.447000 0.078000
3648.622110 13.257000 0.052000
3652.665650 13.858000 0.096000
3654.611900 13.574000 0.052000
3661.620380 13.499000 0.067000
3663.632670 13.208000 0.075000
3665.671890 13.101000 0.074000
3676.580820 13.661000 0.069000
3701.580490 14.130000 0.092000
3704.569630 13.662000 0.078000
3707.552480 12.775000 0.075000
3714.541690 12.922000 0.074000
3721.538110 13.152000 0.086000
3725.531790 13.672000 0.090000
3892.865020 13.785000 0.069000
3900.864300 13.796000 0.074000
3905.917490 13.225000 0.082000
4090.536570 13.317000 0.088000
4230.898870 12.907000 0.055000
4292.810420 13.706000 0.052000
4297.795060 14.126000 0.047000
4303.811450 13.526000 0.047000
4329.788550 13.610000 0.055000
4345.722370 12.980000 0.048000
4347.720130 13.918000 0.058000
4351.753090 13.551000 0.047000
4372.653880 13.962000 0.073000
4382.575830 13.952000 0.041000
4400.598640 13.883000 0.060000
4409.629610 13.449000 0.066000
4420.555550 13.965000 0.060000
4426.610750 13.439000 0.059000
4432.567500 12.901000 0.072000
4441.548140 13.974000 0.065000
4453.545990 13.019000 0.068000
4622.896400 13.297000 0.052000
4631.876750 13.701000 0.065000
4658.847370 12.808000 0.059000
4705.686540 13.708000 0.066000
4770.572180 13.574000 0.053000
4801.546850 13.008000 0.064000
4808.554620 13.310000 0.052000
4815.538730 13.519000 0.073000
4819.533350 13.905000 0.074000
4822.536520 13.336000 0.071000
4985.932380 13.863000 0.048000
4989.874530 13.519000 0.049000
4992.894570 13.776000 0.049000
5008.881730 13.795000 0.061000
5012.854900 13.278000 0.067000
5014.843310 13.949000 0.055000
5020.814340 13.007000 0.055000
5039.772070 13.553000 0.046000
5041.753600 12.890000 0.047000
5049.781090 12.726000 0.050000
5063.744020 12.812000 0.051000
5075.688180 13.383000 0.049000
5086.754660 13.502000 0.051000
5088.796190 13.951000 0.044000
5110.659410 13.799000 0.048000
2625.547700 29.999000 0.041000
2629.535710 29.999000 0.041000
2776.920890 29.999000 0.036000
2808.896460 29.999000 0.043000
2812.911170 29.999000 0.038000
2833.868090 29.999000 0.032000
2841.778260 29.999000 0.032000
2854.718050 29.999000 0.029000
2862.717310 29.999000 0.035000
2885.640400 29.999000 0.037000
2898.637940 29.999000 0.034000
2926.598790 29.999000 0.041000
2928.603610 29.999000 0.037000
2943.565700 29.999000 0.044000
2949.538460 29.999000 0.041000
2951.549770 29.999000 0.041000
2953.588320 29.999000 0.044000
2955.596530 29.999000 0.034000
2955.633880 29.999000 0.042000
2957.595540 29.999000 0.038000
2966.532980 29.999000 0.041000
2970.545770 29.999000 0.047000
2976.547980 29.999000 0.061000
2979.553540 29.999000 0.037000
2984.559210 29.999000 0.036000
2996.531470 29.999000 0.060000
3266.672450 29.999000 0.039000
3268.666360 29.999000 0.039000
3276.736660 29.999000 0.045000
3595.746380 29.999000 0.057000
3624.743960 29.999000 0.038000
3632.669300 29.999000 0.062000
3659.600180 29.999000 0.059000
3717.553850 29.999000 0.069000
4268.870520 29.999000 0.048000
4305.798860 29.999000 0.047000
4311.772450 29.999000 0.044000
4361.665710 29.999000 0.039000
4594.916490 29.999000 0.040000
4638.908790 29.999000 0.046000
4666.786840 29.999000 0.037000
4698.753390 29.999000 0.052000
4710.726560 29.999000 0.058000
4780.539380 29.999000 0.038000
4783.619290 29.999000 0.076000
5022.820520 29.999000 0.048000
5047.803480 29.999000 0.045000
5093.663560 29.999000 0.051000
5118.713210 29.999000 0.053000
