2486.742690 13.194000 0.038000
2502.716080 12.724000 0.036000
2248.564440 12.979000 0.047000
2858.843620 13.589000 0.028000
2990.598130 13.824000 0.028000
4273.827690 13.594000 0.033000
4277.849020 13.629000 0.034000
4334.696970 13.659000 0.032000
4337.797450 13.682000 0.032000
4361.739490 13.767000 0.055000
4406.711790 13.158000 0.034000
4594.889420 13.421000 0.039000
4721.712700 13.663000 0.040000
4729.692320 13.567000 0.039000
4809.574080 13.758000 0.069000
5089.733390 13.646000 0.042000
1869.519270 13.725000 0.043000
1874.558490 13.629000 0.070000
1876.571710 13.493000 0.065000
1878.556640 13.420000 0.054000
1880.548630 13.137000 0.067000
1884.538780 12.813000 0.064000
1886.586370 12.806000 0.044000
1889.536310 13.442000 0.058000
1902.543090 13.656000 0.051000
1906.530120 13.359000 0.053000
1921.534440 13.620000 0.060000
2026.879890 12.807000 0.048000
2030.924160 12.665000 0.050000
2052.882880 13.208000 0.062000
2054.834380 12.794000 0.064000
2055.881250 13.040000 0.070000
2057.832150 12.727000 0.062000
2064.897350 13.798000 0.071000
2067.796010 13.730000 0.073000
2068.797250 13.798000 0.068000
2069.787500 13.532000 0.072000
2082.780740 12.574000 0.065000
2085.836420 12.617000 0.054000
2088.808650 13.621000 0.072000
2093.751400 13.809000 0.072000
2094.756650 13.661000 0.074000
2096.733700 13.523000 0.074000
2103.849860 13.516000 0.043000
2104.798480 13.418000 0.059000
2105.777700 13.274000 0.066000
2106.787030 13.318000 0.055000
2113.814000 12.800000 0.053000
2115.803250 12.558000 0.040000
2116.750200 13.763000 0.056000
2117.748900 13.753000 0.056000
2128.693880 13.371000 0.063000
2129.713240 13.417000 0.068000
2130.717030 13.259000 0.067000
2131.714110 13.457000 0.066000
2132.723400 13.194000 0.063000
2133.718820 13.229000 0.045000
2134.718810 13.076000 0.058000
2136.710840 12.872000 0.059000
2156.660650 13.614000 0.061000
2164.649860 12.824000 0.048000
2167.629090 13.375000 0.056000
2168.650140 13.163000 0.053000
2169.659280 13.536000 0.047000
2171.623360 13.585000 0.047000
2172.633610 13.555000 0.052000
2173.631400 13.599000 0.050000
2175.614470 13.807000 0.049000
2177.597250 13.653000 0.048000
2178.604310 13.817000 0.045000
2180.594340 13.629000 0.051000
2183.595010 13.304000 0.052000
2184.608540 13.411000 0.048000
2185.612600 13.398000 0.047000
2188.629290 13.200000 0.048000
2190.553590 12.695000 0.050000
2191.603070 12.838000 0.047000
2192.595650 12.735000 0.044000
2193.596700 12.641000 0.052000
2194.592040 12.707000 0.044000
2195.592030 13.372000 0.050000
2196.593310 13.687000 0.053000
2197.593050 13.697000 0.052000
2199.585720 13.575000 0.054000
2201.572270 13.840000 0.044000
2203.571500 13.707000 0.046000
2204.562710 13.659000 0.050000
2206.563530 13.790000 0.041000
2213.543880 13.135000 0.043000
2215.542460 13.069000 0.045000
2217.538100 13.052000 0.045000
2219.533940 12.673000 0.046000
2222.541530 12.909000 0.041000
2227.530970 13.843000 0.045000
2229.538640 13.520000 0.044000
2232.545550 13.727000 0.044000
2234.527900 13.562000 0.041000
2236.535900 13.549000 0.045000
2241.567820 13.376000 0.044000
2446.862740 13.153000 0.035000
2464.791250 13.523000 0.035000
2465.790610 13.607000 0.036000
2466.782120 13.433000 0.032000
2467.787910 13.555000 0.028000
2468.783680 13.435000 0.037000
2470.747870 12.985000 0.034000
2473.756320 12.863000 0.035000
2498.714110 13.125000 0.031000
2499.713330 12.941000 0.036000
2500.679840 12.668000 0.039000
2501.713730 12.649000 0.036000
2519.759270 13.650000 0.030000
2520.856740 13.554000 0.053000
2521.772450 13.801000 0.038000
2526.762920 13.460000 0.031000
2540.842360 12.660000 0.044000
2544.828290 13.577000 0.030000
2546.621240 13.619000 0.034000
2548.639340 13.470000 0.047000
2556.662820 13.018000 0.039000
2558.629290 12.613000 0.029000
2559.623440 12.595000 0.030000
2560.631550 12.811000 0.034000
2561.613630 13.668000 0.032000
2562.623670 13.832000 0.030000
2564.643760 13.599000 0.048000
2565.666540 13.531000 0.041000
2578.607620 13.287000 0.039000
2621.594300 13.972000 0.037000
2623.585850 13.574000 0.041000
2636.553050 13.481000 0.032000
2638.567240 13.238000 0.033000
2640.569920 13.091000 0.037000
2642.572560 12.965000 0.032000
2644.570650 12.910000 0.041000
2649.562460 13.651000 0.030000
2662.529210 13.538000 0.034000
2755.888450 12.622000 0.029000
2758.905920 12.762000 0.030000
2761.888250 13.743000 0.031000
2783.833380 12.651000 0.031000
2787.880710 12.803000 0.026000
2804.797420 13.176000 0.033000
2809.781510 12.700000 0.033000
2811.834700 12.854000 0.031000
2813.841450 12.647000 0.033000
2830.714960 13.075000 0.035000
2856.797010 13.456000 0.028000
2860.707590 13.381000 0.028000
2861.812540 13.388000 0.028000
2866.798780 13.130000 0.034000
2872.781450 12.697000 0.029000
2875.792400 13.777000 0.033000
2883.704520 13.553000 0.039000
2885.627280 13.179000 0.029000
2888.734500 13.403000 0.030000
2892.753210 13.107000 0.033000
2894.649400 12.653000 0.032000
2895.775270 13.099000 0.033000
2897.791440 12.983000 0.032000
2899.741800 12.560000 0.030000
2902.720300 13.641000 0.038000
2905.622060 13.725000 0.027000
2907.790320 13.695000 0.047000
2910.595410 13.332000 0.031000
2912.614600 13.523000 0.028000
2915.599230 13.142000 0.030000
2916.673700 13.533000 0.031000
2918.653340 13.020000 0.031000
2921.693390 13.172000 0.030000
2926.683080 12.593000 0.030000
2930.670220 13.446000 0.037000
2932.662350 13.591000 0.033000
2934.655740 13.728000 0.035000
2939.689290 13.835000 0.031000
2942.742910 13.759000 0.032000
2944.585780 12.980000 0.028000
2945.627700 13.115000 0.042000
2947.628460 13.076000 0.046000
2949.656740 12.941000 0.030000
2951.669040 12.918000 0.031000
2953.685620 12.966000 0.035000
2955.689590 12.613000 0.029000
2957.683310 12.799000 0.031000
2961.707400 13.655000 0.032000
2964.541720 13.532000 0.030000
2966.560870 13.380000 0.049000
2968.571110 13.582000 0.031000
2970.567240 13.408000 0.032000
2972.579980 13.226000 0.029000
2976.610960 13.155000 0.030000
2978.629780 13.046000 0.031000
2980.653930 13.001000 0.032000
2985.572900 13.595000 0.029000
2987.598630 13.704000 0.037000
2992.603370 13.685000 0.031000
2997.560180 13.361000 0.032000
3006.590320 12.939000 0.033000
3019.546220 13.582000 0.030000
3125.883450 13.420000 0.045000
3146.881020 12.896000 0.030000
3154.857770 13.634000 0.029000
3170.845280 13.381000 0.033000
3189.797480 13.608000 0.032000
3299.585420 13.574000 0.065000
3326.623470 13.917000 0.067000
3356.570400 13.795000 0.058000
3362.605350 13.602000 0.043000
3366.590850 13.294000 0.062000
3388.543380 13.751000 0.040000
3477.918790 13.174000 0.070000
3481.915200 12.854000 0.057000
3491.898310 13.506000 0.077000
3502.885340 13.609000 0.054000
3509.926340 13.291000 0.039000
3512.881410 13.291000 0.039000
3521.912800 13.689000 0.042000
3551.889250 13.804000 0.053000
3554.866230 13.628000 0.042000
3561.804940 13.219000 0.037000
3569.869080 13.005000 0.035000
3571.879450 12.733000 0.032000
3574.770500 13.681000 0.035000
3576.829830 13.581000 0.036000
3583.805080 13.705000 0.051000
3588.850990 13.581000 0.065000
3591.766460 13.079000 0.049000
3595.751790 12.733000 0.040000
3603.687580 13.762000 0.035000
3617.699460 13.182000 0.050000
3622.648580 13.148000 0.038000
3625.687480 13.594000 0.033000
3628.683430 13.552000 0.034000
3632.747310 13.546000 0.050000
3640.754630 13.523000 0.035000
3643.586030 12.986000 0.049000
3646.639960 13.182000 0.036000
3651.564190 13.550000 0.043000
3653.604840 13.924000 0.039000
3655.607390 13.628000 0.039000
3657.650790 13.852000 0.047000
3659.687440 13.562000 0.064000
3661.717060 13.758000 0.062000
3663.797020 13.913000 0.043000
3666.606650 13.409000 0.044000
3669.701360 13.487000 0.036000
3672.563200 12.999000 0.050000
3680.534130 13.669000 0.037000
3699.668480 13.547000 0.048000
3705.592870 12.808000 0.079000
3708.576040 12.756000 0.068000
3712.568910 13.555000 0.066000
3714.587800 13.554000 0.061000
3722.572760 13.781000 0.039000
3725.586800 13.689000 0.046000
3728.570830 13.447000 0.050000
3735.551590 12.659000 0.037000
3738.530390 13.789000 0.074000
3740.584250 13.647000 0.036000
3754.540150 13.405000 0.037000
3757.536360 13.433000 0.049000
3762.526920 12.870000 0.039000
3860.901230 13.550000 0.040000
3864.899260 13.479000 0.070000
3867.919380 13.450000 0.079000
3870.881100 13.158000 0.044000
3874.910050 13.095000 0.050000
3877.908050 12.659000 0.036000
3882.909420 13.752000 0.063000
3887.921320 13.530000 0.041000
3891.854470 13.752000 0.041000
3894.862270 13.410000 0.034000
3898.850040 13.299000 0.057000
3901.881860 13.121000 0.055000
3904.864600 12.801000 0.059000
3907.872200 12.664000 0.049000
3912.891490 13.589000 0.054000
3981.636020 12.777000 0.075000
4089.598200 13.502000 0.080000
4106.557330 13.694000 0.041000
4228.896360 13.563000 0.051000
4231.902660 13.330000 0.037000
4253.922280 13.854000 0.048000
4258.874650 13.534000 0.034000
4268.862910 12.722000 0.043000
4283.879140 13.782000 0.041000
4292.805390 12.978000 0.034000
4303.821660 13.686000 0.041000
4305.804890 13.653000 0.044000
4332.707700 13.638000 0.046000
4343.731370 13.296000 0.042000
4349.741730 13.029000 0.045000
4354.671990 13.669000 0.038000
4356.721800 13.809000 0.031000
4359.621930 13.465000 0.038000
4363.654310 13.703000 0.038000
4365.642770 13.620000 0.035000
4367.689870 13.625000 0.040000
4371.733460 13.560000 0.060000
4373.746730 13.653000 0.073000
4376.737230 13.078000 0.054000
4379.569590 13.654000 0.037000
4383.656430 13.510000 0.036000
4385.676690 13.643000 0.032000
4387.702730 13.631000 0.040000
4403.551540 12.763000 0.058000
4409.560590 13.640000 0.046000
4422.719630 13.763000 0.059000
4426.656080 13.796000 0.047000
4429.581730 13.042000 0.039000
4431.657460 13.441000 0.035000
4436.673400 12.806000 0.052000
4442.625020 13.783000 0.038000
4453.618010 13.695000 0.040000
4459.576290 13.060000 0.057000
4462.572500 12.867000 0.038000
4465.567700 12.889000 0.042000
4573.917830 12.791000 0.059000
4577.909860 13.350000 0.037000
4590.895510 13.750000 0.046000
4601.908570 12.955000 0.041000
4609.906830 13.475000 0.040000
4617.857960 13.668000 0.048000
4622.853550 13.522000 0.047000
4628.857640 13.002000 0.041000
4631.851130 12.669000 0.037000
4639.820990 13.659000 0.038000
4642.833790 13.877000 0.036000
4645.840500 13.973000 0.066000
4648.826340 13.613000 0.041000
4651.817740 13.318000 0.068000
4653.875720 13.492000 0.044000
4656.791580 12.807000 0.067000
4661.815250 12.720000 0.048000
4663.860050 12.593000 0.039000
4665.843660 13.465000 0.041000
4671.836150 13.585000 0.038000
4674.800650 13.794000 0.041000
4677.860520 13.822000 0.050000
4681.729710 13.043000 0.042000
4683.797980 13.191000 0.038000
4685.787250 13.187000 0.039000
4691.754840 13.625000 0.035000
4694.758180 13.713000 0.035000
4701.864020 13.769000 0.042000
4704.689730 13.537000 0.051000
4709.689650 12.986000 0.042000
4716.693990 13.702000 0.036000
4724.689890 13.629000 0.035000
4726.742680 13.945000 0.032000
4734.789850 14.004000 0.071000
4738.822780 13.651000 0.042000
4741.692140 12.908000 0.043000
4743.794670 13.341000 0.040000
4746.566040 13.877000 0.041000
4748.616380 13.382000 0.050000
4750.714840 13.573000 0.061000
4757.573320 13.290000 0.044000
4761.751560 13.766000 0.038000
4764.615260 13.217000 0.044000
4766.712640 13.354000 0.041000
4771.641410 12.714000 0.065000
4773.676440 12.608000 0.064000
4775.716700 12.557000 0.049000
4777.669040 13.693000 0.068000
4783.582630 13.769000 0.065000
4802.565930 13.692000 0.047000
4804.590280 13.492000 0.036000
4806.654830 14.031000 0.070000
4850.538280 13.373000 0.060000
5041.744190 13.355000 0.047000
5063.749020 13.427000 0.045000
2016.898050 13.122000 0.055000
2471.827110 13.199000 0.039000
3525.852770 14.060000 0.065000
4309.772880 13.712000 0.044000
4341.728350 13.196000 0.049000
5075.683570 12.839000 0.043000
5122.595360 13.308000 0.047000
2039.889080 13.740000 0.082000
2040.860170 13.750000 0.088000
2095.748830 13.520000 0.068000
2114.816410 12.737000 0.055000
2211.537540 13.530000 0.062000
2251.545760 12.506000 0.051000
2253.587800 12.518000 0.052000
2256.543330 13.489000 0.054000
2445.823300 13.033000 0.049000
2554.663610 13.043000 0.039000
2579.612100 13.315000 0.049000
3517.905060 13.584000 0.051000
3529.855340 13.496000 0.080000
3564.775470 12.998000 0.045000
3579.870130 13.545000 0.068000
3586.733880 13.386000 0.098000
3597.772650 12.538000 0.051000
3674.673020 13.302000 0.053000
3702.595710 13.325000 0.092000
3731.605150 13.664000 0.041000
3749.554050 13.885000 0.041000
4235.881020 13.048000 0.061000
4247.869430 13.823000 0.044000
4299.851690 12.554000 0.091000
4330.689810 13.788000 0.094000
4351.771170 13.052000 0.045000
4393.611080 13.509000 0.047000
4399.762200 13.606000 0.066000
4420.691180 13.567000 0.056000
4475.548390 13.595000 0.056000
4731.794300 14.060000 0.046000
4759.667510 13.359000 0.070000
4779.669360 13.648000 0.078000
4797.597910 12.901000 0.062000
4815.563410 13.816000 0.081000
4818.580160 13.331000 0.074000
4821.561540 13.060000 0.070000
4824.561750 12.689000 0.075000
4827.562390 12.434000 0.071000
4830.562720 13.872000 0.072000
4833.563910 13.503000 0.081000
4836.561940 13.724000 0.076000
4839.568210 13.572000 0.065000
4843.554060 13.505000 0.077000
4846.548960 13.531000 0.082000
4940.903080 13.404000 0.049000
4946.903270 13.847000 0.051000
4950.894680 13.996000 0.054000
4954.886230 13.868000 0.065000
4969.906910 12.490000 0.067000
4973.870270 13.952000 0.044000
4985.832250 13.420000 0.046000
4991.894020 13.325000 0.050000
5013.837250 13.330000 0.053000
5018.899360 13.507000 0.056000
5021.805670 12.902000 0.043000
5023.865090 12.937000 0.047000
5048.692180 12.887000 0.042000
5072.660860 13.024000 0.051000
5082.817960 12.835000 0.054000
5087.687400 13.904000 0.046000
5124.665390 13.577000 0.064000
5129.656890 13.245000 0.043000
5131.689330 13.248000 0.049000
5155.699570 13.420000 0.075000
2207.552800 29.999000 0.046000
2260.542070 29.999000 0.063000
2453.730330 29.999000 0.047000
2503.714070 29.999000 0.052000
2744.916390 29.999000 0.031000
2764.885460 29.999000 0.030000
2776.855140 29.999000 0.039000
2877.741460 29.999000 0.028000
3016.556940 29.999000 0.034000
3637.820510 29.999000 0.044000
3851.894490 29.999000 0.076000
4289.921280 29.999000 0.037000
4697.843470 29.999000 0.039000
2070.779250 29.999000 0.070000
2174.629730 29.999000 0.054000
2202.584090 29.999000 0.055000
2263.534290 29.999000 0.058000
2454.751620 29.999000 0.053000
2563.639900 29.999000 0.036000
2770.889030 29.999000 0.038000
2843.755340 29.999000 0.036000
3276.721670 29.999000 0.047000
3719.623220 29.999000 0.046000
4307.771120 29.999000 0.049000
4369.707420 29.999000 0.035000
4389.677750 29.999000 0.057000
4456.591710 29.999000 0.049000
4719.879490 29.999000 0.036000
4754.803090 29.999000 0.044000
4769.599720 29.999000 0.031000
4785.645340 29.999000 0.031000
2032.890840 29.999000 0.046000
2566.676820 29.999000 0.044000
3182.856760 29.999000 0.030000
5105.601960 29.999000 0.044000
2135.714970 29.999000 0.064000
2243.582110 29.999000 0.053000
2482.700380 29.999000 0.042000
2490.734860 29.999000 0.039000
2495.752070 29.999000 0.037000
2655.551740 29.999000 0.035000
2659.539290 29.999000 0.031000
2665.525550 29.999000 0.032000
2737.910510 29.999000 0.038000
2819.847270 29.999000 0.033000
2822.832080 29.999000 0.048000
2936.657420 29.999000 0.056000
2983.556450 29.999000 0.032000
2994.623090 29.999000 0.030000
3158.879410 29.999000 0.032000
3166.879610 29.999000 0.031000
3185.838800 29.999000 0.029000
3191.884980 29.999000 0.055000
3630.721340 29.999000 0.036000
3635.614180 29.999000 0.044000
3716.643890 29.999000 0.035000
2117.739670 13.711000 0.062000
2135.706390 13.018000 0.069000
2141.692400 13.625000 0.058000
2144.682580 13.810000 0.064000
2145.679460 13.565000 0.055000
2140.690160 29.999000 0.080000
2143.689920 29.999000 0.066000
2151.599100 29.999000 0.079000
