2156.590720 12.739000 0.061000
2167.532710 12.684000 0.047000
2171.561610 12.781000 0.044000
2173.526900 12.434000 0.040000
2183.499740 12.728000 0.045000
2185.522650 12.802000 0.051000
2190.494320 12.641000 0.051000
2192.529820 12.899000 0.048000
2194.538430 12.795000 0.043000
2196.549560 12.427000 0.053000
2198.540060 11.901000 0.046000
2201.536330 12.748000 0.052000
2212.538350 12.401000 0.056000
3450.894220 12.871000 0.048000
3454.880220 12.055000 0.047000
3496.897630 13.071000 0.042000
3509.833380 11.981000 0.037000
3814.899190 12.281000 0.040000
3886.913170 12.768000 0.055000
3889.797660 12.413000 0.049000
3891.822900 12.726000 0.052000
4185.891110 12.652000 0.043000
4193.895490 12.725000 0.038000
4204.860750 12.035000 0.041000
4230.918710 12.805000 0.038000
4233.846330 12.814000 0.037000
4247.816850 12.465000 0.048000
4253.815050 12.695000 0.046000
4258.747110 12.735000 0.033000
4272.753310 12.332000 0.037000
4277.733220 11.988000 0.033000
4289.763760 12.936000 0.045000
4291.765080 12.046000 0.037000
4546.900980 12.087000 0.039000
4551.893820 12.725000 0.041000
4559.874570 12.626000 0.050000
4563.874380 13.062000 0.046000
4567.863920 12.892000 0.039000
4571.860310 12.083000 0.040000
4574.871570 12.816000 0.040000
4586.883060 12.819000 0.038000
4589.874760 12.494000 0.037000
4592.853060 12.758000 0.057000
4595.860250 12.752000 0.045000
4601.803050 12.724000 0.039000
4607.785280 12.528000 0.045000
4617.748970 12.883000 0.042000
4623.857120 12.633000 0.052000
4630.748450 12.184000 0.043000
4632.751570 12.572000 0.051000
4640.803890 12.851000 0.036000
4642.799510 12.047000 0.036000
4644.844900 12.416000 0.042000
4649.771220 12.767000 0.074000
4651.831810 12.255000 0.058000
4653.862080 12.504000 0.041000
4655.762750 12.350000 0.060000
4657.796320 12.708000 0.054000
4661.653980 12.729000 0.041000
4663.722460 12.720000 0.047000
4671.704960 12.406000 0.041000
4677.710200 12.793000 0.066000
4679.715520 12.755000 0.045000
4682.692040 12.804000 0.066000
4945.863800 12.080000 0.057000
4949.861680 12.404000 0.043000
4968.901640 12.024000 0.054000
4985.763050 12.674000 0.043000
5014.771810 12.702000 0.045000
5041.660890 12.762000 0.044000
2169.546470 12.706000 0.054000
2224.503400 12.738000 0.063000
4177.904830 12.678000 0.068000
4274.782070 12.569000 0.051000
4952.911400 12.065000 0.049000
5039.669730 12.955000 0.067000
3473.867780 29.999000 0.045000
3512.804580 29.999000 0.037000
3869.851030 29.999000 0.067000
3893.838840 29.999000 0.037000
4190.882530 29.999000 0.053000
4303.709180 29.999000 0.036000
4700.701270 29.999000 0.063000
4702.713910 29.999000 0.049000
2874.793080 13.015000 0.045000
2883.600250 12.818000 0.050000
2893.701540 12.627000 0.053000
2926.537640 12.830000 0.045000
2928.538350 12.859000 0.046000
2932.547570 12.138000 0.051000
2934.542970 12.448000 0.051000
2939.548970 11.997000 0.047000
2950.553370 12.486000 0.045000
2955.534420 12.022000 0.044000
2957.545940 12.387000 0.041000
2972.518910 12.768000 0.042000
3153.842270 12.301000 0.042000
3171.875550 12.569000 0.046000
3175.866880 12.702000 0.044000
3194.921770 12.709000 0.066000
2884.762050 12.521000 0.053000
2945.519890 12.694000 0.054000
2487.654970 29.999000 0.064000
1874.521860 12.485000 0.070000
1996.877630 12.759000 0.046000
2026.802110 12.768000 0.058000
2030.846080 12.688000 0.055000
2032.926190 12.086000 0.070000
2033.875810 12.780000 0.056000
2034.907420 12.285000 0.063000
2039.798530 12.760000 0.077000
2052.795320 12.104000 0.064000
2053.808950 12.738000 0.071000
2054.807620 12.521000 0.076000
2055.796150 12.799000 0.074000
2056.792860 12.484000 0.074000
2057.793780 12.604000 0.063000
2058.792460 12.791000 0.071000
2067.695250 12.731000 0.080000
2080.691250 12.872000 0.077000
2081.782270 12.896000 0.051000
2082.746950 12.345000 0.075000
2085.783250 12.695000 0.056000
2086.751000 12.433000 0.056000
2087.726270 12.925000 0.075000
2088.727550 12.596000 0.071000
2093.644750 11.840000 0.072000
2094.651690 12.638000 0.075000
2103.696360 12.851000 0.060000
2104.689470 12.461000 0.054000
2106.693180 12.617000 0.055000
2114.710310 12.460000 0.051000
2115.679340 12.748000 0.046000
2116.659360 12.144000 0.052000
2117.657460 12.762000 0.059000
2128.617990 12.816000 0.067000
2129.639990 12.515000 0.066000
2130.632550 12.779000 0.062000
2131.629650 12.709000 0.060000
2132.637390 12.255000 0.057000
2133.623050 12.773000 0.048000
2134.631830 12.172000 0.062000
2135.626640 12.832000 0.049000
2141.611000 11.959000 0.059000
2143.611060 12.289000 0.060000
2144.596970 12.753000 0.056000
2145.596900 12.481000 0.055000
2444.739640 12.219000 0.037000
2445.732880 12.818000 0.042000
2455.745330 12.674000 0.049000
2464.700510 12.715000 0.035000
2465.702020 12.652000 0.034000
2466.688140 12.760000 0.032000
2467.694090 12.098000 0.031000
2468.694380 12.842000 0.039000
2473.657970 12.822000 0.035000
2474.700220 12.100000 0.042000
2482.561010 12.590000 0.046000
2486.651640 12.844000 0.049000
2489.692930 12.716000 0.035000
2490.645240 12.684000 0.043000
2497.636420 12.981000 0.035000
2498.619990 12.745000 0.037000
2499.618030 12.329000 0.038000
2500.590380 12.751000 0.040000
2501.626320 12.350000 0.033000
2502.624170 12.878000 0.040000
2520.587000 12.796000 0.037000
2521.596680 12.496000 0.041000
2526.536780 12.085000 0.048000
2545.648070 12.271000 0.047000
2564.558210 13.045000 0.042000
2565.595180 12.357000 0.053000
2601.527060 12.498000 0.049000
2706.901520 12.392000 0.043000
2710.889140 12.718000 0.040000
2730.876010 12.786000 0.040000
2737.859340 12.822000 0.040000
2739.906300 12.710000 0.037000
2742.850940 12.754000 0.042000
2744.896740 12.859000 0.034000
2755.807730 12.821000 0.037000
2757.855140 12.743000 0.038000
2760.830500 12.647000 0.040000
2764.897640 12.853000 0.045000
2765.830480 12.532000 0.037000
2782.889360 11.995000 0.042000
2784.811820 12.000000 0.039000
2786.799790 12.255000 0.039000
2790.822860 12.700000 0.036000
2804.753440 12.359000 0.039000
2808.822730 12.879000 0.038000
2810.739560 12.750000 0.038000
2812.719810 12.825000 0.038000
2815.848230 12.806000 0.041000
2819.783440 12.803000 0.033000
2821.779030 12.949000 0.036000
2829.715670 12.498000 0.035000
2832.741240 12.201000 0.033000
2836.751690 12.463000 0.035000
2843.688040 12.272000 0.035000
2851.700670 12.810000 0.035000
2855.709660 12.501000 0.040000
2858.751410 12.811000 0.035000
2867.591330 12.790000 0.038000
2874.815550 12.793000 0.042000
2878.672210 12.959000 0.041000
2882.569190 12.735000 0.041000
2884.597700 12.187000 0.035000
2885.622380 12.766000 0.036000
2892.614920 12.761000 0.056000
2895.667030 12.752000 0.038000
2908.514240 12.776000 0.036000
2910.534300 12.863000 0.037000
2911.723690 12.840000 0.039000
2913.661080 12.808000 0.039000
2921.658900 12.146000 0.038000
2923.636380 12.273000 0.039000
2926.632200 12.896000 0.038000
2928.631960 12.247000 0.043000
2930.629330 12.170000 0.040000
2934.616560 12.583000 0.037000
2939.635490 12.313000 0.044000
2945.522890 12.793000 0.049000
2947.572910 12.851000 0.049000
2950.556570 12.512000 0.041000
2954.579340 12.915000 0.038000
2956.580560 12.796000 0.039000
2958.579280 12.867000 0.040000
2963.538900 12.825000 0.039000
2965.548840 12.732000 0.038000
2968.531170 12.514000 0.039000
2973.527390 12.364000 0.039000
2978.531370 12.073000 0.040000
3077.902620 12.712000 0.042000
3102.905440 12.792000 0.040000
3105.890570 12.471000 0.039000
3110.860770 12.177000 0.039000
3114.859420 12.476000 0.039000
3118.904640 12.778000 0.036000
3126.864320 12.019000 0.038000
3130.834330 12.358000 0.045000
3142.842550 11.968000 0.039000
3153.866360 12.470000 0.039000
3156.819980 12.846000 0.042000
3163.896760 12.448000 0.041000
3166.789410 12.745000 0.038000
3169.758120 12.198000 0.039000
3179.768670 12.819000 0.039000
3182.773330 12.762000 0.040000
3185.709460 12.013000 0.040000
3191.770140 12.857000 0.049000
3454.882750 12.050000 0.067000
3458.880120 12.597000 0.050000
3465.872190 12.423000 0.053000
3468.904470 12.049000 0.043000
3476.882800 12.779000 0.069000
3483.888200 12.723000 0.045000
3500.898080 12.044000 0.077000
3508.896510 12.872000 0.038000
3511.826510 12.271000 0.053000
3515.840510 12.833000 0.039000
3525.792650 12.240000 0.054000
3538.815940 12.567000 0.052000
3550.787600 12.085000 0.068000
3553.775710 12.851000 0.037000
3556.718610 12.565000 0.052000
3559.760250 12.232000 0.070000
3561.826130 12.514000 0.056000
3569.727160 12.839000 0.041000
3574.716840 12.796000 0.049000
3576.734040 12.754000 0.044000
3578.714920 12.931000 0.052000
3580.679410 12.896000 0.041000
3582.827070 12.298000 0.047000
3584.843890 12.600000 0.051000
3587.620520 12.838000 0.040000
3616.672340 12.295000 0.043000
3619.579190 12.876000 0.075000
3624.648250 12.871000 0.039000
3629.565300 12.366000 0.040000
3629.567790 12.638000 0.054000
3631.565420 12.648000 0.059000
3633.581560 12.755000 0.042000
3638.674710 12.876000 0.049000
3641.648100 12.404000 0.041000
3643.687310 12.555000 0.040000
3649.587000 12.801000 0.053000
3651.614990 12.802000 0.050000
3658.580890 12.747000 0.046000
3660.599180 12.701000 0.041000
3664.639000 12.183000 0.076000
3668.586070 12.544000 0.037000
3670.626310 12.659000 0.043000
3673.558610 12.090000 0.062000
3675.626930 12.573000 0.046000
3678.565650 12.638000 0.074000
3700.548670 12.594000 0.043000
3703.539110 12.113000 0.042000
3706.533930 12.691000 0.042000
3821.884250 12.046000 0.071000
3829.876180 12.916000 0.059000
3852.888770 13.049000 0.042000
3856.848580 12.810000 0.045000
3862.859090 12.298000 0.057000
3865.819420 12.785000 0.055000
3868.825210 12.681000 0.043000
3870.842520 12.931000 0.050000
3877.824960 12.760000 0.067000
3882.780460 12.628000 0.053000
3886.863880 12.926000 0.053000
3889.807660 12.541000 0.044000
3891.876690 12.776000 0.043000
3893.862280 12.846000 0.040000
3902.817420 13.019000 0.045000
3904.840820 12.765000 0.053000
3906.894990 11.959000 0.054000
4190.874130 12.401000 0.045000
4258.749470 12.536000 0.052000
4278.754470 12.987000 0.037000
4284.847770 12.286000 0.058000
4290.791440 12.943000 0.043000
4296.796600 12.898000 0.061000
4298.792690 12.111000 0.045000
4300.752930 12.130000 0.046000
4302.791730 12.414000 0.047000
4306.702000 12.683000 0.038000
4315.696310 12.609000 0.052000
4329.685180 12.632000 0.048000
4331.642800 12.609000 0.054000
4333.604600 12.613000 0.035000
4334.798630 12.525000 0.041000
4339.624470 12.934000 0.052000
4341.623570 12.238000 0.049000
4345.628510 12.392000 0.067000
4351.634870 12.819000 0.043000
4353.764070 12.441000 0.042000
4355.762870 12.158000 0.045000
4358.515590 12.742000 0.039000
4362.592440 12.791000 0.040000
4367.559840 12.774000 0.044000
4369.589510 12.998000 0.042000
4371.607630 12.888000 0.051000
4373.619830 12.018000 0.049000
4376.612790 12.813000 0.041000
4378.629020 12.845000 0.048000
4380.679290 12.047000 0.051000
4382.669530 12.352000 0.038000
4385.558160 12.807000 0.048000
4387.564410 12.825000 0.036000
4389.547960 12.852000 0.050000
4400.576870 12.327000 0.057000
4403.595570 12.857000 0.054000
4407.589710 12.292000 0.048000
4409.606490 12.557000 0.056000
4413.563030 12.827000 0.040000
4422.543960 12.790000 0.040000
4430.530760 12.045000 0.043000
4433.525060 12.690000 0.041000
4436.529610 12.718000 0.041000
4439.528780 12.203000 0.043000
4540.901530 12.860000 0.045000
4548.897120 12.384000 0.043000
4552.890340 12.752000 0.044000
4559.877160 12.569000 0.060000
4567.866560 12.867000 0.055000
4571.862960 12.094000 0.045000
4574.874000 12.762000 0.067000
4577.896440 12.622000 0.050000
4589.883770 12.532000 0.041000
4601.805430 12.806000 0.058000
4606.892420 12.804000 0.061000
4622.756890 12.931000 0.050000
4631.820960 12.689000 0.048000
4640.801130 12.828000 0.040000
4642.796780 12.195000 0.044000
4644.842340 12.487000 0.045000
4647.723850 12.874000 0.061000
4649.780220 12.773000 0.050000
4651.842630 12.264000 0.046000
4655.783510 12.528000 0.047000
4661.685360 12.789000 0.056000
4663.734300 12.889000 0.056000
4671.712440 12.430000 0.043000
4674.658190 12.855000 0.043000
4684.709580 12.868000 0.061000
4694.651930 12.248000 0.049000
4697.754630 12.348000 0.041000
4701.715980 12.265000 0.041000
4703.720920 12.536000 0.044000
4708.659900 12.007000 0.039000
4710.675490 12.305000 0.049000
4715.730290 12.219000 0.047000
4722.574380 12.804000 0.056000
4728.554650 12.357000 0.046000
4733.608550 12.083000 0.063000
4736.708070 12.821000 0.042000
4739.640080 12.669000 0.041000
4744.598600 12.370000 0.049000
4756.622430 11.994000 0.051000
4759.587360 12.750000 0.062000
4761.657100 12.891000 0.065000
4764.582510 12.730000 0.046000
4767.557070 12.215000 0.062000
4769.628100 12.604000 0.044000
4777.522810 12.855000 0.041000
4779.568150 12.878000 0.045000
4805.525120 12.917000 0.063000
5041.655660 12.867000 0.042000
2831.669330 13.067000 0.034000
2031.864680 12.747000 0.065000
2061.816070 12.373000 0.070000
2105.686640 12.901000 0.067000
2136.626190 12.378000 0.049000
2493.638600 12.957000 0.038000
2495.632310 12.998000 0.036000
2510.631000 12.759000 0.049000
3528.777260 13.236000 0.047000
3563.843400 12.849000 0.079000
3589.681200 12.829000 0.076000
3646.707260 12.210000 0.042000
3849.854150 12.917000 0.047000
3874.894150 12.185000 0.070000
4615.903080 12.559000 0.040000
4705.804890 12.812000 0.053000
4754.597280 12.962000 0.050000
1981.888020 12.418000 0.049000
1982.895940 12.778000 0.047000
1984.890660 12.938000 0.048000
1985.872490 12.695000 0.048000
1994.882380 13.072000 0.046000
2009.867080 12.468000 0.059000
2083.752850 12.860000 0.066000
2102.682980 12.246000 0.073000
2442.747210 12.016000 0.045000
2446.746810 12.524000 0.053000
2491.640890 12.767000 0.046000
2508.635620 12.209000 0.055000
2543.657440 12.925000 0.054000
2551.571050 12.537000 0.062000
2553.652810 12.758000 0.049000
2702.900700 12.656000 0.044000
2853.825290 12.213000 0.045000
2918.556780 12.357000 0.050000
2960.580350 12.394000 0.051000
3089.890350 12.485000 0.049000
3098.866420 12.400000 0.051000
3159.751860 12.731000 0.041000
3275.656600 12.988000 0.051000
3294.506540 12.400000 0.069000
3446.898490 12.926000 0.051000
3472.907360 12.402000 0.071000
3480.855190 12.757000 0.085000
3520.863490 12.497000 0.080000
3543.682120 12.357000 0.066000
3591.783890 12.953000 0.085000
3606.654770 12.520000 0.054000
3621.638160 12.756000 0.081000
3656.514140 12.599000 0.084000
3662.627950 12.180000 0.049000
3833.873720 12.728000 0.048000
3859.877090 12.701000 0.052000
3909.749200 12.801000 0.084000
3913.784940 12.939000 0.083000
4184.901590 12.769000 0.076000
4208.897470 12.655000 0.081000
4215.906770 12.656000 0.045000
4253.832250 13.077000 0.054000
4273.767710 12.939000 0.048000
4308.701220 12.634000 0.058000
4343.626970 12.176000 0.055000
4347.633150 12.596000 0.066000
4349.634600 12.767000 0.079000
4360.555530 13.095000 0.046000
4563.877120 13.127000 0.073000
4686.663940 12.902000 0.072000
4725.593260 12.902000 0.071000
4730.595830 12.568000 0.069000
4783.549870 12.303000 0.076000
4792.537740 12.301000 0.064000
4796.530610 12.706000 0.082000
4919.890780 12.673000 0.049000
4945.850210 12.190000 0.065000
4949.849000 12.396000 0.053000
4952.900910 12.047000 0.052000
4961.827140 12.329000 0.058000
4967.901750 12.647000 0.050000
4974.826360 12.633000 0.065000
4984.859370 11.916000 0.053000
4988.840280 12.441000 0.056000
5018.759550 12.027000 0.053000
5022.751900 12.530000 0.053000
5024.753330 12.687000 0.056000
5039.674720 12.980000 0.049000
5082.696630 11.923000 0.050000
5084.731810 12.365000 0.054000
5089.610420 12.809000 0.050000
5093.674170 12.521000 0.067000
5098.541800 12.940000 0.057000
5124.558070 12.932000 0.062000
2000.871930 13.333000 0.046000
1979.878270 12.152000 0.055000
1998.869730 13.118000 0.049000
2552.628760 12.722000 0.070000
3172.804640 12.964000 0.044000
3522.881380 12.688000 0.089000
3601.643870 12.871000 0.087000
3813.906110 12.914000 0.083000
4658.690930 12.888000 0.045000
2503.628890 29.999000 0.049000
2902.514010 29.999000 0.035000
4633.807970 29.999000 0.048000
4677.718460 29.999000 0.089000
4679.722880 29.999000 0.054000
4786.540460 29.999000 0.064000
2563.491870 29.999000 0.046000
2727.867030 29.999000 0.059000
3093.878760 29.999000 0.040000
