2117.647940 13.361000 0.064000
2135.619200 13.486000 0.060000
2141.608050 13.476000 0.061000
2143.608070 13.416000 0.062000
2144.593990 13.896000 0.058000
2140.596930 13.608000 0.084000
3448.899070 13.754000 0.094000
3452.902810 13.798000 0.088000
2460.920190 13.745000 0.038000
2468.696380 13.618000 0.035000
2490.651800 13.275000 0.039000
2727.862400 13.491000 0.038000
2744.898930 12.993000 0.050000
2454.726440 29.999000 0.043000
2855.707160 29.999000 0.044000
4413.528460 12.786000 0.035000
1875.512950 13.923000 0.066000
2026.784000 12.892000 0.052000
2030.805630 13.975000 0.050000
2031.844510 13.387000 0.056000
2032.912600 12.926000 0.053000
2037.802190 13.272000 0.072000
2052.780000 13.599000 0.066000
2053.800390 13.024000 0.072000
2057.782920 13.815000 0.061000
2058.774800 13.245000 0.071000
2061.807460 12.999000 0.068000
2065.762180 13.836000 0.056000
2070.886470 13.793000 0.041000
2081.743530 14.033000 0.051000
2083.734350 13.840000 0.062000
2085.718890 13.169000 0.064000
2087.715040 13.389000 0.063000
2088.707390 13.868000 0.064000
2093.631080 13.792000 0.069000
2094.642690 13.676000 0.070000
2103.673470 13.240000 0.054000
2104.680300 14.054000 0.049000
2106.676850 13.060000 0.041000
2114.692090 13.247000 0.051000
2115.655040 13.630000 0.046000
2116.650140 13.554000 0.053000
2117.636290 13.699000 0.059000
2128.594890 13.713000 0.054000
2129.611850 13.537000 0.058000
2130.625380 12.972000 0.055000
2131.618070 13.770000 0.050000
2133.615880 13.564000 0.045000
2134.622430 13.707000 0.058000
2171.579020 13.732000 0.064000
2173.517160 13.834000 0.042000
2175.523660 13.411000 0.050000
2180.515350 13.539000 0.058000
2184.492690 13.825000 0.050000
2187.496830 13.840000 0.049000
2190.495830 14.049000 0.051000
2192.526870 14.141000 0.045000
2194.544500 13.204000 0.044000
2196.546610 13.612000 0.049000
2198.537120 13.850000 0.042000
2207.494730 13.506000 0.043000
2212.535510 13.714000 0.051000
2215.516810 13.547000 0.061000
2441.740410 13.769000 0.036000
2442.731260 13.236000 0.036000
2443.728790 13.905000 0.031000
2444.733010 13.597000 0.029000
2453.771430 13.209000 0.038000
2466.681220 13.284000 0.032000
2467.682750 13.926000 0.029000
2493.622470 13.063000 0.039000
2497.622510 14.012000 0.035000
2498.612800 13.123000 0.040000
2500.585390 13.579000 0.048000
2501.605600 13.042000 0.034000
2510.608760 13.636000 0.041000
2519.731490 13.763000 0.037000
2524.668210 13.735000 0.041000
2526.703690 13.991000 0.036000
2544.568100 13.673000 0.054000
2545.617420 13.849000 0.043000
2548.642160 13.834000 0.051000
2563.553480 14.050000 0.039000
2565.615530 13.465000 0.049000
2566.625520 13.944000 0.039000
2578.541820 13.630000 0.043000
2709.882720 12.973000 0.037000
2712.876960 13.756000 0.036000
2717.905900 13.247000 0.036000
2727.841840 13.631000 0.034000
2730.848820 13.367000 0.033000
2738.874650 13.438000 0.031000
2741.829950 13.102000 0.032000
2743.870980 13.747000 0.035000
2756.885440 13.754000 0.029000
2759.865490 13.770000 0.030000
2784.803160 12.895000 0.033000
2786.779330 13.497000 0.031000
2790.811150 14.064000 0.031000
2804.719530 13.722000 0.034000
2808.804640 13.119000 0.034000
2810.723840 13.416000 0.036000
2812.699360 13.733000 0.031000
2814.875360 13.272000 0.041000
2821.708250 13.208000 0.032000
2835.723610 13.737000 0.031000
2838.714610 13.942000 0.027000
2851.670160 14.200000 0.027000
2853.791380 13.422000 0.036000
2858.723460 13.593000 0.030000
2864.742370 13.203000 0.040000
2872.617060 13.258000 0.030000
2874.795200 13.858000 0.039000
2876.675120 13.761000 0.036000
2878.653070 13.940000 0.033000
2883.602400 13.905000 0.029000
2892.558500 13.836000 0.046000
2893.659590 13.900000 0.049000
2895.633800 13.339000 0.034000
2897.642920 13.713000 0.042000
2906.659190 13.595000 0.034000
2908.715350 13.840000 0.031000
2911.500550 13.670000 0.030000
2923.520950 13.771000 0.033000
2926.523860 13.959000 0.034000
2928.531630 13.079000 0.035000
2930.537400 13.352000 0.035000
2939.542290 13.968000 0.034000
2947.560380 13.203000 0.041000
2956.577620 13.852000 0.031000
2958.576350 14.268000 0.032000
2961.515710 13.785000 0.031000
2963.548490 13.195000 0.032000
2965.555580 13.610000 0.033000
3075.892960 13.944000 0.037000
3082.884570 13.514000 0.037000
3101.881140 13.313000 0.032000
3109.865280 13.433000 0.034000
3113.847980 13.821000 0.036000
3118.887020 13.969000 0.037000
3128.844330 12.953000 0.039000
3131.837250 13.272000 0.035000
3146.796790 13.836000 0.033000
3152.873660 13.426000 0.036000
3154.778650 13.423000 0.035000
3157.892950 13.694000 0.033000
3166.759610 13.858000 0.032000
3176.743980 13.104000 0.031000
3179.739040 13.565000 0.032000
3182.752600 13.795000 0.033000
3194.899610 13.917000 0.061000
3432.900730 12.981000 0.041000
3459.861290 13.257000 0.069000
3465.858870 13.942000 0.057000
3468.886220 14.051000 0.038000
3472.890710 13.459000 0.049000
3476.856770 13.771000 0.068000
3491.923450 13.198000 0.061000
3500.878490 13.819000 0.042000
3503.843210 13.709000 0.038000
3506.881720 13.722000 0.035000
3510.779670 13.667000 0.032000
3512.819820 13.400000 0.037000
3530.758970 13.892000 0.052000
3553.748930 13.726000 0.032000
3555.866280 13.435000 0.040000
3561.748390 14.038000 0.051000
3563.797330 13.253000 0.037000
3568.841800 13.739000 0.037000
3570.697790 13.886000 0.036000
3573.736670 13.419000 0.045000
3575.749830 14.024000 0.034000
3581.844590 13.809000 0.035000
3584.652280 13.218000 0.040000
3586.657050 13.593000 0.067000
3593.593100 13.878000 0.032000
3596.752770 13.806000 0.066000
3601.625730 13.743000 0.048000
3603.629230 12.963000 0.042000
3616.578960 13.143000 0.039000
3618.680240 13.853000 0.042000
3622.728420 13.024000 0.047000
3630.633930 13.455000 0.043000
3632.637880 13.473000 0.036000
3634.669720 13.727000 0.041000
3640.688520 13.628000 0.054000
3643.521250 13.700000 0.040000
3646.595590 13.727000 0.032000
3649.546920 14.010000 0.053000
3651.567410 12.987000 0.059000
3657.645500 13.723000 0.072000
3660.543780 13.860000 0.050000
3662.576600 13.639000 0.035000
3668.564560 13.883000 0.046000
3670.589170 13.032000 0.033000
3673.543000 13.803000 0.053000
3675.614790 13.300000 0.043000
3678.557150 13.255000 0.043000
3701.519580 13.659000 0.045000
3704.518170 13.273000 0.039000
3795.900260 13.073000 0.048000
3824.871850 13.357000 0.037000
3827.888040 13.168000 0.058000
3835.858380 12.993000 0.049000
3849.834310 13.834000 0.046000
3861.857320 13.599000 0.042000
3863.882720 13.792000 0.052000
3866.801710 13.738000 0.047000
3874.877440 13.680000 0.072000
3877.807590 13.564000 0.044000
3880.888300 13.668000 0.046000
3883.880910 13.452000 0.062000
3887.819360 14.296000 0.036000
3892.760190 14.027000 0.036000
3894.753120 13.793000 0.031000
3901.803640 13.714000 0.046000
3903.815310 13.828000 0.061000
3905.855640 13.048000 0.054000
3908.742970 13.989000 0.055000
3912.766210 13.486000 0.046000
4166.900090 13.519000 0.071000
4176.888000 13.370000 0.070000
4192.880690 13.623000 0.049000
4207.907730 13.939000 0.057000
4232.837280 13.486000 0.037000
4235.819310 13.198000 0.037000
4256.907250 13.593000 0.037000
4276.726190 13.570000 0.051000
4278.747340 13.060000 0.034000
4298.749680 13.938000 0.040000
4302.759320 13.117000 0.038000
4304.696590 13.514000 0.036000
4306.691180 13.787000 0.034000
4314.727030 13.569000 0.043000
4317.607890 13.412000 0.031000
4331.619490 13.105000 0.040000
4334.793230 13.313000 0.040000
4339.605990 13.058000 0.036000
4345.621490 13.819000 0.063000
4347.626100 13.195000 0.051000
4349.628290 13.662000 0.043000
4353.752230 13.319000 0.042000
4355.752060 13.619000 0.040000
4358.502980 13.792000 0.034000
4367.517930 13.861000 0.033000
4371.587470 13.341000 0.038000
4373.599710 13.662000 0.041000
4376.591030 13.431000 0.034000
4378.606280 13.833000 0.041000
4380.635770 14.048000 0.041000
4382.653280 13.335000 0.033000
4385.541680 13.917000 0.036000
4387.543840 13.262000 0.032000
4389.534040 13.715000 0.035000
4399.556840 13.710000 0.038000
4402.589830 13.965000 0.033000
4406.595700 13.442000 0.036000
4409.527250 13.825000 0.046000
4422.528060 13.013000 0.044000
4426.528750 13.769000 0.038000
4432.522950 13.704000 0.040000
4435.526830 13.562000 0.034000
4438.522300 13.214000 0.039000
4547.882450 13.330000 0.052000
4558.863140 12.960000 0.044000
4561.898120 13.304000 0.035000
4565.881900 13.855000 0.042000
4569.877800 13.243000 0.042000
4572.907290 13.847000 0.041000
4579.890450 13.450000 0.038000
4585.878290 12.982000 0.040000
4588.869110 13.957000 0.048000
4591.858230 14.273000 0.038000
4594.845310 13.754000 0.038000
4597.835350 13.877000 0.035000
4623.770490 13.952000 0.044000
4627.809790 13.564000 0.043000
4629.792680 13.746000 0.037000
4633.789420 13.047000 0.045000
4639.786230 13.621000 0.036000
4641.793430 12.938000 0.038000
4643.794840 13.428000 0.042000
4650.751360 13.659000 0.052000
4652.761620 13.948000 0.061000
4656.733830 13.735000 0.046000
4660.681440 13.794000 0.036000
4662.717730 13.264000 0.047000
4671.868690 13.153000 0.038000
4674.635580 13.854000 0.035000
4677.702010 14.346000 0.054000
4679.707530 13.883000 0.039000
4682.683240 13.832000 0.061000
4686.654310 13.081000 0.043000
4694.633680 13.128000 0.045000
4697.737110 13.213000 0.040000
4701.704970 13.751000 0.050000
4703.709750 14.123000 0.044000
4705.801730 13.266000 0.047000
4715.581790 13.416000 0.046000
4721.559810 13.746000 0.035000
4726.649360 13.316000 0.053000
4729.626290 13.093000 0.049000
4734.680290 13.660000 0.041000
4743.611170 14.218000 0.043000
4753.646140 13.215000 0.053000
4756.549930 13.805000 0.037000
4759.535700 13.781000 0.034000
4761.635720 13.105000 0.049000
4767.553900 13.733000 0.068000
4776.506300 13.468000 0.067000
4778.553180 13.809000 0.065000
4785.538640 12.848000 0.045000
4798.524010 13.051000 0.069000
5088.691890 13.597000 0.039000
5092.719230 13.187000 0.047000
2082.740270 14.590000 0.069000
3172.790430 13.801000 0.037000
3496.894870 13.414000 0.048000
5021.738000 13.889000 0.041000
1994.860120 13.010000 0.056000
1996.852790 13.217000 0.050000
2054.796780 13.872000 0.074000
2055.780840 13.248000 0.074000
2056.779840 14.063000 0.074000
2067.678650 13.653000 0.076000
2163.545560 14.105000 0.056000
2474.688780 13.393000 0.049000
2535.543020 13.325000 0.050000
2552.604680 13.135000 0.054000
2884.764200 14.001000 0.047000
2904.658670 13.123000 0.051000
2917.512110 13.062000 0.035000
2934.536270 13.715000 0.049000
3088.871190 12.905000 0.049000
3092.864390 13.676000 0.042000
3122.924630 13.745000 0.042000
3125.828700 13.369000 0.041000
3141.828450 13.248000 0.040000
3163.823710 13.053000 0.051000
3444.891010 13.726000 0.057000
3479.901440 13.928000 0.094000
3522.748430 13.454000 0.094000
3577.772530 14.036000 0.076000
3590.785570 13.141000 0.085000
3620.668960 13.766000 0.079000
3655.602190 13.872000 0.063000
3805.892700 13.362000 0.083000
3813.884560 13.330000 0.067000
3816.875970 13.189000 0.052000
3820.882520 13.902000 0.069000
4203.881540 13.258000 0.050000
4286.754570 13.018000 0.045000
4343.615570 13.804000 0.063000
4539.890800 13.066000 0.050000
4648.701970 13.588000 0.068000
4654.749650 13.373000 0.061000
4708.656000 13.899000 0.072000
4782.553650 13.331000 0.079000
4917.900320 13.891000 0.052000
4921.891200 13.035000 0.068000
4929.896150 13.203000 0.054000
4947.900380 13.538000 0.041000
4974.808350 13.262000 0.063000
4988.815940 13.364000 0.042000
4990.815960 13.384000 0.042000
4994.813910 13.949000 0.040000
5006.782540 13.504000 0.049000
5012.812830 13.253000 0.055000
5014.756050 13.345000 0.043000
5067.655030 13.784000 0.054000
5103.526890 13.434000 0.043000
1978.902220 13.307000 0.050000
1980.878880 29.999000 0.050000
1982.866600 29.999000 0.050000
1998.845120 29.999000 0.048000
2446.731180 29.999000 0.044000
2499.613070 29.999000 0.042000
2543.638470 29.999000 0.043000
2699.897430 29.999000 0.041000
2736.876090 29.999000 0.032000
2763.823790 29.999000 0.038000
2769.866480 29.999000 0.039000
2830.670670 29.999000 0.030000
2855.684320 29.999000 0.045000
2867.577260 29.999000 0.032000
2886.561680 29.999000 0.031000
3070.904110 29.999000 0.036000
3097.895990 29.999000 0.032000
3105.846790 29.999000 0.034000
3187.688280 29.999000 0.033000
3524.833640 29.999000 0.048000
3550.767110 29.999000 0.039000
3559.708430 29.999000 0.085000
3831.886830 29.999000 0.050000
3852.869250 29.999000 0.044000
3855.863380 29.999000 0.061000
3868.858770 29.999000 0.066000
3870.799240 29.999000 0.037000
5023.746140 29.999000 0.042000
5042.678080 29.999000 0.044000
5048.736480 29.999000 0.041000
1984.855210 29.999000 0.046000
2000.847300 29.999000 0.052000
2464.684620 29.999000 0.035000
2482.662680 29.999000 0.041000
2487.666090 29.999000 0.051000
2491.620280 29.999000 0.042000
2494.625740 29.999000 0.045000
2495.625120 29.999000 0.038000
2502.612480 29.999000 0.037000
2503.617110 29.999000 0.052000
2511.652040 29.999000 0.059000
2540.567370 29.999000 0.057000
2564.578380 29.999000 0.043000
2703.897760 29.999000 0.035000
2721.852710 29.999000 0.041000
2761.838280 29.999000 0.033000
2782.860030 29.999000 0.030000
2802.806270 29.999000 0.048000
2832.652100 29.999000 0.029000
2945.503960 29.999000 0.042000
2954.576370 29.999000 0.032000
3190.754000 29.999000 0.065000
3487.915920 29.999000 0.049000
3539.730710 29.999000 0.055000
3606.633300 29.999000 0.040000
3628.554870 29.999000 0.030000
3637.674510 29.999000 0.039000
3799.902090 29.999000 0.038000
3809.898390 29.999000 0.050000
4180.883070 29.999000 0.047000
4215.899130 29.999000 0.039000
4247.799280 29.999000 0.039000
4253.812910 29.999000 0.048000
4273.762170 29.999000 0.039000
4284.756210 29.999000 0.068000
4290.749220 29.999000 0.044000
4311.682600 29.999000 0.054000
4329.625470 29.999000 0.041000
4341.608580 29.999000 0.055000
4351.628550 29.999000 0.045000
4369.569400 29.999000 0.038000
4393.641370 29.999000 0.059000
4429.526520 29.999000 0.034000
4551.873520 29.999000 0.044000
4575.864480 29.999000 0.056000
4602.859610 29.999000 0.047000
4606.865660 29.999000 0.044000
4631.807430 29.999000 0.041000
4645.834860 29.999000 0.052000
4666.713390 29.999000 0.046000
4684.691740 29.999000 0.051000
4710.672340 29.999000 0.054000
4724.596420 29.999000 0.034000
4738.686550 29.999000 0.044000
4741.592810 29.999000 0.058000
4748.583060 29.999000 0.041000
4764.571440 29.999000 0.038000
4907.883610 29.999000 0.047000
4940.848390 29.999000 0.042000
4962.847440 29.999000 0.059000
4967.884640 29.999000 0.050000
4984.829010 29.999000 0.045000
5097.531240 29.999000 0.042000
2009.842720 29.999000 0.058000
2156.583340 29.999000 0.054000
2470.638470 29.999000 0.034000
2473.648700 29.999000 0.034000
2486.635590 29.999000 0.041000
2508.618630 29.999000 0.045000
2747.903150 29.999000 0.035000
2921.511050 29.999000 0.033000
4161.900730 29.999000 0.065000
4229.905180 29.999000 0.046000
4296.745030 29.999000 0.039000
5084.623460 29.999000 0.049000
