2490.647750 12.603000 0.035000
2853.621580 13.554000 0.033000
3177.757230 13.012000 0.038000
2224.503400 13.406000 0.063000
2464.709620 29.999000 0.036000
2487.675520 29.999000 0.058000
2025.824690 13.188000 0.055000
2026.904680 13.717000 0.060000
2030.865860 13.098000 0.059000
2032.825450 13.502000 0.054000
2033.872850 13.707000 0.051000
2039.822760 13.550000 0.075000
2040.783790 13.468000 0.077000
2052.810470 13.724000 0.056000
2053.828530 12.567000 0.064000
2054.825030 12.992000 0.067000
2055.809140 13.223000 0.062000
2056.812540 13.543000 0.069000
2057.811500 13.703000 0.057000
2058.818320 13.563000 0.070000
2061.833660 13.442000 0.050000
2064.854120 12.360000 0.064000
2067.708560 12.911000 0.064000
2080.706710 13.387000 0.068000
2081.795580 13.590000 0.045000
2082.764560 13.601000 0.057000
2087.742040 13.525000 0.062000
2088.736350 13.706000 0.073000
2093.671860 13.568000 0.074000
2103.712630 13.261000 0.055000
2104.707380 13.464000 0.053000
2105.702400 13.601000 0.064000
2106.699930 13.505000 0.057000
2114.719390 12.985000 0.045000
2115.697540 13.201000 0.043000
2116.672970 13.487000 0.043000
2117.664340 13.481000 0.053000
2128.631870 13.514000 0.057000
2129.649230 13.523000 0.056000
2130.648520 13.707000 0.058000
2131.645690 13.324000 0.061000
2134.643400 13.397000 0.049000
2135.633730 13.574000 0.055000
2136.635500 13.568000 0.048000
2141.624890 13.810000 0.051000
2143.620430 13.432000 0.056000
2144.613080 12.532000 0.055000
2145.608600 13.028000 0.050000
2156.602430 12.614000 0.058000
2167.551210 13.623000 0.051000
2168.578020 12.576000 0.056000
2172.562610 13.632000 0.051000
2173.560510 13.561000 0.053000
2175.539490 12.908000 0.054000
2183.507090 13.325000 0.049000
2185.527820 13.375000 0.050000
2187.531900 13.052000 0.056000
2189.519280 13.701000 0.047000
2191.575080 12.349000 0.048000
2193.545530 13.155000 0.048000
2195.530700 13.676000 0.049000
2197.549150 12.743000 0.048000
2202.546670 13.520000 0.058000
2221.525680 12.399000 0.054000
2443.757530 13.246000 0.030000
2465.710920 13.274000 0.034000
2466.708270 12.890000 0.034000
2467.703090 13.246000 0.030000
2468.701140 13.380000 0.037000
2470.667940 13.601000 0.033000
2473.678210 12.947000 0.034000
2486.658600 13.414000 0.040000
2489.598460 13.674000 0.039000
2497.643490 13.124000 0.034000
2498.636400 13.365000 0.034000
2499.634070 13.774000 0.034000
2502.638090 12.575000 0.032000
2520.690560 13.256000 0.042000
2521.699840 13.696000 0.053000
2526.660230 12.998000 0.049000
2540.672050 13.512000 0.038000
2544.660600 13.191000 0.046000
2545.694750 13.520000 0.039000
2558.551160 13.441000 0.031000
2563.643510 13.538000 0.044000
2578.545450 13.657000 0.038000
2728.882430 12.603000 0.037000
2732.888850 13.448000 0.042000
2738.868600 13.607000 0.040000
2755.833220 13.465000 0.035000
2757.865980 12.824000 0.036000
2765.785020 12.858000 0.037000
2776.783600 12.351000 0.040000
2783.764660 12.873000 0.035000
2786.829170 13.609000 0.037000
2790.842770 13.384000 0.039000
2809.834650 13.906000 0.043000
2811.751330 13.349000 0.037000
2812.856830 13.093000 0.040000
2816.845780 12.968000 0.045000
2819.893730 13.658000 0.039000
2829.731760 13.374000 0.036000
2831.693680 13.042000 0.031000
2836.756190 12.912000 0.036000
2843.701800 13.085000 0.033000
2854.855310 13.425000 0.032000
2858.649740 13.761000 0.031000
2859.717050 12.378000 0.032000
2865.764850 12.908000 0.039000
2867.650400 12.914000 0.038000
2875.755830 13.477000 0.038000
2877.714750 12.450000 0.037000
2879.784270 13.501000 0.035000
2883.586380 13.461000 0.038000
2892.732620 13.722000 0.043000
2895.744710 12.984000 0.035000
2897.748350 13.499000 0.038000
2899.705000 13.481000 0.037000
2902.534880 13.424000 0.037000
2907.744470 13.040000 0.038000
2909.685630 13.623000 0.037000
2911.648620 13.764000 0.037000
2913.631580 12.319000 0.042000
2922.642280 13.773000 0.040000
2924.648430 13.555000 0.039000
2927.641610 13.437000 0.038000
2929.647490 13.620000 0.036000
2931.652350 12.705000 0.035000
2933.643110 13.387000 0.039000
2935.637870 13.620000 0.036000
2940.640240 13.706000 0.037000
2946.524360 13.248000 0.036000
2951.533640 13.213000 0.039000
2955.582980 12.414000 0.036000
2957.581950 13.333000 0.038000
2961.576880 12.455000 0.035000
2964.534880 13.540000 0.038000
2966.553950 13.611000 0.037000
2968.564180 13.156000 0.038000
2973.535240 12.317000 0.037000
2977.546370 13.884000 0.037000
3091.906220 13.632000 0.043000
3114.895390 13.602000 0.044000
3130.864930 13.224000 0.040000
3133.880360 12.414000 0.044000
3154.754940 13.025000 0.042000
3164.865500 13.085000 0.039000
3170.800250 12.698000 0.044000
3179.827680 13.464000 0.039000
3182.798830 12.832000 0.041000
3185.743360 13.279000 0.038000
3187.773830 12.965000 0.038000
3266.593170 12.361000 0.034000
3274.559060 13.242000 0.046000
3279.540720 12.697000 0.052000
3454.893780 13.615000 0.047000
3458.891190 13.239000 0.043000
3470.887000 13.260000 0.047000
3474.878600 12.410000 0.042000
3478.863220 13.683000 0.046000
3512.807250 13.286000 0.044000
3520.919900 13.153000 0.047000
3523.816140 13.094000 0.060000
3526.818400 13.545000 0.046000
3539.736020 13.482000 0.046000
3542.762690 13.232000 0.043000
3551.808440 12.500000 0.045000
3554.788670 13.545000 0.046000
3558.741540 12.415000 0.047000
3562.861790 12.717000 0.064000
3564.758730 12.610000 0.038000
3569.783170 12.375000 0.044000
3574.740470 13.681000 0.050000
3576.758540 12.794000 0.046000
3579.822660 13.519000 0.050000
3585.782780 13.565000 0.056000
3587.811000 12.639000 0.041000
3590.637570 13.244000 0.061000
3590.877850 13.533000 0.044000
3596.661350 13.176000 0.056000
3602.668090 13.472000 0.038000
3617.650000 13.608000 0.048000
3619.730660 13.390000 0.039000
3622.548080 13.604000 0.067000
3629.592950 13.651000 0.040000
3631.590630 12.727000 0.052000
3633.627180 13.608000 0.040000
3638.713500 13.633000 0.037000
3641.666820 12.487000 0.058000
3646.712990 13.089000 0.038000
3649.593560 13.099000 0.042000
3651.621540 13.517000 0.071000
3657.534310 13.406000 0.049000
3659.585120 13.608000 0.060000
3661.605410 13.206000 0.043000
3663.614610 13.475000 0.045000
3665.651380 12.565000 0.046000
3669.600960 13.705000 0.037000
3671.642470 12.481000 0.037000
3674.589930 13.463000 0.037000
3676.613620 13.646000 0.041000
3701.550970 13.132000 0.045000
3704.543880 13.361000 0.052000
3821.906600 12.857000 0.043000
3829.896940 13.530000 0.053000
3833.892280 12.909000 0.045000
3849.877380 13.607000 0.047000
3861.850000 13.686000 0.043000
3864.839070 13.062000 0.051000
3871.889870 13.501000 0.064000
3875.912440 13.180000 0.067000
3887.834120 13.048000 0.041000
3892.808310 12.470000 0.062000
3894.797150 13.416000 0.040000
3902.839300 13.685000 0.046000
3907.759870 13.341000 0.062000
3909.869330 12.643000 0.071000
4185.902630 12.722000 0.043000
4194.901990 13.609000 0.043000
4204.889220 13.286000 0.045000
4235.853650 13.622000 0.037000
4272.771770 13.731000 0.040000
4274.788190 12.384000 0.039000
4285.791530 13.581000 0.057000
4289.783200 13.619000 0.046000
4291.784520 13.654000 0.042000
4295.781680 13.738000 0.050000
4301.710700 13.285000 0.063000
4303.714020 13.620000 0.043000
4305.704380 12.643000 0.044000
4307.687000 13.297000 0.041000
4315.746650 13.577000 0.044000
4330.640800 13.043000 0.037000
4332.649790 13.553000 0.059000
4334.639880 13.678000 0.047000
4342.643660 13.083000 0.055000
4346.641260 13.343000 0.052000
4350.654500 13.749000 0.070000
4353.579500 12.458000 0.043000
4355.660380 13.538000 0.049000
4357.688190 13.744000 0.045000
4359.726380 13.200000 0.043000
4362.537960 13.441000 0.039000
4367.574970 13.154000 0.057000
4369.610560 13.495000 0.045000
4371.632770 12.862000 0.058000
4373.645560 13.810000 0.069000
4376.637090 12.358000 0.045000
4380.696100 13.686000 0.041000
4383.573050 12.611000 0.041000
4385.612890 13.467000 0.036000
4387.626100 13.736000 0.044000
4389.589750 13.030000 0.054000
4404.607940 13.607000 0.038000
4411.570320 13.580000 0.050000
4422.558170 13.376000 0.067000
4427.562030 13.474000 0.042000
4431.525630 12.768000 0.066000
4437.526900 12.942000 0.046000
4440.531380 13.635000 0.041000
4551.904310 13.130000 0.053000
4559.895680 13.562000 0.038000
4563.893460 13.173000 0.039000
4567.881010 12.501000 0.059000
4571.877980 13.472000 0.046000
4574.888510 13.064000 0.057000
4579.905050 13.039000 0.052000
4587.865280 13.419000 0.042000
4590.902610 12.433000 0.045000
4594.855910 13.693000 0.041000
4597.876930 12.888000 0.037000
4617.767990 13.223000 0.042000
4630.763020 13.655000 0.045000
4632.768220 13.607000 0.038000
4640.848440 13.433000 0.039000
4642.848860 13.627000 0.039000
4645.736140 12.440000 0.068000
4647.809080 13.705000 0.049000
4649.872890 12.331000 0.046000
4652.726840 12.982000 0.042000
4656.755320 13.348000 0.045000
4660.714430 13.437000 0.037000
4662.754790 12.755000 0.058000
4671.723560 13.285000 0.053000
4674.670110 13.544000 0.045000
4679.734060 13.624000 0.052000
4686.686230 13.978000 0.065000
4690.677290 13.673000 0.045000
4696.803270 13.236000 0.037000
4700.704150 13.209000 0.056000
4702.716830 13.444000 0.052000
4707.616550 13.321000 0.047000
4709.713480 13.560000 0.050000
4716.623120 13.618000 0.037000
4722.706370 12.541000 0.042000
4725.720870 13.552000 0.048000
4730.701200 13.438000 0.043000
4733.719840 12.836000 0.058000
4739.556790 13.679000 0.039000
4744.551350 13.365000 0.041000
4754.676280 13.577000 0.061000
4759.654140 13.119000 0.066000
4765.579750 12.620000 0.050000
4767.649120 13.724000 0.047000
4770.554890 13.748000 0.053000
4772.585340 13.367000 0.046000
4777.536500 12.583000 0.065000
4786.547060 13.659000 0.073000
4798.540240 13.409000 0.072000
5023.776420 13.469000 0.044000
5039.677310 12.873000 0.042000
5041.672570 13.272000 0.041000
5063.694070 12.602000 0.048000
5092.588800 13.702000 0.044000
1997.879720 13.397000 0.054000
2011.842190 12.974000 0.055000
2491.652410 12.970000 0.053000
2556.600930 13.294000 0.052000
1873.524380 13.586000 0.080000
1981.901140 12.803000 0.049000
1999.886040 12.332000 0.055000
2018.823140 12.749000 0.061000
2083.796470 12.880000 0.059000
2214.557110 13.601000 0.068000
2217.518390 13.218000 0.067000
2225.513770 13.822000 0.063000
2229.511610 13.243000 0.063000
2242.514010 13.679000 0.069000
2442.758140 12.794000 0.055000
2446.755530 13.556000 0.051000
2468.721980 13.433000 0.046000
2524.643720 13.793000 0.056000
2568.524280 12.500000 0.056000
2579.551700 12.460000 0.064000
2744.863090 13.518000 0.058000
2760.848500 13.387000 0.048000
3099.876180 12.982000 0.056000
3103.897220 13.524000 0.047000
3126.915370 13.569000 0.050000
3450.906550 12.290000 0.056000
3497.844310 13.465000 0.053000
3509.853310 13.296000 0.052000
3529.803640 12.972000 0.062000
3547.817880 13.032000 0.049000
3560.759950 13.650000 0.087000
3583.745490 13.169000 0.089000
3592.685070 13.487000 0.087000
3643.713270 13.350000 0.057000
3815.906340 12.967000 0.041000
3825.907950 13.579000 0.045000
3853.855140 13.546000 0.079000
3866.899650 13.604000 0.045000
3869.836720 12.954000 0.062000
3882.869740 13.437000 0.087000
3897.854090 12.749000 0.052000
3904.863970 12.868000 0.085000
3913.821440 13.516000 0.079000
3981.600830 13.474000 0.068000
4191.883070 12.576000 0.049000
4232.841920 12.798000 0.040000
4247.843280 13.649000 0.049000
4253.840090 13.430000 0.055000
4258.872500 13.338000 0.053000
4293.771650 12.951000 0.055000
4297.802630 13.289000 0.056000
4312.749360 13.301000 0.068000
4344.644110 13.551000 0.053000
4348.647490 13.157000 0.062000
4378.656640 13.255000 0.070000
4400.632060 12.625000 0.066000
4408.546780 13.238000 0.069000
4621.832960 12.946000 0.046000
4654.774010 13.579000 0.070000
4684.721020 13.698000 0.077000
4742.539300 12.774000 0.063000
4750.538070 13.260000 0.064000
4757.562570 13.602000 0.081000
4762.611360 13.549000 0.069000
4779.576610 13.780000 0.067000
4783.559290 12.637000 0.086000
4792.543300 13.989000 0.078000
4805.533970 13.372000 0.075000
4921.911660 13.248000 0.064000
4931.888980 12.448000 0.045000
4935.885620 13.372000 0.045000
4947.867970 13.649000 0.066000
4951.856290 13.459000 0.043000
4954.879440 13.462000 0.059000
4961.859280 12.594000 0.072000
4968.916910 13.530000 0.071000
4972.878540 12.478000 0.050000
4975.850760 13.535000 0.043000
4985.775430 12.574000 0.044000
4987.822650 13.352000 0.047000
4989.807390 13.594000 0.051000
4991.835940 12.824000 0.047000
5009.844850 13.003000 0.086000
5068.629630 13.697000 0.050000
5070.750580 13.091000 0.078000
5083.652710 13.351000 0.056000
5098.578490 13.679000 0.059000
5105.550210 13.608000 0.054000
5116.538720 13.457000 0.059000
5118.661710 13.577000 0.044000
1985.891290 29.999000 0.047000
2007.866600 29.999000 0.068000
2171.532900 29.999000 0.059000
2212.520820 29.999000 0.050000
2494.648890 29.999000 0.047000
2529.596760 29.999000 0.075000
2539.618270 29.999000 0.066000
2721.897330 29.999000 0.045000
2839.780050 29.999000 0.035000
2937.643410 29.999000 0.042000
3160.829950 29.999000 0.052000
3191.817450 29.999000 0.062000
3294.598440 29.999000 0.056000
3516.722030 29.999000 0.046000
2008.884990 29.999000 0.062000
2482.729320 29.999000 0.039000
2493.645570 29.999000 0.037000
2840.766480 29.999000 0.032000
4607.793170 29.999000 0.065000
4623.875540 29.999000 0.044000
5012.882540 29.999000 0.072000
1995.870650 29.999000 0.062000
2511.629730 29.999000 0.043000
2554.573550 29.999000 0.050000
4181.901070 29.999000 0.045000
