2740.908360 12.894000 0.039000
2758.885260 13.308000 0.038000
2782.908410 13.382000 0.043000
2784.854710 13.533000 0.044000
2815.889290 13.548000 0.041000
2821.792280 12.999000 0.041000
2838.881400 13.509000 0.039000
2851.723290 13.473000 0.034000
2857.801170 13.492000 0.038000
2859.630230 12.847000 0.035000
2860.694010 12.969000 0.036000
2861.798860 13.047000 0.038000
2867.731210 13.116000 0.041000
2875.670380 13.641000 0.039000
2877.654820 13.511000 0.040000
2884.644660 12.867000 0.045000
2888.641150 13.234000 0.040000
2895.721330 13.314000 0.041000
2898.546820 13.366000 0.038000
2900.567440 13.357000 0.039000
2906.564760 13.210000 0.040000
2909.566420 13.399000 0.042000
2911.545170 13.139000 0.038000
2916.549680 13.209000 0.039000
2922.549840 13.069000 0.041000
2924.555260 13.615000 0.040000
2927.554400 13.477000 0.038000
2929.555590 13.512000 0.042000
2931.558560 12.793000 0.043000
2933.558940 13.608000 0.041000
2935.558060 13.170000 0.041000
2940.530190 13.148000 0.040000
2942.523080 13.715000 0.041000
2946.557690 12.717000 0.039000
2949.564100 13.125000 0.044000
2955.521590 12.902000 0.039000
2957.530210 13.532000 0.045000
2961.538140 13.436000 0.050000
2964.526160 13.017000 0.041000
2970.515140 12.789000 0.039000
3153.888970 12.685000 0.038000
3175.838730 13.405000 0.039000
3556.746650 13.569000 0.040000
3144.873210 13.466000 0.048000
3177.795280 13.382000 0.042000
3190.781270 13.249000 0.060000
2918.580670 29.999000 0.043000
2473.699900 29.999000 0.048000
2808.832810 29.999000 0.040000
2834.700110 29.999000 0.047000
2892.662900 29.999000 0.050000
2937.556550 29.999000 0.039000
2944.537900 29.999000 0.041000
3508.899850 12.695000 0.037000
3870.892990 13.575000 0.037000
3880.862410 13.446000 0.042000
3887.842280 13.488000 0.044000
3894.815140 13.266000 0.040000
4229.883130 13.537000 0.039000
4232.893430 12.588000 0.039000
4235.890530 13.386000 0.041000
4247.865990 13.560000 0.038000
4253.848550 13.709000 0.042000
4256.833830 12.816000 0.040000
4272.797620 13.480000 0.046000
4277.774550 13.636000 0.036000
4292.728920 13.313000 0.044000
4296.819750 13.285000 0.044000
4298.863510 13.328000 0.048000
4302.832150 13.541000 0.045000
4304.713480 13.227000 0.036000
4319.679870 13.528000 0.040000
4587.908230 12.660000 0.041000
4595.900940 13.339000 0.042000
4599.899810 13.536000 0.040000
4602.910820 13.329000 0.047000
4606.930030 12.857000 0.051000
4610.843760 12.980000 0.038000
4616.904140 12.937000 0.051000
4628.829140 13.429000 0.040000
4630.834950 12.835000 0.040000
4632.824090 13.484000 0.045000
4641.841670 13.714000 0.040000
4643.843910 13.326000 0.041000
4648.849100 13.288000 0.045000
4651.775740 13.853000 0.052000
4653.799610 13.239000 0.036000
4682.770280 13.216000 0.041000
4686.730560 13.493000 0.043000
4690.716650 13.562000 0.038000
4697.681850 12.789000 0.040000
4701.672940 13.177000 0.046000
4703.675670 13.791000 0.051000
4705.736870 13.370000 0.044000
4710.665600 13.207000 0.042000
4947.915610 12.908000 0.048000
5014.797340 12.796000 0.041000
5039.707240 13.552000 0.046000
3851.912380 13.100000 0.051000
4268.787970 13.266000 0.057000
4274.789540 13.141000 0.050000
4289.881560 13.403000 0.047000
4621.855650 13.060000 0.050000
4638.913050 13.395000 0.045000
4661.760340 13.587000 0.059000
4663.770950 12.945000 0.070000
4665.770750 13.491000 0.058000
4677.783640 13.374000 0.066000
4985.825260 12.698000 0.046000
4989.879020 13.202000 0.044000
5006.839290 13.646000 0.058000
5017.770000 13.143000 0.045000
5019.784410 12.997000 0.055000
5023.805590 13.040000 0.046000
3500.906770 29.999000 0.043000
3511.869950 29.999000 0.046000
3538.818830 29.999000 0.040000
3858.909720 29.999000 0.052000
3872.877300 29.999000 0.044000
3892.844050 29.999000 0.053000
4245.864950 29.999000 0.048000
4300.824710 29.999000 0.071000
4646.783290 29.999000 0.070000
4658.755430 29.999000 0.044000
4684.773460 29.999000 0.042000
4716.616420 29.999000 0.041000
4967.892200 29.999000 0.048000
4987.862880 29.999000 0.048000
2470.707720 13.088000 0.043000
2545.674600 13.396000 0.036000
2558.610800 12.855000 0.055000
2559.609390 13.713000 0.044000
2560.617500 13.614000 0.065000
2566.600170 13.040000 0.042000
2735.913740 12.813000 0.035000
2739.911300 13.282000 0.035000
2755.892970 13.031000 0.031000
2758.901170 13.353000 0.032000
2764.883070 12.987000 0.034000
2782.929060 13.415000 0.042000
2784.872460 13.111000 0.037000
2786.860810 13.438000 0.031000
2790.870630 13.730000 0.047000
2812.903350 13.087000 0.037000
2820.755180 13.377000 0.034000
2832.783130 13.549000 0.039000
2834.719350 13.423000 0.035000
2841.739460 13.172000 0.037000
2843.728620 13.635000 0.037000
2854.647690 12.971000 0.033000
2859.659140 12.966000 0.034000
2860.742070 12.902000 0.033000
2866.697270 13.440000 0.034000
2867.754830 13.583000 0.035000
2872.680190 13.449000 0.036000
2875.682400 13.476000 0.035000
2877.664600 13.344000 0.034000
2879.681380 12.940000 0.042000
2884.651810 12.878000 0.035000
2888.648430 12.888000 0.035000
2892.665590 13.353000 0.056000
2899.696410 13.087000 0.049000
2902.688460 13.184000 0.045000
2905.576530 13.585000 0.031000
2908.595190 13.202000 0.034000
2910.618180 13.556000 0.038000
2912.571490 12.747000 0.033000
2913.679020 12.731000 0.045000
2916.609550 13.173000 0.039000
2922.627470 12.802000 0.038000
2927.626910 12.881000 0.036000
2931.636910 13.169000 0.039000
2933.625210 13.440000 0.037000
2937.628060 12.696000 0.038000
2943.526240 13.655000 0.038000
2946.532690 12.726000 0.035000
2949.541580 13.396000 0.040000
2956.537970 13.204000 0.038000
2963.533440 13.428000 0.041000
2965.546170 12.950000 0.039000
2970.531110 12.874000 0.041000
3144.903590 13.459000 0.035000
3153.904240 12.909000 0.032000
3156.878020 13.451000 0.033000
3164.877040 13.424000 0.039000
3179.891770 13.596000 0.034000
3185.787250 13.033000 0.044000
3187.821280 13.358000 0.032000
3266.611340 13.088000 0.039000
3268.602800 13.648000 0.039000
3270.578650 13.347000 0.037000
3274.579310 13.492000 0.040000
3276.669200 13.199000 0.050000
3293.561750 13.396000 0.048000
3296.516210 13.391000 0.055000
3476.911370 13.754000 0.040000
3500.926730 13.790000 0.043000
3509.894290 13.691000 0.041000
3512.854580 12.806000 0.043000
3517.842140 12.668000 0.044000
3521.862900 13.957000 0.054000
3530.889980 13.409000 0.046000
3538.882770 13.538000 0.043000
3541.815020 12.793000 0.057000
3543.843380 13.801000 0.065000
3554.798420 13.510000 0.043000
3558.775510 13.820000 0.058000
3560.800820 13.060000 0.055000
3563.751240 13.428000 0.054000
3569.768360 13.199000 0.054000
3571.776220 13.774000 0.044000
3574.837420 13.803000 0.043000
3576.833420 13.322000 0.040000
3583.773410 13.224000 0.067000
3590.749960 13.511000 0.039000
3592.794270 13.389000 0.048000
3596.693590 13.401000 0.048000
3599.764260 12.731000 0.042000
3602.696010 13.403000 0.042000
3624.663370 13.440000 0.040000
3630.616600 13.321000 0.046000
3632.623210 12.771000 0.046000
3637.659010 12.765000 0.045000
3643.542670 13.631000 0.053000
3646.619330 13.052000 0.047000
3651.606490 12.739000 0.056000
3653.572660 13.457000 0.050000
3657.543580 13.634000 0.053000
3659.606800 13.462000 0.045000
3661.626320 12.702000 0.050000
3663.638810 13.366000 0.065000
3670.527510 12.676000 0.054000
3672.581400 13.460000 0.045000
3850.911290 13.610000 0.051000
3860.893470 13.691000 0.044000
3864.890660 13.857000 0.045000
3870.873440 13.217000 0.048000
3875.928510 13.335000 0.052000
3883.867290 13.688000 0.052000
3887.860990 13.041000 0.045000
3894.851720 13.356000 0.041000
3901.746990 13.580000 0.064000
3903.865810 13.397000 0.052000
3909.802500 13.381000 0.048000
4232.881500 12.780000 0.047000
4250.878450 13.220000 0.050000
4255.823080 12.919000 0.045000
4268.793350 13.322000 0.044000
4277.796040 13.416000 0.039000
4292.778770 13.428000 0.042000
4296.800950 13.567000 0.060000
4298.794930 13.311000 0.045000
4304.730180 13.162000 0.045000
4306.727230 13.402000 0.039000
4316.831110 13.581000 0.048000
4319.761070 13.350000 0.057000
4333.653790 13.674000 0.040000
4336.649510 13.030000 0.042000
4341.664750 13.029000 0.051000
4345.665630 13.335000 0.063000
4347.665720 13.100000 0.043000
4351.664230 12.783000 0.060000
4356.631040 12.664000 0.043000
4358.663330 13.608000 0.044000
4362.672050 13.910000 0.038000
4364.603350 13.676000 0.044000
4372.618370 13.442000 0.067000
4375.619340 13.072000 0.052000
4377.651030 13.640000 0.047000
4380.545970 13.056000 0.057000
4382.591550 13.509000 0.046000
4384.605980 13.215000 0.048000
4386.636150 13.374000 0.051000
4388.612860 13.576000 0.044000
4400.588350 12.873000 0.056000
4403.602890 13.257000 0.054000
4407.597120 13.494000 0.057000
4410.576870 13.543000 0.055000
4430.535630 13.702000 0.057000
4596.884960 12.967000 0.046000
4600.875770 13.326000 0.057000
4603.904570 13.471000 0.044000
4616.898750 12.813000 0.043000
4624.834300 13.180000 0.040000
4638.839600 13.483000 0.043000
4651.772880 13.747000 0.053000
4658.753350 13.151000 0.045000
4671.761090 13.589000 0.038000
4674.718640 13.400000 0.040000
4682.764830 13.220000 0.044000
4684.765540 13.586000 0.054000
4686.725800 13.393000 0.052000
4690.712030 13.647000 0.039000
4698.699370 13.442000 0.043000
4700.693460 13.358000 0.066000
4702.706390 12.696000 0.048000
4709.738090 13.819000 0.045000
4716.626060 12.984000 0.040000
4724.576730 13.028000 0.044000
4726.628160 13.253000 0.042000
4729.611150 13.357000 0.049000
4734.669000 13.326000 0.053000
4739.562770 13.018000 0.045000
4744.567580 12.919000 0.043000
4746.576840 13.723000 0.046000
4753.612860 13.440000 0.041000
4755.646120 12.810000 0.054000
4758.585990 13.186000 0.054000
4761.569740 13.746000 0.048000
4764.564120 12.821000 0.039000
4767.554120 13.375000 0.060000
4774.576490 12.934000 0.051000
4778.539700 13.010000 0.056000
4782.543540 13.303000 0.069000
4785.535460 13.809000 0.049000
4798.523230 13.257000 0.065000
4801.521690 13.172000 0.048000
5041.696370 13.233000 0.046000
5063.676180 13.488000 0.050000
5089.621790 13.196000 0.046000
2543.673010 13.009000 0.053000
2886.607090 13.454000 0.055000
3190.793900 13.001000 0.047000
3279.560410 13.629000 0.062000
3323.541320 13.438000 0.083000
3524.845250 13.781000 0.077000
3585.853180 12.870000 0.084000
3619.596350 13.636000 0.084000
3621.646740 13.081000 0.084000
3666.579660 13.272000 0.079000
3675.533210 12.797000 0.082000
3678.525500 13.242000 0.082000
3703.522720 13.108000 0.073000
3867.896830 13.065000 0.074000
3898.812150 13.636000 0.082000
3906.806820 13.020000 0.085000
3913.828170 13.673000 0.072000
4392.588450 13.585000 0.075000
4427.531290 13.185000 0.080000
4704.783600 13.826000 0.071000
4731.635950 13.736000 0.058000
4772.565300 13.328000 0.073000
4974.873120 13.468000 0.055000
4985.799690 12.991000 0.048000
4989.848860 13.306000 0.061000
5015.777880 13.404000 0.065000
5018.833570 13.283000 0.050000
5024.793600 13.118000 0.048000
5048.668330 13.489000 0.050000
5066.690680 12.878000 0.054000
5068.649880 13.936000 0.059000
5070.766670 13.471000 0.047000
5082.710340 13.663000 0.056000
5098.581930 13.133000 0.052000
5110.663080 12.874000 0.049000
5124.562880 13.328000 0.049000
5145.542780 13.332000 0.072000
2510.597910 29.999000 0.048000
2554.654520 29.999000 0.058000
2742.912470 29.999000 0.032000
2770.898320 29.999000 0.046000
2776.846130 29.999000 0.037000
2809.851760 29.999000 0.039000
2829.765720 29.999000 0.035000
2839.805770 29.999000 0.043000
2862.656320 29.999000 0.043000
2895.736070 29.999000 0.039000
2897.739670 29.999000 0.045000
2924.633670 29.999000 0.039000
2929.632810 29.999000 0.036000
2953.588740 29.999000 0.040000
3182.833750 29.999000 0.038000
3194.925850 29.999000 0.059000
3480.898320 29.999000 0.050000
3547.836950 29.999000 0.061000
3634.655950 29.999000 0.064000
3649.563280 29.999000 0.052000
3856.908080 29.999000 0.063000
4300.760510 29.999000 0.061000
4302.796550 29.999000 0.048000
4308.728980 29.999000 0.054000
4311.610940 29.999000 0.057000
4329.764670 29.999000 0.055000
4343.666440 29.999000 0.072000
4349.664670 29.999000 0.065000
4354.608170 29.999000 0.069000
4368.588820 29.999000 0.044000
4621.853540 29.999000 0.046000
4696.794410 29.999000 0.043000
4707.634360 29.999000 0.042000
4770.539490 29.999000 0.059000
4945.907530 29.999000 0.046000
4949.916680 29.999000 0.057000
5039.705150 29.999000 0.057000
5084.740430 29.999000 0.049000
5093.689060 29.999000 0.057000
5101.653150 29.999000 0.049000
