1877.515790 13.430000 0.063000
3510.927020 13.771000 0.039000
3529.864780 13.321000 0.046000
3538.930360 13.214000 0.040000
3887.916790 13.099000 0.044000
3893.887330 13.618000 0.039000
3907.848980 13.638000 0.053000
4304.759620 13.953000 0.039000
4308.763940 13.334000 0.044000
4316.697980 13.398000 0.049000
4331.734680 13.216000 0.035000
4355.702580 14.008000 0.039000
4358.616500 13.466000 0.038000
4362.702110 14.340000 0.038000
4364.648740 13.516000 0.039000
4589.917430 13.899000 0.039000
4593.917330 13.511000 0.036000
4601.897570 13.344000 0.045000
4621.916710 13.645000 0.044000
4627.871890 14.037000 0.046000
4630.838620 13.363000 0.048000
4632.897670 14.063000 0.057000
4672.793050 13.843000 0.061000
4675.800310 13.597000 0.049000
4681.747850 13.134000 0.049000
4701.726870 13.534000 0.036000
4703.736610 13.198000 0.054000
4728.627440 13.680000 0.037000
4730.666700 13.550000 0.044000
4985.863650 13.881000 0.045000
4268.844320 13.754000 0.050000
4300.826950 13.949000 0.074000
4687.744230 13.782000 0.064000
4708.702410 13.895000 0.075000
4710.715300 13.630000 0.050000
4973.909270 13.381000 0.051000
4994.876960 13.462000 0.043000
5039.739690 13.943000 0.041000
5041.735070 13.763000 0.049000
5047.794650 13.526000 0.044000
5088.664330 13.501000 0.045000
5116.568890 13.531000 0.045000
3525.898000 29.999000 0.050000
3544.817170 29.999000 0.042000
3550.855260 29.999000 0.046000
3564.869890 29.999000 0.042000
3647.670680 29.999000 0.033000
3859.915430 29.999000 0.050000
3863.911340 29.999000 0.046000
3867.905870 29.999000 0.043000
3870.903880 29.999000 0.037000
3880.933420 29.999000 0.045000
3900.886090 29.999000 0.061000
4234.910560 29.999000 0.042000
4250.934260 29.999000 0.039000
4255.867680 29.999000 0.039000
4278.782250 29.999000 0.035000
4284.795430 29.999000 0.050000
4289.860430 29.999000 0.046000
4291.870130 29.999000 0.034000
4296.822690 29.999000 0.068000
4298.865700 29.999000 0.046000
4302.834420 29.999000 0.062000
4310.782000 29.999000 0.044000
4329.786250 29.999000 0.050000
4333.691450 29.999000 0.049000
4336.702300 29.999000 0.043000
4353.632240 29.999000 0.038000
4369.633390 29.999000 0.047000
4597.915080 29.999000 0.038000
4610.885720 29.999000 0.043000
4617.902640 29.999000 0.042000
4643.877580 29.999000 0.045000
4646.824160 29.999000 0.048000
4649.814130 29.999000 0.046000
4656.841980 29.999000 0.040000
4661.790680 29.999000 0.039000
4663.836200 29.999000 0.046000
4665.818920 29.999000 0.045000
4683.795100 29.999000 0.052000
4685.753200 29.999000 0.039000
4691.712530 29.999000 0.039000
4697.734220 29.999000 0.039000
4705.823110 29.999000 0.041000
4716.674970 29.999000 0.048000
4725.654510 29.999000 0.050000
4733.669820 29.999000 0.036000
4741.635930 29.999000 0.037000
4743.655230 29.999000 0.041000
4747.611190 29.999000 0.061000
4761.673600 29.999000 0.039000
4991.864870 29.999000 0.043000
5013.820160 29.999000 0.048000
5021.795350 29.999000 0.045000
5056.791220 29.999000 0.046000
5063.723330 29.999000 0.046000
5068.694040 29.999000 0.055000
5070.813950 29.999000 0.056000
5083.724420 29.999000 0.058000
5092.695460 29.999000 0.058000
4310.774780 13.566000 0.042000
4358.607860 13.473000 0.040000
2464.799970 13.203000 0.036000
2760.917780 14.239000 0.038000
2776.879800 13.579000 0.038000
2813.824160 13.381000 0.044000
2833.801820 13.694000 0.037000
2845.856010 13.764000 0.034000
2854.679880 13.856000 0.032000
2893.671210 13.620000 0.044000
2896.783050 13.395000 0.038000
2900.639470 13.391000 0.039000
2908.609910 13.169000 0.051000
2916.615180 13.633000 0.040000
2921.589940 13.715000 0.036000
2926.536910 13.724000 0.036000
2930.558340 13.676000 0.043000
2932.556640 13.807000 0.042000
2934.554080 13.492000 0.038000
2965.562140 13.671000 0.042000
2985.555530 13.553000 0.038000
3296.622410 13.645000 0.043000
3556.802560 13.582000 0.046000
3564.820270 13.765000 0.045000
3626.665080 13.776000 0.042000
3647.603270 13.729000 0.035000
3862.917870 13.827000 0.042000
4329.739630 13.531000 0.038000
4331.716150 13.327000 0.043000
4703.733390 13.321000 0.038000
2439.839010 13.858000 0.035000
2499.700770 13.184000 0.034000
2500.673980 13.446000 0.033000
2545.662050 14.090000 0.040000
2765.888760 13.773000 0.038000
2787.908050 13.904000 0.040000
2821.820030 13.335000 0.041000
2829.834460 13.160000 0.034000
2851.790020 13.045000 0.037000
2872.719560 13.092000 0.037000
2875.723350 13.942000 0.041000
2879.764480 13.401000 0.048000
2894.691210 13.154000 0.045000
2912.596040 13.814000 0.040000
2939.563050 13.825000 0.042000
2943.539480 13.405000 0.037000
2958.622230 13.695000 0.038000
2963.555210 13.935000 0.042000
2969.564710 13.923000 0.043000
2989.541830 13.428000 0.038000
2996.528080 13.081000 0.040000
3189.829110 13.719000 0.036000
3294.589660 13.358000 0.057000
3544.820220 13.569000 0.054000
3550.847970 13.456000 0.050000
3585.843870 13.756000 0.045000
3616.676410 13.318000 0.042000
3621.628900 13.761000 0.051000
3624.661450 13.632000 0.043000
3668.687330 13.261000 0.052000
3671.561920 13.982000 0.047000
3866.894040 13.967000 0.040000
3872.893560 13.094000 0.049000
3907.846760 13.654000 0.043000
3912.850700 14.272000 0.052000
4389.598660 13.166000 0.056000
4438.540490 13.901000 0.049000
2446.830160 13.701000 0.050000
1872.529650 13.421000 0.070000
3193.880700 13.475000 0.059000
3271.629100 13.634000 0.062000
1875.535310 14.014000 0.067000
1878.532130 13.594000 0.059000
1887.529730 13.133000 0.074000
2026.894820 13.240000 0.064000
2763.909030 13.253000 0.041000
3522.901880 13.253000 0.059000
3528.878000 13.738000 0.055000
3562.791670 13.879000 0.071000
3579.846740 13.867000 0.079000
3651.672130 13.845000 0.074000
3653.608850 14.005000 0.059000
3659.566420 13.194000 0.067000
3663.591660 14.035000 0.072000
3665.601600 13.635000 0.080000
3676.558150 14.387000 0.065000
3678.636740 14.095000 0.078000
3883.918160 14.097000 0.064000
4708.693460 13.481000 0.070000
2445.818470 29.999000 0.043000
2465.779500 29.999000 0.037000
2486.727640 29.999000 0.048000
2490.744420 29.999000 0.039000
2497.707000 29.999000 0.038000
2501.694450 29.999000 0.034000
2627.529800 29.999000 0.037000
2757.910270 29.999000 0.036000
2811.890660 29.999000 0.040000
2859.693290 29.999000 0.036000
2860.805200 29.999000 0.035000
2866.774610 29.999000 0.040000
2888.671960 29.999000 0.038000
2895.647830 29.999000 0.038000
2922.713860 29.999000 0.045000
2977.574170 29.999000 0.040000
3146.927630 29.999000 0.046000
3166.919440 29.999000 0.046000
3169.875790 29.999000 0.044000
3180.839170 29.999000 0.052000
3278.669560 29.999000 0.051000
3538.884420 29.999000 0.066000
3553.815910 29.999000 0.036000
3569.808210 29.999000 0.043000
3571.801990 29.999000 0.039000
3576.799660 29.999000 0.056000
3595.717730 29.999000 0.052000
3638.745330 29.999000 0.044000
3661.586920 29.999000 0.072000
3673.627160 29.999000 0.055000
3716.554170 29.999000 0.042000
3869.896340 29.999000 0.041000
3896.906900 29.999000 0.043000
4296.779930 29.999000 0.044000
4300.817260 29.999000 0.067000
4342.700210 29.999000 0.054000
4346.700910 29.999000 0.060000
4362.699780 29.999000 0.041000
4376.655730 29.999000 0.042000
4380.711120 29.999000 0.060000
4387.631970 29.999000 0.050000
4408.659250 29.999000 0.081000
4697.731930 29.999000 0.039000
4715.695080 29.999000 0.044000
4728.637110 29.999000 0.040000
4730.680140 29.999000 0.044000
4733.682440 29.999000 0.045000
4738.723360 29.999000 0.038000
4743.646590 29.999000 0.042000
4747.601720 29.999000 0.058000
4754.608110 29.999000 0.041000
4756.634640 29.999000 0.052000
4761.664030 29.999000 0.063000
4771.624010 29.999000 0.067000
2489.708480 29.999000 0.039000
2493.717520 29.999000 0.048000
2552.668560 29.999000 0.041000
2621.541900 29.999000 0.044000
2818.914570 29.999000 0.034000
2831.779240 29.999000 0.035000
2910.669210 29.999000 0.051000
2928.556610 29.999000 0.040000
2954.630450 29.999000 0.041000
2980.565990 29.999000 0.039000
2983.539150 29.999000 0.040000
3154.926400 29.999000 0.043000
3183.839790 29.999000 0.042000
3276.634090 29.999000 0.062000
3280.684570 29.999000 0.042000
3290.586840 29.999000 0.043000
3525.892120 29.999000 0.038000
3541.852650 29.999000 0.046000
3618.816070 29.999000 0.048000
3704.527450 29.999000 0.084000
3707.523860 29.999000 0.046000
3713.537540 29.999000 0.047000
3720.532880 29.999000 0.086000
3852.915940 29.999000 0.041000
3858.917630 29.999000 0.046000
3900.826920 29.999000 0.056000
3904.898440 29.999000 0.048000
4306.767730 29.999000 0.035000
4333.700860 29.999000 0.041000
4336.687690 29.999000 0.039000
4350.747120 29.999000 0.067000
4353.629930 29.999000 0.038000
4355.700300 29.999000 0.036000
4364.643650 29.999000 0.045000
4369.630120 29.999000 0.042000
4371.650690 29.999000 0.064000
4378.678950 29.999000 0.050000
4383.577970 29.999000 0.052000
4385.618000 29.999000 0.049000
4399.648780 29.999000 0.075000
4402.650360 29.999000 0.060000
4406.627190 29.999000 0.061000
4411.626740 29.999000 0.061000
4426.569300 29.999000 0.074000
4429.553160 29.999000 0.054000
4432.550200 29.999000 0.044000
4435.546020 29.999000 0.067000
4441.535850 29.999000 0.058000
4444.551180 29.999000 0.051000
4675.789610 29.999000 0.042000
4725.651280 29.999000 0.078000
4759.593490 29.999000 0.067000
4764.588680 29.999000 0.043000
4766.648020 29.999000 0.044000
4769.577050 29.999000 0.064000
4773.658790 29.999000 0.053000
4780.514990 29.999000 0.075000
4783.596720 29.999000 0.057000
4786.555560 29.999000 0.062000
4792.553780 29.999000 0.061000
4795.568740 29.999000 0.084000
4798.548270 29.999000 0.070000
4801.534510 29.999000 0.084000
4807.538390 29.999000 0.078000
4814.543740 29.999000 0.053000
2466.775510 29.999000 0.032000
2467.776900 29.999000 0.033000
2473.765320 29.999000 0.041000
2495.711790 29.999000 0.042000
2498.699320 29.999000 0.037000
2802.908900 29.999000 0.046000
2835.726820 29.999000 0.036000
2838.823820 29.999000 0.039000
2840.882530 29.999000 0.040000
2862.690250 29.999000 0.040000
2877.701010 29.999000 0.047000
2883.666430 29.999000 0.045000
2884.814610 29.999000 0.041000
2898.656290 29.999000 0.047000
2950.607970 29.999000 0.042000
2952.625780 29.999000 0.052000
3590.883600 29.999000 0.078000
3631.650890 29.999000 0.054000
3633.665680 29.999000 0.041000
3701.528830 29.999000 0.057000
4302.820670 29.999000 0.045000
4373.664280 29.999000 0.077000
4973.872880 29.999000 0.049000
4993.884210 29.999000 0.047000
5025.876460 29.999000 0.051000
5031.904950 29.999000 0.047000
5047.757830 29.999000 0.052000
5070.669070 29.999000 0.050000
5085.786000 29.999000 0.048000
5092.671130 29.999000 0.056000
5097.723940 29.999000 0.046000
5099.714640 29.999000 0.043000
5103.590350 29.999000 0.049000
5111.741640 29.999000 0.051000
2468.792560 13.639000 0.041000
2470.759060 13.309000 0.042000
2886.711860 13.414000 0.030000
2951.547190 29.999000 0.052000
2955.593910 29.999000 0.030000
