2628.670980 13.435000 0.048000
3093.571050 13.328000 0.054000
2679.611050 29.999000 0.058000
2167.851540 13.521000 0.060000
2171.878130 13.502000 0.059000
2173.857600 13.662000 0.056000
2183.863610 13.809000 0.054000
2185.822100 13.625000 0.054000
2189.862010 13.779000 0.054000
2191.822000 14.049000 0.054000
2193.824810 13.997000 0.050000
2201.826730 14.118000 0.049000
2213.811750 14.126000 0.051000
2221.768150 14.388000 0.059000
2234.792640 14.540000 0.058000
3448.588750 12.073000 0.062000
3453.562610 12.056000 0.061000
2235.769540 14.377000 0.062000
3363.711780 13.573000 0.076000
3386.618810 13.804000 0.077000
3390.657370 13.528000 0.090000
3450.581150 11.991000 0.074000
2196.805820 29.999000 0.061000
2197.889060 29.999000 0.055000
2199.823790 29.999000 0.054000
2208.806760 29.999000 0.067000
2212.772010 29.999000 0.053000
2215.786310 29.999000 0.050000
2217.765030 29.999000 0.059000
2225.724450 29.999000 0.054000
2227.745490 29.999000 0.058000
2232.745160 29.999000 0.056000
2236.797190 29.999000 0.065000
2237.784750 29.999000 0.061000
2239.756470 29.999000 0.061000
2243.770790 29.999000 0.064000
2247.744860 29.999000 0.075000
2248.759430 29.999000 0.070000
2249.746450 29.999000 0.062000
2253.727710 29.999000 0.065000
2257.732160 29.999000 0.073000
2260.716100 29.999000 0.075000
1875.775950 14.966000 0.056000
1884.722150 14.902000 0.046000
1899.698350 14.438000 0.045000
1900.707630 14.397000 0.043000
1902.683060 14.395000 0.045000
1905.691570 14.432000 0.047000
1906.682660 14.328000 0.045000
1908.684170 14.145000 0.044000
1913.658640 14.215000 0.041000
1914.676960 14.173000 0.041000
1915.676470 14.311000 0.051000
1921.662060 14.047000 0.043000
1922.661400 13.917000 0.043000
1923.656790 13.870000 0.042000
1925.652230 14.145000 0.046000
1926.649020 13.908000 0.045000
1928.653040 13.899000 0.045000
1929.643650 14.092000 0.052000
1930.641670 14.045000 0.046000
1933.633150 13.558000 0.047000
1934.632570 14.005000 0.043000
1935.577530 13.743000 0.043000
1937.612300 13.840000 0.043000
1938.635630 13.755000 0.048000
1940.616990 13.723000 0.046000
1945.610990 13.792000 0.046000
1950.598120 13.728000 0.064000
1952.591180 13.573000 0.062000
1953.591220 13.546000 0.053000
1955.560480 13.519000 0.061000
1958.572380 13.579000 0.053000
1961.557720 13.418000 0.055000
1967.551390 13.430000 0.055000
2027.462220 12.085000 0.053000
2032.456410 11.980000 0.044000
2128.927240 12.784000 0.074000
2130.929620 13.102000 0.066000
2132.924770 13.049000 0.061000
2134.921510 13.156000 0.058000
2136.921310 13.046000 0.062000
2166.900700 13.315000 0.063000
2168.867960 13.667000 0.053000
2172.827080 13.581000 0.058000
2188.855680 13.706000 0.055000
2190.812290 13.556000 0.051000
2192.802530 13.874000 0.060000
2198.791670 13.638000 0.056000
2200.801920 13.853000 0.063000
2492.928550 11.910000 0.060000
2496.927660 11.689000 0.056000
2499.917640 11.737000 0.054000
2520.895050 11.731000 0.044000
2540.852340 11.972000 0.040000
2544.901960 12.217000 0.053000
2549.846300 12.132000 0.046000
2552.815300 12.165000 0.032000
2557.808220 12.106000 0.053000
2561.818830 12.254000 0.033000
2565.814200 12.297000 0.051000
2574.785090 12.455000 0.058000
2577.776210 12.608000 0.043000
2621.763510 13.396000 0.041000
2623.722490 13.366000 0.033000
2625.708160 13.530000 0.035000
2631.822090 13.447000 0.034000
2635.678180 13.638000 0.035000
2639.691220 13.657000 0.036000
2641.693970 13.874000 0.029000
2643.703490 13.717000 0.031000
2645.687680 13.744000 0.031000
2647.668180 13.836000 0.032000
2654.665900 14.174000 0.029000
2661.715050 13.969000 0.037000
2665.704230 14.214000 0.030000
2667.703680 14.078000 0.032000
2671.692080 14.120000 0.034000
2673.686560 14.262000 0.031000
2691.620820 14.653000 0.047000
2693.633160 14.702000 0.038000
2911.846040 14.041000 0.034000
2927.826940 13.941000 0.031000
2930.839250 13.913000 0.030000
2947.803730 13.538000 0.039000
2950.745810 13.541000 0.034000
2962.774460 12.865000 0.033000
2965.754460 12.676000 0.035000
2968.755820 12.702000 0.048000
2971.758470 12.531000 0.031000
2974.746650 12.444000 0.034000
2976.750480 12.430000 0.038000
2978.756780 12.422000 0.044000
2980.759220 12.401000 0.033000
2982.769340 12.500000 0.033000
2985.716510 12.373000 0.032000
2987.762260 12.413000 0.033000
2992.751740 12.456000 0.049000
2995.686040 12.383000 0.036000
2997.734560 12.453000 0.032000
3006.818420 12.389000 0.037000
3008.737460 12.508000 0.038000
3010.742110 12.492000 0.033000
3012.841970 12.382000 0.038000
3016.636800 12.438000 0.031000
3018.676640 12.443000 0.031000
3023.663810 12.596000 0.032000
3025.792200 12.644000 0.034000
3034.638790 12.670000 0.041000
3036.712840 12.708000 0.034000
3045.673350 12.723000 0.033000
3048.646580 12.718000 0.038000
3050.743410 12.852000 0.036000
3053.625060 12.806000 0.035000
3057.731460 12.853000 0.047000
3060.586750 12.900000 0.058000
3064.641040 12.835000 0.042000
3067.667570 12.859000 0.035000
3069.683550 12.796000 0.035000
3072.602770 12.902000 0.034000
3074.649160 13.012000 0.036000
3076.673980 12.889000 0.032000
3078.672610 13.009000 0.033000
3081.545260 12.971000 0.033000
3085.546500 13.136000 0.035000
3087.560150 13.097000 0.036000
3089.581200 13.288000 0.037000
3091.586140 13.383000 0.047000
3093.584770 13.192000 0.031000
3097.586030 13.396000 0.043000
3100.511980 13.388000 0.033000
3102.532050 13.426000 0.032000
3104.551800 13.374000 0.034000
3106.560000 13.268000 0.033000
3108.564350 13.248000 0.033000
3112.581710 13.475000 0.033000
3115.502590 13.490000 0.046000
3116.512180 13.627000 0.034000
3121.465380 13.633000 0.034000
3123.498860 13.726000 0.034000
3125.529890 13.658000 0.033000
3133.485310 13.926000 0.037000
3146.486080 13.863000 0.040000
3357.695960 13.664000 0.042000
3363.705080 13.613000 0.056000
3389.770570 13.661000 0.057000
3399.721530 13.794000 0.059000
3404.733100 13.329000 0.074000
3406.779610 13.355000 0.057000
3413.684020 13.089000 0.059000
3415.693900 12.895000 0.046000
3417.682790 12.818000 0.051000
3419.671970 12.790000 0.053000
3421.688960 12.764000 0.066000
3425.702650 12.454000 0.062000
3428.546910 12.388000 0.048000
3430.570300 12.326000 0.052000
3437.583240 12.295000 0.045000
3440.572420 12.073000 0.069000
3447.615560 11.982000 0.041000
3454.626770 11.981000 0.064000
3456.620940 12.361000 0.063000
3458.610220 12.106000 0.058000
3460.612520 11.950000 0.055000
3468.567660 11.895000 0.048000
3470.586010 11.970000 0.068000
3477.565120 12.065000 0.048000
3480.516530 12.058000 0.041000
3489.510100 12.121000 0.038000
3495.527000 12.157000 0.039000
3499.505130 12.216000 0.050000
3501.505770 12.309000 0.042000
3504.476190 12.235000 0.072000
3509.461570 12.337000 0.037000
3513.462790 12.334000 0.041000
3517.463550 12.518000 0.035000
3589.928570 13.303000 0.064000
3621.905830 13.278000 0.047000
3658.826940 14.374000 0.040000
3790.631980 14.473000 0.045000
3795.558320 14.442000 0.047000
3802.563580 14.168000 0.048000
3816.564270 13.999000 0.038000
3818.599570 14.006000 0.039000
3820.609100 13.845000 0.045000
3823.548600 13.621000 0.056000
3825.582980 13.793000 0.043000
3827.596870 13.808000 0.044000
3832.545750 13.923000 0.048000
3847.470920 14.112000 0.054000
3849.548780 13.785000 0.041000
3851.558730 13.869000 0.062000
3860.489770 13.717000 0.041000
3862.493950 13.723000 0.039000
3864.522350 13.659000 0.071000
3870.462780 13.980000 0.066000
3872.485550 13.728000 0.056000
3876.489680 13.815000 0.058000
3880.477240 13.652000 0.065000
3883.467870 13.734000 0.042000
4334.914510 13.414000 0.044000
4343.897740 13.510000 0.040000
4347.902330 13.314000 0.060000
4354.910010 13.296000 0.047000
4363.865750 13.328000 0.046000
4367.868840 12.916000 0.054000
4375.877530 12.813000 0.042000
4378.890350 12.725000 0.045000
4382.836330 12.394000 0.041000
4386.834610 12.402000 0.045000
4399.874530 12.249000 0.045000
4403.819750 12.175000 0.056000
4407.833480 12.298000 0.062000
4410.814430 12.212000 0.052000
4418.843440 12.344000 0.058000
4422.756880 12.355000 0.050000
4426.778390 12.367000 0.060000
4432.752890 12.403000 0.042000
4435.746900 12.478000 0.059000
4438.735090 12.541000 0.042000
4441.730520 12.535000 0.044000
4453.696000 12.616000 0.043000
4456.687590 12.630000 0.052000
4458.775860 12.728000 0.055000
4461.696580 12.710000 0.050000
4463.800680 12.716000 0.067000
4466.691120 12.909000 0.051000
4469.690580 12.917000 0.063000
4475.665700 12.839000 0.055000
4478.672650 12.982000 0.046000
4481.634450 13.157000 0.053000
4487.607460 13.052000 0.063000
4489.646970 13.245000 0.041000
4491.688230 13.045000 0.051000
4493.716490 13.197000 0.049000
4499.729190 13.292000 0.054000
4502.653150 13.455000 0.043000
4504.706000 13.297000 0.044000
4507.602750 13.482000 0.072000
4509.686540 13.552000 0.050000
4517.688290 13.388000 0.063000
4519.692560 13.674000 0.069000
4521.709780 13.546000 0.066000
4523.733270 13.580000 0.054000
4526.577280 13.546000 0.069000
4528.620040 13.621000 0.045000
4530.682030 13.724000 0.041000
4533.585730 13.997000 0.044000
4536.645150 13.894000 0.043000
4538.682400 13.767000 0.042000
4541.534270 14.115000 0.067000
4547.600770 13.928000 0.056000
4752.822830 13.856000 0.051000
4780.808490 14.359000 0.044000
4784.753970 13.704000 0.042000
4793.783290 13.946000 0.055000
4800.745190 13.942000 0.071000
4803.734660 13.957000 0.052000
4806.725450 14.046000 0.049000
4808.779370 13.963000 0.042000
4818.753260 14.009000 0.039000
4821.695250 13.935000 0.042000
4827.712170 13.846000 0.064000
4830.671830 13.655000 0.041000
4837.723280 13.302000 0.043000
4840.636420 13.036000 0.044000
4842.738850 12.986000 0.053000
4850.661950 12.759000 0.046000
4855.734110 12.693000 0.068000
4858.686350 12.608000 0.047000
4864.588580 12.639000 0.055000
4867.619090 12.620000 0.050000
4871.710450 12.467000 0.067000
4877.544610 12.361000 0.071000
4882.619620 12.444000 0.056000
4884.728240 12.412000 0.065000
4893.573950 12.595000 0.054000
4902.526000 12.605000 0.057000
4905.589430 12.648000 0.066000
4907.640920 12.598000 0.053000
4911.598330 12.585000 0.064000
4920.590350 12.643000 0.055000
4929.487870 12.653000 0.074000
4932.525900 12.660000 0.056000
4934.583780 12.902000 0.062000
4947.563880 12.843000 0.066000
4953.513170 13.183000 0.058000
4963.487700 12.831000 0.051000
4966.486860 13.018000 0.051000
4973.486130 13.280000 0.048000
1868.768300 14.795000 0.050000
1870.803740 14.664000 0.062000
1876.784280 14.890000 0.054000
1881.745240 14.574000 0.047000
1903.706760 14.774000 0.046000
1931.636690 14.072000 0.047000
1965.549950 13.400000 0.054000
1982.550030 13.831000 0.056000
2144.911760 14.813000 0.073000
2637.691230 14.364000 0.031000
2663.711400 14.422000 0.030000
2697.627160 14.827000 0.036000
2701.615380 14.503000 0.039000
2755.494800 14.356000 0.038000
2785.457280 14.417000 0.032000
2794.453110 14.417000 0.035000
3055.689740 14.736000 0.038000
3270.872930 14.617000 0.040000
3411.633760 14.516000 0.049000
3445.601150 14.515000 0.057000
3811.641820 14.767000 0.070000
4176.610460 14.714000 0.043000
4194.598950 14.421000 0.040000
4511.756950 14.278000 0.054000
4756.833890 14.372000 0.044000
4777.837020 14.410000 0.041000
1994.517820 13.552000 0.067000
3382.830930 14.140000 0.072000
3383.704780 13.790000 0.090000
3385.719840 13.646000 0.088000
3395.634340 13.918000 0.063000
3397.673130 13.619000 0.078000
3409.566530 13.332000 0.080000
3432.590630 12.332000 0.085000
3443.593410 12.137000 0.094000
3465.536560 11.888000 0.081000
3472.588680 12.095000 0.084000
3482.528720 11.944000 0.083000
3521.466380 12.467000 0.079000
3526.448850 12.604000 0.075000
3788.565270 14.888000 0.094000
3806.626350 14.269000 0.076000
3830.529570 13.827000 0.090000
3854.496910 14.058000 0.086000
3876.487180 13.593000 0.089000
4472.768480 12.910000 0.079000
4484.799490 13.116000 0.077000
4845.728160 13.072000 0.079000
4847.789410 12.815000 0.076000
4852.812660 12.704000 0.077000
4861.733680 12.432000 0.077000
4869.662260 12.538000 0.077000
4890.641150 12.450000 0.087000
4917.631820 12.725000 0.075000
4925.487960 12.969000 0.083000
4937.533540 12.826000 0.072000
4939.589270 13.059000 0.077000
4945.536830 12.777000 0.083000
4950.516630 12.994000 0.069000
4955.535460 12.924000 0.065000
5104.890960 14.421000 0.061000
1985.521760 13.266000 0.066000
3714.791460 14.492000 0.076000
3769.635350 14.901000 0.087000
3797.599920 14.945000 0.085000
4155.627200 14.851000 0.088000
1869.758540 29.999000 0.053000
1877.772070 29.999000 0.047000
1878.753830 29.999000 0.047000
1879.763880 29.999000 0.042000
1885.730200 29.999000 0.040000
1904.684880 29.999000 0.049000
1963.559010 29.999000 0.059000
1980.585990 29.999000 0.058000
2183.847590 29.999000 0.052000
2184.890260 29.999000 0.054000
2186.834770 29.999000 0.057000
2196.837770 29.999000 0.071000
2212.746540 29.999000 0.055000
2216.845580 29.999000 0.067000
2225.717280 29.999000 0.061000
2232.735740 29.999000 0.054000
2234.790040 29.999000 0.058000
2235.762070 29.999000 0.060000
2236.799060 29.999000 0.064000
2243.763330 29.999000 0.064000
2652.666910 29.999000 0.031000
2657.699260 29.999000 0.031000
2659.717900 29.999000 0.030000
2675.674290 29.999000 0.029000
2683.627430 29.999000 0.039000
2689.626800 29.999000 0.057000
2703.611100 29.999000 0.035000
2711.589510 29.999000 0.036000
2713.601610 29.999000 0.033000
2715.606280 29.999000 0.037000
2721.569770 29.999000 0.048000
2729.559760 29.999000 0.037000
2733.547390 29.999000 0.036000
2745.539800 29.999000 0.037000
2759.537830 29.999000 0.040000
2761.522150 29.999000 0.032000
2763.515630 29.999000 0.031000
2770.514590 29.999000 0.034000
2775.459660 29.999000 0.032000
2791.458960 29.999000 0.039000
2883.919110 29.999000 0.035000
2886.888580 29.999000 0.033000
2915.886830 29.999000 0.038000
2924.860450 29.999000 0.037000
2939.877140 29.999000 0.049000
2944.764800 29.999000 0.043000
3128.509530 29.999000 0.034000
3142.494370 29.999000 0.032000
3423.675920 29.999000 0.062000
3596.928330 29.999000 0.044000
3617.915670 29.999000 0.042000
3625.908310 29.999000 0.063000
3633.895030 29.999000 0.044000
3643.886790 29.999000 0.043000
3647.891870 29.999000 0.041000
3651.831480 29.999000 0.042000
3655.815340 29.999000 0.037000
3662.828920 29.999000 0.042000
3666.806530 29.999000 0.044000
3673.825180 29.999000 0.040000
3699.761520 29.999000 0.058000
3705.753270 29.999000 0.046000
3712.770570 29.999000 0.040000
3725.740510 29.999000 0.045000
3727.832810 29.999000 0.045000
3734.714440 29.999000 0.040000
3739.741040 29.999000 0.079000
3744.732110 29.999000 0.043000
3747.644030 29.999000 0.078000
3754.762570 29.999000 0.043000
3756.814080 29.999000 0.044000
3761.784950 29.999000 0.056000
3766.752060 29.999000 0.049000
3780.723180 29.999000 0.073000
3783.751750 29.999000 0.045000
3792.724040 29.999000 0.068000
4132.696700 29.999000 0.067000
4134.740990 29.999000 0.060000
4139.573150 29.999000 0.044000
4153.611920 29.999000 0.050000
4161.670080 29.999000 0.062000
4163.682420 29.999000 0.068000
4172.559510 29.999000 0.044000
4179.636810 29.999000 0.068000
4181.650730 29.999000 0.042000
4184.515920 29.999000 0.075000
4188.546890 29.999000 0.050000
4190.537050 29.999000 0.061000
4192.543460 29.999000 0.050000
4197.578820 29.999000 0.044000
4200.578210 29.999000 0.044000
4205.588590 29.999000 0.057000
4216.561680 29.999000 0.042000
4228.524870 29.999000 0.048000
4230.527620 29.999000 0.060000
4233.490510 29.999000 0.041000
4235.495160 29.999000 0.039000
4238.500950 29.999000 0.045000
4247.467950 29.999000 0.069000
4250.466520 29.999000 0.044000
4256.448410 29.999000 0.046000
4339.917650 29.999000 0.044000
4543.559580 29.999000 0.068000
4552.578600 29.999000 0.064000
4554.600380 29.999000 0.058000
4556.613460 29.999000 0.047000
4561.576880 29.999000 0.060000
4563.597240 29.999000 0.045000
4565.605170 29.999000 0.042000
4568.532640 29.999000 0.058000
4570.542170 29.999000 0.039000
4572.569530 29.999000 0.046000
4575.532100 29.999000 0.044000
4579.532260 29.999000 0.044000
4582.553320 29.999000 0.050000
4586.502250 29.999000 0.043000
4589.513010 29.999000 0.054000
4591.536880 29.999000 0.049000
4594.487710 29.999000 0.052000
4596.490720 29.999000 0.052000
4599.485910 29.999000 0.042000
4602.488330 29.999000 0.040000
4606.491250 29.999000 0.066000
4610.462440 29.999000 0.043000
4616.453940 29.999000 0.041000
4620.454080 29.999000 0.051000
4744.865840 29.999000 0.057000
4760.840700 29.999000 0.042000
4815.705920 29.999000 0.059000
4824.676930 29.999000 0.065000
1872.813320 29.999000 0.055000
1886.731590 29.999000 0.040000
1887.727540 29.999000 0.045000
1888.721940 29.999000 0.044000
1889.730360 29.999000 0.050000
1907.691910 29.999000 0.044000
1918.655840 29.999000 0.044000
1920.664360 29.999000 0.043000
1924.651860 29.999000 0.054000
1978.561450 29.999000 0.057000
2194.801250 29.999000 0.058000
2202.784120 29.999000 0.061000
2208.797300 29.999000 0.059000
2215.776890 29.999000 0.061000
2221.761020 29.999000 0.068000
2222.795500 29.999000 0.069000
2227.726650 29.999000 0.068000
2233.817930 29.999000 0.061000
2237.793790 29.999000 0.062000
2239.753860 29.999000 0.061000
2240.789830 29.999000 0.066000
2241.779580 29.999000 0.058000
2242.753360 29.999000 0.062000
2677.653720 29.999000 0.032000
2679.632280 29.999000 0.055000
2681.624010 29.999000 0.032000
2685.623950 29.999000 0.039000
2695.621070 29.999000 0.033000
2699.617460 29.999000 0.037000
2705.603180 29.999000 0.034000
2707.601260 29.999000 0.035000
2709.587730 29.999000 0.036000
2719.529350 29.999000 0.036000
2723.571660 29.999000 0.037000
2725.568330 29.999000 0.044000
2727.561810 29.999000 0.035000
2735.542910 29.999000 0.034000
2737.534650 29.999000 0.045000
2739.557170 29.999000 0.038000
2741.532240 29.999000 0.033000
2743.529740 29.999000 0.035000
2750.470290 29.999000 0.041000
2752.494780 29.999000 0.031000
2757.493940 29.999000 0.040000
2766.513560 29.999000 0.033000
2782.487600 29.999000 0.036000
2859.929340 29.999000 0.037000
2867.920240 29.999000 0.035000
2875.921820 29.999000 0.037000
2892.911840 29.999000 0.037000
2903.902660 29.999000 0.038000
2918.831100 29.999000 0.040000
2933.820720 29.999000 0.031000
3000.744460 29.999000 0.032000
3062.603310 29.999000 0.045000
3130.526490 29.999000 0.035000
3156.457720 29.999000 0.035000
3163.446830 29.999000 0.033000
3274.876600 29.999000 0.054000
3278.858240 29.999000 0.050000
3295.882350 29.999000 0.040000
3367.639180 29.999000 0.072000
3475.520360 29.999000 0.051000
3601.925590 29.999000 0.048000
3629.897080 29.999000 0.043000
3670.800000 29.999000 0.041000
3702.775390 29.999000 0.037000
3708.743880 29.999000 0.039000
3717.714840 29.999000 0.067000
3719.774990 29.999000 0.075000
3722.705030 29.999000 0.039000
3731.734760 29.999000 0.056000
3737.688140 29.999000 0.073000
3742.654450 29.999000 0.045000
3749.740560 29.999000 0.060000
3752.701940 29.999000 0.068000
3759.633900 29.999000 0.047000
3764.650080 29.999000 0.055000
3774.633690 29.999000 0.068000
3776.670510 29.999000 0.087000
3778.664160 29.999000 0.083000
3799.662430 29.999000 0.079000
3804.629870 29.999000 0.069000
3809.635400 29.999000 0.043000
3813.653660 29.999000 0.081000
4089.712520 29.999000 0.049000
4103.739770 29.999000 0.081000
4105.837820 29.999000 0.084000
4109.645540 29.999000 0.076000
4126.679050 29.999000 0.052000
4128.703260 29.999000 0.071000
4130.693090 29.999000 0.051000
4136.772990 29.999000 0.078000
4143.629020 29.999000 0.072000
4145.693410 29.999000 0.045000
4147.743730 29.999000 0.065000
4151.611220 29.999000 0.047000
4157.669380 29.999000 0.065000
4159.675130 29.999000 0.063000
4165.708330 29.999000 0.088000
4174.578760 29.999000 0.045000
4203.579970 29.999000 0.054000
4213.496310 29.999000 0.056000
4329.924400 29.999000 0.047000
4359.871290 29.999000 0.064000
4558.618380 29.999000 0.042000
4685.928380 29.999000 0.057000
4690.926750 29.999000 0.047000
4696.920360 29.999000 0.047000
4700.921660 29.999000 0.043000
4704.913140 29.999000 0.044000
4708.919420 29.999000 0.049000
4715.912850 29.999000 0.048000
4720.908100 29.999000 0.045000
4725.900090 29.999000 0.045000
4729.862360 29.999000 0.061000
4733.900130 29.999000 0.051000
4740.892630 29.999000 0.045000
4764.816360 29.999000 0.043000
4768.815220 29.999000 0.043000
4771.847020 29.999000 0.048000
4774.848950 29.999000 0.052000
4787.782930 29.999000 0.044000
4797.769630 29.999000 0.043000
4812.731040 29.999000 0.054000
5065.922530 29.999000 0.070000
5070.919220 29.999000 0.055000
5075.915840 29.999000 0.064000
5084.883220 29.999000 0.065000
5088.871430 29.999000 0.062000
5092.863430 29.999000 0.061000
5098.898780 29.999000 0.054000
5116.875930 29.999000 0.058000
5123.854360 29.999000 0.059000
5128.868790 29.999000 0.049000
5132.804160 29.999000 0.051000
5144.855850 29.999000 0.067000
5148.815990 29.999000 0.063000
5154.826320 29.999000 0.057000
5158.760970 29.999000 0.058000
5162.781660 29.999000 0.055000
5165.760920 29.999000 0.049000
5168.747890 29.999000 0.051000
