3093.571050 12.923000 0.054000
2628.670980 29.999000 0.048000
2679.611050 29.999000 0.058000
2947.773470 29.999000 0.044000
3716.718600 13.958000 0.036000
4818.756160 13.133000 0.063000
1889.733030 12.814000 0.052000
1899.696580 13.186000 0.047000
1900.705840 13.191000 0.041000
2167.851540 12.028000 0.060000
2171.878130 12.050000 0.059000
2173.857600 12.166000 0.056000
2183.863610 12.619000 0.054000
2185.822100 12.632000 0.054000
2189.862010 12.867000 0.054000
2191.822000 12.914000 0.054000
2193.824810 13.084000 0.050000
2196.805820 13.225000 0.061000
2197.889060 13.151000 0.055000
2199.823790 13.072000 0.054000
2201.826730 13.324000 0.049000
2212.772010 13.393000 0.053000
2213.811750 13.293000 0.051000
2215.786310 13.537000 0.050000
2217.765030 13.438000 0.059000
2221.768150 13.718000 0.059000
2225.724450 13.735000 0.054000
2227.745490 14.001000 0.058000
2229.810390 14.058000 0.061000
2232.745160 14.003000 0.056000
2234.792640 14.109000 0.058000
2237.784750 14.156000 0.061000
2241.777760 14.054000 0.060000
2254.721810 14.060000 0.065000
3357.699960 11.726000 0.045000
3383.754340 12.346000 0.044000
3395.727870 12.893000 0.072000
3400.615890 13.061000 0.045000
3448.588750 14.310000 0.062000
3478.537150 14.186000 0.066000
3592.927270 13.952000 0.055000
3622.894360 12.739000 0.044000
3630.874900 12.224000 0.041000
3640.868220 11.790000 0.043000
3644.869630 11.799000 0.057000
3652.848820 11.657000 0.041000
3659.849270 11.733000 0.047000
3663.820940 11.722000 0.050000
3666.849270 11.829000 0.041000
3670.809440 12.079000 0.039000
3673.841080 12.114000 0.044000
3680.848820 12.341000 0.040000
3704.745840 13.194000 0.046000
3707.736830 13.530000 0.039000
3711.777480 13.434000 0.039000
3713.779750 13.522000 0.051000
3719.725760 13.521000 0.053000
3725.731690 13.821000 0.045000
3727.802010 13.914000 0.062000
3737.686070 14.091000 0.065000
3752.699840 13.919000 0.058000
3769.630670 14.497000 0.059000
3797.652180 14.053000 0.055000
3861.500220 14.033000 0.042000
3868.498810 13.756000 0.061000
3871.478190 13.636000 0.058000
3877.480700 13.624000 0.059000
4090.703830 14.362000 0.043000
4106.735970 13.967000 0.039000
4126.677020 14.520000 0.066000
4143.617890 15.138000 0.050000
4145.641480 14.424000 0.057000
4147.677070 14.236000 0.048000
4150.723720 14.202000 0.038000
4153.552510 14.052000 0.060000
4165.683230 14.156000 0.041000
4173.670790 14.118000 0.061000
4179.613570 13.618000 0.066000
4190.550740 13.752000 0.051000
4192.560040 13.832000 0.048000
4194.609020 13.731000 0.049000
4197.593030 13.747000 0.054000
4200.580510 13.537000 0.049000
4203.582250 13.744000 0.050000
4213.565970 13.408000 0.043000
4229.504660 12.026000 0.064000
4231.512740 12.120000 0.062000
4234.475810 11.831000 0.057000
4346.894800 13.972000 0.044000
4355.883980 14.123000 0.040000
4362.893280 14.151000 0.042000
4379.842000 14.175000 0.050000
4383.851980 14.019000 0.039000
4409.814190 14.418000 0.039000
4413.813900 14.439000 0.045000
4418.846230 14.332000 0.061000
4422.767970 14.655000 0.039000
4432.755700 14.477000 0.037000
4435.749780 14.048000 0.049000
4438.737960 14.156000 0.043000
4453.698940 13.828000 0.038000
4461.694500 13.949000 0.040000
4463.794560 13.705000 0.060000
4466.694220 13.920000 0.065000
4469.688560 13.684000 0.048000
4475.663540 13.782000 0.039000
4478.667980 13.632000 0.040000
4480.833940 13.454000 0.056000
4484.664380 13.553000 0.045000
4486.721920 13.653000 0.063000
4488.781310 13.443000 0.066000
4491.612440 13.324000 0.046000
4493.666410 13.238000 0.048000
4499.658710 13.049000 0.066000
4501.765090 12.889000 0.048000
4504.656100 12.895000 0.042000
4506.754450 12.849000 0.044000
4509.617900 12.919000 0.069000
4519.598840 12.545000 0.065000
4521.632720 12.414000 0.058000
4523.660710 12.247000 0.050000
4525.692210 12.207000 0.063000
4530.617480 12.104000 0.063000
4532.683170 12.060000 0.038000
4536.544200 11.908000 0.043000
4538.607860 11.828000 0.055000
4540.617440 11.778000 0.071000
4542.627060 11.765000 0.063000
4547.552620 11.600000 0.053000
4552.564690 11.461000 0.063000
4554.587250 11.514000 0.041000
4556.603000 11.417000 0.045000
4558.604630 11.449000 0.043000
4561.569070 11.469000 0.052000
4563.589380 11.433000 0.044000
4565.598950 11.458000 0.041000
4568.527250 11.403000 0.062000
4570.537100 11.513000 0.059000
4572.563850 11.488000 0.045000
4575.529470 11.473000 0.066000
4579.529600 11.578000 0.067000
4582.550620 11.763000 0.059000
4586.499500 11.809000 0.042000
4589.510230 11.955000 0.045000
4592.495330 12.090000 0.051000
4595.474760 12.176000 0.055000
4597.485850 12.194000 0.046000
4600.501930 12.455000 0.051000
4606.470120 12.563000 0.057000
4610.456870 12.697000 0.044000
4722.885980 14.273000 0.048000
4727.887210 14.165000 0.049000
4741.889520 13.997000 0.044000
4750.845230 14.008000 0.039000
4761.822060 14.075000 0.044000
4765.813680 14.264000 0.039000
4768.840630 13.871000 0.039000
4771.849870 14.107000 0.044000
4777.834850 13.921000 0.053000
4780.814900 14.061000 0.043000
4793.778010 14.064000 0.042000
4802.747770 14.170000 0.053000
4805.739880 14.077000 0.041000
4808.729670 13.690000 0.051000
4821.698930 13.724000 0.043000
4827.710200 13.282000 0.059000
4830.675550 13.132000 0.047000
4840.643390 12.534000 0.045000
4842.745820 12.451000 0.059000
4845.735880 12.225000 0.047000
4847.794820 12.228000 0.045000
4850.665610 12.042000 0.054000
4853.652260 11.990000 0.053000
4859.655880 11.844000 0.066000
4862.662850 11.989000 0.071000
4871.719470 12.024000 0.063000
4880.653170 12.131000 0.068000
4885.719960 12.272000 0.061000
4893.588890 12.492000 0.058000
4916.606440 13.114000 0.057000
4919.560130 13.330000 0.065000
4966.496640 13.687000 0.059000
5084.893390 13.581000 0.054000
5088.890290 13.624000 0.046000
5092.881150 13.295000 0.047000
5099.886870 13.215000 0.046000
5106.857560 13.224000 0.046000
5111.851360 13.017000 0.045000
5118.862290 12.808000 0.052000
5123.876630 12.624000 0.045000
5129.815420 12.173000 0.046000
5137.805610 11.732000 0.047000
5140.858310 11.580000 0.049000
5144.858630 11.504000 0.046000
5154.829960 11.354000 0.051000
5162.778670 11.258000 0.048000
5165.757300 11.290000 0.049000
4835.666680 12.657000 0.055000
2208.806760 13.346000 0.067000
2235.769540 14.377000 0.062000
2236.797190 14.106000 0.065000
2247.744860 13.809000 0.075000
3363.711780 11.637000 0.076000
3386.618810 12.414000 0.077000
3388.674700 12.529000 0.076000
3390.657370 12.746000 0.090000
3397.771150 12.995000 0.095000
3450.581150 14.428000 0.074000
3464.522270 14.179000 0.088000
3466.549930 14.599000 0.082000
3648.868820 11.622000 0.057000
3701.756280 13.290000 0.073000
3739.739040 14.111000 0.095000
3821.556350 14.667000 0.087000
4130.691050 14.530000 0.082000
4155.594690 14.501000 0.086000
4157.649800 14.222000 0.076000
4176.534950 13.847000 0.076000
4236.486560 11.815000 0.074000
4511.642600 12.623000 0.078000
4516.723910 12.593000 0.067000
4831.536790 13.161000 0.050000
4856.648160 11.988000 0.077000
4867.642470 11.875000 0.081000
4869.671330 12.300000 0.077000
4877.648980 12.173000 0.075000
4882.711800 12.400000 0.081000
4888.602360 12.249000 0.074000
4903.581640 12.839000 0.077000
4906.558010 12.740000 0.078000
4914.550070 13.115000 0.073000
4924.503540 13.279000 0.077000
4928.504210 13.522000 0.079000
4931.561540 13.408000 0.056000
4934.528330 13.784000 0.051000
4936.585290 13.295000 0.071000
4939.523090 13.368000 0.064000
4960.480460 14.006000 0.050000
4969.487910 13.525000 0.084000
5148.813810 11.468000 0.058000
5158.766630 11.408000 0.059000
5168.745810 11.246000 0.049000
1955.558550 29.999000 0.055000
2239.756470 29.999000 0.061000
2249.746450 29.999000 0.062000
2252.730700 29.999000 0.067000
3437.638940 29.999000 0.071000
3453.562610 29.999000 0.061000
3455.577760 29.999000 0.050000
3459.592700 29.999000 0.037000
3469.557400 29.999000 0.068000
3471.564960 29.999000 0.052000
3480.562180 29.999000 0.088000
3490.486610 29.999000 0.042000
3511.467910 29.999000 0.055000
3517.452740 29.999000 0.075000
3722.698780 29.999000 0.044000
3749.738440 29.999000 0.084000
3754.760460 29.999000 0.070000
3759.629250 29.999000 0.082000
3761.780480 29.999000 0.045000
3766.747260 29.999000 0.076000
3790.634660 29.999000 0.093000
3793.592000 29.999000 0.074000
3795.630460 29.999000 0.056000
3800.559690 29.999000 0.075000
3802.669580 29.999000 0.048000
3823.596910 29.999000 0.079000
3832.580190 29.999000 0.050000
3836.598160 29.999000 0.050000
3854.530600 29.999000 0.041000
3858.501200 29.999000 0.052000
3865.517960 29.999000 0.046000
4104.705790 29.999000 0.080000
4132.691830 29.999000 0.058000
4159.647470 29.999000 0.068000
4168.689430 29.999000 0.044000
4181.637150 29.999000 0.048000
4184.513530 29.999000 0.077000
4188.562110 29.999000 0.037000
4350.900290 29.999000 0.042000
4366.866350 29.999000 0.050000
4406.840390 29.999000 0.047000
4472.766480 29.999000 0.077000
4527.712980 29.999000 0.070000
2243.770790 29.999000 0.064000
2248.759430 29.999000 0.070000
2250.739960 29.999000 0.066000
2251.736150 29.999000 0.065000
2253.727710 29.999000 0.065000
2255.724270 29.999000 0.065000
2257.732160 29.999000 0.073000
2260.716100 29.999000 0.075000
3409.700770 29.999000 0.074000
3461.609480 29.999000 0.069000
3473.554950 29.999000 0.069000
3476.504700 29.999000 0.079000
3483.514860 29.999000 0.059000
3492.503470 29.999000 0.053000
3497.480390 29.999000 0.062000
3500.486330 29.999000 0.044000
3503.475510 29.999000 0.059000
3522.452360 29.999000 0.102000
3731.726400 29.999000 0.051000
3734.709810 29.999000 0.079000
3742.660020 29.999000 0.076000
3744.735050 29.999000 0.068000
3747.641980 29.999000 0.041000
3756.811940 29.999000 0.067000
3764.644580 29.999000 0.059000
3771.704380 29.999000 0.059000
3774.628200 29.999000 0.076000
3776.661840 29.999000 0.070000
3778.658520 29.999000 0.048000
3780.711430 29.999000 0.051000
3783.733960 29.999000 0.050000
3788.568800 29.999000 0.098000
3805.548980 29.999000 0.092000
3808.579590 29.999000 0.087000
3810.570220 29.999000 0.073000
3812.580710 29.999000 0.068000
3814.586750 29.999000 0.060000
3816.630200 29.999000 0.045000
3818.644990 29.999000 0.067000
3825.612840 29.999000 0.039000
3828.504440 29.999000 0.084000
3830.572010 29.999000 0.071000
3834.581020 29.999000 0.060000
3848.485360 29.999000 0.042000
3850.518160 29.999000 0.047000
3852.524070 29.999000 0.073000
3863.514350 29.999000 0.073000
3875.479730 29.999000 0.056000
3887.448670 29.999000 0.065000
4109.789840 29.999000 0.049000
4128.700480 29.999000 0.058000
4134.732270 29.999000 0.065000
4136.762850 29.999000 0.050000
4141.574590 29.999000 0.054000
4161.650110 29.999000 0.063000
4163.664020 29.999000 0.073000
4341.916990 29.999000 0.043000
4375.887410 29.999000 0.044000
4387.826940 29.999000 0.059000
4402.843950 29.999000 0.042000
4429.768710 29.999000 0.042000
4456.691370 29.999000 0.051000
4458.778840 29.999000 0.078000
4694.925670 29.999000 0.046000
4703.918210 29.999000 0.059000
4731.886470 29.999000 0.045000
4753.860800 29.999000 0.039000
4757.841420 29.999000 0.054000
4774.845970 29.999000 0.047000
4784.756960 29.999000 0.042000
4796.831620 29.999000 0.072000
4812.728260 29.999000 0.047000
4815.709620 29.999000 0.049000
4947.541560 29.999000 0.061000
4950.513100 29.999000 0.063000
4963.496910 29.999000 0.051000
1868.768300 12.212000 0.050000
1869.758540 12.242000 0.053000
1870.803740 12.197000 0.062000
1872.813320 12.338000 0.055000
1875.775950 12.331000 0.056000
1876.784280 12.446000 0.054000
1877.772070 12.352000 0.047000
1879.763880 12.458000 0.042000
1881.745240 12.489000 0.047000
1884.722150 12.591000 0.046000
1885.730200 12.606000 0.040000
1886.731590 12.672000 0.040000
1887.727540 12.608000 0.045000
1888.721940 12.784000 0.044000
1899.698350 13.247000 0.045000
1902.683060 13.390000 0.045000
1903.706760 13.375000 0.046000
1904.684880 13.218000 0.049000
1905.691570 13.479000 0.047000
1906.682660 13.507000 0.045000
1907.691910 13.565000 0.044000
1908.684170 13.612000 0.044000
1913.658640 13.793000 0.041000
1914.676960 13.650000 0.041000
1915.676470 13.679000 0.051000
1918.655840 13.875000 0.044000
1920.664360 13.814000 0.043000
1921.662060 13.675000 0.043000
1922.661400 13.914000 0.043000
1925.652230 14.004000 0.046000
1926.649020 14.033000 0.045000
1928.653040 14.135000 0.045000
1929.643650 14.255000 0.052000
1930.641670 14.059000 0.046000
1934.632570 14.122000 0.043000
1935.577530 14.203000 0.043000
2128.927240 11.246000 0.074000
2130.929620 11.297000 0.066000
2132.924770 11.245000 0.061000
2134.921510 11.280000 0.058000
2136.921310 11.288000 0.062000
2140.921710 11.347000 0.065000
2144.911760 11.383000 0.073000
2151.919460 11.596000 0.067000
2492.928550 12.911000 0.060000
2499.917640 13.197000 0.054000
2637.691230 14.388000 0.031000
2647.668180 14.326000 0.032000
2654.665900 14.265000 0.029000
2663.711400 14.163000 0.030000
2667.703680 14.045000 0.032000
2671.692080 14.139000 0.034000
2673.686560 13.971000 0.031000
2675.674290 13.892000 0.029000
2677.653720 14.024000 0.032000
2681.624010 13.582000 0.032000
2689.626800 13.197000 0.057000
2691.620820 13.399000 0.047000
2693.633160 13.267000 0.038000
2695.621070 13.274000 0.033000
2697.627160 13.256000 0.036000
2699.617460 13.048000 0.037000
2701.615380 12.998000 0.039000
2703.611100 12.922000 0.035000
2705.603180 12.819000 0.034000
2707.601260 12.754000 0.035000
2709.587730 12.543000 0.036000
2711.589510 12.504000 0.036000
2713.601610 12.341000 0.033000
2715.606280 12.345000 0.037000
2719.529350 12.152000 0.036000
2721.569770 12.160000 0.048000
2723.571660 11.962000 0.037000
2725.568330 11.967000 0.044000
2727.561810 11.910000 0.035000
2729.559760 11.762000 0.037000
2733.547390 11.623000 0.036000
2735.542910 11.643000 0.034000
2737.534650 11.580000 0.045000
2739.557170 11.679000 0.038000
2741.532240 11.586000 0.033000
2743.529740 11.589000 0.035000
2745.539800 11.639000 0.037000
2750.470290 11.678000 0.041000
2752.494780 11.715000 0.031000
2755.494800 11.726000 0.038000
2757.493940 11.835000 0.040000
2759.537830 11.996000 0.040000
2761.522150 11.872000 0.032000
2763.515630 11.935000 0.031000
2766.513560 11.949000 0.033000
2770.514590 12.077000 0.034000
2775.459660 12.232000 0.032000
2782.487600 12.544000 0.036000
2785.457280 12.621000 0.032000
2791.458960 12.704000 0.039000
2794.453110 12.936000 0.035000
2968.755820 13.641000 0.048000
2971.758470 13.765000 0.031000
2974.746650 13.852000 0.034000
2976.750480 13.504000 0.038000
2980.759220 13.815000 0.033000
2982.769340 13.752000 0.033000
2987.762260 13.464000 0.033000
2992.751740 13.240000 0.049000
2995.686040 13.290000 0.036000
2997.734560 13.178000 0.032000
3006.818420 13.169000 0.037000
3008.737460 12.878000 0.038000
3010.742110 12.777000 0.033000
3012.841970 12.819000 0.038000
3016.636800 12.670000 0.031000
3018.676640 12.327000 0.031000
3023.663810 12.027000 0.032000
3025.792200 11.877000 0.034000
3034.638790 11.482000 0.041000
3036.712840 11.473000 0.034000
3045.673350 11.429000 0.033000
3048.646580 11.473000 0.038000
3050.743410 11.418000 0.036000
3053.625060 11.481000 0.035000
3055.689740 11.535000 0.038000
3057.731460 11.570000 0.047000
3060.586750 11.559000 0.058000
3062.603310 11.705000 0.045000
3064.641040 11.647000 0.042000
3067.667570 11.861000 0.035000
3069.683550 11.937000 0.035000
3072.602770 11.945000 0.034000
3074.649160 12.162000 0.036000
3076.673980 12.162000 0.032000
3078.672610 12.312000 0.033000
3081.545260 12.467000 0.033000
3085.546500 12.667000 0.035000
3087.560150 12.779000 0.036000
3089.581200 12.656000 0.037000
3091.586140 12.962000 0.047000
3093.584770 12.964000 0.031000
3097.586030 13.105000 0.043000
3100.511980 13.035000 0.033000
3102.532050 13.260000 0.032000
3104.551800 13.536000 0.034000
3106.560000 13.515000 0.033000
3108.564350 13.449000 0.033000
3115.502590 13.612000 0.046000
3116.512180 13.963000 0.034000
3121.465380 13.731000 0.034000
3123.498860 13.738000 0.034000
3128.509530 13.756000 0.034000
3133.485310 14.150000 0.037000
3270.872930 13.973000 0.040000
3278.858240 13.549000 0.050000
3295.882350 13.444000 0.040000
3367.639180 11.918000 0.072000
3406.779610 13.367000 0.057000
3411.633760 13.583000 0.049000
3413.684020 13.524000 0.059000
3415.693900 13.722000 0.046000
3428.546910 14.309000 0.048000
3430.570300 14.371000 0.052000
3470.586010 14.199000 0.068000
3480.516530 14.238000 0.041000
3504.476190 14.569000 0.072000
3702.775390 13.069000 0.037000
3717.714840 13.940000 0.067000
3722.705030 13.817000 0.039000
3731.734760 14.056000 0.056000
3737.688140 14.353000 0.073000
3811.641820 14.020000 0.070000
3851.558730 14.470000 0.062000
3860.489770 14.150000 0.041000
3862.493950 13.789000 0.039000
3864.522350 13.819000 0.071000
3870.462780 13.687000 0.066000
3872.485550 13.785000 0.056000
3876.489680 13.580000 0.058000
3880.477240 13.234000 0.065000
3883.467870 13.329000 0.042000
4143.629020 14.415000 0.072000
4190.537050 13.831000 0.061000
4213.496310 13.266000 0.056000
4256.448410 11.681000 0.046000
4481.634450 13.272000 0.053000
4507.602750 12.865000 0.072000
4528.620040 12.122000 0.045000
4541.534270 11.682000 0.067000
4543.559580 11.718000 0.068000
4552.578600 11.589000 0.064000
4561.576880 11.445000 0.060000
4568.532640 11.447000 0.058000
4570.542170 11.503000 0.039000
4575.532100 11.552000 0.044000
4579.532260 11.632000 0.044000
4582.553320 11.721000 0.050000
4594.487710 12.016000 0.052000
4616.453940 13.051000 0.041000
4818.753260 13.993000 0.039000
4858.686350 12.013000 0.047000
4864.588580 12.109000 0.055000
4867.619090 11.928000 0.050000
4871.710450 12.074000 0.067000
4877.544610 12.204000 0.071000
4882.619620 12.360000 0.056000
4893.573950 12.647000 0.054000
4902.526000 12.695000 0.057000
4905.589430 12.858000 0.066000
4911.598330 13.007000 0.064000
4920.590350 13.298000 0.055000
4929.487870 13.322000 0.074000
4947.563880 13.608000 0.066000
3409.566530 13.606000 0.080000
3443.593410 14.089000 0.094000
3465.536560 14.324000 0.081000
3719.774990 14.020000 0.075000
3747.644030 13.957000 0.078000
3799.662430 14.349000 0.079000
4155.627200 14.149000 0.088000
4869.662260 12.049000 0.077000
4917.631820 13.174000 0.075000
4925.487960 13.222000 0.083000
1923.656790 29.999000 0.042000
1924.651860 29.999000 0.054000
1931.636690 29.999000 0.047000
1933.633150 29.999000 0.047000
1937.612300 29.999000 0.043000
1938.635630 29.999000 0.048000
1940.616990 29.999000 0.046000
1945.610990 29.999000 0.046000
1950.598120 29.999000 0.064000
1953.591220 29.999000 0.053000
1958.572380 29.999000 0.053000
1961.557720 29.999000 0.055000
1963.559010 29.999000 0.059000
1965.549950 29.999000 0.054000
1967.551390 29.999000 0.055000
1978.561450 29.999000 0.057000
1980.585990 29.999000 0.058000
1982.550030 29.999000 0.056000
1985.521760 29.999000 0.066000
1994.517820 29.999000 0.067000
2027.462220 29.999000 0.053000
2032.456410 29.999000 0.044000
2496.927660 29.999000 0.056000
2520.895050 29.999000 0.044000
2540.852340 29.999000 0.040000
2544.901960 29.999000 0.053000
2549.846300 29.999000 0.046000
2552.815300 29.999000 0.032000
2557.808220 29.999000 0.053000
2559.812900 29.999000 0.042000
2561.818830 29.999000 0.033000
2565.814200 29.999000 0.051000
2574.785090 29.999000 0.058000
2577.776210 29.999000 0.043000
2621.763510 29.999000 0.041000
2623.722490 29.999000 0.033000
2625.708160 29.999000 0.035000
2631.822090 29.999000 0.034000
2635.678180 29.999000 0.035000
2639.691220 29.999000 0.036000
2641.693970 29.999000 0.029000
2643.703490 29.999000 0.031000
2645.687680 29.999000 0.031000
2652.666910 29.999000 0.031000
2657.699260 29.999000 0.031000
2659.717900 29.999000 0.030000
2661.715050 29.999000 0.037000
2665.704230 29.999000 0.030000
2683.627430 29.999000 0.039000
2685.623950 29.999000 0.039000
2859.929340 29.999000 0.037000
2867.920240 29.999000 0.035000
2875.921820 29.999000 0.037000
2883.919110 29.999000 0.035000
2886.888580 29.999000 0.033000
2892.911840 29.999000 0.037000
2903.902660 29.999000 0.038000
2911.846040 29.999000 0.034000
2915.886830 29.999000 0.038000
2918.831100 29.999000 0.040000
2924.860450 29.999000 0.037000
2927.826940 29.999000 0.031000
2930.839250 29.999000 0.030000
2933.820720 29.999000 0.031000
2939.877140 29.999000 0.049000
2944.764800 29.999000 0.043000
2947.803730 29.999000 0.039000
2950.745810 29.999000 0.034000
2953.770040 29.999000 0.047000
2956.783820 29.999000 0.034000
2962.774460 29.999000 0.033000
2965.754460 29.999000 0.035000
2978.756780 29.999000 0.044000
2985.716510 29.999000 0.032000
3112.581710 29.999000 0.033000
3125.529890 29.999000 0.033000
3130.526490 29.999000 0.035000
3142.494370 29.999000 0.032000
3146.486080 29.999000 0.040000
3156.457720 29.999000 0.035000
3163.446830 29.999000 0.033000
3274.876600 29.999000 0.054000
3404.733100 29.999000 0.074000
3417.682790 29.999000 0.051000
3419.671970 29.999000 0.053000
3421.688960 29.999000 0.066000
3423.675920 29.999000 0.062000
3425.702650 29.999000 0.062000
3432.590630 29.999000 0.085000
3437.583240 29.999000 0.045000
3440.572420 29.999000 0.069000
3445.601150 29.999000 0.057000
3447.615560 29.999000 0.041000
3454.626770 29.999000 0.064000
3456.620940 29.999000 0.063000
3468.567660 29.999000 0.048000
3475.520360 29.999000 0.051000
3477.565120 29.999000 0.048000
3482.528720 29.999000 0.083000
3489.510100 29.999000 0.038000
3491.528190 29.999000 0.046000
3495.527000 29.999000 0.039000
3499.505130 29.999000 0.050000
3501.505770 29.999000 0.042000
3509.461570 29.999000 0.037000
3513.462790 29.999000 0.041000
3517.463550 29.999000 0.035000
3521.466380 29.999000 0.079000
3526.448850 29.999000 0.075000
3742.654450 29.999000 0.045000
3752.701940 29.999000 0.068000
3759.633900 29.999000 0.047000
3764.650080 29.999000 0.055000
3769.635350 29.999000 0.087000
3774.633690 29.999000 0.068000
3776.670510 29.999000 0.087000
3778.664160 29.999000 0.083000
3788.565270 29.999000 0.094000
3790.631980 29.999000 0.045000
3795.558320 29.999000 0.047000
3797.599920 29.999000 0.085000
3804.629870 29.999000 0.069000
3806.626350 29.999000 0.076000
3809.635400 29.999000 0.043000
3813.653660 29.999000 0.081000
3816.564270 29.999000 0.038000
3820.609100 29.999000 0.045000
3823.548600 29.999000 0.056000
3825.582980 29.999000 0.043000
3827.596870 29.999000 0.044000
3830.529570 29.999000 0.090000
3832.545750 29.999000 0.048000
3834.554720 29.999000 0.065000
3836.559530 29.999000 0.062000
3847.470920 29.999000 0.054000
3849.548780 29.999000 0.041000
3854.496910 29.999000 0.086000
3876.487180 29.999000 0.089000
4109.645540 29.999000 0.076000
4130.693090 29.999000 0.051000
4132.696700 29.999000 0.067000
4153.611920 29.999000 0.050000
4184.515920 29.999000 0.075000
4188.546890 29.999000 0.050000
4422.756880 29.999000 0.050000
4472.768480 29.999000 0.079000
4620.454080 29.999000 0.051000
4932.525900 29.999000 0.056000
4937.533540 29.999000 0.072000
4945.536830 29.999000 0.083000
4950.516630 29.999000 0.069000
4953.513170 29.999000 0.058000
4955.535460 29.999000 0.065000
4963.487700 29.999000 0.051000
4966.486860 29.999000 0.051000
4973.486130 29.999000 0.048000
