1868.709830 11.890000 0.028000
1869.699810 11.863000 0.025000
1871.720270 11.817000 0.029000
1872.705020 11.746000 0.030000
1873.707010 11.760000 0.030000
1875.705270 11.730000 0.026000
1876.695120 11.698000 0.028000
1879.688600 11.606000 0.029000
1881.681560 11.574000 0.028000
1884.660900 11.577000 0.028000
1885.680100 11.641000 0.032000
1886.685960 11.652000 0.030000
1887.667820 11.637000 0.029000
1888.667250 11.592000 0.029000
1902.630140 11.684000 0.029000
1903.655440 11.656000 0.029000
1904.638470 11.706000 0.027000
1905.640680 11.744000 0.030000
1906.631360 11.744000 0.029000
1907.645400 11.783000 0.031000
1908.635390 11.737000 0.032000
1913.605340 11.857000 0.028000
1914.627920 11.844000 0.029000
1915.629350 11.873000 0.030000
1918.608030 11.951000 0.032000
1919.620090 12.004000 0.033000
1920.631030 11.982000 0.030000
1921.614840 12.037000 0.032000
1922.616040 12.049000 0.035000
1923.612150 12.097000 0.029000
1924.607160 12.137000 0.030000
1925.607310 12.187000 0.031000
1926.610940 12.187000 0.029000
1928.574040 12.240000 0.031000
1931.603130 12.314000 0.038000
1933.571840 12.484000 0.033000
1935.541820 12.584000 0.029000
1937.669990 12.634000 0.034000
1939.600240 12.724000 0.033000
1941.601750 12.804000 0.034000
1945.550840 12.862000 0.035000
1947.638120 13.084000 0.032000
1949.627250 13.092000 0.033000
2094.941580 12.643000 0.033000
2116.923790 11.765000 0.032000
2128.883660 11.619000 0.035000
2129.906920 11.565000 0.036000
2467.932210 12.691000 0.034000
2621.694240 13.410000 0.033000
2623.643740 13.576000 0.030000
2627.768240 13.203000 0.026000
2634.667840 13.329000 0.028000
2638.692560 13.081000 0.027000
2640.690560 13.113000 0.027000
2642.688380 12.831000 0.026000
2646.663620 12.692000 0.027000
2649.653080 12.669000 0.028000
2651.630200 12.561000 0.030000
2652.803700 12.497000 0.028000
2654.640980 12.419000 0.026000
2657.674230 12.286000 0.027000
2659.685930 12.242000 0.026000
2661.683040 12.125000 0.026000
2663.679390 12.094000 0.027000
2665.672130 11.997000 0.026000
2667.671550 11.912000 0.027000
2669.660890 11.818000 0.026000
2671.659940 11.782000 0.026000
2673.654350 11.769000 0.026000
2675.642070 11.738000 0.026000
2677.623750 11.682000 0.026000
2679.613870 11.647000 0.038000
2681.605590 11.611000 0.027000
2683.608970 11.601000 0.025000
2685.612440 11.579000 0.026000
2691.609290 11.607000 0.028000
2693.621650 11.569000 0.027000
2695.609540 11.603000 0.027000
2697.615640 11.609000 0.030000
2699.605960 11.685000 0.027000
2701.603890 11.698000 0.026000
2703.599620 11.740000 0.026000
2705.591700 11.806000 0.029000
2707.589770 11.831000 0.027000
2709.576300 11.830000 0.025000
2711.578080 11.950000 0.042000
2715.585480 12.164000 0.031000
2719.518060 12.206000 0.029000
2723.560450 12.368000 0.040000
2725.557170 12.488000 0.038000
2727.550680 12.576000 0.030000
2729.548690 12.708000 0.031000
2733.536380 12.857000 0.031000
2735.531950 13.128000 0.038000
2737.523790 13.084000 0.041000
2739.546360 13.115000 0.029000
2741.521480 13.310000 0.028000
2743.519050 13.762000 0.032000
2752.528360 14.004000 0.026000
2758.473380 14.030000 0.027000
2763.470710 14.499000 0.026000
2766.487360 14.632000 0.028000
2879.907750 13.594000 0.038000
2895.845090 13.277000 0.032000
2897.874710 13.339000 0.030000
2908.868090 12.631000 0.033000
2911.831790 12.469000 0.033000
2915.853910 12.198000 0.039000
2922.741910 11.908000 0.044000
2924.794470 11.895000 0.037000
2929.771570 11.680000 0.033000
2931.826000 11.526000 0.028000
2933.812890 11.548000 0.029000
2935.813900 11.518000 0.031000
2939.793750 11.463000 0.032000
2943.738060 11.367000 0.032000
2945.744650 11.369000 0.038000
2947.776210 11.353000 0.027000
2949.775880 11.371000 0.026000
2957.713850 11.312000 0.028000
2962.703820 11.316000 0.027000
2964.748680 11.341000 0.030000
2966.761610 11.427000 0.031000
2968.798250 11.444000 0.030000
2971.678960 11.476000 0.027000
2974.684390 11.586000 0.027000
2978.711630 11.683000 0.028000
2980.731660 11.760000 0.032000
2982.743300 11.880000 0.031000
2984.799330 12.025000 0.028000
2987.637590 12.157000 0.030000
2989.692300 12.176000 0.030000
2991.711630 12.339000 0.025000
2996.623630 12.554000 0.028000
3001.671120 12.851000 0.030000
3007.661270 13.193000 0.026000
3009.701680 13.136000 0.029000
3011.699720 13.390000 0.031000
3013.739880 13.454000 0.028000
3016.719830 13.728000 0.032000
3018.712660 13.524000 0.027000
3025.727370 13.946000 0.027000
3029.727770 15.285000 0.028000
3131.473240 13.856000 0.029000
3134.473330 13.525000 0.029000
3142.458580 13.574000 0.029000
3265.835550 12.823000 0.036000
3268.880350 12.936000 0.031000
3271.835950 13.120000 0.034000
3274.843810 13.090000 0.038000
3277.842580 13.168000 0.041000
3404.559240 13.911000 0.031000
3421.583840 13.300000 0.035000
3427.636220 12.926000 0.028000
3431.619900 12.957000 0.036000
3433.615610 12.795000 0.029000
1870.709650 11.842000 0.034000
1874.700710 11.724000 0.031000
2104.924900 12.149000 0.037000
2106.923450 12.092000 0.037000
2131.857680 11.593000 0.035000
2132.929450 11.582000 0.037000
2134.870920 11.560000 0.035000
2144.862210 11.440000 0.038000
2689.615270 11.583000 0.037000
2713.590200 12.002000 0.047000
2721.558500 12.353000 0.046000
2918.767490 12.228000 0.042000
3419.549350 13.434000 0.047000
1958.556490 29.999000 0.037000
1964.550140 29.999000 0.036000
1966.572630 29.999000 0.040000
1968.553160 29.999000 0.040000
1978.595450 29.999000 0.053000
1982.496700 29.999000 0.038000
1985.539120 29.999000 0.045000
1995.483180 29.999000 0.044000
1998.483090 29.999000 0.048000
2495.893670 29.999000 0.052000
2497.877960 29.999000 0.042000
2499.875480 29.999000 0.039000
2501.928450 29.999000 0.043000
2519.858660 29.999000 0.036000
2540.899530 29.999000 0.029000
2544.892700 29.999000 0.040000
2552.764240 29.999000 0.028000
2553.889820 29.999000 0.057000
2556.815130 29.999000 0.039000
2558.783580 29.999000 0.034000
2560.761820 29.999000 0.032000
2562.745460 29.999000 0.029000
2565.761780 29.999000 0.040000
2574.744710 29.999000 0.040000
2625.634100 29.999000 0.031000
2629.774850 29.999000 0.030000
2750.535930 29.999000 0.036000
2756.475480 29.999000 0.038000
2761.467670 29.999000 0.027000
2833.940800 29.999000 0.035000
2840.929370 29.999000 0.032000
2854.888590 29.999000 0.030000
2858.927540 29.999000 0.030000
2861.898540 29.999000 0.033000
2867.887420 29.999000 0.031000
2876.841130 29.999000 0.035000
2884.830080 29.999000 0.038000
2893.806780 29.999000 0.036000
3023.609850 29.999000 0.026000
3034.618790 29.999000 0.029000
3036.672900 29.999000 0.026000
3040.701890 29.999000 0.029000
3043.630770 29.999000 0.029000
3045.660200 29.999000 0.027000
3048.636520 29.999000 0.031000
3051.602860 29.999000 0.031000
3053.653500 29.999000 0.032000
3058.575170 29.999000 0.027000
3060.640050 29.999000 0.028000
3068.607090 29.999000 0.028000
3070.617110 29.999000 0.028000
3072.641790 29.999000 0.032000
3075.584180 29.999000 0.028000
3077.618890 29.999000 0.034000
3079.621360 29.999000 0.029000
3081.623700 29.999000 0.029000
3086.499990 29.999000 0.028000
3088.548000 29.999000 0.042000
3090.543780 29.999000 0.032000
3092.559040 29.999000 0.030000
3096.560230 29.999000 0.027000
3099.509510 29.999000 0.040000
3101.546620 29.999000 0.029000
3103.553230 29.999000 0.029000
3105.555790 29.999000 0.037000
3108.508160 29.999000 0.028000
3110.517910 29.999000 0.027000
3112.539050 29.999000 0.027000
3115.490910 29.999000 0.027000
3122.486250 29.999000 0.029000
3125.496390 29.999000 0.029000
3128.478580 29.999000 0.037000
3294.854140 29.999000 0.041000
3298.777730 29.999000 0.041000
3382.629810 29.999000 0.039000
3406.580260 29.999000 0.037000
2916.780780 12.160000 0.045000
2886.899440 29.999000 0.054000
1868.712650 11.810000 0.041000
1878.685870 11.672000 0.038000
1880.678250 11.592000 0.037000
1889.664560 11.577000 0.038000
1899.646070 11.607000 0.040000
1900.653020 11.637000 0.038000
1918.597280 11.950000 0.040000
1955.546880 13.409000 0.046000
2156.856020 11.313000 0.042000
2166.852880 11.321000 0.040000
2168.803560 11.342000 0.037000
2171.803800 11.416000 0.041000
2172.861610 11.442000 0.042000
2183.792640 11.829000 0.040000
2185.792040 11.938000 0.040000
2188.828230 11.977000 0.041000
2190.754730 12.016000 0.042000
2191.842110 12.046000 0.045000
2192.811580 12.103000 0.040000
2193.864070 12.164000 0.040000
2194.826280 12.158000 0.041000
2196.745540 12.210000 0.042000
2198.800630 12.378000 0.042000
2199.832480 12.399000 0.048000
2204.724170 12.515000 0.044000
2206.709780 12.658000 0.042000
2214.739610 12.902000 0.043000
2215.757930 13.110000 0.042000
2216.743510 13.002000 0.045000
2217.745530 13.004000 0.042000
2221.773720 13.234000 0.044000
2224.728950 13.646000 0.041000
2225.764130 13.404000 0.044000
2226.735160 13.398000 0.039000
2227.741580 13.424000 0.042000
2228.718540 13.507000 0.045000
2229.716480 13.710000 0.043000
2230.716360 13.588000 0.043000
2232.705000 13.820000 0.042000
2235.701840 14.039000 0.043000
2247.681270 13.964000 0.048000
3278.871610 13.384000 0.043000
3281.842380 13.920000 0.045000
3397.608360 14.505000 0.043000
3399.669860 14.485000 0.037000
3411.607600 13.457000 0.041000
3413.653730 13.330000 0.038000
3415.658800 13.394000 0.039000
3437.572320 12.614000 0.043000
3440.561480 12.546000 0.044000
3443.585940 12.591000 0.041000
3445.593620 12.430000 0.041000
3447.608050 12.522000 0.042000
3457.555440 12.105000 0.043000
3459.571690 12.062000 0.038000
3468.508130 11.796000 0.039000
3470.525170 11.767000 0.043000
3475.496180 11.701000 0.042000
3478.497680 11.742000 0.039000
3481.501420 11.735000 0.040000
3491.484050 11.771000 0.041000
3499.466450 11.866000 0.038000
3502.456990 11.826000 0.040000
3663.790620 13.546000 0.039000
3666.776860 13.346000 0.041000
3670.739090 13.242000 0.039000
3673.757850 13.182000 0.038000
3680.767070 12.861000 0.037000
3702.690130 12.332000 0.037000
3707.763450 12.152000 0.038000
3716.643720 11.834000 0.050000
3718.695160 11.820000 0.043000
3737.661980 11.259000 0.039000
3739.713280 11.145000 0.046000
3741.727260 11.097000 0.043000
3744.669410 11.089000 0.043000
3759.603890 11.108000 0.045000
3774.610510 11.597000 0.040000
3776.628090 11.787000 0.040000
3778.637210 11.763000 0.040000
3780.675820 11.930000 0.043000
3800.600560 12.993000 0.043000
3805.606170 13.310000 0.045000
4197.534720 13.617000 0.038000
4229.465820 12.296000 0.039000
4235.453790 12.077000 0.046000
4307.920810 11.816000 0.039000
4331.876840 13.178000 0.044000
4334.878130 13.229000 0.037000
4339.865690 13.651000 0.037000
4353.885630 13.875000 0.038000
4461.664380 13.824000 0.038000
4466.659560 13.829000 0.050000
4474.740880 13.429000 0.045000
4483.597300 13.205000 0.045000
4486.615970 12.834000 0.046000
4490.660470 12.974000 0.037000
4492.693390 12.803000 0.040000
4494.706680 12.768000 0.041000
4498.673670 12.752000 0.043000
4501.622540 12.769000 0.041000
4503.689750 12.579000 0.043000
4510.659190 12.371000 0.046000
4519.561140 11.826000 0.042000
4521.597490 11.698000 0.037000
4523.610800 11.846000 0.040000
4527.659030 11.379000 0.044000
4530.589260 11.222000 0.040000
4533.560520 11.081000 0.041000
4536.601250 10.874000 0.040000
4541.573720 10.803000 0.039000
4543.589820 10.763000 0.041000
4546.547970 10.776000 0.042000
4548.552350 10.755000 0.039000
4551.550990 10.864000 0.039000
4553.587360 10.940000 0.039000
4556.515500 11.069000 0.044000
4558.538500 11.052000 0.040000
4561.522130 11.151000 0.042000
4563.557460 11.238000 0.040000
4566.506290 11.413000 0.043000
4568.546260 11.525000 0.040000
4571.509700 11.649000 0.041000
4574.495860 11.694000 0.040000
4580.492480 12.023000 0.042000
4586.469510 12.285000 0.039000
4590.471970 12.556000 0.041000
4593.468080 12.730000 0.044000
4596.463570 13.005000 0.041000
4733.868630 14.316000 0.037000
4740.836600 13.623000 0.040000
4743.840440 13.528000 0.042000
4750.787560 13.476000 0.041000
4753.802450 13.279000 0.037000
4756.796580 13.348000 0.038000
4759.784750 13.200000 0.038000
4762.784500 12.924000 0.038000
4765.777440 12.893000 0.038000
4768.764470 12.845000 0.037000
4771.747600 12.872000 0.043000
4774.743590 12.682000 0.038000
4777.736690 12.500000 0.037000
4780.728810 12.341000 0.039000
4783.812320 12.158000 0.042000
4787.725660 12.072000 0.045000
4793.698560 11.835000 0.039000
4796.758420 11.777000 0.039000
4804.750530 11.376000 0.037000
4807.646010 11.313000 0.042000
4809.707430 11.248000 0.040000
4818.635080 11.194000 0.046000
4826.668930 11.192000 0.046000
4850.721100 12.148000 0.045000
5088.840510 11.148000 0.046000
5098.844440 11.350000 0.048000
1870.712470 11.817000 0.043000
2174.796470 11.489000 0.054000
2197.834510 12.344000 0.057000
2213.734680 12.691000 0.050000
3417.653580 13.513000 0.047000
3421.666600 13.402000 0.046000
3450.529320 12.416000 0.049000
3453.524880 12.314000 0.046000
3455.545870 12.175000 0.045000
3699.696760 12.490000 0.050000
3713.720990 11.969000 0.047000
3720.803590 11.758000 0.047000
3726.638670 11.597000 0.050000
3728.702960 11.462000 0.046000
3731.842560 11.385000 0.049000
3734.694420 11.291000 0.054000
3746.780890 11.045000 0.048000
3749.678660 11.041000 0.049000
3751.774970 11.008000 0.046000
3754.653860 11.068000 0.049000
3756.728180 11.100000 0.044000
3761.703670 11.214000 0.048000
3764.619330 11.279000 0.050000
3766.712540 11.338000 0.050000
3788.638470 12.335000 0.049000
3793.658040 12.955000 0.050000
3796.556310 12.769000 0.045000
3798.597680 13.069000 0.047000
3803.582280 13.225000 0.047000
3808.614120 13.572000 0.041000
4200.540410 13.521000 0.046000
4203.537520 13.096000 0.051000
4303.932230 11.609000 0.048000
4342.885110 13.429000 0.051000
4471.773280 13.410000 0.051000
4477.757060 13.445000 0.051000
4480.590770 13.027000 0.049000
4506.614090 12.464000 0.046000
4508.690460 12.444000 0.050000
4525.636720 11.452000 0.047000
4539.532250 10.801000 0.044000
4802.665480 11.490000 0.050000
4814.796700 11.208000 0.048000
4823.695130 11.180000 0.048000
4831.650610 11.325000 0.049000
4835.803040 11.485000 0.053000
4838.635300 11.597000 0.051000
4842.799730 11.733000 0.049000
4848.637050 11.979000 0.051000
4853.637390 12.253000 0.056000
4856.627200 12.633000 0.052000
4859.634530 12.782000 0.050000
4862.642390 13.019000 0.053000
4867.631570 13.395000 0.049000
4869.663790 13.513000 0.052000
4880.645550 13.684000 0.052000
5041.921180 12.260000 0.050000
5049.920960 11.493000 0.050000
5072.892530 11.060000 0.047000
5084.873940 11.110000 0.049000
5105.804600 11.543000 0.047000
5111.820010 11.793000 0.051000
5118.771670 12.076000 0.050000
5146.820390 13.285000 0.047000
5164.687330 13.543000 0.052000
1873.709840 29.999000 0.042000
1876.697960 29.999000 0.041000
1886.677610 29.999000 0.039000
1998.489680 29.999000 0.049000
2222.753210 29.999000 0.043000
2233.712150 29.999000 0.040000
2237.702560 29.999000 0.044000
2239.686640 29.999000 0.047000
2240.691660 29.999000 0.046000
2241.697310 29.999000 0.043000
2242.687950 29.999000 0.044000
2243.683680 29.999000 0.048000
2244.693100 29.999000 0.050000
2248.687560 29.999000 0.051000
2249.686830 29.999000 0.047000
2250.676230 29.999000 0.046000
2251.675090 29.999000 0.047000
2252.676290 29.999000 0.046000
2253.674500 29.999000 0.051000
2255.668070 29.999000 0.047000
2256.669190 29.999000 0.048000
2257.667560 29.999000 0.059000
2258.662420 29.999000 0.050000
2260.658970 29.999000 0.051000
2262.649030 29.999000 0.057000
2265.641380 29.999000 0.054000
2266.643530 29.999000 0.058000
2562.755150 29.999000 0.041000
2578.729400 29.999000 0.050000
3266.827920 29.999000 0.041000
3294.868680 29.999000 0.051000
3298.783610 29.999000 0.039000
3321.785100 29.999000 0.042000
3383.605840 29.999000 0.043000
3385.618700 29.999000 0.048000
3389.683940 29.999000 0.052000
3391.706320 29.999000 0.051000
3394.749530 29.999000 0.045000
3404.688760 29.999000 0.040000
3425.679330 29.999000 0.041000
3575.935890 29.999000 0.038000
3588.927090 29.999000 0.039000
3592.906300 29.999000 0.040000
3599.911610 29.999000 0.037000
3618.903580 29.999000 0.040000
3622.876180 29.999000 0.043000
3626.857810 29.999000 0.037000
3630.836310 29.999000 0.040000
3634.847860 29.999000 0.040000
3638.863980 29.999000 0.042000
3641.863210 29.999000 0.045000
3646.844300 29.999000 0.041000
3652.817040 29.999000 0.039000
3657.845590 29.999000 0.045000
3660.792770 29.999000 0.037000
3810.617760 29.999000 0.043000
3813.515070 29.999000 0.046000
3815.569790 29.999000 0.049000
3817.598250 29.999000 0.048000
3820.527780 29.999000 0.038000
3822.588920 29.999000 0.040000
3825.518670 29.999000 0.048000
3827.531650 29.999000 0.050000
3829.563360 29.999000 0.044000
3832.519410 29.999000 0.039000
3834.536510 29.999000 0.041000
3836.540750 29.999000 0.043000
3849.514220 29.999000 0.045000
3852.483910 29.999000 0.041000
3860.472040 29.999000 0.048000
3864.458550 29.999000 0.043000
3869.453560 29.999000 0.052000
4091.642090 29.999000 0.044000
4104.656870 29.999000 0.052000
4106.698670 29.999000 0.037000
4125.631580 29.999000 0.045000
4127.631170 29.999000 0.053000
4129.631610 29.999000 0.042000
4131.663150 29.999000 0.039000
4133.688170 29.999000 0.045000
4135.701870 29.999000 0.042000
4137.706020 29.999000 0.043000
4144.671430 29.999000 0.041000
4147.576990 29.999000 0.058000
4150.648340 29.999000 0.048000
4152.657220 29.999000 0.042000
4155.553940 29.999000 0.045000
4157.609310 29.999000 0.041000
4159.622410 29.999000 0.037000
4161.626910 29.999000 0.038000
4163.632110 29.999000 0.040000
4172.582110 29.999000 0.043000
4174.593230 29.999000 0.039000
4176.613630 29.999000 0.043000
4180.550840 29.999000 0.038000
4182.585980 29.999000 0.042000
4184.592500 29.999000 0.055000
4189.543890 29.999000 0.040000
4345.897070 29.999000 0.041000
4349.866470 29.999000 0.039000
4357.881210 29.999000 0.043000
4361.885340 29.999000 0.047000
4364.827070 29.999000 0.040000
4368.841910 29.999000 0.040000
4371.853410 29.999000 0.036000
4375.837960 29.999000 0.036000
4378.826630 29.999000 0.046000
4381.828910 29.999000 0.044000
4384.804560 29.999000 0.042000
4387.796640 29.999000 0.045000
4399.827030 29.999000 0.046000
4403.774640 29.999000 0.041000
4407.799860 29.999000 0.042000
4410.744460 29.999000 0.048000
4413.791760 29.999000 0.048000
4420.782270 29.999000 0.043000
4423.749380 29.999000 0.049000
4426.810690 29.999000 0.049000
4429.698750 29.999000 0.041000
4431.750930 29.999000 0.039000
4437.680260 29.999000 0.038000
4443.679310 29.999000 0.040000
4448.751810 29.999000 0.039000
4456.625980 29.999000 0.042000
4458.703420 29.999000 0.053000
4463.746260 29.999000 0.042000
4468.778860 29.999000 0.043000
4488.645100 29.999000 0.047000
4683.902970 29.999000 0.040000
4691.882310 29.999000 0.039000
4697.917130 29.999000 0.041000
4701.879460 29.999000 0.038000
4721.823050 29.999000 0.040000
4725.879380 29.999000 0.038000
4729.830360 29.999000 0.037000
4871.711200 29.999000 0.047000
4877.641340 29.999000 0.053000
4883.585000 29.999000 0.058000
4892.554710 29.999000 0.055000
4918.587650 29.999000 0.051000
4921.521940 29.999000 0.054000
5155.757960 29.999000 0.051000
1878.719970 11.684000 0.037000
2136.896020 11.568000 0.042000
2156.885710 11.350000 0.041000
2171.821280 11.483000 0.041000
2172.905610 11.512000 0.043000
2183.810200 11.855000 0.042000
2212.711160 12.883000 0.043000
3273.867490 13.267000 0.038000
3385.576380 15.052000 0.034000
3391.698890 14.905000 0.045000
3404.678990 13.721000 0.045000
3650.845180 14.450000 0.041000
3659.817550 13.751000 0.040000
3665.813360 13.650000 0.036000
3669.808130 13.366000 0.040000
3672.785450 13.018000 0.037000
3675.789000 13.248000 0.036000
3680.782650 12.900000 0.038000
3700.720000 12.374000 0.043000
3703.718560 12.364000 0.037000
3706.698100 12.225000 0.038000
3711.812840 12.086000 0.039000
3713.733700 12.046000 0.039000
3716.658530 12.010000 0.037000
3718.719800 11.947000 0.044000
3747.743320 11.120000 0.040000
3750.626120 11.081000 0.040000
3755.607790 11.096000 0.043000
3757.670660 11.157000 0.043000
3764.720980 11.364000 0.041000
3778.692120 11.890000 0.042000
3788.641730 12.498000 0.042000
3790.698960 12.655000 0.041000
3795.657370 12.884000 0.038000
3814.614770 13.519000 0.041000
4175.557940 15.128000 0.042000
4189.549860 14.022000 0.040000
4197.538710 13.412000 0.036000
4203.547530 13.356000 0.046000
4228.490260 12.428000 0.043000
4231.466430 12.316000 0.036000
4234.463990 12.230000 0.042000
4307.927950 11.925000 0.035000
4312.931130 12.130000 0.038000
4331.894610 13.298000 0.037000
4336.885400 13.554000 0.041000
4340.863820 13.674000 0.036000
4346.887480 14.196000 0.037000
4354.864650 14.179000 0.037000
4358.848190 14.217000 0.038000
4362.835250 14.814000 0.037000
4468.790950 13.786000 0.038000
4480.599710 12.984000 0.048000
4484.618750 13.152000 0.038000
4488.713300 12.946000 0.045000
4490.731670 12.905000 0.039000
4492.773620 12.855000 0.041000
4498.749110 12.802000 0.047000
4501.645670 12.734000 0.047000
4503.732220 12.606000 0.042000
4506.636020 12.725000 0.042000
4508.719330 12.448000 0.038000
4511.573640 12.244000 0.043000
4519.577540 11.934000 0.048000
4521.612130 11.860000 0.038000
4523.634620 11.697000 0.043000
4525.651210 11.556000 0.045000
4527.668450 11.497000 0.043000
4530.598790 11.342000 0.046000
4532.649160 11.152000 0.039000
4536.522240 10.935000 0.037000
4538.586650 10.949000 0.043000
4542.610010 10.772000 0.047000
4547.546090 10.833000 0.046000
4552.558080 10.952000 0.039000
4554.580790 11.016000 0.041000
4556.596580 11.017000 0.040000
4559.530580 11.192000 0.039000
4562.514130 11.296000 0.041000
4564.557710 11.433000 0.039000
4567.515690 11.428000 0.041000
4569.539210 11.529000 0.039000
4571.555130 11.610000 0.040000
4574.513450 11.726000 0.040000
4588.495090 12.537000 0.040000
4591.475370 12.755000 0.037000
4594.474670 12.846000 0.037000
4596.482190 13.093000 0.038000
4602.461230 13.514000 0.045000
4708.889770 15.267000 0.042000
4721.847140 14.847000 0.033000
4729.868990 14.290000 0.034000
4733.889580 14.033000 0.036000
4740.870430 13.729000 0.035000
4744.845270 13.760000 0.040000
4754.826040 13.373000 0.036000
4757.817500 13.254000 0.036000
4760.816940 13.261000 0.038000
4763.804270 13.145000 0.037000
4766.798540 13.021000 0.036000
4769.784760 12.901000 0.037000
4772.779780 12.856000 0.038000
4775.759850 12.537000 0.036000
4778.760930 12.580000 0.037000
4782.760980 12.270000 0.038000
4786.742380 12.169000 0.039000
4792.737860 11.861000 0.040000
4795.722500 11.784000 0.036000
4798.720600 11.667000 0.036000
4801.705230 11.577000 0.037000
4804.685900 11.468000 0.036000
4806.780550 11.376000 0.037000
4809.678960 11.304000 0.039000
4815.652490 11.225000 0.039000
4818.708350 11.241000 0.036000
4823.771240 11.259000 0.037000
4826.720750 11.246000 0.045000
4829.649170 11.366000 0.037000
4831.803660 11.416000 0.044000
4834.616500 11.458000 0.037000
4836.690340 11.536000 0.038000
4843.761720 11.806000 0.048000
4846.715120 11.910000 0.038000
4868.744460 13.276000 0.045000
4871.616570 13.776000 0.045000
4879.628830 14.053000 0.046000
4884.622400 14.347000 0.043000
5085.874100 11.196000 0.043000
5093.836190 11.319000 0.045000
5098.866000 11.400000 0.041000
5113.840940 11.953000 0.042000
5118.782190 12.212000 0.046000
5147.770470 13.501000 0.043000
5155.778470 13.914000 0.046000
3417.646500 13.295000 0.051000
3419.637560 13.369000 0.047000
3423.650860 13.110000 0.052000
3721.648980 11.859000 0.049000
3726.776860 11.612000 0.049000
3730.643130 11.472000 0.048000
3735.789430 11.327000 0.045000
3774.674260 11.722000 0.050000
3808.606290 13.523000 0.041000
4343.888900 13.502000 0.050000
4471.799400 13.770000 0.054000
4474.761280 13.634000 0.051000
4477.807450 13.192000 0.052000
4486.678130 12.779000 0.055000
4516.680300 12.177000 0.048000
4540.598990 10.845000 0.049000
4576.539890 11.867000 0.041000
4583.479860 12.177000 0.045000
4751.825770 13.403000 0.048000
4821.649790 11.250000 0.040000
4848.799440 12.244000 0.053000
4857.672240 12.550000 0.048000
4861.585580 12.906000 0.042000
4876.672440 13.994000 0.054000
4881.676040 13.939000 0.047000
4887.627330 13.749000 0.054000
4918.597120 14.567000 0.050000
5069.882390 11.128000 0.052000
5075.887230 11.099000 0.054000
5123.777310 12.549000 0.053000
5162.718530 13.535000 0.052000
2244.722630 29.999000 0.058000
2248.703650 29.999000 0.050000
2539.804130 29.999000 0.053000
2545.786190 29.999000 0.039000
3277.819350 29.999000 0.047000
3295.817360 29.999000 0.049000
3355.654760 29.999000 0.047000
3365.678020 29.999000 0.048000
3389.670320 29.999000 0.040000
3394.740530 29.999000 0.048000
3406.680620 29.999000 0.043000
3578.932620 29.999000 0.037000
3591.914110 29.999000 0.041000
3619.868700 29.999000 0.038000
3624.889310 29.999000 0.040000
3628.882340 29.999000 0.038000
3631.868890 29.999000 0.038000
3639.839750 29.999000 0.039000
3643.823640 29.999000 0.037000
3647.865680 29.999000 0.041000
3662.814990 29.999000 0.040000
3812.613970 29.999000 0.040000
3824.578100 29.999000 0.039000
3826.576530 29.999000 0.041000
4091.655960 29.999000 0.048000
4104.663650 29.999000 0.039000
4106.704710 29.999000 0.038000
4109.721110 29.999000 0.042000
4125.634540 29.999000 0.044000
4127.644460 29.999000 0.047000
4129.634610 29.999000 0.041000
4131.666160 29.999000 0.044000
4133.691210 29.999000 0.038000
4135.704920 29.999000 0.038000
4137.709080 29.999000 0.038000
4139.732310 29.999000 0.033000
4141.737840 29.999000 0.046000
4144.578720 29.999000 0.050000
4146.641300 29.999000 0.042000
4149.720250 29.999000 0.049000
4152.533070 29.999000 0.035000
4160.649060 29.999000 0.041000
4164.666020 29.999000 0.036000
4173.534020 29.999000 0.042000
4179.550830 29.999000 0.051000
4181.594540 29.999000 0.044000
4183.610580 29.999000 0.039000
4191.561120 29.999000 0.038000
4193.567650 29.999000 0.037000
4350.874130 29.999000 0.043000
4365.854420 29.999000 0.037000
4368.871750 29.999000 0.037000
4372.816600 29.999000 0.040000
4376.831360 29.999000 0.039000
4379.854650 29.999000 0.036000
4382.851240 29.999000 0.036000
4386.806840 29.999000 0.039000
4392.795550 29.999000 0.041000
4399.852630 29.999000 0.042000
4403.801190 29.999000 0.038000
4407.804510 29.999000 0.040000
4410.768830 29.999000 0.040000
4413.811760 29.999000 0.042000
4420.840820 29.999000 0.047000
4423.764270 29.999000 0.037000
4427.728690 29.999000 0.037000
4430.709440 29.999000 0.036000
4432.764920 29.999000 0.036000
4435.695360 29.999000 0.040000
4437.763700 29.999000 0.041000
4440.692130 29.999000 0.041000
4443.699570 29.999000 0.038000
4448.790670 29.999000 0.040000
4453.738270 29.999000 0.042000
4456.647230 29.999000 0.050000
4458.734120 29.999000 0.050000
4461.673810 29.999000 0.037000
4463.755260 29.999000 0.037000
4466.669180 29.999000 0.048000
4684.913050 29.999000 0.041000
4698.914640 29.999000 0.039000
4702.897070 29.999000 0.036000
4717.869160 29.999000 0.045000
4726.843220 29.999000 0.039000
4863.644220 29.999000 0.051000
4892.657780 29.999000 0.050000
4905.563320 29.999000 0.051000
4911.575080 29.999000 0.049000
4916.509530 29.999000 0.047000
4921.525270 29.999000 0.046000
4932.517010 29.999000 0.050000
4938.510710 29.999000 0.047000
4966.475850 29.999000 0.050000
5143.852370 29.999000 0.045000
5165.700940 29.999000 0.044000
5168.717600 29.999000 0.046000
