2685.702950 10.296000 0.028000
2695.671290 11.148000 0.028000
2719.712470 12.721000 0.034000
2556.883460 12.980000 0.046000
3392.770470 12.745000 0.046000
3367.727000 29.999000 0.039000
1868.840170 10.264000 0.028000
1870.784700 10.424000 0.031000
1872.780310 10.498000 0.029000
1876.770140 10.782000 0.026000
1880.759710 11.024000 0.028000
1884.774470 11.288000 0.026000
1885.859760 11.364000 0.027000
1887.739040 11.451000 0.027000
1889.746210 11.584000 0.031000
1899.766280 12.131000 0.026000
1900.771800 12.173000 0.026000
1903.778900 12.381000 0.026000
1904.793380 12.389000 0.025000
1905.765000 12.402000 0.027000
1906.772350 12.497000 0.025000
1907.763260 12.506000 0.025000
1908.785120 12.558000 0.026000
1913.730100 12.789000 0.025000
1914.738870 12.955000 0.026000
1915.741560 12.916000 0.026000
1918.754090 12.994000 0.027000
1919.772480 13.151000 0.027000
1920.724240 13.090000 0.027000
1921.722920 13.125000 0.027000
1924.714290 13.168000 0.027000
1926.711590 13.113000 0.025000
1928.711150 13.146000 0.025000
1930.707030 13.287000 0.025000
1931.699490 13.120000 0.033000
1932.697280 13.091000 0.025000
1933.697330 13.107000 0.026000
1934.696190 13.096000 0.025000
1936.670300 13.088000 0.024000
1937.712780 13.092000 0.026000
1939.663470 13.009000 0.026000
1941.641760 13.007000 0.025000
1945.692100 12.757000 0.026000
1946.691650 12.658000 0.026000
1948.629220 12.593000 0.030000
1953.644180 12.367000 0.029000
1954.654040 12.125000 0.032000
1955.648150 12.072000 0.032000
1958.632310 11.890000 0.029000
1959.644100 11.817000 0.030000
1961.645300 11.650000 0.030000
1963.621850 11.469000 0.032000
1964.631130 11.336000 0.029000
1965.624230 11.236000 0.029000
1967.621130 11.099000 0.032000
1968.618500 10.962000 0.034000
1980.601920 10.214000 0.039000
1982.591220 10.086000 0.036000
1984.582860 9.951000 0.038000
2025.477430 8.143000 0.027000
2027.516950 8.227000 0.028000
2031.464740 8.340000 0.029000
2033.489950 8.432000 0.031000
2053.487570 9.392000 0.031000
2056.454200 9.533000 0.028000
2058.505200 9.627000 0.030000
2071.474890 10.333000 0.040000
2082.456520 11.037000 0.029000
2172.889790 11.585000 0.032000
2184.861640 10.654000 0.035000
2190.850870 10.201000 0.031000
2192.861870 10.029000 0.031000
2194.858000 9.874000 0.031000
2197.845730 9.611000 0.038000
2201.846660 9.343000 0.031000
2206.822380 9.095000 0.032000
2212.823650 8.932000 0.039000
2214.817960 8.898000 0.034000
2216.814830 8.873000 0.035000
2221.845530 8.870000 0.038000
2224.838310 8.947000 0.037000
2226.806470 8.868000 0.038000
2228.798870 8.908000 0.035000
2230.793250 8.888000 0.035000
2233.763590 8.917000 0.034000
2237.772390 8.978000 0.039000
2249.752690 9.305000 0.038000
2444.461400 8.612000 0.028000
2540.890160 13.231000 0.029000
2545.865000 13.399000 0.028000
2552.870650 12.902000 0.024000
2557.874910 12.892000 0.033000
2561.846260 12.718000 0.029000
2578.854390 11.451000 0.037000
2622.708060 8.192000 0.025000
2624.767510 8.129000 0.030000
2627.783550 8.032000 0.028000
2628.747400 8.008000 0.031000
2629.785580 7.978000 0.027000
2634.783800 7.980000 0.024000
2635.740640 7.998000 0.027000
2636.806690 8.015000 0.025000
2638.787930 8.052000 0.025000
2640.812920 8.080000 0.025000
2643.725030 8.139000 0.024000
2645.775980 8.195000 0.024000
2647.751520 8.237000 0.027000
2650.727880 8.328000 0.028000
2652.745700 8.398000 0.026000
2655.702530 8.531000 0.028000
2658.720100 8.635000 0.026000
2660.720020 8.763000 0.036000
2662.714820 8.813000 0.026000
2664.708510 8.901000 0.025000
2666.703840 9.007000 0.024000
2670.711980 9.247000 0.024000
2672.701390 9.351000 0.025000
2674.702790 9.480000 0.024000
2676.675540 9.615000 0.024000
2678.665530 9.764000 0.028000
2681.784680 9.994000 0.026000
2683.701640 10.143000 0.025000
2685.675240 10.290000 0.029000
2689.664830 10.596000 0.027000
2690.831950 10.686000 0.032000
2693.606240 10.913000 0.030000
2694.793480 11.011000 0.026000
2696.763790 11.162000 0.028000
2698.799690 11.327000 0.030000
2700.715330 11.443000 0.025000
2704.682600 11.772000 0.032000
2706.652330 11.918000 0.025000
2709.762990 12.145000 0.026000
2711.644930 12.358000 0.025000
2712.781890 12.362000 0.026000
2714.626640 12.516000 0.028000
2720.743130 12.756000 0.027000
2724.669640 13.191000 0.038000
2726.646580 13.226000 0.025000
2728.637820 13.305000 0.026000
2730.633730 13.535000 0.027000
2733.680080 13.459000 0.027000
2739.650820 13.632000 0.026000
2741.618150 13.760000 0.025000
2750.651230 14.027000 0.027000
2755.590890 13.751000 0.024000
2759.617990 13.851000 0.029000
2761.598490 13.830000 0.024000
2763.594850 13.741000 0.026000
2766.572470 13.558000 0.025000
2770.588000 13.493000 0.028000
2783.554910 12.814000 0.028000
2785.556620 12.746000 0.031000
2787.534470 12.725000 0.025000
2793.479900 12.345000 0.027000
2796.476370 12.220000 0.033000
2810.491030 11.393000 0.026000
2812.493400 11.268000 0.028000
2814.495860 11.227000 0.032000
2820.482260 10.873000 0.028000
2922.874150 13.292000 0.029000
2926.875400 13.349000 0.027000
2932.877060 13.304000 0.028000
2940.838370 13.626000 0.027000
2943.841170 13.928000 0.026000
2946.828710 13.605000 0.026000
2967.824320 13.519000 0.026000
2975.742560 13.163000 0.038000
2979.818140 12.968000 0.025000
2982.805840 12.933000 0.030000
2985.799500 12.501000 0.026000
2988.790300 12.357000 0.026000
2991.779880 12.261000 0.027000
2994.768220 12.001000 0.028000
2997.760320 11.969000 0.026000
3000.819410 11.772000 0.025000
3006.745320 11.457000 0.025000
3008.763220 11.361000 0.028000
3010.798110 11.203000 0.027000
3013.719950 11.012000 0.029000
3016.773510 10.784000 0.026000
3018.778360 10.667000 0.027000
3025.671530 10.105000 0.028000
3031.815350 9.637000 0.025000
3033.801110 9.472000 0.026000
3036.667620 9.312000 0.036000
3041.698070 9.145000 0.028000
3043.756510 9.117000 0.030000
3046.640170 9.072000 0.027000
3049.669040 9.040000 0.025000
3052.659600 9.078000 0.026000
3054.689880 9.106000 0.027000
3056.729680 9.128000 0.026000
3061.597480 9.272000 0.025000
3066.681550 9.436000 0.027000
3068.645550 9.518000 0.028000
3070.673340 9.613000 0.029000
3072.749560 9.696000 0.030000
3074.722060 9.801000 0.028000
3078.774800 9.995000 0.030000
3081.563170 10.132000 0.026000
3085.658430 10.383000 0.026000
3087.658740 10.480000 0.037000
3089.688950 10.622000 0.028000
3091.667800 10.767000 0.027000
3093.655690 10.924000 0.028000
3099.709410 11.321000 0.031000
3102.532270 11.456000 0.026000
3104.550550 11.728000 0.032000
3106.560280 11.863000 0.025000
3108.564640 11.996000 0.026000
3112.582070 12.150000 0.025000
3114.594020 12.261000 0.026000
3116.608140 12.217000 0.026000
3122.544700 12.628000 0.025000
3124.572720 12.772000 0.026000
3126.593110 12.891000 0.029000
3128.614210 12.854000 0.029000
3130.629310 12.933000 0.030000
3132.625100 12.987000 0.028000
3144.551700 13.527000 0.025000
3146.588400 13.247000 0.024000
3158.515040 13.558000 0.028000
3163.542660 13.471000 0.025000
3167.478690 13.240000 0.025000
3175.478710 13.046000 0.026000
3178.492810 13.072000 0.033000
3185.471730 12.488000 0.029000
3189.460770 12.329000 0.030000
3333.839810 12.604000 0.030000
3363.768050 13.442000 0.031000
3385.707670 12.890000 0.034000
3387.754120 12.630000 0.038000
3390.688740 12.732000 0.030000
3400.669090 12.203000 0.033000
3403.709050 12.046000 0.034000
3405.712930 11.997000 0.029000
3407.785980 11.876000 0.032000
3412.636380 11.557000 0.029000
3414.682090 11.385000 0.031000
3426.700920 10.454000 0.031000
3430.713090 10.223000 0.030000
3432.709890 10.124000 0.033000
3434.706740 9.968000 0.032000
3443.750420 9.346000 0.032000
3452.618020 8.951000 0.037000
3456.695600 8.922000 0.035000
3460.683860 8.940000 0.032000
3462.696150 8.939000 0.030000
3465.577300 8.994000 0.035000
3468.587540 9.083000 0.029000
3470.611250 9.100000 0.025000
3472.607280 9.172000 0.030000
3474.632410 9.222000 0.027000
3476.693140 9.278000 0.033000
3490.579520 9.773000 0.037000
3492.581400 9.833000 0.034000
3496.614600 10.076000 0.026000
3509.585380 10.817000 0.034000
3513.478530 10.999000 0.029000
3523.531240 11.463000 0.035000
3558.460850 12.568000 0.032000
3652.875680 8.273000 0.031000
3656.861190 8.232000 0.031000
3660.854460 8.213000 0.033000
3664.858260 8.192000 0.030000
3670.855710 8.218000 0.028000
3674.840070 8.269000 0.030000
3701.818230 9.559000 0.034000
3705.803440 9.883000 0.030000
3712.857620 10.422000 0.028000
3715.820420 10.684000 0.035000
3721.784180 11.167000 0.029000
3724.796280 11.372000 0.029000
3727.773010 11.629000 0.032000
3740.733600 12.335000 0.028000
3743.727580 12.533000 0.031000
3745.811830 12.581000 0.032000
3748.723490 12.748000 0.031000
3751.705580 12.628000 0.032000
3758.783140 13.153000 0.030000
3761.675590 12.974000 0.039000
3766.672270 13.315000 0.032000
3793.636660 13.223000 0.036000
3795.724120 12.944000 0.031000
3799.733930 12.948000 0.028000
3809.688530 12.098000 0.034000
3811.698380 11.938000 0.033000
3813.710150 11.688000 0.032000
3817.750670 11.352000 0.034000
3820.564310 11.129000 0.035000
3824.651220 10.901000 0.028000
3826.672760 10.790000 0.031000
3828.683090 10.676000 0.031000
3832.702350 10.490000 0.033000
3834.680110 10.427000 0.032000
3836.696870 10.367000 0.035000
3853.529960 9.661000 0.026000
3855.555890 9.585000 0.033000
3860.552830 9.432000 0.030000
3862.543470 9.384000 0.032000
3864.574540 9.349000 0.032000
3866.594710 9.340000 0.032000
3869.515800 9.312000 0.035000
3871.521330 9.345000 0.030000
3875.522890 9.330000 0.028000
3877.537150 9.315000 0.029000
3881.515150 9.311000 0.029000
3883.540790 9.333000 0.029000
3889.546680 9.382000 0.031000
3891.544060 9.425000 0.031000
3896.474860 9.542000 0.031000
3898.537810 9.610000 0.031000
3901.493380 9.720000 0.029000
3903.513980 9.794000 0.028000
3905.517740 9.878000 0.028000
4089.742210 9.490000 0.032000
4105.729890 9.578000 0.029000
4107.783670 9.639000 0.026000
4125.808430 10.458000 0.038000
4130.726030 10.766000 0.030000
4132.726580 10.870000 0.034000
4134.769270 10.954000 0.034000
4136.788350 11.150000 0.033000
4139.645320 11.303000 0.027000
4141.690070 11.413000 0.029000
4145.784970 11.654000 0.031000
4149.671200 11.984000 0.032000
4151.706460 11.992000 0.028000
4153.682130 12.102000 0.026000
4159.794520 12.349000 0.033000
4161.744850 12.421000 0.031000
4168.794600 12.870000 0.034000
4173.757850 12.885000 0.034000
4176.546370 13.173000 0.034000
4185.679420 13.021000 0.030000
4189.612470 13.233000 0.027000
4191.637480 13.229000 0.039000
4193.648720 13.837000 0.030000
4202.516050 13.096000 0.026000
4204.630750 12.919000 0.034000
4207.664750 12.599000 0.038000
4215.660520 11.998000 0.034000
4227.626320 11.084000 0.028000
4230.485520 10.882000 0.032000
4232.508110 10.724000 0.031000
4234.517240 10.636000 0.026000
4238.558380 10.402000 0.040000
4247.553210 9.995000 0.026000
4250.559470 9.857000 0.028000
4256.485540 9.564000 0.026000
4258.497500 9.490000 0.032000
4269.480680 8.910000 0.026000
4277.478370 8.850000 0.027000
4284.471530 8.889000 0.037000
4377.884300 13.063000 0.033000
4386.866890 13.295000 0.028000
4404.863570 13.072000 0.031000
4408.835480 12.961000 0.029000
4413.847860 12.705000 0.031000
4422.809840 12.000000 0.035000
4430.809180 11.348000 0.030000
4433.818470 11.189000 0.027000
4436.830400 11.006000 0.030000
4439.838490 10.840000 0.033000
4442.826080 10.727000 0.032000
4452.791040 10.159000 0.032000
4455.776050 9.909000 0.032000
4458.764510 9.689000 0.037000
4461.761170 9.376000 0.028000
4464.757620 9.136000 0.029000
4467.753520 8.913000 0.030000
4470.748650 8.774000 0.032000
4473.829270 8.670000 0.038000
4477.730920 8.623000 0.027000
4486.750860 8.570000 0.032000
4489.679500 8.573000 0.030000
4491.728880 8.571000 0.027000
4493.752920 8.576000 0.030000
4497.701010 8.579000 0.035000
4499.810240 8.618000 0.033000
4502.710100 8.661000 0.033000
4505.650610 8.729000 0.030000
4507.705130 8.788000 0.033000
4518.613300 9.246000 0.029000
4520.654500 9.349000 0.032000
4522.650410 9.438000 0.035000
4524.671040 9.810000 0.030000
4526.683470 9.616000 0.032000
4528.737580 9.698000 0.037000
4534.588230 9.972000 0.034000
4537.603180 10.105000 0.034000
4541.621370 10.345000 0.034000
4547.690200 10.627000 0.038000
4552.666050 10.885000 0.034000
4554.697660 10.990000 0.035000
4559.550510 11.319000 0.037000
4561.611100 11.363000 0.035000
4563.641840 11.489000 0.036000
4565.657630 11.593000 0.028000
4567.664240 11.716000 0.029000
4569.661240 11.875000 0.033000
4571.652510 11.909000 0.030000
4573.667560 12.124000 0.036000
4576.522730 12.241000 0.036000
4580.533860 12.410000 0.034000
4583.607020 12.687000 0.034000
4586.635180 12.588000 0.031000
4589.562670 12.858000 0.036000
4591.606190 12.893000 0.034000
4594.512050 12.846000 0.031000
4600.543140 13.070000 0.030000
4602.575000 12.911000 0.037000
4607.547500 12.843000 0.032000
4610.494440 13.026000 0.032000
4622.489500 12.682000 0.030000
4627.485230 12.340000 0.028000
4632.493180 12.096000 0.033000
4642.466970 11.538000 0.034000
4651.473620 11.021000 0.036000
4752.864540 11.422000 0.030000
4756.864370 11.708000 0.028000
4761.852320 11.991000 0.030000
4765.840290 12.185000 0.030000
4769.830450 12.466000 0.030000
4773.821770 12.503000 0.032000
4777.836830 12.690000 0.029000
4783.849310 12.777000 0.036000
4787.822600 13.013000 0.032000
4794.829320 13.263000 0.029000
4798.804450 13.339000 0.030000
4806.775270 13.199000 0.026000
4809.795150 13.319000 0.031000
4813.777520 13.135000 0.033000
4823.764620 13.000000 0.029000
4826.769090 12.790000 0.028000
4829.743580 12.645000 0.034000
4835.724220 12.196000 0.039000
4838.718350 11.938000 0.033000
4843.718440 11.686000 0.036000
4846.756240 11.467000 0.035000
4849.687150 11.361000 0.030000
4851.782880 11.237000 0.033000
4855.696550 11.043000 0.031000
4857.781990 10.899000 0.034000
4861.683840 10.636000 0.033000
4871.733010 9.982000 0.038000
4876.781430 9.792000 0.033000
4879.685440 9.662000 0.037000
4881.751690 9.576000 0.031000
4889.636740 9.032000 0.038000
4904.676910 8.847000 0.039000
4918.560370 9.028000 0.038000
4948.607110 10.002000 0.042000
5146.845230 9.829000 0.038000
5162.835690 10.959000 0.040000
1874.775880 10.611000 0.033000
1925.715130 13.179000 0.050000
1949.673660 12.586000 0.037000
1952.650560 12.328000 0.035000
1977.600540 10.433000 0.042000
1979.583200 10.293000 0.043000
1981.611430 10.133000 0.041000
1985.587000 9.854000 0.040000
1994.599400 8.986000 0.038000
1995.567950 8.864000 0.043000
1996.564200 8.769000 0.042000
1997.560440 8.664000 0.047000
1998.558400 8.555000 0.045000
2009.521750 8.032000 0.046000
2011.529990 8.006000 0.045000
2016.484300 7.993000 0.042000
2199.853140 9.501000 0.053000
2235.777750 8.944000 0.045000
2240.750240 9.044000 0.040000
2241.860710 9.078000 0.043000
2243.774620 9.085000 0.045000
2247.798890 9.264000 0.047000
2250.820770 9.328000 0.048000
2254.798380 9.476000 0.044000
2258.743430 9.589000 0.047000
2260.778910 9.671000 0.047000
2441.449130 8.560000 0.039000
2757.587670 13.768000 0.029000
2776.538790 13.481000 0.032000
2790.557310 12.554000 0.046000
2918.868370 12.805000 0.041000
2957.826530 14.866000 0.043000
3169.522390 13.663000 0.048000
3357.787290 13.425000 0.040000
3409.760530 11.752000 0.036000
3420.669590 10.925000 0.041000
3422.691540 10.702000 0.036000
3424.697050 10.653000 0.039000
3445.730440 9.210000 0.039000
3447.733320 9.037000 0.034000
3454.690350 8.889000 0.039000
3458.684540 8.867000 0.039000
3478.669380 9.334000 0.040000
3480.659860 9.421000 0.036000
3482.666190 9.441000 0.044000
3499.602550 10.180000 0.035000
3502.489570 10.345000 0.042000
3504.530620 10.516000 0.037000
3517.517790 11.271000 0.037000
3521.514550 11.382000 0.044000
3526.521130 11.711000 0.036000
3528.530170 11.746000 0.044000
3530.526720 11.884000 0.035000
3544.472470 12.169000 0.038000
3718.807010 10.949000 0.036000
3731.776600 11.937000 0.039000
3734.780120 11.992000 0.041000
3737.758780 12.194000 0.036000
3753.805360 13.035000 0.036000
3756.697720 13.078000 0.040000
3763.762280 13.117000 0.048000
3768.768810 13.313000 0.034000
3771.656360 13.457000 0.038000
3773.747930 13.725000 0.038000
3780.625760 13.175000 0.044000
3783.669530 13.259000 0.041000
3788.674850 13.079000 0.042000
3790.788670 12.996000 0.037000
3797.689430 12.875000 0.035000
3802.604990 12.698000 0.041000
3804.670730 12.363000 0.039000
3806.673040 12.331000 0.044000
3815.742210 11.519000 0.040000
3822.647990 10.977000 0.036000
3851.511220 9.736000 0.041000
3858.527830 9.438000 0.040000
3887.542970 9.328000 0.038000
3908.468050 10.097000 0.041000
4111.790940 9.790000 0.045000
4143.705510 11.579000 0.040000
4157.792680 12.471000 0.036000
4163.741120 12.559000 0.040000
4165.778580 12.808000 0.040000
4179.623560 13.163000 0.039000
4183.661530 13.066000 0.042000
4198.698780 13.073000 0.042000
4293.454870 8.957000 0.044000
4426.856220 11.643000 0.041000
4480.708960 8.593000 0.043000
4484.708910 8.534000 0.051000
4515.783780 9.163000 0.046000
4531.621680 9.840000 0.043000
4539.614870 10.198000 0.045000
4543.640470 10.403000 0.037000
4545.669000 10.544000 0.049000
4550.575300 10.776000 0.051000
4648.462660 11.252000 0.044000
4802.784520 13.340000 0.038000
4816.782310 13.208000 0.038000
4820.739160 13.072000 0.038000
4869.689350 10.054000 0.041000
4884.672350 9.386000 0.041000
4906.724010 8.873000 0.046000
4909.659310 8.874000 0.049000
4920.639630 9.066000 0.050000
4931.618100 9.328000 0.049000
4938.581030 9.546000 0.052000
4960.616140 10.782000 0.046000
4966.550920 11.236000 0.043000
4968.593850 11.364000 0.049000
4985.549970 12.282000 0.047000
4991.532600 12.576000 0.042000
5023.456450 12.591000 0.048000
5125.860050 8.795000 0.045000
2735.673600 29.999000 0.025000
2737.660660 29.999000 0.026000
2743.618900 29.999000 0.027000
2745.650520 29.999000 0.035000
2752.608040 29.999000 0.026000
2929.865950 29.999000 0.045000
2947.829190 29.999000 0.029000
2949.841020 29.999000 0.025000
2954.814520 29.999000 0.051000
2961.803450 29.999000 0.025000
2964.839530 29.999000 0.027000
2977.793630 29.999000 0.038000
3154.536390 29.999000 0.025000
3160.530900 29.999000 0.031000
3418.683780 29.999000 0.047000
4196.666800 29.999000 0.041000
