1914.693110 13.658000 0.040000
1918.672020 13.320000 0.042000
1919.730040 13.495000 0.041000
1920.687390 13.553000 0.040000
1921.678430 13.252000 0.045000
1922.680730 13.233000 0.041000
1926.672270 12.942000 0.041000
1928.671860 12.707000 0.041000
1929.662430 12.599000 0.040000
1930.667220 12.465000 0.042000
1932.652710 12.481000 0.040000
1934.658980 12.248000 0.041000
1937.674990 12.189000 0.040000
1939.605360 11.913000 0.041000
1940.658230 11.799000 0.041000
1945.654530 11.209000 0.041000
1946.647340 11.145000 0.045000
1947.649850 11.060000 0.042000
1948.698510 10.987000 0.044000
1949.642780 10.991000 0.041000
1959.613760 10.944000 0.043000
1961.594150 10.980000 0.040000
1963.588570 10.992000 0.041000
1964.596360 11.045000 0.041000
1965.582780 11.147000 0.040000
1966.593730 11.124000 0.041000
1967.593120 11.187000 0.042000
1968.581230 11.271000 0.042000
1977.577300 11.720000 0.048000
1979.546610 11.864000 0.046000
1981.554240 12.031000 0.047000
1984.535410 12.262000 0.045000
2032.520910 13.130000 0.045000
2545.823380 11.885000 0.047000
2561.796360 11.534000 0.041000
2628.726370 13.316000 0.038000
2635.707910 12.392000 0.043000
2637.708500 12.218000 0.044000
2639.725740 12.121000 0.045000
2641.721940 11.970000 0.047000
2643.731320 11.907000 0.045000
2645.720080 11.779000 0.045000
2650.686040 11.699000 0.040000
2657.720420 11.453000 0.049000
2659.748330 11.404000 0.046000
2661.745530 11.333000 0.044000
2663.742000 11.182000 0.045000
2665.733690 10.988000 0.045000
2667.734400 10.904000 0.046000
2673.718890 10.872000 0.047000
2675.705420 10.854000 0.045000
2681.638250 10.913000 0.047000
2683.633900 10.997000 0.047000
2684.781760 11.069000 0.044000
2686.690520 11.162000 0.043000
2689.711200 11.317000 0.042000
2691.648790 11.446000 0.047000
2693.661260 11.609000 0.047000
2696.770070 11.864000 0.042000
2698.806040 12.124000 0.043000
2700.731000 12.352000 0.041000
2706.660890 13.012000 0.045000
2710.602590 13.304000 0.047000
2711.700680 13.678000 0.042000
2717.628600 13.875000 0.044000
2744.562030 14.039000 0.042000
2746.578420 13.465000 0.042000
2750.600040 13.301000 0.041000
2752.566990 13.205000 0.041000
2755.560030 12.855000 0.040000
2757.556910 12.655000 0.039000
2759.584340 12.479000 0.041000
2761.560220 12.473000 0.042000
2766.546740 12.390000 0.041000
2770.564590 12.132000 0.041000
2776.491830 11.878000 0.049000
2783.503740 11.310000 0.041000
2785.507800 11.152000 0.042000
2787.507640 11.006000 0.040000
2790.539420 10.867000 0.041000
2810.472290 11.403000 0.042000
2812.479290 11.555000 0.041000
2814.481840 11.672000 0.044000
2820.456870 12.287000 0.040000
2884.908370 12.703000 0.043000
2893.883690 12.293000 0.043000
2896.873560 12.189000 0.043000
2905.887960 11.718000 0.039000
2911.869030 11.220000 0.043000
2916.814990 11.154000 0.041000
2921.865020 11.248000 0.046000
2923.837400 11.249000 0.043000
2927.793330 11.318000 0.042000
2930.830340 11.605000 0.040000
2933.816470 11.908000 0.043000
2940.764880 12.382000 0.041000
2942.813370 12.610000 0.041000
2944.802650 12.632000 0.046000
2950.762780 13.685000 0.041000
2973.817590 13.950000 0.043000
2975.773520 13.496000 0.041000
2979.764660 13.166000 0.043000
2981.798080 12.772000 0.040000
2984.740590 12.348000 0.040000
2987.720600 12.006000 0.040000
2989.794000 11.820000 0.038000
2992.721460 11.686000 0.038000
2997.712710 11.438000 0.043000
3000.761570 11.332000 0.039000
3005.674300 11.268000 0.041000
3007.739950 11.330000 0.044000
3009.775240 11.336000 0.043000
3012.663770 11.298000 0.041000
3017.718930 11.329000 0.045000
3019.727330 11.223000 0.044000
3028.688830 10.816000 0.048000
3030.728370 10.744000 0.042000
3033.615470 10.721000 0.042000
3035.661800 10.673000 0.039000
3039.662230 10.800000 0.042000
3042.656880 10.957000 0.040000
3044.680590 11.032000 0.042000
3047.634810 11.235000 0.042000
3050.612470 11.428000 0.042000
3052.751080 11.586000 0.042000
3054.730710 11.848000 0.043000
3059.617320 12.382000 0.037000
3061.660800 12.751000 0.041000
3066.732380 12.989000 0.037000
3068.660510 13.356000 0.037000
3097.616610 14.171000 0.041000
3103.657700 13.918000 0.041000
3105.651130 13.359000 0.042000
3109.658330 13.053000 0.041000
3111.668340 12.687000 0.040000
3114.513290 12.551000 0.042000
3121.609150 12.534000 0.040000
3125.623120 12.396000 0.043000
3128.532650 12.297000 0.042000
3130.550180 12.192000 0.041000
3132.561900 12.268000 0.040000
3134.579290 12.157000 0.041000
3146.565740 11.849000 0.038000
3153.570970 11.694000 0.045000
3156.552910 11.659000 0.042000
3160.503520 11.703000 0.042000
3163.520880 11.898000 0.040000
3167.475620 12.044000 0.038000
3171.469280 12.259000 0.042000
3175.470870 12.592000 0.040000
3178.490220 12.806000 0.042000
3185.461760 13.468000 0.041000
3419.660860 13.081000 0.043000
3425.695610 13.371000 0.042000
3433.700170 13.656000 0.043000
1958.590440 10.979000 0.044000
3070.689060 13.754000 0.040000
1868.798600 12.965000 0.044000
1869.777740 13.250000 0.047000
1871.730580 13.369000 0.047000
1872.840100 13.421000 0.043000
1874.712880 13.530000 0.047000
1875.790120 13.826000 0.047000
1924.670500 13.043000 0.055000
1925.671330 12.980000 0.049000
1931.657860 12.587000 0.051000
2030.468050 13.191000 0.047000
2053.502460 11.517000 0.052000
2056.464580 11.435000 0.045000
2068.520040 11.112000 0.045000
2565.810150 11.601000 0.052000
2574.780450 11.864000 0.053000
2577.769140 12.005000 0.052000
2631.859460 12.748000 0.045000
2647.700610 11.641000 0.054000
2652.694850 11.520000 0.049000
2654.693510 11.557000 0.046000
2669.723900 10.862000 0.050000
2671.723040 10.862000 0.051000
2977.746260 13.338000 0.053000
3404.710260 11.794000 0.051000
3406.758450 12.062000 0.046000
3408.822240 12.254000 0.049000
3415.685590 12.836000 0.049000
3417.675370 12.989000 0.049000
2556.867220 11.601000 0.052000
1884.745410 29.999000 0.041000
1903.735880 29.999000 0.043000
1993.530090 29.999000 0.047000
2736.544130 29.999000 0.044000
2738.568900 29.999000 0.042000
2963.799790 29.999000 0.042000
1886.783620 29.999000 0.042000
1902.699050 29.999000 0.040000
1905.723590 29.999000 0.042000
1907.707910 29.999000 0.041000
1995.529480 29.999000 0.053000
2694.819890 29.999000 0.043000
2713.663710 29.999000 0.046000
2723.645060 29.999000 0.043000
2725.640300 29.999000 0.042000
2727.633950 29.999000 0.042000
2742.565700 29.999000 0.045000
1879.837800 29.999000 0.043000
1881.789250 29.999000 0.040000
1885.758260 29.999000 0.042000
1906.705350 29.999000 0.044000
1908.706910 29.999000 0.042000
1915.699430 29.999000 0.043000
2623.750130 29.999000 0.045000
2740.564250 29.999000 0.042000
1887.755440 29.999000 0.041000
1888.757360 29.999000 0.043000
1904.714980 29.999000 0.043000
1913.679180 29.999000 0.039000
2621.798050 29.999000 0.047000
2625.735800 29.999000 0.047000
2714.762340 29.999000 0.042000
2721.647690 29.999000 0.049000
2732.712740 29.999000 0.042000
2734.570970 29.999000 0.045000
2861.931770 29.999000 0.039000
2908.889310 29.999000 0.043000
3015.722940 29.999000 0.045000
3072.769890 29.999000 0.042000
3074.753470 29.999000 0.043000
3077.550930 29.999000 0.039000
3081.609660 29.999000 0.040000
3085.612730 29.999000 0.039000
3087.614810 29.999000 0.047000
3089.636660 29.999000 0.043000
3091.633860 29.999000 0.039000
3093.618430 29.999000 0.041000
3099.655200 29.999000 0.044000
3101.660650 29.999000 0.043000
3421.681710 29.999000 0.044000
3423.668890 29.999000 0.050000
3431.678000 29.999000 0.040000
3439.679780 29.999000 0.040000
3445.567050 29.999000 0.050000
3447.581870 29.999000 0.044000
1877.742090 14.012000 0.035000
1879.738960 13.998000 0.035000
1913.717830 13.755000 0.030000
1915.729260 13.643000 0.033000
1918.729730 13.356000 0.035000
1919.764690 13.269000 0.036000
1920.716430 13.276000 0.033000
1921.712880 13.171000 0.037000
1922.712140 13.196000 0.037000
1924.701880 12.826000 0.036000
1926.699170 12.839000 0.034000
1928.700990 12.766000 0.034000
1929.696270 12.624000 0.036000
1930.696830 12.599000 0.036000
1931.691570 12.573000 0.039000
1932.687130 12.567000 0.037000
1933.687180 12.331000 0.038000
1934.685980 12.337000 0.035000
1936.660010 12.200000 0.036000
1937.698290 12.140000 0.037000
1939.640140 11.916000 0.036000
1946.680530 11.173000 0.038000
1948.613590 11.050000 0.040000
1949.668080 11.058000 0.053000
1953.652180 10.955000 0.042000
1958.622110 11.017000 0.047000
1959.634310 10.932000 0.043000
1961.628380 10.962000 0.045000
1964.630420 11.081000 0.043000
1965.614600 11.129000 0.046000
1966.616650 11.182000 0.047000
1967.613750 11.195000 0.047000
1968.608910 11.247000 0.048000
1977.591290 11.731000 0.053000
1978.604250 11.770000 0.051000
1979.620760 11.932000 0.050000
1980.608500 12.009000 0.054000
1981.602290 12.166000 0.049000
1982.593450 12.186000 0.045000
1984.576140 12.402000 0.052000
1985.577960 12.435000 0.054000
2031.469650 13.176000 0.036000
2033.488200 13.217000 0.034000
2068.488320 11.201000 0.034000
2085.478490 11.114000 0.035000
2440.456440 10.888000 0.036000
2443.463420 10.917000 0.036000
2454.474140 11.502000 0.050000
2466.454190 12.767000 0.047000
2470.457590 13.313000 0.051000
2557.832400 11.634000 0.047000
2559.848350 11.535000 0.036000
2562.822980 11.525000 0.036000
2578.822180 12.321000 0.042000
2632.816880 12.602000 0.040000
2637.767550 12.239000 0.036000
2639.792600 12.028000 0.041000
2642.721340 11.960000 0.042000
2644.756300 11.821000 0.035000
2646.738090 11.800000 0.036000
2649.725400 11.724000 0.029000
2651.695330 11.655000 0.034000
2655.749500 11.566000 0.034000
2658.718980 11.486000 0.039000
2662.706850 11.336000 0.035000
2664.698280 11.174000 0.035000
2666.695870 10.970000 0.034000
2670.694940 10.898000 0.032000
2672.702530 10.842000 0.036000
2674.683570 10.876000 0.030000
2676.674470 10.937000 0.040000
2678.655410 10.891000 0.032000
2680.656010 10.979000 0.034000
2681.779100 10.990000 0.031000
2683.696070 11.064000 0.036000
2688.797410 11.288000 0.037000
2690.722480 11.345000 0.036000
2692.779190 11.609000 0.031000
2694.700260 11.792000 0.037000
2696.715410 11.935000 0.033000
2698.710670 12.164000 0.031000
2700.693900 12.307000 0.032000
2704.661490 12.613000 0.038000
2706.640480 12.986000 0.036000
2709.681910 13.188000 0.036000
2710.821990 13.210000 0.032000
2727.646270 14.569000 0.029000
2744.621370 13.538000 0.030000
2751.560720 13.214000 0.030000
2754.561460 13.334000 0.031000
2756.560950 12.690000 0.030000
2760.570010 12.516000 0.030000
2762.566100 12.457000 0.032000
2764.550680 12.341000 0.031000
2766.608300 12.340000 0.030000
2770.602890 12.190000 0.030000
2783.506640 11.404000 0.037000
2785.510690 11.167000 0.038000
2787.510540 11.034000 0.035000
2790.542290 10.918000 0.037000
2809.536560 11.392000 0.030000
2811.535010 11.510000 0.029000
2813.533520 11.656000 0.028000
2831.482130 13.792000 0.036000
2834.465890 13.669000 0.033000
2886.905940 12.557000 0.039000
2894.904280 12.189000 0.035000
2899.891740 12.207000 0.034000
2906.890880 11.613000 0.030000
2910.888090 11.281000 0.039000
2916.844730 11.161000 0.031000
2922.828670 11.213000 0.031000
2925.870540 11.395000 0.033000
2931.848700 11.800000 0.034000
2934.838280 11.940000 0.029000
2940.799470 12.381000 0.033000
2942.844680 12.582000 0.034000
2946.782180 12.991000 0.031000
2978.806840 13.561000 0.032000
2981.773360 12.784000 0.039000
2984.782360 12.415000 0.032000
2987.773150 12.052000 0.034000
2990.775090 11.783000 0.035000
2993.770760 11.558000 0.032000
2996.748850 11.456000 0.031000
2998.808500 11.408000 0.032000
3006.731910 11.259000 0.029000
3008.757600 11.338000 0.033000
3010.770180 11.325000 0.030000
3013.701600 11.339000 0.030000
3016.765350 11.318000 0.028000
3018.770170 11.282000 0.034000
3023.759530 11.043000 0.034000
3030.757830 10.797000 0.029000
3033.658660 10.758000 0.032000
3035.707770 10.831000 0.034000
3039.824490 10.888000 0.030000
3042.728370 10.977000 0.031000
3045.622590 11.129000 0.032000
3048.673290 11.299000 0.032000
3053.702020 11.901000 0.032000
3058.591460 12.256000 0.031000
3060.656560 12.541000 0.029000
3067.730990 13.314000 0.030000
3071.750740 13.661000 0.031000
3102.683120 13.709000 0.031000
3106.688890 13.241000 0.033000
3110.703210 12.859000 0.032000
3112.701400 12.718000 0.030000
3115.513230 12.500000 0.029000
3122.552550 12.497000 0.030000
3124.583600 12.407000 0.030000
3126.603560 12.448000 0.031000
3128.625260 12.387000 0.031000
3132.646190 12.171000 0.031000
3134.652060 12.283000 0.031000
3144.529200 12.028000 0.029000
3146.579440 11.896000 0.032000
3163.505600 11.851000 0.029000
3168.527190 12.754000 0.029000
3393.811950 11.436000 0.032000
3404.727340 11.846000 0.040000
3406.773960 12.014000 0.037000
3411.673840 12.467000 0.034000
3415.740570 12.872000 0.033000
3437.563290 14.418000 0.036000
3445.618900 13.864000 0.041000
2836.470610 13.860000 0.032000
2976.807660 13.478000 0.033000
1868.816090 12.988000 0.039000
1870.750920 13.275000 0.038000
1871.859780 13.296000 0.038000
1873.755370 13.556000 0.037000
1875.743940 13.773000 0.038000
1925.705010 13.116000 0.051000
1950.645420 10.991000 0.054000
1993.566940 12.991000 0.059000
2027.512600 13.694000 0.035000
2053.471170 11.546000 0.038000
2057.497360 11.425000 0.035000
2059.505050 11.362000 0.039000
2064.505040 11.263000 0.045000
2566.830530 11.689000 0.050000
2621.850380 13.575000 0.040000
2793.468050 10.808000 0.036000
2796.469440 10.910000 0.039000
3055.770570 12.055000 0.036000
3064.776470 13.005000 0.041000
3153.579820 11.750000 0.043000
2712.598020 13.299000 0.042000
1884.756250 29.999000 0.035000
1885.824790 29.999000 0.034000
1887.720490 29.999000 0.035000
1902.746170 29.999000 0.035000
1907.753500 29.999000 0.034000
2623.793020 29.999000 0.034000
2717.770210 29.999000 0.031000
2720.610900 29.999000 0.036000
2725.652600 29.999000 0.034000
2734.580910 29.999000 0.031000
2736.551580 29.999000 0.030000
2742.731970 29.999000 0.033000
2747.666640 29.999000 0.032000
2948.847390 29.999000 0.044000
2960.800410 29.999000 0.032000
2963.809080 29.999000 0.031000
2970.817630 29.999000 0.032000
2974.765390 29.999000 0.037000
3076.609600 29.999000 0.030000
3086.652840 29.999000 0.029000
3090.665920 29.999000 0.036000
3092.658080 29.999000 0.030000
3096.644730 29.999000 0.029000
3100.688950 29.999000 0.031000
3431.770690 29.999000 0.037000
1904.760540 29.999000 0.035000
1908.745470 29.999000 0.034000
1994.595430 29.999000 0.055000
2713.709300 29.999000 0.035000
2715.683350 29.999000 0.038000
2739.671000 29.999000 0.034000
2952.796220 29.999000 0.037000
2956.789950 29.999000 0.033000
3069.734710 29.999000 0.032000
3078.607790 29.999000 0.032000
3088.663220 29.999000 0.036000
3098.659750 29.999000 0.031000
3413.721120 29.999000 0.037000
3440.594340 29.999000 0.033000
3443.632220 29.999000 0.035000
3447.623570 29.999000 0.038000
3561.463970 29.999000 0.032000
3899.499540 29.999000 0.035000
1903.769250 29.999000 0.033000
1905.752880 29.999000 0.035000
1906.748590 29.999000 0.034000
2625.785500 29.999000 0.039000
2707.832160 29.999000 0.037000
2723.662150 29.999000 0.036000
2732.722670 29.999000 0.032000
2741.626740 29.999000 0.031000
1954.622120 10.940000 0.040000
1955.609500 10.937000 0.038000
2173.852940 12.112000 0.035000
2183.858160 11.769000 0.039000
2185.812120 11.681000 0.037000
2189.849050 11.599000 0.039000
2191.815780 11.431000 0.037000
2193.821020 11.420000 0.039000
2201.822430 11.351000 0.035000
2213.806750 11.650000 0.040000
2215.781210 11.682000 0.042000
2225.735040 12.390000 0.041000
2227.756230 12.576000 0.042000
2229.742290 12.697000 0.041000
3383.738830 11.282000 0.031000
3385.820900 11.240000 0.031000
3388.649480 11.258000 0.032000
3395.767840 11.374000 0.029000
3397.795880 11.404000 0.030000
3400.626710 11.553000 0.036000
3402.841660 11.677000 0.027000
3407.653750 12.113000 0.037000
3409.678480 12.331000 0.031000
3411.699020 12.470000 0.027000
3413.737440 12.626000 0.028000
3415.755050 13.022000 0.030000
3420.555530 13.283000 0.034000
3464.671440 12.979000 0.027000
3466.670100 12.696000 0.031000
3469.663140 12.542000 0.028000
3471.678420 12.327000 0.031000
3473.687580 12.189000 0.031000
3478.581000 11.931000 0.029000
3480.603460 11.877000 0.033000
3482.613390 11.791000 0.030000
3495.559100 11.116000 0.033000
3497.616470 11.066000 0.031000
3501.475140 10.997000 0.027000
3506.569500 11.033000 0.033000
3511.466440 11.137000 0.032000
3513.489470 11.257000 0.030000
3517.491380 11.431000 0.032000
3521.493480 11.746000 0.029000
3523.519120 11.769000 0.034000
3526.509200 11.988000 0.032000
3528.516120 12.108000 0.034000
3530.517830 12.374000 0.032000
3538.510180 13.272000 0.033000
3547.461100 14.005000 0.029000
3603.928140 11.718000 0.039000
3621.903050 11.220000 0.031000
3630.872470 11.316000 0.034000
3640.855560 11.913000 0.033000
3652.842270 13.061000 0.035000
3655.848530 13.261000 0.028000
3662.833060 13.132000 0.031000
3705.816400 13.033000 0.035000
3708.766890 12.734000 0.033000
3712.790540 12.513000 0.031000
3715.736890 12.162000 0.036000
3718.735570 12.082000 0.039000
3721.735360 11.949000 0.038000
3727.703450 11.626000 0.032000
3730.768700 11.464000 0.036000
3733.770980 11.372000 0.033000
3736.728100 11.379000 0.032000
3739.679260 11.676000 0.036000
3741.760260 11.334000 0.031000
3744.690420 11.380000 0.034000
3747.669090 11.480000 0.037000
3752.725990 11.640000 0.031000
3755.636100 11.819000 0.036000
3757.698640 11.851000 0.031000
3759.746040 11.961000 0.031000
3764.789630 12.299000 0.037000
3767.649810 12.393000 0.032000
3772.605950 12.748000 0.029000
3776.749340 13.526000 0.033000
3780.773920 13.344000 0.036000
3788.612490 13.626000 0.032000
3795.581500 14.528000 0.034000
3815.707010 13.607000 0.034000
3820.554160 13.047000 0.032000
3822.621240 12.549000 0.032000
3824.641780 12.328000 0.031000
3828.666700 11.937000 0.029000
3834.670050 11.372000 0.034000
3849.614940 10.481000 0.031000
3851.617720 10.497000 0.030000
3853.627380 10.531000 0.032000
3861.539040 10.808000 0.030000
3863.543590 10.972000 0.032000
3865.557710 11.030000 0.030000
3867.604780 11.150000 0.035000
3870.484790 11.363000 0.033000
3872.509450 11.456000 0.032000
3882.504170 12.132000 0.031000
3886.507200 12.446000 0.033000
3891.477170 12.956000 0.030000
3893.529030 13.111000 0.035000
3983.915500 11.926000 0.035000
4131.705770 13.173000 0.028000
4179.677680 13.681000 0.032000
4183.737600 13.250000 0.037000
4189.627760 12.751000 0.034000
4191.649340 12.582000 0.038000
4202.561780 12.211000 0.034000
4204.659700 12.157000 0.033000
4213.557990 11.601000 0.039000
4216.606050 11.519000 0.038000
4230.602000 11.879000 0.040000
4232.602550 11.965000 0.040000
4235.475740 12.143000 0.032000
4246.530460 13.077000 0.031000
4253.505690 13.582000 0.034000
4256.524590 14.143000 0.030000
4258.529310 13.706000 0.032000
4366.859450 12.806000 0.036000
4455.728610 11.793000 0.038000
4461.703620 11.714000 0.034000
4463.815070 11.653000 0.033000
4484.811330 12.911000 0.030000
4489.701640 13.046000 0.033000
4491.720410 13.103000 0.031000
4493.744420 13.395000 0.031000
4521.705900 13.650000 0.032000
4523.728810 13.433000 0.033000
4528.590450 13.119000 0.033000
4530.653570 12.724000 0.030000
4532.721100 12.491000 0.031000
4536.566500 12.033000 0.033000
4538.634380 12.032000 0.031000
4540.638780 11.797000 0.038000
4546.678000 11.687000 0.033000
4548.674350 11.645000 0.033000
4550.736920 11.554000 0.038000
4555.589780 11.356000 0.031000
4557.605160 11.286000 0.035000
4559.651000 11.176000 0.032000
4561.681160 11.108000 0.033000
4564.533910 10.981000 0.033000
4566.559790 10.911000 0.034000
4570.579680 10.832000 0.030000
4572.585040 10.812000 0.033000
4574.609190 10.854000 0.036000
4580.601420 10.888000 0.040000
4585.472060 11.079000 0.033000
4589.604620 11.380000 0.033000
4592.521390 11.845000 0.036000
4594.572380 11.824000 0.033000
4596.570340 12.100000 0.033000
4603.531560 12.422000 0.036000
4607.533290 12.958000 0.034000
4609.578420 13.606000 0.038000
4620.494740 14.369000 0.034000
1868.796780 13.051000 0.033000
1952.611770 10.953000 0.048000
2197.819230 11.333000 0.044000
2199.819590 11.307000 0.043000
2208.792780 11.461000 0.048000
2217.764440 11.713000 0.043000
2221.786050 11.996000 0.051000
2233.705730 13.200000 0.047000
2234.808730 13.319000 0.044000
3476.578630 12.107000 0.042000
3484.654060 11.574000 0.037000
3489.544970 11.356000 0.042000
3591.929220 12.116000 0.046000
3644.860050 12.246000 0.046000
3702.759580 13.339000 0.033000
3749.787880 11.661000 0.035000
3774.697930 13.026000 0.039000
3817.715730 13.203000 0.041000
3826.656730 12.091000 0.035000
3830.702470 11.714000 0.040000
3832.691380 11.421000 0.038000
3836.686890 11.183000 0.038000
3847.563910 10.517000 0.037000
3856.534990 10.626000 0.038000
3903.474490 13.812000 0.045000
4193.681990 12.300000 0.040000
4196.709820 12.293000 0.046000
4208.628560 11.832000 0.040000
4237.541290 12.199000 0.042000
4525.784020 13.720000 0.043000
4553.564730 11.523000 0.045000
4568.586130 10.878000 0.042000
4576.622270 10.907000 0.041000
4889.624680 13.596000 0.040000
4914.527810 11.677000 0.039000
4918.691810 11.513000 0.044000
4921.551910 11.510000 0.038000
4962.546360 12.648000 0.039000
1878.702480 29.999000 0.032000
1880.816840 29.999000 0.031000
1889.770360 29.999000 0.032000
1899.726290 29.999000 0.033000
1900.722050 29.999000 0.031000
2237.820730 29.999000 0.044000
2239.808130 29.999000 0.052000
2241.716070 29.999000 0.048000
2242.804370 29.999000 0.049000
2244.714350 29.999000 0.050000
2247.763710 29.999000 0.051000
2248.789850 29.999000 0.053000
2250.779760 29.999000 0.053000
2251.768610 29.999000 0.049000
2253.755630 29.999000 0.056000
2254.750450 29.999000 0.050000
2545.829850 29.999000 0.033000
3426.642090 29.999000 0.033000
3430.651270 29.999000 0.027000
3432.650410 29.999000 0.042000
3434.645420 29.999000 0.032000
3440.628940 29.999000 0.032000
3443.678110 29.999000 0.030000
3445.665870 29.999000 0.031000
3447.665790 29.999000 0.037000
3449.676910 29.999000 0.034000
3452.573880 29.999000 0.040000
3454.641510 29.999000 0.032000
3456.635950 29.999000 0.033000
3458.619400 29.999000 0.029000
3460.621190 29.999000 0.030000
3556.456060 29.999000 0.031000
3658.843120 29.999000 0.037000
3666.815730 29.999000 0.035000
3670.803510 29.999000 0.033000
3673.835900 29.999000 0.033000
3677.799030 29.999000 0.044000
3778.760530 29.999000 0.041000
3783.810350 29.999000 0.041000
3792.740630 29.999000 0.034000
3797.631320 29.999000 0.037000
3799.698330 29.999000 0.028000
3802.581010 29.999000 0.038000
3804.649670 29.999000 0.035000
3809.656190 29.999000 0.033000
3811.660550 29.999000 0.032000
3813.679140 29.999000 0.036000
3897.507720 29.999000 0.032000
3900.489580 29.999000 0.031000
3905.493330 29.999000 0.030000
3908.463900 29.999000 0.028000
4139.766170 29.999000 0.031000
4141.813600 29.999000 0.040000
4146.652530 29.999000 0.031000
4149.730100 29.999000 0.032000
4153.810370 29.999000 0.039000
4158.605620 29.999000 0.033000
4162.628830 29.999000 0.032000
4164.643500 29.999000 0.036000
4167.597330 29.999000 0.031000
4172.647100 29.999000 0.031000
4174.660680 29.999000 0.033000
4176.691150 29.999000 0.033000
4181.693590 29.999000 0.043000
4185.711580 29.999000 0.037000
4267.495430 29.999000 0.044000
4271.467940 29.999000 0.043000
4276.469230 29.999000 0.032000
4281.463780 29.999000 0.036000
4286.455260 29.999000 0.040000
4443.770790 29.999000 0.037000
4478.681980 29.999000 0.037000
4497.654200 29.999000 0.033000
4499.748270 29.999000 0.031000
4502.665310 29.999000 0.037000
4504.730570 29.999000 0.033000
4509.639650 29.999000 0.033000
4511.710400 29.999000 0.031000
4517.684090 29.999000 0.039000
4519.688650 29.999000 0.032000
4616.525840 29.999000 0.034000
4623.491630 29.999000 0.032000
4626.484290 29.999000 0.034000
4628.499240 29.999000 0.030000
4631.507050 29.999000 0.033000
4641.457770 29.999000 0.037000
4649.466130 29.999000 0.048000
4868.780320 29.999000 0.046000
4876.733640 29.999000 0.037000
1880.857830 14.048000 0.034000
1918.718880 13.448000 0.037000
1954.642600 10.932000 0.040000
1955.636720 10.975000 0.041000
2171.893650 12.216000 0.041000
2173.877760 12.075000 0.039000
2183.878120 11.824000 0.038000
2185.850630 11.687000 0.039000
2189.885140 11.527000 0.042000
2191.845120 11.465000 0.036000
2193.843510 11.380000 0.040000
2196.830880 11.287000 0.044000
2198.823960 11.276000 0.042000
2202.814420 11.330000 0.042000
2212.789080 11.595000 0.040000
2214.781130 11.601000 0.045000
2217.793800 11.770000 0.043000
2221.808500 11.977000 0.044000
2224.782900 12.252000 0.044000
2232.777420 13.114000 0.045000
2234.753980 13.213000 0.042000
3363.759500 11.828000 0.034000
3372.785310 11.695000 0.039000
3383.760210 11.273000 0.035000
3386.675700 11.188000 0.037000
3388.732400 11.203000 0.041000
3396.661080 11.335000 0.037000
3398.730930 11.420000 0.044000
3400.737620 11.538000 0.042000
3403.732970 11.763000 0.036000
3405.736970 11.839000 0.037000
3407.832050 12.235000 0.038000
3412.672870 12.597000 0.037000
3414.682090 12.792000 0.034000
3416.678890 13.226000 0.039000
3426.685800 13.479000 0.033000
3440.670650 14.035000 0.032000
3456.665840 13.733000 0.040000
3458.651470 13.691000 0.040000
3460.654780 13.596000 0.034000
3462.661900 13.425000 0.043000
3464.694520 12.933000 0.033000
3466.702600 12.741000 0.037000
3469.676830 12.456000 0.033000
3471.687790 12.381000 0.033000
3473.700430 12.260000 0.031000
3476.596490 12.171000 0.033000
3478.586920 11.945000 0.036000
3480.609210 11.844000 0.033000
3489.548130 11.365000 0.036000
3491.564060 11.295000 0.040000
3495.562290 11.141000 0.037000
3497.619660 11.037000 0.034000
3504.607070 10.987000 0.040000
3509.500640 11.070000 0.044000
3511.619610 11.157000 0.032000
3516.483350 11.366000 0.033000
3522.517400 11.704000 0.038000
3529.507930 12.226000 0.039000
3538.513160 13.433000 0.035000
3630.897490 11.291000 0.039000
3636.880220 11.660000 0.037000
3640.890840 11.777000 0.036000
3657.850430 13.520000 0.034000
3699.779760 13.552000 0.041000
3703.764690 13.154000 0.038000
3706.828310 12.794000 0.037000
3711.852720 12.431000 0.033000
3726.744300 11.586000 0.036000
3730.752570 11.398000 0.037000
3733.790660 11.520000 0.038000
3736.751100 11.294000 0.034000
3739.707750 11.321000 0.034000
3742.700370 11.354000 0.036000
3747.758640 11.457000 0.036000
3750.681240 11.606000 0.035000
3752.801410 11.688000 0.035000
3755.683950 11.755000 0.035000
3757.731890 11.852000 0.036000
3759.789210 11.906000 0.037000
3768.640360 12.528000 0.038000
3770.709530 12.622000 0.036000
3787.645990 13.767000 0.036000
3789.703190 13.999000 0.035000
3794.619030 13.696000 0.037000
3796.647730 14.049000 0.033000
3808.654040 13.622000 0.035000
3810.657600 13.814000 0.036000
3818.718900 12.844000 0.035000
3823.578970 12.510000 0.038000
3827.650520 11.989000 0.037000
3829.726860 11.768000 0.034000
3831.696140 11.567000 0.038000
3833.691280 11.303000 0.039000
3837.718180 11.133000 0.039000
3847.567990 10.511000 0.041000
3849.618220 10.481000 0.034000
3851.620920 10.487000 0.033000
3853.631370 10.522000 0.033000
3856.538180 10.597000 0.036000
3860.649900 10.801000 0.038000
3866.626170 11.094000 0.035000
3869.534190 11.247000 0.036000
3871.536460 11.393000 0.033000
3875.538200 11.614000 0.033000
3877.570230 11.754000 0.035000
3886.468250 12.537000 0.032000
3890.510090 13.046000 0.034000
3892.526350 13.081000 0.037000
3896.526570 13.409000 0.037000
3901.504180 13.973000 0.035000
4090.756500 10.821000 0.037000
4105.712570 11.012000 0.037000
4107.771270 11.093000 0.034000
4111.772830 11.425000 0.035000
4127.655200 12.742000 0.036000
4131.745440 13.040000 0.035000
4133.762870 13.369000 0.039000
4142.612800 14.165000 0.034000
4144.666460 14.147000 0.035000
4176.792180 14.227000 0.040000
4179.735940 13.375000 0.037000
4183.770440 13.327000 0.037000
4188.558070 12.755000 0.031000
4190.546820 12.665000 0.035000
4192.556280 12.419000 0.035000
4194.608200 12.376000 0.033000
4197.592410 12.357000 0.035000
4205.543410 12.042000 0.034000
4213.561160 11.474000 0.035000
4216.609230 11.548000 0.043000
4230.608990 11.929000 0.039000
4247.581360 13.140000 0.037000
4253.482130 13.458000 0.038000
4255.580500 13.537000 0.036000
4289.478040 13.285000 0.035000
4292.475240 13.025000 0.039000
4295.463650 12.772000 0.034000
4300.458310 12.312000 0.036000
4343.916890 10.864000 0.037000
4348.911330 11.073000 0.043000
4358.901350 11.837000 0.035000
4363.883720 12.612000 0.036000
4367.888370 12.816000 0.037000
4371.876620 13.190000 0.036000
4376.872160 14.207000 0.036000
4407.848370 14.240000 0.033000
4410.837750 13.969000 0.037000
4421.834130 13.166000 0.036000
4425.839980 12.992000 0.035000
4429.772900 13.010000 0.037000
4432.797760 12.905000 0.035000
4435.814810 12.801000 0.035000
4438.797740 12.475000 0.035000
4441.797320 12.923000 0.036000
4448.732190 11.937000 0.036000
4457.743740 11.733000 0.035000
4463.724060 11.677000 0.033000
4466.723460 11.710000 0.037000
4472.785680 11.934000 0.041000
4478.763890 12.136000 0.038000
4484.822060 12.773000 0.038000
4487.665180 12.936000 0.036000
4489.732870 13.192000 0.034000
4491.771730 13.230000 0.034000
4493.807380 13.274000 0.033000
4499.799070 13.909000 0.034000
4504.827880 13.907000 0.036000
4509.725160 14.000000 0.037000
4517.716620 14.105000 0.035000
4521.755500 13.689000 0.038000
4523.790210 13.670000 0.033000
4526.598240 13.635000 0.042000
4528.661360 13.135000 0.036000
4530.741880 12.849000 0.035000
4533.606880 12.483000 0.038000
4536.667310 12.096000 0.034000
4542.669730 11.857000 0.041000
4546.703840 11.683000 0.038000
4548.715380 11.650000 0.036000
4551.646660 11.573000 0.035000
4555.693260 11.337000 0.032000
4557.739180 11.243000 0.035000
4560.568550 11.170000 0.038000
4562.616020 11.057000 0.034000
4568.690970 10.879000 0.035000
4570.680650 10.864000 0.035000
4572.618510 10.846000 0.036000
4574.630440 10.777000 0.036000
4576.651870 10.870000 0.042000
4580.621030 10.893000 0.035000
4585.475230 11.109000 0.036000
4589.607910 11.326000 0.035000
4591.638530 11.611000 0.036000
4594.527310 11.768000 0.039000
4596.533760 12.035000 0.040000
4602.581970 12.823000 0.036000
4611.548050 13.463000 0.037000
4616.501630 13.921000 0.036000
4644.507170 13.694000 0.038000
4653.468840 13.370000 0.038000
4661.458660 12.855000 0.038000
4702.925670 11.276000 0.035000
4722.899440 12.363000 0.033000
4727.903810 13.000000 0.039000
4758.859870 14.169000 0.036000
4766.835340 13.802000 0.033000
4769.845220 13.415000 0.033000
4773.808440 12.951000 0.036000
4777.794280 12.526000 0.031000
4780.836470 12.289000 0.033000
4784.790970 12.013000 0.033000
4792.781230 11.611000 0.037000
4796.818810 11.448000 0.037000
4802.792420 11.219000 0.036000
4805.785720 11.084000 0.034000
4808.781290 11.023000 0.033000
4815.775470 10.960000 0.037000
4819.774920 10.996000 0.033000
4822.754240 11.078000 0.036000
4825.747910 11.097000 0.036000
4828.735550 11.168000 0.036000
4831.724480 11.264000 0.034000
4834.715440 11.772000 0.032000
4837.703460 11.703000 0.037000
4842.789310 12.061000 0.037000
4848.684710 12.833000 0.038000
4850.750880 13.102000 0.031000
4853.711530 13.428000 0.036000
4856.714700 13.735000 0.036000
4865.679750 13.962000 0.038000
4883.609050 14.188000 0.034000
4888.634510 13.428000 0.040000
4907.702220 11.983000 0.041000
4914.562710 11.656000 0.041000
4921.555140 11.506000 0.042000
5106.889170 13.974000 0.042000
5129.837930 12.969000 0.042000
5145.810060 12.242000 0.044000
1868.805250 12.895000 0.039000
1873.748760 13.423000 0.039000
1952.639010 10.929000 0.047000
2200.829340 11.302000 0.047000
2215.856460 11.664000 0.046000
2226.764490 12.375000 0.048000
2236.753900 13.382000 0.046000
2239.761200 13.761000 0.046000
2241.741020 13.973000 0.051000
2578.820080 12.048000 0.047000
3357.769740 11.962000 0.046000
3420.657040 13.089000 0.045000
3430.698250 13.845000 0.037000
3484.659890 11.737000 0.039000
3621.911980 11.130000 0.047000
3644.892360 12.150000 0.049000
3654.840800 13.085000 0.045000
3714.773890 12.322000 0.039000
3717.774460 12.010000 0.042000
3720.762840 11.803000 0.049000
3745.694000 11.444000 0.042000
3762.691260 12.109000 0.043000
3765.650970 12.220000 0.044000
3779.732610 13.515000 0.042000
3825.609330 12.435000 0.037000
3835.680740 11.250000 0.044000
3862.588550 10.877000 0.040000
3864.614060 10.958000 0.041000
3881.530720 12.007000 0.036000
4139.839760 13.820000 0.043000
4181.749780 13.583000 0.046000
4202.705800 12.122000 0.044000
4208.660000 11.715000 0.045000
4228.607000 11.791000 0.051000
4232.605710 11.986000 0.049000
4234.607940 12.008000 0.039000
4460.741840 11.661000 0.047000
4476.704410 12.132000 0.049000
4502.700900 14.012000 0.048000
4540.762560 11.858000 0.048000
4564.693560 10.918000 0.042000
4566.680180 10.844000 0.041000
4587.597660 11.219000 0.048000
4600.550330 12.549000 0.038000
4606.586570 13.154000 0.045000
4608.588530 13.559000 0.045000
4655.472910 13.047000 0.047000
4845.757250 12.504000 0.043000
4885.790410 13.796000 0.050000
4893.615980 13.080000 0.041000
4902.651950 12.352000 0.042000
4905.650690 12.203000 0.045000
4916.619280 11.588000 0.043000
4926.525490 11.489000 0.044000
4936.611770 11.399000 0.046000
4940.699440 11.403000 0.045000
4948.617380 11.674000 0.046000
4969.592700 13.068000 0.045000
5021.477890 11.688000 0.047000
5137.820810 12.776000 0.044000
5161.821460 11.589000 0.048000
1889.815350 29.999000 0.035000
1899.746080 29.999000 0.035000
2244.750860 29.999000 0.055000
2249.727790 29.999000 0.050000
3422.676240 29.999000 0.036000
3424.684520 29.999000 0.035000
3432.694180 29.999000 0.039000
3434.687900 29.999000 0.041000
3438.563240 29.999000 0.040000
3443.727380 29.999000 0.041000
3447.717060 29.999000 0.037000
3452.600360 29.999000 0.040000
3454.670750 29.999000 0.033000
3542.479110 29.999000 0.034000
3544.529920 29.999000 0.037000
3554.479620 29.999000 0.032000
3558.469730 29.999000 0.033000
3561.459770 29.999000 0.033000
3660.859400 29.999000 0.042000
3664.831170 29.999000 0.047000
3670.813960 29.999000 0.034000
3673.846590 29.999000 0.040000
3677.818820 29.999000 0.034000
3791.840480 29.999000 0.041000
3798.707700 29.999000 0.042000
3800.688810 29.999000 0.040000
3803.619010 29.999000 0.038000
3805.642580 29.999000 0.035000
3812.661140 29.999000 0.037000
3898.556480 29.999000 0.035000
3903.527310 29.999000 0.034000
3905.527920 29.999000 0.035000
3908.475770 29.999000 0.034000
4135.822860 29.999000 0.040000
4146.709330 29.999000 0.038000
4149.800240 29.999000 0.036000
4152.583860 29.999000 0.033000
4154.643410 29.999000 0.033000
4156.653770 29.999000 0.040000
4158.666110 29.999000 0.036000
4160.685180 29.999000 0.031000
4162.688970 29.999000 0.037000
4167.654150 29.999000 0.033000
4172.696660 29.999000 0.044000
4174.709750 29.999000 0.035000
4245.577400 29.999000 0.045000
4257.566320 29.999000 0.039000
4267.498380 29.999000 0.042000
4269.529400 29.999000 0.036000
4274.469100 29.999000 0.035000
4277.505800 29.999000 0.043000
4281.508640 29.999000 0.037000
4284.495930 29.999000 0.036000
4380.857800 29.999000 0.038000
4384.850130 29.999000 0.038000
4388.870210 29.999000 0.038000
4392.838200 29.999000 0.047000
4403.825380 29.999000 0.035000
4497.691910 29.999000 0.037000
4507.632780 29.999000 0.038000
4511.800500 29.999000 0.043000
4519.741070 29.999000 0.035000
4618.549210 29.999000 0.036000
4622.548390 29.999000 0.039000
4627.514220 29.999000 0.034000
4629.522950 29.999000 0.041000
4632.533770 29.999000 0.036000
4639.509090 29.999000 0.037000
4642.498780 29.999000 0.036000
4743.873110 29.999000 0.035000
4747.851110 29.999000 0.034000
4755.837820 29.999000 0.043000
4762.823240 29.999000 0.033000
4860.657250 29.999000 0.035000
4862.743090 29.999000 0.035000
4867.838260 29.999000 0.046000
4870.662900 29.999000 0.037000
4872.715920 29.999000 0.038000
4875.700450 29.999000 0.039000
4877.725500 29.999000 0.035000
5168.787260 29.999000 0.047000
