1904.714290 14.031000 0.063000
1906.831590 14.147000 0.038000
1907.775870 14.003000 0.033000
1913.751740 13.754000 0.030000
1914.751460 13.731000 0.036000
1919.688330 13.584000 0.044000
1921.733420 13.789000 0.033000
1922.734920 13.250000 0.034000
1924.729160 13.218000 0.042000
1926.722090 13.403000 0.036000
1928.728400 13.161000 0.040000
1930.717570 13.219000 0.035000
1931.712280 13.032000 0.046000
1932.710120 12.987000 0.033000
1933.710210 12.986000 0.036000
1934.706770 12.965000 0.035000
1935.633490 12.948000 0.034000
1937.667300 12.850000 0.036000
1938.742990 13.145000 0.037000
1939.723090 12.941000 0.036000
1941.659440 12.632000 0.037000
1946.721190 12.723000 0.036000
1948.641820 12.843000 0.041000
1953.668530 12.461000 0.042000
1958.645500 12.798000 0.038000
1965.637500 12.547000 0.041000
1966.639880 12.542000 0.043000
1967.634400 12.460000 0.043000
1968.636300 12.309000 0.046000
1980.613180 12.118000 0.054000
1982.602590 12.234000 0.047000
1985.596080 12.344000 0.051000
2026.484540 12.970000 0.045000
2030.475960 13.222000 0.060000
2032.485600 13.277000 0.039000
2038.465700 13.434000 0.064000
2552.879660 12.799000 0.037000
2565.866060 12.552000 0.047000
2627.796840 13.659000 0.030000
2629.795980 13.901000 0.028000
2634.794260 13.845000 0.030000
2643.816170 14.390000 0.028000
2809.508250 14.127000 0.042000
2811.516950 14.152000 0.029000
2826.500510 13.698000 0.037000
2926.879450 13.844000 0.030000
3090.631150 14.184000 0.034000
3092.619200 14.165000 0.027000
3100.628560 13.374000 0.032000
3102.632920 13.702000 0.030000
3104.644300 13.560000 0.035000
3106.640930 13.366000 0.035000
3108.644240 13.860000 0.029000
3110.635030 13.737000 0.029000
3112.646950 13.699000 0.036000
3114.697000 13.535000 0.029000
3116.676350 13.429000 0.033000
3121.584420 13.469000 0.028000
3125.611140 13.589000 0.040000
3127.631690 13.216000 0.032000
3129.678490 12.952000 0.032000
3131.667030 13.061000 0.035000
3134.506510 13.142000 0.031000
3142.562710 12.667000 0.031000
3145.587400 12.576000 0.027000
3153.538400 12.170000 0.035000
3159.489730 11.924000 0.031000
3162.535860 11.859000 0.030000
3164.555080 11.841000 0.030000
3167.558370 11.765000 0.028000
3171.509140 11.823000 0.033000
3175.512920 11.943000 0.030000
3177.526890 11.931000 0.030000
3182.508250 12.056000 0.031000
3186.486090 12.205000 0.029000
3190.476640 12.262000 0.033000
3452.703850 12.625000 0.054000
1964.646690 12.591000 0.042000
1961.684070 12.563000 0.042000
1963.659180 12.536000 0.043000
1984.594190 12.232000 0.053000
1993.578680 12.365000 0.058000
1950.673240 12.685000 0.064000
1995.584100 12.429000 0.065000
1996.575900 12.560000 0.065000
1997.569750 12.155000 0.063000
1884.794080 29.999000 0.037000
2053.472790 29.999000 0.051000
2057.498790 29.999000 0.061000
2064.506140 29.999000 0.059000
2071.457640 29.999000 0.057000
2081.466340 29.999000 0.058000
2440.457100 29.999000 0.043000
2443.463980 29.999000 0.042000
2638.805560 29.999000 0.032000
2641.755830 29.999000 0.029000
2645.788860 29.999000 0.032000
2658.735240 29.999000 0.032000
2670.729720 29.999000 0.031000
2676.700090 29.999000 0.030000
2680.686260 29.999000 0.029000
2689.679500 29.999000 0.038000
2691.679460 29.999000 0.033000
2693.691980 29.999000 0.030000
2696.782270 29.999000 0.032000
2706.675620 29.999000 0.031000
2711.723190 29.999000 0.036000
2717.642960 29.999000 0.034000
2721.661970 29.999000 0.047000
2725.778180 29.999000 0.028000
2727.684780 29.999000 0.037000
2745.657890 29.999000 0.032000
2754.614280 29.999000 0.034000
2756.613670 29.999000 0.033000
2786.561970 29.999000 0.039000
2940.856190 29.999000 0.030000
2972.841140 29.999000 0.039000
2977.816950 29.999000 0.036000
2980.788750 29.999000 0.030000
3057.669540 29.999000 0.041000
3061.776250 29.999000 0.031000
3064.611950 29.999000 0.032000
1915.756750 29.999000 0.039000
1920.736920 29.999000 0.037000
1979.601210 29.999000 0.065000
2059.506380 29.999000 0.074000
2068.491680 29.999000 0.042000
2086.457820 29.999000 0.057000
2624.778570 29.999000 0.038000
2652.754020 29.999000 0.033000
2660.734220 29.999000 0.043000
2662.743780 29.999000 0.031000
2672.735020 29.999000 0.034000
2674.713640 29.999000 0.032000
2683.829530 29.999000 0.034000
2732.733760 29.999000 0.037000
2734.589480 29.999000 0.035000
2736.557690 29.999000 0.032000
2737.739280 29.999000 0.032000
2739.676980 29.999000 0.036000
2759.491360 29.999000 0.033000
2764.615990 29.999000 0.029000
2782.590250 29.999000 0.044000
2784.566650 29.999000 0.038000
2789.557870 29.999000 0.038000
2791.590350 29.999000 0.033000
2794.533260 29.999000 0.035000
2813.515200 29.999000 0.034000
2819.473710 29.999000 0.037000
2839.460180 29.999000 0.035000
2930.859830 29.999000 0.029000
2934.846480 29.999000 0.035000
2943.868140 29.999000 0.030000
2955.812380 29.999000 0.028000
2962.801030 29.999000 0.039000
2965.825630 29.999000 0.032000
2968.827050 29.999000 0.032000
2975.776480 29.999000 0.032000
2983.809810 29.999000 0.034000
2986.813400 29.999000 0.031000
2989.806270 29.999000 0.031000
2992.792030 29.999000 0.031000
3005.732750 29.999000 0.027000
3007.759080 29.999000 0.031000
3012.743510 29.999000 0.033000
3015.793050 29.999000 0.031000
3017.800320 29.999000 0.028000
3024.848110 29.999000 0.037000
3028.852400 29.999000 0.033000
3033.736910 29.999000 0.029000
3044.756680 29.999000 0.033000
3047.687930 29.999000 0.038000
3055.629200 29.999000 0.042000
3059.716720 29.999000 0.028000
3067.661250 29.999000 0.030000
3069.675080 29.999000 0.031000
3071.703920 29.999000 0.030000
3073.756930 29.999000 0.029000
3075.758040 29.999000 0.033000
3082.613890 29.999000 0.031000
3086.615100 29.999000 0.035000
3088.620820 29.999000 0.032000
3098.627410 29.999000 0.035000
1902.837360 29.999000 0.039000
1905.770810 29.999000 0.046000
1977.611690 29.999000 0.058000
2011.509710 29.999000 0.067000
2055.493080 29.999000 0.076000
2454.474300 29.999000 0.053000
2636.821860 29.999000 0.033000
2647.762170 29.999000 0.033000
2655.720600 29.999000 0.030000
2664.730590 29.999000 0.032000
2666.728310 29.999000 0.030000
2694.853020 29.999000 0.032000
2698.818240 29.999000 0.033000
2700.802560 29.999000 0.028000
2713.673410 29.999000 0.030000
2714.772040 29.999000 0.033000
2722.777250 29.999000 0.031000
2741.632640 29.999000 0.036000
2743.626230 29.999000 0.034000
2751.659130 29.999000 0.035000
2760.675110 29.999000 0.034000
2766.629680 29.999000 0.030000
2804.509330 29.999000 0.032000
2995.776700 29.999000 0.029000
3009.812360 29.999000 0.034000
3031.698620 29.999000 0.030000
3035.804230 29.999000 0.034000
3039.823320 29.999000 0.031000
3042.723700 29.999000 0.030000
3050.661270 29.999000 0.039000
3052.802500 29.999000 0.031000
3077.810400 29.999000 0.031000
3096.612380 29.999000 0.029000
4090.794180 12.879000 0.036000
4111.868750 13.992000 0.060000
4126.781000 14.702000 0.056000
4278.494240 14.018000 0.038000
4291.496080 13.776000 0.042000
4294.458790 13.861000 0.055000
4299.459690 13.962000 0.037000
4409.855780 13.812000 0.037000
4589.579810 14.243000 0.037000
4593.669380 14.137000 0.037000
4595.631750 13.935000 0.035000
4597.569490 14.118000 0.048000
4599.595660 13.804000 0.035000
4601.604080 13.725000 0.036000
4607.640760 13.455000 0.062000
4610.536110 13.660000 0.052000
4620.568300 13.089000 0.038000
4626.518710 12.806000 0.041000
4630.556070 12.576000 0.054000
4633.517200 12.404000 0.059000
4641.507410 12.259000 0.047000
4643.510560 12.210000 0.060000
4645.517750 12.312000 0.061000
4653.499200 12.350000 0.037000
4655.491650 12.281000 0.055000
4661.470780 12.190000 0.058000
4665.468440 12.339000 0.049000
4876.717210 13.839000 0.063000
4879.716300 13.578000 0.063000
4884.743480 13.390000 0.047000
4918.570420 12.584000 0.039000
3386.740700 14.819000 0.071000
4651.488270 12.248000 0.076000
4882.651220 13.700000 0.072000
4892.639630 13.115000 0.072000
4904.684360 13.058000 0.059000
4906.730590 12.977000 0.075000
4920.648210 12.349000 0.072000
4926.751800 12.140000 0.075000
4931.538890 12.140000 0.066000
4933.591650 12.332000 0.051000
4937.663050 12.015000 0.075000
4947.643350 12.041000 0.057000
4949.649990 12.099000 0.045000
4952.583690 11.917000 0.054000
4954.584040 11.964000 0.081000
4960.636270 12.043000 0.057000
4966.558060 12.188000 0.048000
4968.600440 12.319000 0.043000
4972.565660 12.377000 0.044000
4985.564320 12.752000 0.071000
4988.520080 12.824000 0.067000
2212.868210 29.999000 0.046000
2622.759400 29.999000 0.030000
2655.808830 29.999000 0.028000
2695.696940 29.999000 0.043000
2976.793160 29.999000 0.026000
3356.838210 29.999000 0.086000
3365.813730 29.999000 0.044000
3391.730060 29.999000 0.067000
4106.807320 29.999000 0.052000
4128.804010 29.999000 0.048000
4131.703070 29.999000 0.055000
4133.757010 29.999000 0.062000
4135.792200 29.999000 0.042000
4137.764110 29.999000 0.072000
4139.796050 29.999000 0.051000
4141.829070 29.999000 0.038000
4144.677470 29.999000 0.052000
4146.717670 29.999000 0.084000
4149.812700 29.999000 0.041000
4152.657910 29.999000 0.043000
4156.700260 29.999000 0.084000
4158.725020 29.999000 0.098000
4160.710840 29.999000 0.069000
4162.719450 29.999000 0.084000
4164.744080 29.999000 0.095000
4167.692290 29.999000 0.088000
4172.744830 29.999000 0.036000
4174.784180 29.999000 0.044000
4177.713150 29.999000 0.066000
4180.628600 29.999000 0.061000
4182.661230 29.999000 0.070000
4184.659250 29.999000 0.062000
4190.679140 29.999000 0.049000
4192.690030 29.999000 0.037000
4194.731370 29.999000 0.045000
4197.723630 29.999000 0.062000
4200.631740 29.999000 0.046000
4203.640290 29.999000 0.072000
4205.641210 29.999000 0.048000
4208.711670 29.999000 0.050000
4215.666820 29.999000 0.045000
4227.639180 29.999000 0.039000
4229.644800 29.999000 0.046000
4233.651910 29.999000 0.034000
4235.649330 29.999000 0.043000
4268.538730 29.999000 0.054000
4271.491660 29.999000 0.040000
4283.499810 29.999000 0.059000
4301.466070 29.999000 0.059000
4423.825510 29.999000 0.038000
4428.828380 29.999000 0.038000
4432.812240 29.999000 0.035000
4435.837950 29.999000 0.050000
4439.809280 29.999000 0.040000
4443.809800 29.999000 0.037000
4454.836770 29.999000 0.040000
4457.814560 29.999000 0.035000
4460.802890 29.999000 0.037000
4463.803660 29.999000 0.036000
4466.815730 29.999000 0.053000
4469.789130 29.999000 0.044000
4473.786610 29.999000 0.066000
4477.777920 29.999000 0.069000
4484.757900 29.999000 0.070000
4486.785070 29.999000 0.061000
4489.730880 29.999000 0.047000
4491.832770 29.999000 0.058000
4494.705150 29.999000 0.064000
4497.819180 29.999000 0.050000
4500.699600 29.999000 0.055000
4502.859190 29.999000 0.055000
4505.686590 29.999000 0.054000
4510.668630 29.999000 0.059000
4512.716240 29.999000 0.064000
4516.658070 29.999000 0.036000
4518.733570 29.999000 0.034000
4520.784430 29.999000 0.068000
4522.840300 29.999000 0.042000
4525.637930 29.999000 0.060000
4527.677830 29.999000 0.051000
4529.725330 29.999000 0.045000
4531.766040 29.999000 0.077000
4535.629210 29.999000 0.038000
4537.675920 29.999000 0.048000
4539.673990 29.999000 0.064000
4541.672990 29.999000 0.043000
4543.674720 29.999000 0.054000
4547.729730 29.999000 0.051000
4550.614090 29.999000 0.052000
4552.702250 29.999000 0.048000
4554.731280 29.999000 0.054000
4559.577970 29.999000 0.032000
4561.639550 29.999000 0.062000
4563.667530 29.999000 0.045000
4565.724090 29.999000 0.057000
4568.543160 29.999000 0.085000
4570.560320 29.999000 0.042000
4572.579320 29.999000 0.033000
4574.603460 29.999000 0.043000
4576.618220 29.999000 0.048000
4580.600810 29.999000 0.051000
4591.621030 29.999000 0.039000
4770.850190 29.999000 0.036000
4774.849920 29.999000 0.041000
4778.835410 29.999000 0.052000
4786.846920 29.999000 0.054000
4794.811150 29.999000 0.037000
4798.832510 29.999000 0.037000
4802.805410 29.999000 0.041000
4806.801540 29.999000 0.036000
4810.806760 29.999000 0.046000
4814.783240 29.999000 0.053000
4818.821650 29.999000 0.057000
4821.825260 29.999000 0.049000
4824.817610 29.999000 0.050000
4827.803750 29.999000 0.036000
4830.793740 29.999000 0.053000
4833.785240 29.999000 0.052000
4836.768100 29.999000 0.066000
4839.766100 29.999000 0.062000
4842.757880 29.999000 0.065000
4845.806710 29.999000 0.040000
4848.747220 29.999000 0.038000
4850.845410 29.999000 0.077000
4860.731440 29.999000 0.055000
4862.815260 29.999000 0.065000
4865.733660 29.999000 0.068000
4868.705140 29.999000 0.048000
4870.780810 29.999000 0.077000
5010.526330 29.999000 0.044000
5024.476370 29.999000 0.062000
5146.829100 29.999000 0.042000
5159.842800 29.999000 0.072000
5164.826570 29.999000 0.070000
5168.820620 29.999000 0.049000
1902.801140 14.626000 0.044000
1905.780320 14.161000 0.046000
1907.714800 14.221000 0.041000
1908.821980 13.754000 0.045000
1914.754230 13.725000 0.047000
1922.737710 13.378000 0.042000
1924.725270 13.281000 0.044000
1926.727120 13.275000 0.044000
1933.713000 12.934000 0.042000
1936.685800 12.921000 0.040000
1939.679480 12.876000 0.041000
1965.642530 12.670000 0.041000
2032.490090 13.246000 0.060000
2237.797330 13.503000 0.055000
2558.882610 12.539000 0.043000
2622.734060 13.441000 0.036000
2627.806570 13.714000 0.036000
3168.558520 11.761000 0.035000
3400.758580 13.831000 0.050000
3403.755000 13.797000 0.057000
3424.770670 13.527000 0.071000
3430.781220 13.361000 0.052000
3440.706170 12.962000 0.038000
3443.802140 12.842000 0.048000
3458.750530 12.600000 0.052000
3463.571100 12.617000 0.040000
3470.624120 12.551000 0.052000
3472.615800 12.610000 0.063000
3476.698870 12.707000 0.048000
3496.621200 13.365000 0.045000
3501.628170 13.394000 0.059000
3509.588660 13.949000 0.045000
3521.520630 14.189000 0.044000
3699.849740 13.442000 0.047000
3707.789460 13.171000 0.058000
3722.801370 12.923000 0.044000
3735.773660 12.708000 0.068000
3755.777780 12.001000 0.054000
3760.779790 11.987000 0.069000
3766.686590 11.886000 0.040000
3771.676420 11.978000 0.061000
3799.736810 12.858000 0.056000
3811.704680 13.401000 0.060000
4408.849390 13.659000 0.049000
4593.562840 14.171000 0.062000
4631.520690 12.626000 0.051000
4654.483470 12.112000 0.049000
1915.777870 13.814000 0.046000
1919.698170 13.461000 0.047000
1920.744250 13.600000 0.047000
1932.712900 13.016000 0.042000
1934.711810 12.979000 0.039000
1937.741040 12.941000 0.043000
1941.666890 12.885000 0.039000
1948.648500 12.723000 0.047000
1954.672140 12.701000 0.055000
1962.587040 12.457000 0.047000
1963.649570 12.687000 0.049000
1968.630030 12.596000 0.047000
1982.609770 12.207000 0.048000
2026.489070 12.975000 0.050000
2030.480750 13.155000 0.055000
2053.476970 14.244000 0.056000
2233.785990 13.631000 0.052000
2629.791920 13.793000 0.038000
2634.797040 13.764000 0.036000
2639.755910 14.258000 0.042000
2642.757520 14.414000 0.035000
3134.649380 13.170000 0.035000
3412.800420 13.753000 0.065000
3416.761910 14.038000 0.062000
3432.783310 13.230000 0.068000
3456.752890 12.645000 0.064000
3468.598950 12.487000 0.070000
3499.609110 13.263000 0.064000
3512.600920 13.619000 0.050000
3523.537290 14.117000 0.043000
3525.565250 14.371000 0.043000
3528.492930 14.293000 0.055000
3671.859100 14.227000 0.044000
3675.849400 14.280000 0.047000
3703.793930 13.346000 0.044000
3713.786140 12.987000 0.045000
3716.826480 12.931000 0.069000
3719.814310 12.901000 0.045000
3725.795000 12.741000 0.040000
3741.750110 12.534000 0.052000
3744.741130 12.481000 0.045000
3747.731030 12.375000 0.048000
3758.701110 11.910000 0.069000
3768.784540 11.875000 0.058000
3795.738950 12.581000 0.046000
4103.776840 13.628000 0.072000
4281.491850 13.971000 0.044000
4295.458820 14.225000 0.043000
4299.456740 13.711000 0.056000
4386.873880 13.016000 0.046000
4601.596790 13.721000 0.045000
4607.571240 14.006000 0.043000
4610.503760 13.807000 0.044000
4620.565150 13.067000 0.046000
4623.556390 12.959000 0.059000
4626.515490 12.821000 0.050000
4641.504300 12.278000 0.044000
4646.475380 12.161000 0.068000
4867.748920 14.180000 0.047000
4883.626820 13.531000 0.049000
1979.594860 12.289000 0.055000
1984.601340 12.202000 0.054000
2011.514280 12.295000 0.066000
2014.532130 12.654000 0.070000
2016.528560 12.621000 0.070000
2018.526760 12.688000 0.075000
2226.826700 13.932000 0.058000
2235.797520 13.591000 0.058000
2242.778490 13.354000 0.057000
2251.850430 13.062000 0.069000
2255.763780 12.789000 0.061000
2260.791890 12.671000 0.068000
2562.860670 12.413000 0.064000
3461.527840 12.770000 0.106000
3478.682800 12.673000 0.086000
3490.586310 13.034000 0.094000
3517.523880 13.995000 0.079000
3728.798020 12.790000 0.083000
3732.754660 12.743000 0.075000
3783.791910 12.300000 0.075000
3788.686440 12.421000 0.083000
3806.682720 13.514000 0.083000
3817.764760 13.619000 0.078000
4089.804970 12.872000 0.092000
4886.673250 13.478000 0.056000
4891.655580 13.349000 0.058000
4894.697000 13.404000 0.049000
4904.680640 13.028000 0.076000
4909.662340 12.906000 0.084000
4918.567490 12.557000 0.049000
4920.645170 13.026000 0.073000
4945.674250 12.006000 0.050000
4966.554860 12.094000 0.058000
4991.535830 13.109000 0.053000
1949.689470 12.563000 0.060000
1950.669280 12.679000 0.063000
1952.666420 12.545000 0.058000
1981.624560 12.263000 0.057000
1994.525770 12.270000 0.052000
1995.575250 12.256000 0.060000
1996.578360 12.298000 0.062000
1997.579100 12.289000 0.064000
1998.578430 12.325000 0.061000
2000.573020 12.574000 0.070000
2248.744360 13.037000 0.062000
2250.766360 13.091000 0.062000
2253.763400 12.979000 0.066000
2257.747130 12.851000 0.067000
2264.734940 12.521000 0.074000
2552.881690 12.814000 0.077000
3410.727090 14.159000 0.087000
3418.782850 13.678000 0.099000
3422.800630 13.646000 0.074000
3450.605430 12.749000 0.086000
3454.747190 12.537000 0.078000
3465.602180 12.468000 0.093000
3504.511200 13.596000 0.093000
3763.696420 11.836000 0.065000
3773.764660 11.847000 0.064000
3776.653430 11.869000 0.083000
3778.700790 12.200000 0.089000
3780.747110 12.138000 0.080000
3790.809310 12.499000 0.084000
3793.639600 12.671000 0.074000
3797.692330 12.832000 0.082000
3802.615570 13.077000 0.055000
4643.507460 12.232000 0.069000
4649.473360 12.122000 0.071000
4652.469260 12.207000 0.069000
4662.462750 12.293000 0.074000
4877.749320 13.535000 0.076000
4906.726910 12.954000 0.078000
4938.584210 11.973000 0.088000
4952.664170 11.960000 0.052000
4968.597140 12.201000 0.048000
4985.556180 12.705000 0.067000
1870.802690 29.999000 0.073000
1874.791110 29.999000 0.087000
1878.782450 29.999000 0.054000
1880.782220 29.999000 0.056000
1888.756320 29.999000 0.055000
1899.781870 29.999000 0.043000
1900.841270 29.999000 0.044000
1930.722600 29.999000 0.041000
1946.707800 29.999000 0.040000
1977.616680 29.999000 0.055000
2057.502940 29.999000 0.058000
2064.517590 29.999000 0.068000
2199.866750 29.999000 0.062000
2201.864570 29.999000 0.058000
2206.837730 29.999000 0.053000
2224.855750 29.999000 0.062000
2228.816760 29.999000 0.056000
2244.786220 29.999000 0.065000
2456.448780 29.999000 0.048000
2636.838620 29.999000 0.042000
2646.768850 29.999000 0.034000
2649.762600 29.999000 0.034000
2651.716580 29.999000 0.043000
2660.739380 29.999000 0.059000
2666.733410 29.999000 0.038000
2672.742420 29.999000 0.050000
2674.732490 29.999000 0.048000
2676.712050 29.999000 0.045000
2678.693860 29.999000 0.040000
2680.691420 29.999000 0.037000
2689.684560 29.999000 0.036000
2691.686790 29.999000 0.045000
2693.699330 29.999000 0.035000
2697.677450 29.999000 0.038000
2703.666560 29.999000 0.034000
2705.658850 29.999000 0.044000
2707.657280 29.999000 0.034000
2710.619580 29.999000 0.036000
2714.780160 29.999000 0.035000
2717.647840 29.999000 0.035000
2728.652260 29.999000 0.035000
2730.648180 29.999000 0.036000
2743.621820 29.999000 0.043000
2750.654180 29.999000 0.045000
2752.610990 29.999000 0.038000
2756.670340 29.999000 0.034000
2759.498150 29.999000 0.044000
2776.541770 29.999000 0.049000
2783.557880 29.999000 0.039000
2820.485010 29.999000 0.039000
2835.467110 29.999000 0.037000
2940.865680 29.999000 0.036000
2962.816550 29.999000 0.039000
2968.837240 29.999000 0.042000
2973.813340 29.999000 0.037000
2997.785450 29.999000 0.037000
3005.738330 29.999000 0.040000
3007.764480 29.999000 0.035000
3009.807800 29.999000 0.034000
3054.697420 29.999000 0.036000
3061.619140 29.999000 0.046000
3085.669430 29.999000 0.036000
3087.672020 29.999000 0.038000
3128.620430 29.999000 0.035000
3130.643270 29.999000 0.036000
3132.643630 29.999000 0.034000
3144.546880 29.999000 0.035000
3269.888770 29.999000 0.060000
3269.891460 29.999000 0.061000
3269.896840 29.999000 0.058000
3269.899520 29.999000 0.060000
3355.835820 29.999000 0.074000
3358.810740 29.999000 0.059000
3385.724540 29.999000 0.052000
3387.780490 29.999000 0.051000
3390.713380 29.999000 0.053000
3408.659260 29.999000 0.040000
3414.753120 29.999000 0.042000
3426.750920 29.999000 0.094000
3560.465110 29.999000 0.051000
3655.876790 29.999000 0.039000
3815.762150 29.999000 0.067000
3822.651070 29.999000 0.090000
3824.655140 29.999000 0.036000
3826.675910 29.999000 0.047000
3830.723430 29.999000 0.058000
3848.674050 29.999000 0.056000
3850.690050 29.999000 0.071000
3862.530270 29.999000 0.085000
3864.559050 29.999000 0.077000
3872.602590 29.999000 0.042000
3876.589830 29.999000 0.043000
3882.565790 29.999000 0.068000
3886.574370 29.999000 0.065000
3897.470280 29.999000 0.053000
3906.532550 29.999000 0.053000
4106.753870 29.999000 0.042000
4109.810290 29.999000 0.049000
4128.754070 29.999000 0.054000
4141.793850 29.999000 0.091000
4151.828800 29.999000 0.042000
4160.690190 29.999000 0.048000
4177.703860 29.999000 0.060000
4422.853150 29.999000 0.042000
4431.810060 29.999000 0.044000
4757.873570 29.999000 0.070000
4761.865890 29.999000 0.043000
1868.853210 29.999000 0.061000
1872.798230 29.999000 0.058000
1886.768600 29.999000 0.042000
1921.736200 29.999000 0.043000
1931.719610 29.999000 0.039000
1953.673570 29.999000 0.044000
1964.649390 29.999000 0.045000
2068.495740 29.999000 0.052000
2081.484700 29.999000 0.060000
2184.882320 29.999000 0.063000
2190.880550 29.999000 0.059000
2192.877170 29.999000 0.057000
2194.870920 29.999000 0.055000
2197.859260 29.999000 0.071000
2214.837950 29.999000 0.054000
2216.830240 29.999000 0.058000
2221.856200 29.999000 0.065000
2230.815640 29.999000 0.056000
2440.461140 29.999000 0.044000
2443.468010 29.999000 0.044000
2624.788240 29.999000 0.039000
2644.782130 29.999000 0.038000
2655.778480 29.999000 0.037000
2658.742670 29.999000 0.037000
2662.739840 29.999000 0.042000
2664.738060 29.999000 0.044000
2670.748620 29.999000 0.055000
2721.666820 29.999000 0.040000
2739.665340 29.999000 0.045000
2745.653460 29.999000 0.041000
2761.516580 29.999000 0.041000
2763.512410 29.999000 0.037000
2770.591000 29.999000 0.038000
2796.479300 29.999000 0.041000
2927.863540 29.999000 0.036000
2935.857290 29.999000 0.038000
2944.826730 29.999000 0.041000
2955.824820 29.999000 0.037000
2958.853410 29.999000 0.035000
2965.835730 29.999000 0.036000
2979.788010 29.999000 0.037000
2985.824810 29.999000 0.037000
2988.808120 29.999000 0.037000
2991.796890 29.999000 0.045000
2994.798710 29.999000 0.034000
3001.779200 29.999000 0.038000
3012.751400 29.999000 0.049000
3025.676480 29.999000 0.041000
3034.696830 29.999000 0.037000
3046.657060 29.999000 0.036000
3052.664840 29.999000 0.047000
3066.696770 29.999000 0.033000
3068.650970 29.999000 0.035000
3076.755570 29.999000 0.037000
3081.571280 29.999000 0.041000
3091.683390 29.999000 0.038000
3185.487590 29.999000 0.042000
3269.894150 29.999000 0.058000
3396.692660 29.999000 0.085000
3420.774580 29.999000 0.076000
3480.669780 29.999000 0.086000
3530.490330 29.999000 0.045000
3539.529810 29.999000 0.079000
3547.502540 29.999000 0.074000
3556.474780 29.999000 0.051000
3563.461300 29.999000 0.045000
3809.695710 29.999000 0.073000
3820.567600 29.999000 0.070000
3828.690710 29.999000 0.064000
3832.709640 29.999000 0.057000
3836.700010 29.999000 0.040000
3853.496950 29.999000 0.039000
3860.534040 29.999000 0.061000
3866.574010 29.999000 0.073000
3868.599040 29.999000 0.047000
3870.597370 29.999000 0.071000
3890.571220 29.999000 0.061000
3899.539420 29.999000 0.052000
3902.473450 29.999000 0.042000
3904.512640 29.999000 0.051000
4126.698370 29.999000 0.053000
4133.677690 29.999000 0.063000
4135.726330 29.999000 0.086000
4137.725070 29.999000 0.089000
4139.758650 29.999000 0.044000
4144.656570 29.999000 0.067000
4146.702170 29.999000 0.106000
4149.791200 29.999000 0.052000
4154.629540 29.999000 0.067000
4156.668280 29.999000 0.075000
4158.671930 29.999000 0.078000
4162.693940 29.999000 0.048000
4164.721180 29.999000 0.098000
4167.669970 29.999000 0.067000
4172.715500 29.999000 0.071000
4174.729390 29.999000 0.066000
4180.607260 29.999000 0.047000
4182.639100 29.999000 0.052000
4184.635540 29.999000 0.078000
4190.676170 29.999000 0.056000
4192.687040 29.999000 0.056000
4194.728410 29.999000 0.053000
4197.720610 29.999000 0.046000
4200.628690 29.999000 0.057000
4203.636460 29.999000 0.061000
4205.638120 29.999000 0.065000
4208.707790 29.999000 0.066000
4215.663690 29.999000 0.044000
4227.629490 29.999000 0.055000
4229.634340 29.999000 0.053000
4231.647320 29.999000 0.060000
4234.494540 29.999000 0.059000
4238.553790 29.999000 0.047000
4247.524360 29.999000 0.055000
4250.531400 29.999000 0.050000
4257.514670 29.999000 0.062000
4259.531010 29.999000 0.052000
4268.535630 29.999000 0.050000
4276.515730 29.999000 0.048000
4286.486130 29.999000 0.060000
4427.842310 29.999000 0.044000
4437.844480 29.999000 0.065000
4441.788800 29.999000 0.070000
4452.805390 29.999000 0.067000
4455.828310 29.999000 0.042000
4458.800050 29.999000 0.066000
4461.783260 29.999000 0.046000
4464.769560 29.999000 0.060000
4467.765420 29.999000 0.068000
4470.755130 29.999000 0.044000
4473.850000 29.999000 0.056000
4477.746780 29.999000 0.045000
4484.735530 29.999000 0.066000
4486.769450 29.999000 0.051000
4489.700650 29.999000 0.044000
4491.763430 29.999000 0.050000
4493.793340 29.999000 0.048000
4497.709980 29.999000 0.038000
4499.824560 29.999000 0.075000
4502.722680 29.999000 0.056000
4505.666980 29.999000 0.058000
4507.713620 29.999000 0.055000
4512.648060 29.999000 0.052000
4515.802020 29.999000 0.073000
4518.626050 29.999000 0.042000
4520.676310 29.999000 0.066000
4522.669510 29.999000 0.059000
4524.689630 29.999000 0.064000
4526.725540 29.999000 0.052000
4528.800650 29.999000 0.055000
4531.634650 29.999000 0.046000
4535.599750 29.999000 0.059000
4539.645730 29.999000 0.061000
4541.648980 29.999000 0.050000
4543.660280 29.999000 0.055000
4545.687380 29.999000 0.071000
4547.712450 29.999000 0.063000
4550.600040 29.999000 0.064000
4552.688840 29.999000 0.074000
4554.719380 29.999000 0.059000
4559.567350 29.999000 0.043000
4561.629720 29.999000 0.063000
4563.658350 29.999000 0.068000
4565.711130 29.999000 0.067000
4567.699910 29.999000 0.046000
4569.696690 29.999000 0.045000
4571.694820 29.999000 0.044000
4573.692560 29.999000 0.068000
4576.532560 29.999000 0.051000
4579.691510 29.999000 0.056000
4582.692730 29.999000 0.057000
4586.546300 29.999000 0.041000
4588.621010 29.999000 0.063000
4595.540830 29.999000 0.050000
4597.544350 29.999000 0.047000
4599.579940 29.999000 0.056000
4765.854290 29.999000 0.046000
4769.841100 29.999000 0.045000
4773.833430 29.999000 0.046000
4777.844770 29.999000 0.058000
4784.820990 29.999000 0.043000
4792.811830 29.999000 0.046000
4796.846200 29.999000 0.050000
4800.798970 29.999000 0.046000
4804.828460 29.999000 0.050000
4807.836990 29.999000 0.051000
4813.798730 29.999000 0.065000
4816.809500 29.999000 0.064000
4820.764820 29.999000 0.070000
4823.790460 29.999000 0.055000
4826.785590 29.999000 0.049000
4829.764800 29.999000 0.056000
4835.746180 29.999000 0.067000
4838.744260 29.999000 0.042000
4843.737340 29.999000 0.066000
4846.763730 29.999000 0.044000
4849.723230 29.999000 0.038000
4852.710230 29.999000 0.054000
4855.752880 29.999000 0.071000
4858.699830 29.999000 0.042000
4861.752930 29.999000 0.044000
4870.674130 29.999000 0.045000
4872.726780 29.999000 0.051000
4875.723810 29.999000 0.054000
5013.492680 29.999000 0.062000
5021.470710 29.999000 0.064000
5147.853280 29.999000 0.048000
5163.841160 29.999000 0.055000
5167.835750 29.999000 0.052000
