2156.688000 11.641000 0.039000
2164.697240 12.058000 0.040000
2167.672220 12.074000 0.035000
2168.693060 12.128000 0.037000
2170.741540 12.271000 0.039000
2171.682510 12.329000 0.038000
2173.670110 12.360000 0.036000
2174.670770 12.402000 0.036000
2175.662200 12.415000 0.036000
2177.640610 12.493000 0.041000
2178.649820 12.568000 0.041000
2183.614250 12.775000 0.037000
2184.634170 12.634000 0.040000
2185.642590 12.736000 0.039000
2186.677660 12.957000 0.042000
2188.669160 12.911000 0.041000
2190.611000 13.039000 0.040000
2192.639330 13.042000 0.036000
2193.642650 13.148000 0.039000
2195.629170 13.221000 0.042000
2196.637250 13.331000 0.040000
2197.636920 13.116000 0.040000
2198.633470 13.202000 0.037000
2199.625140 13.392000 0.045000
2201.620630 13.365000 0.040000
2202.628170 13.363000 0.041000
2203.613180 13.334000 0.044000
2204.611090 13.445000 0.040000
2206.600940 13.405000 0.044000
2207.601970 13.628000 0.039000
2212.624100 13.953000 0.040000
2213.623820 13.783000 0.039000
2214.603380 13.492000 0.041000
2216.601270 13.542000 0.041000
2217.594190 13.538000 0.039000
2219.574050 13.663000 0.042000
2221.581710 13.578000 0.042000
2222.586430 13.741000 0.036000
2224.576960 13.892000 0.041000
2225.588120 13.920000 0.039000
2226.579860 13.743000 0.039000
2227.578220 13.653000 0.040000
2229.549310 13.885000 0.037000
2232.565320 14.105000 0.037000
2233.570470 13.810000 0.042000
2234.553080 14.096000 0.038000
2235.552760 14.160000 0.041000
2236.547010 13.876000 0.044000
2241.540200 13.955000 0.042000
2252.575610 14.111000 0.043000
3363.616790 13.441000 0.033000
3386.562730 13.729000 0.035000
3391.572010 13.715000 0.036000
4630.865320 10.566000 0.042000
2040.934410 13.401000 0.043000
2243.563420 13.993000 0.043000
2250.581800 14.409000 0.043000
2254.571610 14.134000 0.044000
2256.565830 14.267000 0.049000
3367.603130 13.492000 0.042000
2230.574980 29.999000 0.038000
2239.536140 29.999000 0.041000
2248.525360 29.999000 0.041000
4594.925260 29.999000 0.038000
2628.542200 12.584000 0.038000
2783.871320 13.388000 0.037000
2947.818380 9.754000 0.036000
2224.543080 29.999000 0.042000
2226.551460 29.999000 0.038000
2228.552730 29.999000 0.037000
2230.533190 29.999000 0.037000
2233.532870 29.999000 0.039000
2235.526610 29.999000 0.040000
2237.538710 29.999000 0.041000
2242.557810 29.999000 0.042000
2225.583120 13.575000 0.043000
2227.582130 13.519000 0.037000
1868.563360 10.445000 0.038000
1869.554640 10.510000 0.032000
1873.557430 10.694000 0.033000
1875.545010 10.816000 0.035000
1877.557210 10.881000 0.031000
1879.539970 11.025000 0.034000
1881.540780 11.131000 0.034000
1885.526570 11.296000 0.035000
1887.558350 11.407000 0.035000
1889.570140 11.444000 0.034000
1900.577570 11.969000 0.035000
1903.592050 12.037000 0.034000
1906.538470 12.233000 0.034000
1908.583340 12.219000 0.037000
1914.579720 12.456000 0.036000
1919.591600 12.524000 0.043000
1922.554000 12.696000 0.036000
1929.544750 12.860000 0.036000
1933.530210 12.874000 0.040000
2033.920800 13.525000 0.037000
2052.931630 13.243000 0.040000
2058.907980 12.959000 0.039000
2069.843730 12.150000 0.041000
2080.844140 10.674000 0.037000
2082.895390 10.460000 0.040000
2085.899150 10.273000 0.040000
2087.851620 10.155000 0.041000
2088.863640 10.102000 0.037000
2094.826050 9.999000 0.040000
2103.758000 9.977000 0.039000
2104.839450 10.015000 0.041000
2105.839780 10.054000 0.040000
2106.843140 10.064000 0.039000
2113.858240 10.139000 0.038000
2115.760610 10.207000 0.038000
2116.803050 10.180000 0.040000
2117.792800 10.183000 0.039000
2128.710840 10.476000 0.037000
2129.734810 10.560000 0.037000
2130.754510 10.603000 0.040000
2131.767110 10.594000 0.039000
2132.769660 10.637000 0.039000
2133.769550 10.720000 0.036000
2134.774170 10.710000 0.038000
2136.757220 10.829000 0.039000
2143.740680 11.151000 0.042000
2144.743110 11.180000 0.041000
2164.709040 11.954000 0.041000
2168.690300 12.112000 0.039000
2169.701930 12.116000 0.039000
2171.691180 12.212000 0.039000
2178.661900 12.643000 0.041000
2183.601990 12.943000 0.041000
2184.635800 12.708000 0.041000
2185.646510 12.958000 0.038000
2188.673060 13.147000 0.036000
2191.648600 12.942000 0.039000
2192.643180 12.886000 0.036000
2193.648820 12.901000 0.040000
2194.633230 12.859000 0.040000
2196.643360 12.904000 0.040000
2197.643020 13.161000 0.041000
2198.630640 13.040000 0.039000
2201.610960 12.989000 0.038000
2203.617050 13.098000 0.040000
2204.614980 13.350000 0.043000
2215.607270 13.048000 0.042000
2444.845500 11.057000 0.037000
2446.838170 11.121000 0.044000
2452.833370 11.476000 0.041000
2453.777040 11.487000 0.041000
2467.847780 12.018000 0.035000
2468.883580 12.080000 0.039000
2470.819460 12.110000 0.040000
2471.902830 12.178000 0.040000
2489.769900 12.823000 0.041000
2496.773140 13.081000 0.036000
2498.760490 13.068000 0.036000
2499.772950 12.950000 0.037000
2552.792490 14.263000 0.038000
2622.625330 12.800000 0.038000
2624.664450 12.806000 0.036000
2627.673700 12.711000 0.039000
2629.675490 12.477000 0.034000
2634.668410 12.227000 0.033000
2637.549410 12.080000 0.034000
2639.561700 11.893000 0.032000
2641.568960 11.807000 0.032000
2643.564530 11.587000 0.034000
2645.550580 11.487000 0.033000
2647.548260 11.296000 0.040000
2652.572430 11.039000 0.035000
2654.582640 10.943000 0.033000
2658.556610 10.659000 0.035000
2662.560800 10.400000 0.034000
2664.556870 10.296000 0.034000
2666.554250 10.240000 0.035000
2668.559960 10.190000 0.033000
2670.557730 10.136000 0.034000
2672.560730 10.084000 0.033000
2676.544300 10.033000 0.033000
2678.541190 10.036000 0.036000
2681.533040 10.026000 0.033000
2684.525720 10.031000 0.034000
2690.514750 10.088000 0.036000
2693.509810 10.114000 0.035000
2754.922050 12.440000 0.035000
2758.923850 12.533000 0.036000
2763.911810 12.691000 0.040000
2765.924660 12.898000 0.038000
2776.919400 13.145000 0.033000
2786.885340 13.453000 0.036000
2876.761930 13.885000 0.036000
2879.740350 13.728000 0.039000
2886.795890 13.554000 0.038000
2896.704420 13.288000 0.040000
2898.708000 13.249000 0.040000
2903.775000 13.114000 0.037000
2905.750950 12.844000 0.035000
2908.698400 12.935000 0.040000
2912.705040 12.875000 0.044000
2915.674520 12.412000 0.038000
2918.692770 12.245000 0.034000
2921.729330 11.981000 0.036000
2923.718830 11.735000 0.040000
2926.722460 11.440000 0.038000
2928.719440 11.228000 0.039000
2930.711920 11.033000 0.034000
2932.700740 10.934000 0.038000
2934.695460 10.774000 0.042000
2936.699160 10.611000 0.042000
2940.584410 10.259000 0.041000
2943.589970 10.053000 0.040000
2944.734600 9.959000 0.042000
2946.613720 9.843000 0.034000
2949.706520 9.703000 0.036000
2955.771100 9.497000 0.035000
2957.768500 9.513000 0.037000
2964.572020 9.525000 0.034000
2968.602000 9.577000 0.035000
2976.637700 9.685000 0.036000
2978.653720 9.726000 0.036000
2982.677620 9.836000 0.039000
2984.677260 9.896000 0.035000
2986.699280 9.968000 0.035000
2989.628440 10.055000 0.032000
2991.647230 10.120000 0.036000
2996.596920 10.306000 0.034000
2998.605720 10.387000 0.033000
3001.575320 10.608000 0.035000
3005.594540 10.699000 0.035000
3007.606370 10.796000 0.033000
3010.606370 10.913000 0.039000
3015.611950 11.103000 0.035000
3017.622100 11.205000 0.035000
3019.615190 11.338000 0.037000
3029.532650 11.773000 0.035000
3034.569330 11.903000 0.037000
3043.545610 12.066000 0.035000
3053.518470 12.638000 0.037000
3057.510150 12.645000 0.037000
3179.878290 12.328000 0.033000
3187.848290 12.017000 0.034000
3191.843220 11.780000 0.044000
3279.635180 10.257000 0.042000
3356.692380 13.119000 0.032000
3383.548320 14.159000 0.037000
3385.557950 13.817000 0.034000
3394.568140 13.677000 0.035000
3397.558280 13.732000 0.033000
3400.551280 13.861000 0.031000
3404.541360 13.797000 0.034000
3410.527750 13.774000 0.041000
3420.522680 13.602000 0.034000
3511.912700 9.132000 0.038000
3525.888680 8.580000 0.038000
3529.885670 8.551000 0.035000
3544.872630 8.914000 0.033000
3552.868420 9.402000 0.042000
3556.844230 9.656000 0.033000
3563.851600 10.147000 0.036000
3569.904220 10.516000 0.037000
3572.851430 10.675000 0.037000
3575.828120 10.833000 0.036000
3577.889360 10.965000 0.035000
3581.891640 11.173000 0.033000
3584.805510 11.289000 0.044000
3587.797110 11.439000 0.037000
3590.792640 11.593000 0.040000
3597.809480 11.866000 0.034000
3601.720300 12.281000 0.039000
3603.815830 12.167000 0.035000
3617.766860 12.647000 0.045000
3622.766400 12.756000 0.035000
3625.780010 12.906000 0.037000
3628.754450 12.949000 0.036000
3630.751530 12.841000 0.043000
3632.773870 13.179000 0.039000
3638.717700 13.616000 0.038000
3640.823360 13.708000 0.037000
3643.655120 13.723000 0.038000
3646.702640 13.488000 0.038000
3651.682310 13.811000 0.036000
3653.709870 13.800000 0.040000
3655.650510 14.318000 0.036000
3659.708060 14.123000 0.037000
3664.589400 14.128000 0.035000
3666.653090 14.562000 0.034000
3680.577690 14.337000 0.034000
3704.643390 14.640000 0.035000
3725.642490 15.131000 0.038000
3731.592430 13.759000 0.038000
3734.627260 14.659000 0.035000
3737.619920 13.454000 0.034000
3739.638160 13.622000 0.035000
3742.606970 13.448000 0.034000
3745.609260 13.347000 0.037000
3748.600420 13.555000 0.035000
3757.569610 13.110000 0.036000
3760.563690 13.204000 0.036000
3763.560010 12.873000 0.036000
3766.545140 12.742000 0.034000
3769.534570 12.792000 0.036000
3772.542510 12.397000 0.037000
3776.530230 12.232000 0.036000
3789.514400 10.593000 0.038000
3862.928180 11.674000 0.035000
3870.894840 12.106000 0.035000
3874.929020 12.309000 0.040000
3883.928320 12.699000 0.041000
3892.874200 13.193000 0.039000
3898.897630 13.519000 0.036000
3902.875330 13.214000 0.038000
3905.900520 13.325000 0.033000
4091.572440 9.423000 0.035000
4107.564170 9.829000 0.033000
4125.581370 10.610000 0.041000
4127.586640 10.713000 0.041000
4133.548710 11.021000 0.035000
4136.538530 11.101000 0.034000
4145.521610 12.145000 0.034000
4231.920290 14.298000 0.034000
4273.867320 13.973000 0.043000
4285.869110 13.884000 0.045000
4303.921420 13.143000 0.042000
4305.881950 12.826000 0.036000
4307.832110 12.826000 0.034000
4309.819320 12.610000 0.036000
4316.761600 12.218000 0.034000
4319.861470 12.124000 0.037000
4329.827390 11.173000 0.040000
4333.777700 10.734000 0.034000
4350.711850 9.639000 0.040000
4353.702850 9.446000 0.034000
4355.756690 9.379000 0.031000
4358.695140 9.268000 0.043000
4363.722090 9.244000 0.035000
4365.712120 9.266000 0.036000
4367.784690 9.261000 0.038000
4369.755820 9.271000 0.039000
4371.773060 9.273000 0.038000
4373.804310 9.278000 0.041000
4376.792910 9.346000 0.039000
4379.641570 9.406000 0.035000
4381.690510 9.447000 0.039000
4383.779350 9.459000 0.037000
4385.727590 9.517000 0.034000
4387.791770 9.556000 0.038000
4393.682570 9.722000 0.037000
4399.642730 9.913000 0.037000
4402.640190 10.034000 0.039000
4404.732810 10.095000 0.035000
4408.601910 10.226000 0.038000
4413.757830 10.477000 0.042000
4420.575330 10.762000 0.038000
4422.641870 10.844000 0.035000
4425.771120 11.007000 0.037000
4428.577260 11.097000 0.040000
4430.637160 11.177000 0.037000
4432.688200 11.331000 0.035000
4437.589340 11.595000 0.032000
4442.657320 11.785000 0.037000
4458.613050 12.250000 0.039000
4461.602540 12.454000 0.036000
4463.651190 12.548000 0.035000
4473.599360 12.844000 0.043000
4476.595500 12.935000 0.037000
4479.572220 13.144000 0.035000
4488.567960 13.621000 0.036000
4490.595500 13.321000 0.036000
4493.564610 13.633000 0.036000
4596.921390 12.554000 0.035000
4600.922440 12.360000 0.038000
4610.900770 11.943000 0.040000
4622.928300 11.116000 0.041000
4632.889210 10.476000 0.043000
4639.892060 10.075000 0.041000
4643.863380 9.785000 0.042000
4649.920100 9.562000 0.039000
4661.889850 9.350000 0.040000
4664.795380 9.315000 0.040000
4666.859740 9.338000 0.036000
4672.898620 9.388000 0.037000
4675.874260 9.434000 0.036000
4679.776750 9.503000 0.037000
4682.789860 9.602000 0.038000
4684.842610 9.616000 0.038000
4686.805150 9.683000 0.037000
4690.785000 9.832000 0.035000
4693.801290 9.938000 0.041000
4696.872150 10.059000 0.037000
4698.869040 10.152000 0.042000
4703.832780 10.380000 0.035000
4715.769520 10.966000 0.042000
4721.657910 11.243000 0.035000
4724.727890 11.476000 0.041000
4726.793640 11.493000 0.040000
4729.733560 11.713000 0.039000
4736.671200 12.094000 0.037000
4740.637940 12.265000 0.036000
4747.683370 12.489000 0.040000
4750.626760 12.697000 0.040000
4754.729440 13.003000 0.036000
4757.597430 12.978000 0.039000
4759.670930 13.128000 0.035000
4761.761000 13.112000 0.036000
4764.623820 13.097000 0.036000
4766.731940 13.247000 0.045000
4769.611810 13.319000 0.042000
4771.661370 13.488000 0.040000
4773.689240 13.601000 0.039000
4775.732900 13.559000 0.042000
4777.698260 13.467000 0.040000
4785.582540 13.841000 0.035000
4803.682020 14.319000 0.036000
4827.610600 14.915000 0.041000
4881.519600 13.624000 0.038000
4985.924140 11.410000 0.039000
5041.765330 13.050000 0.040000
2054.899960 13.125000 0.042000
2056.888170 13.131000 0.040000
2067.845840 12.364000 0.043000
2093.891940 9.980000 0.041000
2095.797240 9.981000 0.045000
2135.761470 10.833000 0.044000
2243.547190 12.984000 0.043000
2465.846170 12.016000 0.049000
2482.714970 12.434000 0.042000
2893.636460 13.171000 0.049000
2910.734700 12.719000 0.048000
2966.591780 9.570000 0.044000
3413.522330 13.551000 0.045000
3560.824200 9.940000 0.046000
3595.808400 11.709000 0.045000
3657.673600 13.741000 0.046000
3751.615070 13.718000 0.040000
3754.587730 13.354000 0.039000
3853.925580 11.189000 0.043000
3866.907240 11.937000 0.042000
4298.847680 13.481000 0.042000
4455.644160 12.250000 0.046000
4646.918560 9.632000 0.043000
4732.827780 11.894000 0.045000
4779.711540 13.748000 0.046000
4796.614220 13.622000 0.049000
4855.588290 13.580000 0.045000
4859.556500 13.682000 0.045000
5024.861250 12.602000 0.043000
5159.717500 12.579000 0.043000
2202.620780 29.999000 0.041000
2206.609290 29.999000 0.042000
2219.580190 29.999000 0.047000
2252.573030 29.999000 0.042000
2473.841870 29.999000 0.043000
2490.783520 29.999000 0.039000
2495.721320 29.999000 0.040000
2520.687050 29.999000 0.038000
2545.755700 29.999000 0.037000
2554.623450 29.999000 0.046000
2556.676750 29.999000 0.041000
2560.666410 29.999000 0.039000
2561.659610 29.999000 0.033000
2563.670100 29.999000 0.041000
2566.704610 29.999000 0.044000
2578.662260 29.999000 0.042000
2809.838130 29.999000 0.034000
2851.869560 29.999000 0.035000
2859.776960 29.999000 0.036000
2883.733690 29.999000 0.034000
2885.694130 29.999000 0.038000
3416.527820 29.999000 0.034000
3706.719650 29.999000 0.035000
3711.544410 29.999000 0.032000
3713.562130 29.999000 0.036000
4268.933330 29.999000 0.040000
4289.936540 29.999000 0.041000
4592.924390 29.999000 0.040000
2207.610350 29.999000 0.044000
2213.567360 29.999000 0.041000
2214.600560 29.999000 0.040000
2216.602920 29.999000 0.040000
2221.585670 29.999000 0.044000
2228.580350 29.999000 0.039000
2229.574060 29.999000 0.043000
2232.544350 29.999000 0.039000
2233.572190 29.999000 0.041000
2234.554820 29.999000 0.039000
2250.569860 29.999000 0.046000
2254.566760 29.999000 0.044000
2502.764760 29.999000 0.036000
2559.672350 29.999000 0.036000
2562.658330 29.999000 0.033000
2564.669300 29.999000 0.040000
2813.885000 29.999000 0.048000
2829.928240 29.999000 0.036000
2831.860750 29.999000 0.036000
2836.893400 29.999000 0.043000
2844.858600 29.999000 0.035000
2854.756770 29.999000 0.034000
2861.764450 29.999000 0.040000
3661.736930 29.999000 0.035000
3669.728650 29.999000 0.034000
3671.830420 29.999000 0.037000
3674.618030 29.999000 0.036000
3676.636720 29.999000 0.034000
3699.606240 29.999000 0.038000
3701.698960 29.999000 0.043000
3717.636440 29.999000 0.042000
3720.618230 29.999000 0.036000
3722.685220 29.999000 0.039000
3779.526350 29.999000 0.036000
4503.546420 29.999000 0.039000
4506.542870 29.999000 0.038000
4516.512640 29.999000 0.039000
4798.749710 29.999000 0.037000
4801.604640 29.999000 0.035000
4806.569600 29.999000 0.037000
4808.597970 29.999000 0.035000
4810.614800 29.999000 0.036000
4813.615320 29.999000 0.041000
4815.680550 29.999000 0.040000
4819.574650 29.999000 0.039000
4830.607050 29.999000 0.040000
4833.596640 29.999000 0.040000
4838.581240 29.999000 0.044000
4843.596010 29.999000 0.043000
4852.582850 29.999000 0.042000
2217.602560 29.999000 0.038000
2222.592600 29.999000 0.039000
2224.578630 29.999000 0.045000
2226.583770 29.999000 0.038000
2235.554490 29.999000 0.041000
2236.553210 29.999000 0.042000
2239.544930 29.999000 0.043000
2241.541970 29.999000 0.043000
2486.782440 29.999000 0.043000
2544.717290 29.999000 0.038000
2565.692070 29.999000 0.039000
2841.830800 29.999000 0.039000
2871.908390 29.999000 0.039000
5088.748770 29.999000 0.042000
5097.741880 29.999000 0.044000
5099.725080 29.999000 0.040000
5104.680620 29.999000 0.041000
5111.634450 29.999000 0.039000
5116.790350 29.999000 0.043000
2226.533910 13.948000 0.039000
2228.546520 13.821000 0.040000
2230.531460 13.682000 0.040000
2233.528820 13.843000 0.039000
2235.524830 14.211000 0.039000
2242.556010 13.585000 0.041000
2240.544400 14.179000 0.048000
2224.541400 29.999000 0.044000
2237.534680 29.999000 0.042000
