2212.854380 14.109000 0.055000
2463.513860 12.223000 0.061000
2947.845480 13.993000 0.045000
2976.789550 13.852000 0.051000
3116.569850 13.768000 0.036000
3365.824610 13.826000 0.049000
3385.760050 13.879000 0.051000
3387.808990 14.027000 0.048000
3393.793490 14.222000 0.047000
4104.753310 12.821000 0.046000
4107.774440 12.763000 0.039000
4111.848260 12.440000 0.057000
4128.840940 12.577000 0.039000
4133.771960 12.540000 0.053000
4137.787710 12.572000 0.051000
4409.847860 14.139000 0.048000
4435.797540 14.234000 0.043000
4765.865840 14.029000 0.042000
4773.850180 14.359000 0.043000
4784.848240 14.283000 0.045000
4792.828480 13.883000 0.048000
4833.787440 14.140000 0.053000
3374.849200 14.010000 0.049000
2695.713900 29.999000 0.035000
2728.674910 29.999000 0.040000
4431.833810 29.999000 0.043000
4454.824640 29.999000 0.045000
4463.811600 29.999000 0.041000
4761.868120 29.999000 0.045000
4808.835430 29.999000 0.045000
4813.819190 29.999000 0.053000
4816.824980 29.999000 0.052000
4820.786630 29.999000 0.057000
4839.777680 29.999000 0.045000
4842.766320 29.999000 0.051000
5140.856380 29.999000 0.054000
5148.855690 29.999000 0.048000
5168.813310 29.999000 0.052000
1868.836380 14.232000 0.066000
1886.755700 14.034000 0.056000
1899.791560 14.369000 0.051000
1902.733210 14.011000 0.053000
1904.703830 13.937000 0.070000
1905.771840 14.062000 0.057000
1906.837630 14.020000 0.047000
1907.776890 14.133000 0.053000
1913.752710 14.095000 0.046000
1914.754640 13.958000 0.051000
1920.740130 13.768000 0.050000
1921.755270 13.785000 0.048000
1924.730070 14.051000 0.053000
1928.729280 13.979000 0.051000
1930.718430 13.935000 0.050000
1949.689880 13.972000 0.066000
1981.627770 13.276000 0.058000
2053.464430 13.083000 0.070000
2057.480810 13.081000 0.062000
2081.451470 13.462000 0.068000
2085.461350 13.469000 0.056000
2088.467850 13.651000 0.052000
2197.850030 14.065000 0.062000
2226.807430 13.608000 0.056000
2464.479840 12.231000 0.062000
2468.455690 12.329000 0.059000
2545.890240 13.871000 0.048000
2565.861710 14.049000 0.058000
2624.779780 14.009000 0.046000
2629.829910 13.751000 0.040000
2646.769290 13.784000 0.041000
2664.747470 13.728000 0.036000
2672.747340 13.931000 0.038000
2691.689640 13.788000 0.043000
2699.666450 14.217000 0.043000
2707.651120 13.996000 0.040000
2711.794570 13.838000 0.041000
2727.698170 14.196000 0.047000
2737.753540 14.081000 0.041000
2739.685760 14.145000 0.045000
2751.563900 14.203000 0.043000
2754.564570 14.072000 0.044000
2764.553540 13.998000 0.045000
2766.611130 14.145000 0.044000
2770.605600 13.910000 0.044000
2776.530940 13.998000 0.044000
2785.541480 14.078000 0.041000
2786.627840 14.038000 0.046000
2792.511950 13.862000 0.042000
2813.553860 14.061000 0.047000
2820.477570 13.784000 0.044000
2912.887490 13.648000 0.045000
2930.864890 13.579000 0.042000
2940.849120 13.866000 0.040000
2943.851830 13.710000 0.042000
2949.850370 13.946000 0.040000
3041.725270 14.054000 0.038000
3049.685710 13.726000 0.039000
3066.690440 13.808000 0.036000
3081.567580 14.104000 0.037000
3089.649080 13.876000 0.042000
3091.643610 13.637000 0.042000
3097.628960 13.913000 0.041000
3105.686540 14.044000 0.038000
3109.691400 13.979000 0.038000
3114.536130 13.820000 0.043000
3121.666360 13.749000 0.037000
3132.605080 13.852000 0.038000
3142.629800 14.269000 0.040000
3154.527420 14.059000 0.040000
3165.484490 14.056000 0.041000
3171.551860 13.996000 0.038000
3182.527300 14.075000 0.042000
3333.847000 13.432000 0.049000
3355.808780 13.738000 0.062000
3358.806350 13.918000 0.069000
3387.781250 14.233000 0.047000
3398.754120 13.922000 0.050000
3408.654950 14.236000 0.053000
3430.774510 13.996000 0.055000
3432.773430 14.277000 0.056000
3440.697230 13.845000 0.038000
3443.769410 14.005000 0.048000
3452.622630 14.007000 0.069000
3454.695750 13.945000 0.053000
3460.691850 14.003000 0.056000
3467.723930 13.874000 0.049000
3472.545330 14.088000 0.064000
3474.595000 13.946000 0.047000
3478.648880 14.125000 0.052000
3497.679880 14.127000 0.047000
3503.529770 14.022000 0.055000
3529.523920 14.031000 0.074000
3554.512520 14.010000 0.048000
3558.494320 14.081000 0.059000
3562.504960 13.959000 0.054000
3564.499260 14.209000 0.051000
3671.831790 13.260000 0.050000
3716.809740 12.228000 0.052000
3722.795590 12.363000 0.060000
3726.756380 12.503000 0.071000
3733.810610 12.582000 0.047000
3751.736400 13.142000 0.064000
3759.693810 13.144000 0.056000
3764.698070 13.412000 0.052000
3772.726140 13.462000 0.051000
3790.792550 13.768000 0.051000
3799.737980 13.786000 0.050000
3806.683940 13.591000 0.065000
3809.697000 13.856000 0.054000
3818.551810 13.945000 0.066000
3822.675360 14.047000 0.057000
3826.763670 13.874000 0.063000
3829.550120 13.901000 0.052000
3831.566740 13.658000 0.056000
3850.670640 14.137000 0.064000
3861.638430 13.894000 0.061000
3863.621100 13.897000 0.045000
3865.637880 14.169000 0.058000
3872.516670 14.046000 0.057000
3881.593470 13.871000 0.069000
3886.573130 13.982000 0.045000
3890.570010 13.851000 0.045000
3907.549590 14.104000 0.047000
4089.798300 13.378000 0.075000
4174.733600 13.148000 0.062000
4184.549960 13.278000 0.053000
4187.793440 13.222000 0.050000
4189.761950 13.181000 0.049000
4193.698940 13.718000 0.066000
4202.522840 13.725000 0.053000
4207.670170 14.005000 0.061000
4213.710210 13.846000 0.063000
4231.618380 14.053000 0.069000
4235.618400 13.813000 0.071000
4258.572850 13.631000 0.052000
4285.512810 13.827000 0.049000
4289.512290 13.587000 0.053000
4299.469500 13.950000 0.052000
4437.813500 13.788000 0.048000
4466.765300 14.002000 0.059000
4479.729260 13.875000 0.052000
4482.769570 13.564000 0.051000
4490.754140 14.379000 0.050000
4501.678180 14.415000 0.052000
4508.740440 14.328000 0.048000
4518.757990 13.514000 0.041000
4527.686330 13.245000 0.048000
4529.731800 13.099000 0.047000
4531.774610 13.178000 0.053000
4603.615840 13.087000 0.046000
4607.617820 13.661000 0.051000
4610.533930 13.334000 0.060000
4628.537930 13.604000 0.070000
4630.554350 13.823000 0.059000
4633.515560 13.640000 0.073000
4645.515660 13.860000 0.050000
4655.483100 13.643000 0.057000
4674.467280 13.788000 0.059000
4756.860550 14.015000 0.050000
4768.839380 13.810000 0.048000
4776.825050 14.210000 0.050000
4780.820010 14.178000 0.051000
4807.810710 14.009000 0.047000
4831.771390 14.041000 0.047000
4834.758150 14.020000 0.047000
4843.746000 13.811000 0.048000
4883.635270 13.873000 0.048000
1950.674220 13.952000 0.050000
3124.515950 14.119000 0.037000
4653.478770 13.653000 0.051000
4792.802280 14.252000 0.048000
1959.662910 13.755000 0.053000
1985.608290 13.376000 0.061000
2025.487330 12.694000 0.052000
2030.499690 12.658000 0.077000
2032.512930 12.741000 0.069000
2059.489070 13.129000 0.065000
2064.485850 13.179000 0.063000
2068.474120 13.163000 0.064000
2070.495210 13.283000 0.060000
2442.465090 12.079000 0.049000
2445.475980 12.107000 0.064000
2454.454810 12.183000 0.050000
2835.492350 13.091000 0.045000
2838.486300 13.222000 0.047000
2842.473190 13.218000 0.054000
3675.823540 13.081000 0.050000
3705.805880 12.207000 0.075000
3713.769670 12.198000 0.050000
3719.809410 12.302000 0.051000
3736.776610 12.772000 0.057000
3739.758340 12.795000 0.050000
3745.733690 12.888000 0.066000
3748.724730 12.926000 0.073000
3754.718310 13.106000 0.057000
3761.811740 13.176000 0.054000
3770.665660 13.487000 0.067000
3783.654400 13.467000 0.060000
4103.766290 12.734000 0.064000
4106.748800 12.751000 0.045000
4109.806000 12.585000 0.070000
4126.757830 12.502000 0.062000
4128.789840 12.547000 0.053000
4131.684330 12.553000 0.051000
4135.757920 12.489000 0.049000
4137.754470 12.595000 0.052000
4141.822110 12.735000 0.050000
4144.658010 12.768000 0.051000
4146.703610 12.709000 0.056000
4149.791920 12.765000 0.056000
4151.829550 12.661000 0.044000
4156.679300 12.737000 0.056000
4158.714290 12.910000 0.057000
4160.700900 12.849000 0.056000
4162.708770 12.879000 0.062000
4167.671830 12.955000 0.056000
4172.719650 13.131000 0.073000
4176.808470 13.166000 0.072000
4181.769060 13.326000 0.068000
4191.682150 13.533000 0.047000
4535.614350 12.803000 0.047000
4537.662420 12.584000 0.047000
4539.660430 12.408000 0.052000
4541.664930 12.353000 0.047000
4543.666630 12.292000 0.052000
4545.692940 12.239000 0.054000
4547.721830 12.280000 0.076000
4550.602500 12.195000 0.052000
4552.690500 12.257000 0.045000
4554.721120 12.269000 0.050000
4559.570060 12.308000 0.052000
4561.631650 12.288000 0.052000
4563.660440 12.479000 0.049000
4565.713230 12.416000 0.046000
4567.702140 12.443000 0.048000
4569.698970 12.522000 0.047000
4571.697210 12.496000 0.043000
4573.694870 12.659000 0.050000
4575.707130 12.699000 0.059000
4579.686580 12.754000 0.051000
4582.687050 12.781000 0.061000
4586.538860 12.755000 0.045000
4588.615170 12.877000 0.046000
4590.622240 12.879000 0.055000
4592.638020 13.088000 0.048000
4594.653760 13.071000 0.051000
4596.657380 13.202000 0.046000
4599.516430 13.243000 0.072000
4623.555280 13.374000 0.065000
1870.789990 13.848000 0.080000
1872.785480 13.934000 0.072000
1994.541290 12.830000 0.066000
3412.793210 13.768000 0.082000
3788.679370 13.678000 0.083000
3793.641600 13.798000 0.073000
4154.624680 12.739000 0.083000
4179.742500 13.436000 0.079000
4391.851800 13.007000 0.061000
4888.768910 13.941000 0.075000
4967.654760 13.514000 0.060000
5146.856160 13.468000 0.058000
2027.496120 12.701000 0.069000
3701.819980 12.246000 0.067000
3730.791510 12.462000 0.077000
4985.539230 13.041000 0.068000
1888.745660 29.999000 0.070000
1929.720800 29.999000 0.055000
1937.742180 29.999000 0.050000
1938.753620 29.999000 0.048000
1939.742840 29.999000 0.048000
1945.721310 29.999000 0.049000
1946.723750 29.999000 0.048000
1953.669520 29.999000 0.051000
1967.642350 29.999000 0.054000
1979.602520 29.999000 0.063000
1980.623570 29.999000 0.061000
1984.604670 29.999000 0.060000
2211.865280 29.999000 0.052000
2213.814580 29.999000 0.055000
2221.842100 29.999000 0.058000
2230.798620 29.999000 0.059000
2233.768850 29.999000 0.057000
2235.782960 29.999000 0.063000
2237.777540 29.999000 0.059000
2248.724210 29.999000 0.061000
2561.853020 29.999000 0.044000
2634.797620 29.999000 0.040000
2636.839180 29.999000 0.040000
2639.747100 29.999000 0.042000
2658.749920 29.999000 0.037000
2660.739730 29.999000 0.045000
2670.755890 29.999000 0.039000
2674.735150 29.999000 0.037000
2678.703380 29.999000 0.038000
2680.703190 29.999000 0.041000
2693.702200 29.999000 0.046000
2697.615540 29.999000 0.041000
2701.664500 29.999000 0.045000
2703.660390 29.999000 0.041000
2705.652710 29.999000 0.043000
2710.629850 29.999000 0.041000
2722.789820 29.999000 0.044000
2734.556560 29.999000 0.038000
2736.566400 29.999000 0.040000
2742.742500 29.999000 0.043000
2744.634100 29.999000 0.039000
2762.569030 29.999000 0.048000
2804.566110 29.999000 0.046000
2809.563770 29.999000 0.046000
2918.881040 29.999000 0.047000
2933.873780 29.999000 0.039000
2957.835020 29.999000 0.041000
2977.803950 29.999000 0.042000
2983.806250 29.999000 0.041000
3009.818560 29.999000 0.039000
3012.747090 29.999000 0.046000
3017.801390 29.999000 0.038000
3024.862200 29.999000 0.042000
3036.765340 29.999000 0.037000
3052.667930 29.999000 0.039000
3055.793210 29.999000 0.038000
3056.735800 29.999000 0.042000
3061.615020 29.999000 0.049000
3063.672200 29.999000 0.046000
3074.728860 29.999000 0.042000
3078.793120 29.999000 0.040000
3101.705090 29.999000 0.038000
3128.592130 29.999000 0.038000
3130.609390 29.999000 0.040000
3134.616350 29.999000 0.040000
3159.596430 29.999000 0.043000
3162.610450 29.999000 0.043000
3189.481000 29.999000 0.042000
3396.696490 29.999000 0.054000
3403.755550 29.999000 0.049000
3416.754960 29.999000 0.052000
3445.751950 29.999000 0.051000
3456.705930 29.999000 0.047000
3482.651410 29.999000 0.061000
3489.642160 29.999000 0.075000
3501.485920 29.999000 0.049000
3506.579550 29.999000 0.045000
3509.620170 29.999000 0.051000
3539.528870 29.999000 0.069000
3657.864800 29.999000 0.049000
3795.739930 29.999000 0.048000
3811.723660 29.999000 0.074000
3815.797350 29.999000 0.048000
3824.737710 29.999000 0.050000
3833.581180 29.999000 0.045000
3875.649070 29.999000 0.051000
3896.577830 29.999000 0.048000
3899.507570 29.999000 0.058000
3903.559180 29.999000 0.045000
4164.733560 29.999000 0.049000
4204.636830 29.999000 0.053000
4216.697570 29.999000 0.059000
4227.603360 29.999000 0.047000
4233.620180 29.999000 0.056000
4277.542420 29.999000 0.046000
4283.497910 29.999000 0.047000
4292.488430 29.999000 0.053000
4383.870560 29.999000 0.045000
4472.805870 29.999000 0.056000
4488.704080 29.999000 0.059000
4498.769970 29.999000 0.048000
4511.634720 29.999000 0.048000
4523.617160 29.999000 0.048000
4525.667130 29.999000 0.047000
4620.560340 29.999000 0.053000
4626.514420 29.999000 0.057000
4667.481310 29.999000 0.050000
4760.861780 29.999000 0.056000
4772.829280 29.999000 0.053000
4872.721650 29.999000 0.050000
1880.764680 29.999000 0.067000
1884.786330 29.999000 0.056000
1889.840690 29.999000 0.062000
1915.780580 29.999000 0.049000
1922.738050 29.999000 0.051000
1932.724460 29.999000 0.047000
1933.715620 29.999000 0.052000
1936.680860 29.999000 0.049000
1941.661950 29.999000 0.050000
1952.666860 29.999000 0.062000
1954.677570 29.999000 0.052000
1965.649990 29.999000 0.050000
1968.642060 29.999000 0.056000
1977.619810 29.999000 0.060000
2095.466400 29.999000 0.069000
2192.866350 29.999000 0.059000
2194.864610 29.999000 0.059000
2199.859570 29.999000 0.066000
2206.819490 29.999000 0.057000
2215.825470 29.999000 0.055000
2217.820900 29.999000 0.058000
2224.841590 29.999000 0.055000
2240.755310 29.999000 0.062000
2242.763750 29.999000 0.063000
2244.768800 29.999000 0.065000
2251.756220 29.999000 0.065000
2552.887140 29.999000 0.043000
2622.725810 29.999000 0.041000
2627.802750 29.999000 0.041000
2644.796570 29.999000 0.045000
2649.772200 29.999000 0.041000
2655.790450 29.999000 0.043000
2662.751580 29.999000 0.041000
2666.747460 29.999000 0.037000
2676.721550 29.999000 0.037000
2684.657030 29.999000 0.040000
2689.687380 29.999000 0.046000
2714.789110 29.999000 0.042000
2717.653630 29.999000 0.043000
2731.793860 29.999000 0.044000
2783.539770 29.999000 0.043000
2790.476000 29.999000 0.043000
2923.849410 29.999000 0.039000
2927.843090 29.999000 0.040000
2961.814530 29.999000 0.040000
2975.755640 29.999000 0.040000
2986.809860 29.999000 0.043000
2992.793360 29.999000 0.038000
3005.728970 29.999000 0.039000
3015.796800 29.999000 0.040000
3020.861010 29.999000 0.045000
3020.863340 29.999000 0.045000
3020.865720 29.999000 0.047000
3020.868090 29.999000 0.045000
3031.818820 29.999000 0.041000
3034.684750 29.999000 0.040000
3046.660370 29.999000 0.039000
3068.654920 29.999000 0.043000
3070.682880 29.999000 0.039000
3072.761360 29.999000 0.040000
3076.756890 29.999000 0.040000
3085.626720 29.999000 0.039000
3087.627250 29.999000 0.041000
3112.507060 29.999000 0.043000
3126.562470 29.999000 0.041000
3145.638770 29.999000 0.037000
3156.611110 29.999000 0.042000
3168.502280 29.999000 0.036000
3177.566290 29.999000 0.037000
3185.539410 29.999000 0.039000
3405.777520 29.999000 0.070000
3410.718560 29.999000 0.054000
3414.743450 29.999000 0.049000
3420.767710 29.999000 0.046000
3424.760210 29.999000 0.070000
3447.775860 29.999000 0.050000
3462.710530 29.999000 0.069000
3480.643920 29.999000 0.060000
3484.688540 29.999000 0.068000
3512.609650 29.999000 0.052000
3516.610880 29.999000 0.056000
3522.598660 29.999000 0.066000
3560.518170 29.999000 0.046000
3661.865060 29.999000 0.051000
3775.654140 29.999000 0.070000
3797.694270 29.999000 0.059000
3802.617610 29.999000 0.081000
3804.682550 29.999000 0.057000
3813.739740 29.999000 0.058000
3820.597940 29.999000 0.060000
3835.593570 29.999000 0.045000
3837.634150 29.999000 0.049000
3852.680960 29.999000 0.070000
3859.670690 29.999000 0.065000
3870.488780 29.999000 0.049000
3901.537900 29.999000 0.055000
3905.548770 29.999000 0.051000
4253.598990 29.999000 0.046000
4256.549350 29.999000 0.048000
1878.772170 29.999000 0.064000
1931.713160 29.999000 0.054000
1934.707640 29.999000 0.049000
1948.643580 29.999000 0.055000
1955.669060 29.999000 0.051000
1958.648750 29.999000 0.052000
1963.645680 29.999000 0.053000
1964.652320 29.999000 0.050000
1966.650070 29.999000 0.051000
1982.613040 29.999000 0.057000
2190.860460 29.999000 0.057000
2201.853000 29.999000 0.058000
2228.799770 29.999000 0.057000
2556.874780 29.999000 0.064000
2558.867000 29.999000 0.049000
2642.753460 29.999000 0.040000
2651.719280 29.999000 0.041000
2694.872470 29.999000 0.043000
2713.686350 29.999000 0.039000
2721.672720 29.999000 0.051000
2725.794630 29.999000 0.043000
2747.694210 29.999000 0.045000
2756.564010 29.999000 0.039000
2760.572970 29.999000 0.045000
2811.557570 29.999000 0.038000
2946.839330 29.999000 0.041000
2964.847660 29.999000 0.038000
2971.806530 29.999000 0.039000
2980.785390 29.999000 0.041000
2989.810240 29.999000 0.042000
3007.760240 29.999000 0.039000
3029.760420 29.999000 0.041000
3043.759730 29.999000 0.039000
3054.698290 29.999000 0.039000
3093.628350 29.999000 0.037000
3103.701260 29.999000 0.039000
3107.692690 29.999000 0.043000
3175.552640 29.999000 0.039000
3362.756720 29.999000 0.060000
3390.708770 29.999000 0.052000
3393.763100 29.999000 0.063000
3400.759360 29.999000 0.046000
3458.692380 29.999000 0.085000
3464.729820 29.999000 0.050000
3470.514250 29.999000 0.047000
3476.661030 29.999000 0.050000
3495.645770 29.999000 0.056000
3542.562850 29.999000 0.065000
3547.482330 29.999000 0.046000
3653.874580 29.999000 0.048000
3665.861230 29.999000 0.055000
3867.673390 29.999000 0.065000
4229.613310 29.999000 0.070000
4237.635130 29.999000 0.061000
4246.578080 29.999000 0.044000
4249.583930 29.999000 0.048000
4268.527120 29.999000 0.068000
4274.519060 29.999000 0.048000
4294.497130 29.999000 0.050000
4296.492990 29.999000 0.054000
4301.475870 29.999000 0.058000
4308.461610 29.999000 0.066000
4378.883300 29.999000 0.055000
4406.862210 29.999000 0.054000
4410.827520 29.999000 0.051000
4422.823770 29.999000 0.073000
4426.858040 29.999000 0.075000
4430.810000 29.999000 0.050000
4440.826060 29.999000 0.062000
4448.771730 29.999000 0.052000
4457.787720 29.999000 0.064000
4460.775120 29.999000 0.046000
4463.776520 29.999000 0.044000
4469.759750 29.999000 0.053000
4476.755020 29.999000 0.056000
4485.786040 29.999000 0.052000
4492.792050 29.999000 0.044000
4503.775080 29.999000 0.048000
4506.659340 29.999000 0.050000
4516.717290 29.999000 0.051000
4520.800790 29.999000 0.052000
4641.503470 29.999000 0.046000
4643.505910 29.999000 0.071000
4647.530640 29.999000 0.083000
4664.478610 29.999000 0.056000
4752.861820 29.999000 0.043000
4764.840790 29.999000 0.046000
4784.811770 29.999000 0.047000
4796.836910 29.999000 0.048000
4800.787220 29.999000 0.050000
4804.807400 29.999000 0.051000
4812.818910 29.999000 0.051000
4815.804500 29.999000 0.055000
4819.813490 29.999000 0.052000
4822.786000 29.999000 0.053000
4825.777400 29.999000 0.048000
4828.776600 29.999000 0.060000
4837.743550 29.999000 0.073000
4846.767600 29.999000 0.064000
4849.718040 29.999000 0.050000
4852.704990 29.999000 0.049000
4855.754280 29.999000 0.060000
4858.694490 29.999000 0.051000
4861.747640 29.999000 0.052000
4870.668810 29.999000 0.049000
4875.718660 29.999000 0.050000
4877.731500 29.999000 0.056000
4904.655650 29.999000 0.056000
4906.693220 29.999000 0.062000
4918.563410 29.999000 0.064000
4920.641910 29.999000 0.060000
5023.494640 29.999000 0.069000
5125.856960 29.999000 0.064000
5131.856060 29.999000 0.059000
5162.828710 29.999000 0.056000
