1902.698130 12.481000 0.029000
1933.644170 10.870000 0.029000
1869.773510 12.722000 0.035000
1876.714670 12.701000 0.034000
1877.777940 12.683000 0.034000
1881.764670 12.664000 0.032000
1884.741950 12.740000 0.031000
1885.743060 12.656000 0.031000
1886.752230 12.851000 0.030000
1887.747550 12.695000 0.033000
1888.735120 12.722000 0.035000
1903.720610 12.389000 0.029000
1905.706850 12.401000 0.033000
1906.695520 12.417000 0.030000
1907.702510 12.274000 0.030000
1908.694780 12.305000 0.030000
1914.685440 12.045000 0.029000
1915.684960 11.958000 0.033000
1918.666590 11.756000 0.030000
1919.678230 11.725000 0.033000
1920.675170 11.624000 0.029000
1921.670670 11.540000 0.029000
1922.670750 11.539000 0.028000
1923.665380 11.545000 0.029000
1925.663530 11.293000 0.037000
1926.657660 11.243000 0.029000
1929.654580 11.066000 0.028000
1930.652640 11.033000 0.028000
1931.647700 10.982000 0.031000
1932.644760 10.936000 0.027000
1934.642040 10.799000 0.029000
1936.623410 10.699000 0.028000
1938.618280 10.563000 0.028000
1940.632820 10.414000 0.029000
1946.631100 9.778000 0.029000
1948.585760 9.543000 0.030000
1950.605080 9.344000 0.034000
1953.604950 9.040000 0.031000
1958.583830 8.793000 0.032000
1965.578090 8.684000 0.035000
2026.508890 11.036000 0.032000
2058.451360 12.485000 0.038000
2133.927530 12.452000 0.037000
2520.887880 13.037000 0.030000
2521.915290 13.353000 0.032000
2545.812060 12.992000 0.027000
2561.824890 12.644000 0.029000
2577.782160 11.978000 0.029000
2621.803720 9.191000 0.029000
2625.727940 9.159000 0.028000
2628.690910 9.229000 0.035000
2637.700790 9.307000 0.028000
2639.701930 9.360000 0.029000
2641.702430 9.390000 0.027000
2643.723330 9.462000 0.028000
2645.700790 9.520000 0.031000
2650.662320 9.731000 0.027000
2652.680120 9.814000 0.031000
2654.681400 9.935000 0.032000
2657.714810 10.103000 0.029000
2659.742680 10.201000 0.028000
2661.739830 10.346000 0.029000
2665.727920 10.597000 0.029000
2667.728570 10.717000 0.030000
2669.717980 10.858000 0.029000
2673.712870 11.104000 0.027000
2675.699330 11.222000 0.028000
2677.681350 11.386000 0.029000
2683.632040 11.718000 0.027000
2684.779860 11.808000 0.031000
2686.688520 11.810000 0.031000
2688.673920 11.957000 0.030000
2690.672730 12.021000 0.030000
2694.674070 12.234000 0.037000
2698.667610 12.276000 0.028000
2700.660130 12.362000 0.028000
2702.652190 12.498000 0.031000
2706.618630 12.614000 0.029000
2711.687120 12.618000 0.030000
2713.653340 12.770000 0.036000
2715.662990 12.653000 0.029000
2885.890620 11.043000 0.027000
2910.869410 12.344000 0.029000
2922.811230 12.723000 0.033000
2927.828340 13.104000 0.030000
2930.843100 12.779000 0.027000
2940.773050 13.093000 0.035000
2957.806360 13.109000 0.032000
2964.786820 13.162000 0.027000
2984.733300 12.825000 0.028000
2986.797360 12.708000 0.030000
2989.726460 12.799000 0.027000
2991.771180 12.757000 0.028000
2994.708280 12.773000 0.028000
3001.749630 12.482000 0.027000
3011.796030 12.138000 0.031000
3276.862290 9.255000 0.044000
3373.786980 13.109000 0.037000
3447.574280 10.770000 0.031000
2704.639400 12.559000 0.037000
1924.662750 11.437000 0.056000
1968.574120 8.674000 0.042000
1977.549220 8.823000 0.043000
1979.545630 8.887000 0.044000
1981.580230 8.898000 0.043000
1984.520670 8.965000 0.045000
2135.930910 12.604000 0.046000
2143.923990 11.989000 0.043000
2998.762560 12.659000 0.050000
3443.528400 11.194000 0.036000
3445.560350 11.004000 0.047000
2944.808820 29.999000 0.048000
2954.839240 29.999000 0.037000
1868.768300 12.700000 0.034000
1869.758540 12.653000 0.030000
1870.803740 12.712000 0.033000
1872.813320 12.552000 0.029000
1875.775950 12.585000 0.029000
1876.784280 12.781000 0.030000
1877.772070 12.749000 0.028000
1878.753830 12.802000 0.043000
1879.763880 12.727000 0.026000
1880.743890 12.687000 0.045000
1881.745240 12.712000 0.027000
1885.730200 12.764000 0.025000
1886.731590 12.726000 0.028000
1887.727540 12.672000 0.027000
1888.721940 12.598000 0.027000
1889.730360 12.806000 0.043000
1899.698350 12.565000 0.041000
1900.707630 12.501000 0.041000
1907.691910 12.340000 0.026000
1908.684170 12.305000 0.025000
1918.655840 11.796000 0.038000
1926.649020 11.286000 0.027000
1952.591180 9.142000 0.050000
1955.560480 8.938000 0.050000
2136.921310 12.359000 0.041000
2166.900700 10.273000 0.041000
2168.867960 10.139000 0.040000
2172.827080 9.961000 0.042000
2183.847590 9.758000 0.037000
2184.890260 9.749000 0.039000
2186.834770 9.741000 0.045000
2188.855680 9.715000 0.046000
2190.812290 9.741000 0.045000
2192.802530 9.717000 0.045000
2194.801250 9.738000 0.042000
2196.837770 9.726000 0.049000
2198.791670 9.770000 0.038000
2200.801920 9.796000 0.048000
2202.784120 9.856000 0.038000
2208.797300 9.991000 0.042000
2215.776890 10.266000 0.042000
2225.717280 10.684000 0.043000
2232.735740 11.046000 0.036000
2233.817930 11.118000 0.039000
2234.790040 11.157000 0.038000
2235.762070 11.187000 0.044000
2236.799060 11.243000 0.043000
2237.793790 11.258000 0.041000
2239.753860 11.421000 0.043000
2240.789830 11.437000 0.045000
2241.779580 11.519000 0.041000
2242.753360 11.594000 0.043000
2243.763330 11.615000 0.046000
2492.928550 12.691000 0.042000
2496.927660 12.584000 0.041000
2499.917640 12.756000 0.035000
2520.895050 12.827000 0.029000
2557.808220 12.773000 0.033000
2561.818830 12.643000 0.023000
2565.814200 12.941000 0.043000
2574.785090 12.136000 0.044000
2623.722490 9.180000 0.022000
2625.708160 9.190000 0.024000
2635.678180 9.280000 0.024000
2637.691230 9.342000 0.023000
2647.668180 9.637000 0.022000
2859.929340 9.781000 0.030000
2867.920240 10.105000 0.029000
2875.921820 10.501000 0.026000
2911.846040 12.334000 0.033000
2950.745810 13.144000 0.025000
3270.872930 9.101000 0.028000
3274.876600 9.202000 0.036000
3295.882350 10.091000 0.025000
3389.770570 12.975000 0.045000
3399.721530 12.647000 0.033000
3404.733100 12.969000 0.041000
3406.779610 12.659000 0.041000
3411.633760 12.568000 0.033000
3413.684020 12.476000 0.036000
3415.693900 12.495000 0.030000
3417.682790 12.290000 0.035000
3419.671970 12.365000 0.031000
3421.688960 12.280000 0.046000
3425.702650 12.039000 0.037000
3428.546910 11.962000 0.034000
3430.570300 11.900000 0.033000
3437.583240 11.546000 0.029000
3440.572420 11.413000 0.035000
3445.601150 10.954000 0.033000
3447.615560 10.736000 0.031000
3454.626770 9.932000 0.033000
3456.620940 9.830000 0.039000
3458.610220 9.713000 0.037000
3460.612520 9.599000 0.028000
3468.567660 9.311000 0.024000
3470.586010 9.260000 0.039000
3477.565120 9.169000 0.036000
3480.516530 9.163000 0.034000
3489.510100 9.223000 0.029000
3495.527000 9.315000 0.036000
3499.505130 9.390000 0.031000
3501.505770 9.443000 0.027000
3504.476190 9.546000 0.039000
3509.461570 9.773000 0.028000
3513.462790 10.018000 0.028000
3517.463550 10.249000 0.030000
3589.928570 13.050000 0.040000
3596.928330 13.349000 0.034000
3601.925590 12.992000 0.036000
3617.915670 13.723000 0.041000
3621.905830 12.997000 0.036000
3629.897080 12.687000 0.032000
3643.886790 12.322000 0.032000
3647.891870 12.148000 0.032000
3651.831480 12.053000 0.038000
3655.815340 11.723000 0.037000
3658.826940 11.507000 0.030000
3662.828920 11.110000 0.037000
3666.806530 10.842000 0.049000
3670.800000 10.618000 0.033000
3673.825180 10.463000 0.032000
3699.761520 10.267000 0.041000
3702.775390 10.253000 0.028000
3705.753270 10.249000 0.036000
3708.743880 10.264000 0.031000
3712.770570 10.307000 0.033000
3717.714840 10.373000 0.038000
3722.705030 10.449000 0.035000
3725.740510 10.570000 0.043000
3727.832810 10.623000 0.054000
3731.734760 10.690000 0.044000
3734.714440 10.793000 0.039000
3737.688140 10.919000 0.040000
3742.654450 11.201000 0.031000
3744.732110 11.392000 0.039000
3749.740560 11.478000 0.042000
3752.701940 11.702000 0.041000
3754.762570 11.847000 0.046000
3756.814080 11.797000 0.047000
3759.633900 11.976000 0.036000
3761.784950 12.016000 0.048000
3764.650080 12.235000 0.045000
3766.752060 12.507000 0.048000
3774.633690 12.637000 0.042000
3780.723180 13.001000 0.049000
3783.751750 12.632000 0.048000
3790.631980 12.804000 0.041000
3792.724040 12.971000 0.053000
3795.558320 12.841000 0.037000
3802.563580 13.332000 0.038000
3809.635400 12.992000 0.038000
3811.641820 13.183000 0.041000
3816.564270 13.083000 0.033000
3818.599570 12.892000 0.037000
3820.609100 13.476000 0.038000
3823.548600 12.797000 0.038000
3825.582980 12.499000 0.040000
3832.545750 12.994000 0.036000
3836.559530 12.727000 0.042000
3847.470920 12.431000 0.038000
3849.548780 12.280000 0.040000
3851.558730 12.115000 0.036000
3860.489770 11.630000 0.035000
3862.493950 11.589000 0.034000
3864.522350 11.433000 0.042000
3870.462780 11.031000 0.037000
3872.485550 10.920000 0.049000
3876.489680 10.639000 0.052000
3880.477240 10.379000 0.042000
3883.467870 10.189000 0.036000
4139.573150 9.319000 0.025000
4153.611920 9.927000 0.031000
4163.682420 10.508000 0.039000
4172.559510 10.901000 0.035000
4176.610460 11.188000 0.032000
4181.650730 11.453000 0.037000
4188.546890 11.746000 0.044000
4190.537050 11.923000 0.032000
4192.543460 11.927000 0.030000
4194.598950 12.062000 0.028000
4197.578820 12.175000 0.029000
4200.578210 12.442000 0.026000
4205.588590 12.654000 0.034000
4213.496310 12.569000 0.033000
4216.561680 12.719000 0.028000
4228.524870 12.841000 0.028000
4230.527620 12.798000 0.035000
4233.490510 12.865000 0.027000
4235.495160 12.871000 0.026000
4238.500950 13.104000 0.038000
4247.467950 12.913000 0.034000
4250.466520 12.822000 0.031000
4256.448410 12.924000 0.030000
4418.843440 12.735000 0.033000
4422.756880 12.733000 0.043000
4435.746900 12.913000 0.032000
4438.735090 13.047000 0.031000
4453.696000 13.012000 0.027000
4456.687590 12.821000 0.044000
4475.665700 12.809000 0.031000
4478.672650 12.883000 0.031000
4481.634450 12.717000 0.042000
4487.607460 12.545000 0.034000
4489.646970 12.614000 0.027000
4491.688230 12.283000 0.028000
4493.716490 12.384000 0.028000
4499.729190 12.015000 0.034000
4502.653150 12.017000 0.026000
4504.706000 11.900000 0.033000
4507.602750 11.791000 0.042000
4509.686540 11.626000 0.034000
4511.756950 11.526000 0.030000
4517.688290 11.059000 0.044000
4519.692560 10.970000 0.038000
4521.709780 10.850000 0.033000
4526.577280 10.440000 0.041000
4528.620040 10.218000 0.033000
4530.682030 10.088000 0.031000
4533.585730 9.974000 0.030000
4536.645150 9.853000 0.032000
4538.682400 9.811000 0.031000
4541.534270 9.791000 0.035000
4543.559580 9.780000 0.037000
4552.578600 9.794000 0.031000
4554.600380 9.835000 0.034000
4556.613460 9.823000 0.034000
4561.576880 9.959000 0.035000
4563.597240 10.038000 0.030000
4565.605170 10.075000 0.029000
4568.532640 10.178000 0.030000
4570.542170 10.248000 0.028000
4572.569530 10.380000 0.031000
4575.532100 10.468000 0.031000
4579.532260 10.710000 0.032000
4582.553320 10.839000 0.032000
4586.502250 11.161000 0.031000
4589.513010 11.240000 0.037000
4591.536880 11.445000 0.032000
4594.487710 11.666000 0.031000
4596.490720 11.709000 0.031000
4599.485910 11.826000 0.032000
4602.488330 12.065000 0.031000
4610.462440 12.398000 0.030000
4616.453940 12.566000 0.029000
4620.454080 12.558000 0.048000
4824.676930 12.100000 0.042000
4877.544610 13.098000 0.048000
4893.573950 13.138000 0.046000
4902.526000 12.740000 0.044000
4920.590350 12.067000 0.041000
4929.487870 11.614000 0.050000
4932.525900 11.366000 0.051000
4934.583780 11.248000 0.053000
4953.513170 9.532000 0.056000
4963.487700 9.260000 0.055000
4966.486860 9.222000 0.041000
4973.486130 9.189000 0.051000
1994.517820 9.216000 0.046000
2216.845580 10.310000 0.046000
2221.761020 10.515000 0.052000
2222.795500 10.565000 0.048000
2227.726650 10.795000 0.045000
3383.704780 13.013000 0.052000
3397.673130 13.060000 0.043000
3409.566530 12.575000 0.038000
3432.590630 11.798000 0.043000
3443.593410 11.212000 0.048000
3449.632330 10.685000 0.039000
3465.536560 9.371000 0.034000
3472.588680 9.195000 0.054000
3482.528720 9.161000 0.064000
3521.466380 10.455000 0.036000
3526.448850 10.801000 0.039000
3633.895030 12.666000 0.049000
3714.791460 10.312000 0.043000
3719.774990 10.385000 0.042000
3739.741040 11.057000 0.047000
3747.644030 11.477000 0.043000
3769.635350 12.469000 0.048000
3771.709030 12.342000 0.048000
3776.670510 12.761000 0.051000
3778.664160 12.616000 0.047000
3788.565270 12.630000 0.053000
3797.599920 12.787000 0.044000
3799.662430 12.963000 0.040000
3806.626350 12.922000 0.046000
3813.653660 13.142000 0.046000
3830.529570 12.902000 0.045000
3854.496910 11.887000 0.050000
3876.487180 10.568000 0.057000
4155.627200 9.965000 0.044000
4184.515920 11.625000 0.041000
4472.768480 12.818000 0.044000
4484.799490 12.510000 0.039000
4917.631820 12.317000 0.047000
4925.487960 11.896000 0.058000
4937.533540 10.879000 0.060000
4939.589270 10.731000 0.064000
4945.536830 10.205000 0.058000
4950.516630 9.774000 0.060000
4955.535460 9.471000 0.061000
5065.922530 12.858000 0.060000
5104.890960 13.021000 0.056000
1903.706760 29.999000 0.029000
1921.662060 29.999000 0.026000
1922.661400 29.999000 0.028000
1925.652230 29.999000 0.032000
2027.462220 29.999000 0.030000
2544.901960 29.999000 0.035000
2549.853450 29.999000 0.049000
2552.815300 29.999000 0.023000
2577.776210 29.999000 0.034000
2643.703490 29.999000 0.023000
2665.704230 29.999000 0.023000
2675.674290 29.999000 0.022000
2679.632280 29.999000 0.051000
2683.627430 29.999000 0.024000
2750.470290 29.999000 0.025000
2770.514590 29.999000 0.026000
2785.457280 29.999000 0.023000
2791.458960 29.999000 0.032000
2794.453110 29.999000 0.027000
2883.919110 29.999000 0.030000
2918.831100 29.999000 0.044000
2924.860450 29.999000 0.025000
2927.826940 29.999000 0.025000
2933.820720 29.999000 0.025000
3278.858240 29.999000 0.034000
3395.634340 29.999000 0.044000
3423.675920 29.999000 0.060000
3625.908310 29.999000 0.062000
3804.629870 29.999000 0.046000
3827.596870 29.999000 0.037000
4426.778390 29.999000 0.042000
4466.691120 29.999000 0.028000
4606.491250 29.999000 0.059000
1874.713960 12.677000 0.031000
1876.819040 12.697000 0.029000
1877.790020 12.739000 0.028000
1880.709280 12.769000 0.032000
1885.757470 12.675000 0.027000
1886.762020 12.772000 0.027000
1887.750290 12.774000 0.028000
1888.737840 12.726000 0.030000
1889.764350 12.723000 0.030000
1899.711610 12.633000 0.032000
1900.720890 12.597000 0.026000
1905.709610 12.467000 0.028000
1907.705270 12.326000 0.026000
1908.697550 12.311000 0.025000
1918.671590 11.789000 0.030000
1919.685490 11.743000 0.030000
1922.678030 11.573000 0.026000
1925.668510 11.317000 0.029000
1926.664930 11.214000 0.026000
1954.608630 8.961000 0.033000
1955.602730 8.919000 0.034000
2136.928000 12.399000 0.034000
2168.874390 10.121000 0.030000
2172.849410 9.948000 0.031000
2212.782310 10.163000 0.034000
2520.902020 13.052000 0.030000
2552.834780 12.970000 0.026000
2559.837840 12.643000 0.026000
2561.843870 12.778000 0.025000
2565.838910 12.543000 0.032000
2577.789160 11.969000 0.031000
2621.785960 9.252000 0.027000
2623.742670 9.198000 0.025000
2625.730710 9.174000 0.026000
2628.696000 9.213000 0.031000
2637.703570 9.325000 0.023000
2643.728620 9.462000 0.025000
2683.634680 11.743000 0.024000
2922.820590 12.600000 0.028000
2927.838020 12.764000 0.026000
2940.784570 13.105000 0.028000
3273.868100 9.176000 0.027000
3277.854180 9.302000 0.035000
3296.837080 10.147000 0.026000
3333.808780 12.046000 0.035000
3362.712150 12.854000 0.036000
3382.833480 13.046000 0.036000
3389.637160 12.910000 0.032000
3391.679640 12.816000 0.031000
3399.608640 12.775000 0.030000
3410.780520 12.623000 0.033000
3413.577130 12.564000 0.038000
3415.608850 12.503000 0.026000
3417.620600 12.413000 0.034000
3425.660110 11.979000 0.037000
3433.680270 11.837000 0.038000
3436.669140 11.577000 0.029000
3439.660090 11.501000 0.026000
3443.526130 11.224000 0.029000
3456.577220 9.833000 0.029000
3460.571180 9.620000 0.029000
3462.577880 9.519000 0.028000
3469.619100 9.258000 0.028000
3471.627720 9.262000 0.028000
3479.548860 9.180000 0.030000
3481.561400 9.177000 0.031000
3495.530960 9.310000 0.035000
3503.531310 9.512000 0.032000
3509.464690 9.792000 0.024000
3526.451870 10.865000 0.033000
3603.922530 13.040000 0.035000
3618.909450 13.307000 0.033000
3622.910360 12.804000 0.031000
3633.901170 12.729000 0.035000
3640.876350 12.416000 0.030000
3644.876950 12.417000 0.033000
3653.842460 11.882000 0.038000
3660.831180 11.301000 0.032000
3664.821600 10.937000 0.032000
3668.848200 10.709000 0.029000
3671.838870 10.552000 0.030000
3675.794230 10.381000 0.030000
3703.783310 10.287000 0.034000
3711.796050 10.290000 0.032000
3714.738460 10.550000 0.035000
3717.736730 10.372000 0.032000
3719.797040 10.436000 0.036000
3722.719860 10.853000 0.034000
3725.760030 10.560000 0.031000
3728.708610 10.652000 0.035000
3740.722070 11.143000 0.035000
3743.667680 11.302000 0.032000
3748.647930 11.527000 0.039000
3752.807280 11.692000 0.037000
3757.685550 11.939000 0.036000
3759.745360 12.130000 0.032000
3767.645650 12.329000 0.034000
3772.601600 12.609000 0.031000
3789.647980 12.832000 0.035000
3791.690690 12.882000 0.037000
3793.695680 13.027000 0.033000
3796.583940 12.964000 0.032000
3800.631750 12.840000 0.034000
3803.607090 13.032000 0.036000
3805.631630 13.127000 0.034000
3808.645230 13.366000 0.037000
3810.649590 12.996000 0.033000
3816.683080 13.104000 0.033000
3828.517250 13.083000 0.036000
3830.581270 12.746000 0.039000
3851.564950 12.139000 0.030000
3853.575100 11.963000 0.028000
3861.531870 11.695000 0.029000
3863.535500 11.498000 0.031000
3870.510070 11.025000 0.031000
3872.525730 10.895000 0.029000
3881.453850 10.332000 0.030000
3891.471390 9.717000 0.030000
3894.463130 9.550000 0.033000
4083.857860 10.313000 0.035000
4106.665830 9.005000 0.027000
4126.733650 8.982000 0.027000
4128.767040 9.022000 0.028000
4133.596810 9.159000 0.032000
4141.675400 9.401000 0.040000
4143.694320 9.462000 0.033000
4149.661550 9.729000 0.034000
4151.672740 9.810000 0.029000
4160.547690 10.277000 0.029000
4164.590400 10.522000 0.038000
4166.640580 10.675000 0.040000
4172.610000 10.934000 0.034000
4174.620390 11.063000 0.029000
4176.630210 11.141000 0.032000
4179.654770 11.316000 0.032000
4183.680600 11.626000 0.035000
4190.532780 11.954000 0.027000
4192.539200 11.970000 0.028000
4194.594680 12.025000 0.029000
4197.573780 12.194000 0.029000
4202.566060 12.388000 0.038000
4205.538380 12.428000 0.033000
4213.499530 12.791000 0.030000
4216.564900 12.803000 0.029000
4228.528020 12.771000 0.028000
4230.531520 12.920000 0.033000
4232.544470 12.800000 0.030000
4331.918820 9.148000 0.030000
4339.919560 9.255000 0.031000
4343.912160 9.376000 0.031000
4347.906630 9.481000 0.032000
4355.905450 9.765000 0.028000
4361.898410 10.050000 0.031000
4364.874120 10.217000 0.029000
4368.866860 10.456000 0.032000
4372.855540 10.695000 0.032000
4376.862520 10.942000 0.032000
4380.844960 11.188000 0.034000
4384.838430 11.381000 0.037000
4387.875770 11.515000 0.034000
4399.876280 11.891000 0.035000
4403.824200 12.144000 0.029000
4407.841350 12.285000 0.031000
4410.836990 12.348000 0.030000
4418.867200 12.580000 0.029000
4422.773370 12.664000 0.028000
4426.804220 13.147000 0.038000
4432.774210 12.851000 0.027000
4435.764200 12.892000 0.028000
4441.745940 12.983000 0.030000
4453.717050 13.028000 0.027000
4459.707770 12.949000 0.036000
4464.687920 13.153000 0.030000
4467.684640 12.929000 0.034000
4470.686770 12.937000 0.030000
4473.736790 12.969000 0.031000
4479.650950 12.689000 0.027000
4482.687970 12.641000 0.031000
4489.760880 12.451000 0.033000
4492.619510 12.328000 0.028000
4494.658810 12.236000 0.028000
4497.781050 12.142000 0.029000
4502.753350 11.994000 0.037000
4505.606850 11.802000 0.036000
4507.664790 11.736000 0.036000
4509.743380 11.688000 0.033000
4512.592620 11.490000 0.039000
4518.580680 11.010000 0.031000
4520.615520 10.940000 0.028000
4522.622760 10.725000 0.034000
4524.622250 10.614000 0.029000
4526.653960 10.449000 0.033000
4528.703520 10.262000 0.039000
4534.553990 9.942000 0.034000
4537.570380 9.863000 0.035000
4541.600210 9.820000 0.031000
4543.617060 9.792000 0.033000
4547.657700 9.774000 0.035000
4552.643930 9.809000 0.027000
4555.526470 9.810000 0.034000
4557.550040 9.859000 0.030000
4559.598490 9.912000 0.031000
4562.524540 9.984000 0.030000
4564.571760 10.047000 0.030000
4566.577030 10.198000 0.033000
4568.604960 10.173000 0.030000
4570.589840 10.249000 0.029000
4572.600600 10.346000 0.033000
4575.537780 10.477000 0.030000
4579.537940 10.704000 0.032000
4582.559170 10.887000 0.029000
4585.578160 11.093000 0.030000
4588.537660 11.246000 0.036000
4591.495740 11.515000 0.030000
4593.526770 11.504000 0.031000
4595.529010 11.664000 0.031000
4597.533300 11.717000 0.032000
4600.524750 11.961000 0.030000
4603.523720 12.281000 0.038000
4616.456910 12.609000 0.029000
4623.464930 12.779000 0.032000
4626.462960 12.722000 0.033000
4691.928260 12.758000 0.032000
4697.924300 12.568000 0.032000
4702.920390 12.434000 0.029000
4707.916980 12.287000 0.029000
4722.890980 11.352000 0.028000
4726.901700 11.143000 0.031000
4730.896350 10.924000 0.028000
4734.897110 10.634000 0.029000
4740.894360 10.164000 0.030000
4744.872160 9.990000 0.027000
4749.880960 9.878000 0.029000
4753.839730 9.796000 0.029000
4757.849820 9.744000 0.028000
4761.836270 9.772000 0.029000
4765.822220 9.812000 0.028000
4769.814130 9.885000 0.027000
4772.857110 9.922000 0.029000
4776.810410 9.976000 0.028000
4780.795920 10.081000 0.027000
4784.788160 10.199000 0.029000
4787.837510 10.283000 0.031000
4793.799750 10.443000 0.032000
4797.787930 10.725000 0.033000
4800.764870 10.787000 0.036000
4803.789050 10.899000 0.029000
4806.755500 11.109000 0.031000
4809.744400 11.222000 0.030000
4812.793080 11.446000 0.035000
4815.731550 11.575000 0.037000
4818.781270 11.785000 0.029000
4821.713940 11.960000 0.027000
4824.711770 12.087000 0.032000
4827.738160 12.307000 0.034000
4830.698760 12.387000 0.033000
4840.663260 12.430000 0.034000
4847.814470 12.876000 0.031000
4850.684310 12.898000 0.038000
4853.680420 12.861000 0.032000
4856.673760 13.207000 0.034000
4859.681550 12.590000 0.035000
4862.687400 12.996000 0.033000
4870.645330 12.912000 0.033000
4872.699390 12.563000 0.040000
4882.740490 13.183000 0.038000
5147.823500 11.377000 0.038000
5162.809220 10.358000 0.041000
1984.523030 8.993000 0.045000
2574.794260 12.242000 0.043000
3356.728500 12.839000 0.043000
3365.775200 13.006000 0.044000
3396.811610 12.804000 0.041000
3404.667710 12.832000 0.042000
3406.671200 12.740000 0.050000
3408.691510 12.593000 0.040000
3419.612690 12.447000 0.031000
3421.642530 12.186000 0.049000
3423.632060 12.211000 0.052000
3427.694350 11.921000 0.048000
3431.658810 11.910000 0.038000
3445.558030 10.980000 0.052000
3447.571950 10.745000 0.039000
3449.595270 10.536000 0.040000
3454.581200 9.992000 0.042000
3464.612230 9.437000 0.033000
3499.508290 9.379000 0.033000
3516.495080 10.267000 0.050000
3700.777400 10.300000 0.037000
3706.766890 10.302000 0.038000
3732.691940 10.769000 0.040000
3735.711940 10.916000 0.045000
3745.731460 11.355000 0.040000
3750.695760 11.729000 0.043000
3762.664010 12.122000 0.052000
3764.778550 12.212000 0.041000
3774.696180 12.546000 0.045000
3776.749260 12.731000 0.042000
3778.722890 12.700000 0.040000
3780.759980 12.623000 0.040000
3787.592890 13.004000 0.040000
3812.653010 12.922000 0.041000
3814.648970 13.001000 0.037000
3821.595630 12.902000 0.049000
3823.631820 12.984000 0.044000
3825.645000 13.216000 0.040000
3832.593120 12.947000 0.040000
3834.590370 12.613000 0.042000
3849.558990 12.174000 0.045000
3865.546950 11.401000 0.040000
3868.507560 11.250000 0.039000
4089.714830 9.798000 0.039000
4109.707610 8.915000 0.047000
4135.636570 9.169000 0.036000
4137.643770 9.253000 0.033000
4139.658500 9.319000 0.037000
4145.764290 9.548000 0.042000
4153.673100 9.902000 0.035000
4157.741720 10.135000 0.039000
4162.565700 10.418000 0.035000
4181.667660 11.439000 0.041000
4235.470750 12.800000 0.037000
4238.495620 13.111000 0.042000
4456.707320 12.887000 0.051000
4476.737550 12.672000 0.043000
4485.678020 12.610000 0.042000
4487.713840 12.589000 0.036000
4515.730460 11.179000 0.045000
4531.600750 10.046000 0.037000
4539.583540 9.823000 0.041000
4550.553120 9.792000 0.037000
4608.452440 12.209000 0.041000
4611.458260 12.620000 0.043000
4620.457800 12.543000 0.041000
4835.690000 12.425000 0.052000
4837.783710 12.627000 0.039000
4842.773440 13.009000 0.040000
4845.752220 12.686000 0.046000
4867.813890 13.029000 0.040000
4875.652790 13.243000 0.047000
4877.683460 12.975000 0.043000
4880.683450 12.977000 0.040000
5154.845540 10.929000 0.049000
5158.789080 10.617000 0.050000
5165.790320 10.238000 0.042000
5168.783900 10.113000 0.047000
1884.744670 29.999000 0.027000
1902.700880 29.999000 0.026000
1903.732800 29.999000 0.028000
1920.682460 29.999000 0.027000
1924.667750 29.999000 0.037000
1933.649120 29.999000 0.026000
2540.860900 29.999000 0.035000
2544.903490 29.999000 0.039000
2635.691580 29.999000 0.025000
2645.705870 29.999000 0.024000
2654.684180 29.999000 0.027000
2665.730660 29.999000 0.026000
2675.702020 29.999000 0.025000
2918.842850 29.999000 0.044000
4248.467070 29.999000 0.047000
4461.795960 29.999000 0.032000
1869.755870 12.702000 0.043000
1872.798790 12.715000 0.042000
1876.763190 12.779000 0.042000
1877.767140 12.625000 0.039000
1881.733260 12.735000 0.037000
1884.717140 12.669000 0.039000
1885.725190 12.869000 0.034000
1886.726560 12.717000 0.038000
1887.720020 12.755000 0.040000
1888.716910 12.833000 0.040000
1902.680290 12.568000 0.036000
1903.701760 12.434000 0.040000
1904.679810 12.477000 0.039000
1905.688810 12.488000 0.037000
1906.679900 12.285000 0.034000
1907.686900 12.326000 0.035000
1908.679170 12.308000 0.036000
1913.655880 12.125000 0.036000
1914.671930 12.048000 0.036000
1915.671450 11.952000 0.038000
1918.650840 11.817000 0.037000
1919.659570 11.722000 0.037000
1921.659310 11.572000 0.035000
1922.658650 11.551000 0.034000
1923.654040 11.470000 0.037000
1925.649920 11.367000 0.039000
1926.641740 11.255000 0.035000
1928.650320 11.145000 0.034000
1929.640920 11.085000 0.034000
1930.638960 11.047000 0.035000
1931.633980 10.952000 0.040000
1932.630960 10.884000 0.032000
1933.630450 10.882000 0.033000
1934.629870 10.807000 0.032000
1936.612410 10.718000 0.032000
1938.607230 10.563000 0.033000
1940.608780 10.435000 0.033000
1945.607560 9.908000 0.033000
1947.602120 9.679000 0.035000
1949.591120 9.420000 0.034000
1950.595510 9.318000 0.039000
1953.586320 9.064000 0.034000
1958.569830 8.805000 0.035000
1961.555190 8.720000 0.036000
1963.556490 8.688000 0.038000
1965.547440 8.705000 0.034000
1967.548910 8.683000 0.036000
1977.516940 8.836000 0.043000
1979.618550 8.866000 0.044000
1981.595360 8.898000 0.041000
1984.542540 8.967000 0.043000
2129.923460 12.551000 0.044000
2133.923410 12.602000 0.037000
2496.918900 12.650000 0.040000
2498.921620 12.796000 0.043000
2502.917140 12.694000 0.040000
2526.876020 13.107000 0.042000
2558.823680 12.950000 0.036000
2560.811480 12.705000 0.032000
2562.813590 12.684000 0.037000
2564.812280 12.537000 0.030000
2566.811890 12.532000 0.039000
2574.771280 12.212000 0.045000
2621.769790 9.185000 0.036000
2623.715190 9.166000 0.035000
2625.703050 9.175000 0.036000
2631.816980 9.227000 0.036000
2635.670710 9.278000 0.037000
2637.683860 9.310000 0.031000
2641.688850 9.397000 0.037000
2643.700700 9.466000 0.036000
2645.682550 9.508000 0.035000
2647.665380 9.606000 0.032000
2650.644110 9.726000 0.033000
2652.661800 9.817000 0.034000
2654.663140 9.921000 0.038000
2657.696470 10.090000 0.034000
2659.715150 10.212000 0.036000
2661.712320 10.331000 0.035000
2663.708660 10.485000 0.034000
2665.701500 10.592000 0.034000
2667.700960 10.719000 0.036000
2669.690330 10.862000 0.034000
2673.683880 11.105000 0.035000
2675.671620 11.232000 0.035000
2677.651070 11.388000 0.034000
2681.621380 11.578000 0.035000
2683.624810 11.703000 0.034000
2684.762700 11.781000 0.036000
2686.685770 11.837000 0.035000
2690.669940 12.033000 0.034000
2692.666960 12.132000 0.037000
2694.671240 12.140000 0.036000
2696.683580 12.249000 0.034000
2698.664770 12.303000 0.036000
2700.657270 12.354000 0.033000
2702.649300 12.372000 0.036000
2704.636500 12.420000 0.035000
2706.615710 12.512000 0.034000
2710.589440 12.621000 0.035000
2711.680980 12.702000 0.033000
2713.650380 12.724000 0.045000
2719.571200 12.833000 0.035000
2721.594320 12.780000 0.036000
2723.594700 12.946000 0.037000
2725.591320 12.893000 0.034000
2727.584830 12.991000 0.036000
2729.582610 12.962000 0.035000
2733.570630 12.867000 0.036000
2737.557760 12.954000 0.036000
2739.580290 12.929000 0.035000
2741.555380 12.851000 0.036000
2743.574530 13.076000 0.034000
2745.582100 13.117000 0.040000
2751.518910 12.866000 0.035000
2754.519490 12.806000 0.035000
2756.521150 12.915000 0.043000
2760.534150 12.806000 0.031000
2762.532940 12.873000 0.044000
2764.517430 12.637000 0.034000
2784.472180 12.153000 0.033000
2786.472410 12.064000 0.032000
2789.471140 11.937000 0.037000
2792.458920 11.805000 0.036000
2795.458450 11.606000 0.039000
2860.926420 9.796000 0.032000
2877.911170 10.625000 0.033000
2884.890630 10.991000 0.033000
2893.880520 11.501000 0.036000
2896.870580 11.653000 0.035000
2899.889360 11.753000 0.031000
2905.883300 12.141000 0.030000
2908.877700 12.277000 0.032000
2911.855360 12.543000 0.032000
2915.877690 12.480000 0.033000
2922.798330 12.874000 0.033000
2924.851360 12.673000 0.031000
2932.836360 12.906000 0.032000
2935.816990 12.941000 0.032000
2940.759140 12.968000 0.031000
2942.808850 12.959000 0.032000
2944.798240 12.962000 0.039000
2947.791500 13.192000 0.039000
2948.826180 12.918000 0.034000
2957.784670 13.199000 0.033000
2960.791740 13.252000 0.033000
2963.770140 13.085000 0.031000
2966.753710 13.080000 0.033000
2970.767820 13.043000 0.031000
2973.789430 12.926000 0.031000
2975.724920 13.034000 0.032000
2977.728190 13.027000 0.038000
2979.741360 12.938000 0.032000
2981.753440 13.037000 0.034000
2984.707370 12.594000 0.032000
2989.695230 12.715000 0.032000
2991.744200 12.749000 0.030000
2996.730500 12.620000 0.031000
3001.726740 12.462000 0.032000
3005.752910 12.336000 0.035000
3007.721600 12.271000 0.034000
3009.754600 12.112000 0.033000
3011.774610 12.252000 0.037000
3015.646220 11.779000 0.039000
3017.679110 11.689000 0.031000
3019.677510 11.541000 0.031000
3029.645830 10.122000 0.043000
3031.693550 9.793000 0.033000
3033.707090 9.621000 0.032000
3035.659490 9.510000 0.032000
3039.677440 9.390000 0.033000
3042.674820 9.359000 0.036000
3044.700120 9.371000 0.033000
3047.646330 9.393000 0.034000
3050.599120 9.399000 0.030000
3052.700550 9.427000 0.034000
3054.716690 9.458000 0.034000
3057.577850 9.487000 0.039000
3059.643900 9.522000 0.034000
3061.685390 9.565000 0.033000
3067.578550 9.676000 0.032000
3069.613210 9.729000 0.033000
3071.624230 9.777000 0.034000
3073.659880 9.826000 0.034000
3075.677760 9.909000 0.033000
3078.551860 10.019000 0.036000
3086.636510 10.427000 0.038000
3088.644410 10.496000 0.033000
3090.651790 10.649000 0.042000
3092.641790 10.733000 0.030000
3096.619510 10.953000 0.033000
3098.629560 11.084000 0.038000
3101.530490 11.195000 0.031000
3103.539320 11.347000 0.033000
3105.544410 11.508000 0.034000
3107.552210 11.538000 0.036000
3109.560590 11.645000 0.034000
3111.557920 11.807000 0.032000
3113.574890 11.836000 0.034000
3122.531570 12.256000 0.033000
3124.557300 12.294000 0.034000
3127.518390 12.230000 0.036000
3129.533160 12.504000 0.038000
3131.538890 12.313000 0.035000
3134.497630 12.596000 0.035000
3144.494030 12.839000 0.033000
3159.465550 12.874000 0.038000
3270.859630 9.114000 0.035000
3274.866730 9.223000 0.033000
3278.852690 9.346000 0.037000
3445.551980 10.960000 0.044000
1871.789300 12.724000 0.045000
1874.803480 12.766000 0.044000
1875.771040 12.756000 0.044000
1924.646810 11.456000 0.050000
1994.508430 9.203000 0.045000
2131.924930 12.585000 0.046000
2135.922260 12.438000 0.048000
2539.841450 13.018000 0.046000
2556.850140 12.861000 0.047000
2679.629630 11.435000 0.054000
2758.514260 13.103000 0.048000
2946.796750 13.150000 0.043000
3063.732160 9.602000 0.047000
3082.635190 10.160000 0.047000
3382.830930 13.001000 0.051000
3447.565990 10.739000 0.042000
2929.824780 29.999000 0.037000
2951.811810 29.999000 0.039000
