2660.702160 12.536000 0.056000
2236.733980 29.999000 0.046000
2239.721310 29.999000 0.048000
1982.567960 13.923000 0.055000
2129.930120 12.651000 0.048000
2167.847640 14.436000 0.041000
2621.743950 14.185000 0.038000
2625.700000 14.254000 0.038000
2634.698120 13.635000 0.042000
2636.726780 13.701000 0.041000
2638.715900 13.705000 0.046000
2640.713930 13.405000 0.040000
2642.714380 13.347000 0.038000
2644.707690 13.336000 0.044000
2646.687110 13.294000 0.038000
2649.676570 13.127000 0.040000
2651.658560 13.019000 0.052000
2653.656280 12.926000 0.041000
2657.606650 12.775000 0.040000
2659.627430 12.635000 0.041000
2661.626880 12.571000 0.046000
2663.625650 12.409000 0.039000
2665.620660 12.384000 0.043000
2667.619990 12.250000 0.042000
2671.613170 12.015000 0.042000
2673.607600 12.002000 0.050000
2675.595300 11.897000 0.044000
2677.586470 11.771000 0.046000
2679.576580 11.744000 0.044000
2684.570230 11.438000 0.038000
2686.582220 11.479000 0.042000
2688.579850 11.374000 0.046000
2690.578580 11.312000 0.044000
2692.575850 11.278000 0.046000
2694.577650 11.454000 0.037000
2696.575180 11.054000 0.040000
2698.572060 11.013000 0.040000
2700.573930 10.924000 0.052000
2702.565640 10.968000 0.039000
2704.554230 10.827000 0.050000
2706.538130 10.824000 0.047000
2711.520250 10.711000 0.047000
2713.539540 10.688000 0.041000
2715.537140 10.696000 0.038000
2721.525070 10.636000 0.045000
2723.529280 10.625000 0.042000
2725.528340 10.662000 0.039000
2727.524060 10.674000 0.040000
2729.524250 10.681000 0.041000
2733.511730 10.693000 0.037000
2735.507200 10.696000 0.040000
2738.534290 10.757000 0.044000
2740.531820 10.742000 0.043000
2742.532490 10.740000 0.038000
2744.538490 10.785000 0.039000
2751.480220 10.914000 0.041000
2754.485330 11.054000 0.038000
2756.489420 11.068000 0.044000
2758.482510 10.462000 0.042000
2761.474410 11.269000 0.041000
2763.477380 11.382000 0.039000
2766.458900 11.527000 0.037000
2957.775850 13.956000 0.041000
2963.759000 13.743000 0.041000
2965.798510 13.360000 0.040000
2971.740090 13.266000 0.037000
2974.732980 12.907000 0.037000
2976.746730 13.108000 0.044000
2978.743020 13.150000 0.037000
2980.752940 12.998000 0.041000
2984.748510 12.964000 0.039000
2987.699520 12.956000 0.040000
2989.761800 12.890000 0.036000
2991.765410 12.762000 0.036000
2994.679380 12.944000 0.037000
2996.709290 13.004000 0.038000
2998.716550 13.156000 0.047000
3001.704490 12.646000 0.038000
3005.689640 12.579000 0.038000
3007.698430 12.534000 0.037000
3011.676130 12.238000 0.040000
3013.680980 12.214000 0.040000
3016.689230 11.970000 0.037000
3018.679640 11.821000 0.036000
3023.661800 11.499000 0.038000
3025.784130 11.357000 0.040000
3030.587920 11.123000 0.036000
3034.659980 11.064000 0.039000
3042.600730 10.909000 0.041000
3044.640320 10.853000 0.037000
3046.703980 10.855000 0.038000
3047.542260 10.898000 0.037000
3047.565920 10.827000 0.038000
3049.665310 10.852000 0.039000
3052.632370 10.868000 0.036000
3054.659930 10.839000 0.038000
3056.701590 10.904000 0.039000
3059.595180 10.870000 0.042000
3061.643950 10.917000 0.041000
3066.522370 10.969000 0.040000
3068.582240 10.934000 0.041000
3072.635820 11.037000 0.038000
3075.583210 11.082000 0.039000
3081.622580 11.254000 0.037000
3086.504700 11.425000 0.038000
3088.551860 11.464000 0.040000
3090.547560 11.559000 0.049000
3093.519960 11.656000 0.038000
3097.519810 11.785000 0.040000
3101.560340 11.903000 0.039000
3103.566880 12.138000 0.039000
3106.514790 12.129000 0.038000
3108.529190 12.286000 0.038000
3110.536800 12.316000 0.036000
3113.504510 12.412000 0.038000
3115.523690 12.540000 0.038000
3116.495420 12.573000 0.040000
3125.498770 12.997000 0.040000
3128.483070 13.147000 0.038000
3131.476150 13.542000 0.039000
3134.475310 13.515000 0.040000
3296.814810 14.330000 0.054000
3357.676120 11.986000 0.038000
3366.703560 11.409000 0.050000
3382.662820 11.098000 0.042000
3389.615170 11.025000 0.041000
3391.654810 11.033000 0.046000
3397.607720 11.102000 0.041000
3399.666570 11.100000 0.052000
3406.693980 11.225000 0.046000
3408.706790 11.273000 0.049000
3411.607070 11.378000 0.045000
3413.653180 11.341000 0.046000
3415.658230 11.498000 0.051000
3417.653000 11.530000 0.048000
3420.554220 11.615000 0.043000
3424.619040 11.778000 0.052000
3426.616570 11.825000 0.044000
3428.622350 11.900000 0.049000
3430.623800 11.981000 0.043000
3432.623320 12.101000 0.050000
3437.612600 12.278000 0.042000
3440.604600 12.428000 0.045000
3450.555370 12.823000 0.041000
3453.536600 12.889000 0.039000
3455.557520 13.004000 0.046000
3457.567390 13.037000 0.049000
3459.581420 13.084000 0.046000
3462.503410 13.539000 0.048000
3464.568390 13.237000 0.046000
3470.528700 13.555000 0.049000
3472.549090 13.770000 0.045000
3481.504570 14.357000 0.045000
3483.524320 14.195000 0.050000
3490.504480 14.259000 0.048000
3630.870410 13.445000 0.041000
3640.853360 13.001000 0.043000
3644.858030 12.906000 0.047000
3652.847190 12.456000 0.040000
3655.861500 12.330000 0.041000
3658.848380 12.126000 0.040000
3662.838710 12.074000 0.042000
3665.844650 11.874000 0.044000
3672.836150 11.720000 0.045000
3675.808130 11.509000 0.042000
3680.824650 11.306000 0.044000
3701.737880 10.205000 0.050000
3704.731470 10.192000 0.043000
3711.748050 10.172000 0.042000
3713.740750 10.167000 0.040000
3716.703360 10.172000 0.040000
3718.734130 10.174000 0.049000
3724.711290 10.208000 0.043000
3726.834090 10.306000 0.045000
3730.674580 10.327000 0.045000
3735.804020 10.478000 0.049000
3742.822510 10.572000 0.046000
3750.690500 10.958000 0.045000
3753.684090 11.036000 0.044000
3755.732530 11.062000 0.053000
3757.761970 11.230000 0.046000
3765.611800 11.673000 0.045000
3779.679150 12.322000 0.052000
3783.588010 12.510000 0.049000
3795.621650 13.141000 0.041000
3797.646500 13.290000 0.047000
3800.553160 13.521000 0.045000
3803.554840 13.473000 0.048000
3810.600630 13.812000 0.050000
3812.612340 14.280000 0.046000
3814.613020 14.265000 0.048000
3824.576150 14.893000 0.050000
3830.487960 14.644000 0.041000
4090.698440 12.144000 0.041000
4103.755710 12.617000 0.044000
4106.631370 12.999000 0.038000
4109.659140 12.983000 0.050000
4126.712650 13.947000 0.040000
4139.623420 15.038000 0.045000
4334.921370 13.054000 0.041000
4341.898790 12.443000 0.042000
4345.908570 11.934000 0.042000
4350.892530 11.397000 0.046000
4358.896870 10.803000 0.041000
4362.891570 10.527000 0.041000
4366.863880 10.370000 0.041000
4373.874960 10.258000 0.041000
4377.867530 10.218000 0.042000
4381.863030 10.226000 0.043000
4385.846680 10.334000 0.040000
4398.865390 10.713000 0.047000
4402.825050 10.912000 0.047000
4406.836200 11.217000 0.053000
4409.796360 11.277000 0.047000
4412.831880 11.490000 0.043000
4420.814550 11.868000 0.048000
4423.778310 12.013000 0.043000
4427.758920 12.178000 0.042000
4430.755320 12.346000 0.042000
4433.740550 12.529000 0.039000
4436.733450 12.693000 0.041000
4439.721970 12.788000 0.041000
4448.706620 13.200000 0.040000
4456.742780 14.136000 0.044000
4459.713890 13.679000 0.049000
4461.802300 13.716000 0.046000
4464.649970 14.266000 0.042000
4466.749370 14.014000 0.047000
4469.673530 14.333000 0.043000
4478.645520 14.659000 0.041000
4480.754760 14.553000 0.049000
4702.918500 10.502000 0.038000
4722.881530 10.883000 0.037000
4726.892680 11.053000 0.038000
4730.890890 11.244000 0.040000
4741.869280 11.663000 0.041000
4750.834620 11.958000 0.040000
4753.854200 12.106000 0.040000
4757.832660 12.091000 0.039000
4761.816010 12.351000 0.039000
4764.832170 12.505000 0.040000
4767.832780 12.737000 0.038000
4770.809630 12.682000 0.038000
4773.818090 12.746000 0.044000
4776.814920 12.934000 0.039000
4779.790440 13.012000 0.040000
4783.791650 13.275000 0.043000
4787.812510 13.515000 0.041000
4793.756500 13.875000 0.038000
4796.803830 13.645000 0.043000
4805.722470 14.183000 0.040000
5084.881250 11.826000 0.051000
5089.886300 12.013000 0.050000
5099.880600 12.566000 0.052000
5106.842050 12.968000 0.048000
5111.849700 13.022000 0.049000
5131.830660 13.993000 0.050000
2968.752130 13.265000 0.055000
3079.619510 11.158000 0.052000
3362.691810 11.645000 0.058000
3386.753970 11.030000 0.050000
3434.621620 12.129000 0.058000
3468.511730 13.418000 0.050000
3475.499490 13.837000 0.058000
3478.501030 14.229000 0.054000
3648.867160 12.661000 0.057000
3721.730770 10.223000 0.055000
3733.686710 10.417000 0.051000
3740.688150 10.611000 0.051000
3748.657670 10.847000 0.056000
3760.641770 11.356000 0.056000
3767.704830 11.716000 0.050000
3772.654340 11.926000 0.052000
3775.582640 12.140000 0.058000
3787.662380 12.826000 0.054000
3790.574070 13.091000 0.057000
3793.568920 13.358000 0.052000
3808.604720 13.807000 0.056000
3817.545830 13.933000 0.055000
3819.576510 15.215000 0.055000
5093.878890 12.172000 0.061000
5123.868130 14.024000 0.055000
5128.843970 14.109000 0.057000
5135.844060 14.302000 0.054000
1985.542900 29.999000 0.055000
2171.871990 29.999000 0.044000
2173.851480 29.999000 0.043000
2183.862160 29.999000 0.043000
2185.816270 29.999000 0.047000
2189.855820 29.999000 0.047000
2193.784130 29.999000 0.042000
2197.819530 29.999000 0.056000
2199.820000 29.999000 0.051000
2201.822990 29.999000 0.048000
2208.793770 29.999000 0.047000
2212.754600 29.999000 0.049000
2213.795270 29.999000 0.046000
2215.755380 29.999000 0.048000
2216.802890 29.999000 0.050000
2221.748050 29.999000 0.048000
2222.789900 29.999000 0.053000
2224.776250 29.999000 0.049000
2232.766340 29.999000 0.050000
2235.751930 29.999000 0.049000
2239.736690 29.999000 0.050000
2240.742350 29.999000 0.053000
2243.731880 29.999000 0.055000
2497.928990 29.999000 0.056000
2499.931660 29.999000 0.055000
2520.880800 29.999000 0.052000
2539.856020 29.999000 0.051000
2558.842920 29.999000 0.054000
2561.801230 29.999000 0.038000
2565.817530 29.999000 0.046000
2629.720980 29.999000 0.048000
2885.879400 29.999000 0.043000
2893.894750 29.999000 0.040000
2896.882670 29.999000 0.039000
2905.890950 29.999000 0.038000
2905.893180 29.999000 0.039000
2910.856760 29.999000 0.043000
2912.864730 29.999000 0.041000
2916.821250 29.999000 0.041000
2921.873880 29.999000 0.054000
2923.844220 29.999000 0.040000
2927.800470 29.999000 0.037000
2930.837950 29.999000 0.037000
2933.817150 29.999000 0.039000
2939.856920 29.999000 0.047000
2944.756360 29.999000 0.041000
2946.795950 29.999000 0.040000
2947.797750 29.999000 0.043000
2948.810940 29.999000 0.039000
2951.786330 29.999000 0.039000
3270.879230 29.999000 0.042000
3274.883080 29.999000 0.042000
3278.864740 29.999000 0.042000
3495.481730 29.999000 0.049000
3503.453920 29.999000 0.049000
3822.544100 29.999000 0.052000
3826.574530 29.999000 0.049000
3832.531610 29.999000 0.043000
3834.548370 29.999000 0.045000
3836.552440 29.999000 0.045000
3849.476030 29.999000 0.048000
3851.509730 29.999000 0.051000
3854.481920 29.999000 0.054000
3858.475870 29.999000 0.046000
3861.478050 29.999000 0.052000
3864.463700 29.999000 0.043000
3866.455560 29.999000 0.052000
3866.482100 29.999000 0.043000
3868.455290 29.999000 0.052000
3868.461060 29.999000 0.046000
3868.483340 29.999000 0.045000
3869.474540 29.999000 0.043000
3870.464180 29.999000 0.049000
3870.492750 29.999000 0.052000
3871.454910 29.999000 0.045000
3871.457570 29.999000 0.042000
4132.732640 29.999000 0.042000
4137.613880 29.999000 0.045000
4143.673160 29.999000 0.053000
4146.587300 29.999000 0.044000
4149.698700 29.999000 0.040000
4152.540880 29.999000 0.040000
4154.579960 29.999000 0.055000
4156.601700 29.999000 0.063000
4160.659510 29.999000 0.049000
4162.655990 29.999000 0.051000
4165.576210 29.999000 0.057000
4168.609590 29.999000 0.053000
4173.586790 29.999000 0.053000
4175.589830 29.999000 0.045000
4179.576450 29.999000 0.045000
4181.602880 29.999000 0.047000
4185.500300 29.999000 0.040000
4189.512880 29.999000 0.042000
4191.537690 29.999000 0.046000
4193.549000 29.999000 0.047000
4197.524650 29.999000 0.042000
4200.533620 29.999000 0.049000
4203.528910 29.999000 0.050000
4216.503940 29.999000 0.043000
4228.468780 29.999000 0.046000
4231.460050 29.999000 0.045000
4234.456750 29.999000 0.044000
4472.750880 29.999000 0.050000
4475.638510 29.999000 0.042000
4484.644090 29.999000 0.045000
4486.704920 29.999000 0.047000
4488.749900 29.999000 0.047000
4493.654930 29.999000 0.042000
4499.645800 29.999000 0.049000
4504.669400 29.999000 0.052000
4507.574750 29.999000 0.042000
4509.656770 29.999000 0.048000
4516.671700 29.999000 0.051000
4519.565700 29.999000 0.046000
4521.602180 29.999000 0.049000
4523.625390 29.999000 0.044000
4525.641250 29.999000 0.050000
4527.664350 29.999000 0.045000
4530.593800 29.999000 0.043000
4532.644240 29.999000 0.042000
4536.516290 29.999000 0.046000
4538.582530 29.999000 0.046000
4541.528690 29.999000 0.046000
4543.553630 29.999000 0.045000
4547.595110 29.999000 0.045000
4553.539190 29.999000 0.044000
4555.565100 29.999000 0.044000
4557.563140 29.999000 0.043000
4560.537020 29.999000 0.047000
4562.560620 29.999000 0.045000
4565.493760 29.999000 0.044000
4568.510460 29.999000 0.045000
4570.520380 29.999000 0.044000
4573.505230 29.999000 0.044000
4576.489890 29.999000 0.042000
4580.490170 29.999000 0.043000
4585.484980 29.999000 0.043000
4589.478690 29.999000 0.042000
4592.469840 29.999000 0.042000
4595.463340 29.999000 0.046000
4599.465960 29.999000 0.044000
4808.709560 29.999000 0.039000
4810.742920 29.999000 0.046000
4814.738200 29.999000 0.045000
4820.774420 29.999000 0.051000
4823.716330 29.999000 0.049000
4826.698410 29.999000 0.043000
4833.796000 29.999000 0.043000
4836.651390 29.999000 0.047000
4838.722920 29.999000 0.042000
4842.669210 29.999000 0.050000
4845.673200 29.999000 0.056000
4847.745650 29.999000 0.050000
4850.650860 29.999000 0.051000
4853.631900 29.999000 0.046000
4856.620120 29.999000 0.049000
4859.627160 29.999000 0.044000
4862.635710 29.999000 0.053000
4869.588620 29.999000 0.057000
4871.665830 29.999000 0.048000
4877.584980 29.999000 0.055000
4880.591800 29.999000 0.047000
4882.639810 29.999000 0.054000
4888.589010 29.999000 0.059000
4893.577010 29.999000 0.053000
4900.587030 29.999000 0.062000
4904.589100 29.999000 0.064000
4906.621500 29.999000 0.060000
4917.557270 29.999000 0.061000
4920.559910 29.999000 0.060000
4936.528360 29.999000 0.059000
4939.512550 29.999000 0.058000
4954.487650 29.999000 0.059000
5154.797020 29.999000 0.055000
5163.737410 29.999000 0.059000
5166.748170 29.999000 0.056000
