2143.746030 14.494000 0.067000
2470.812580 12.557000 0.036000
2886.810930 13.012000 0.033000
2916.752230 13.242000 0.038000
3365.581410 29.999000 0.055000
4302.903920 13.355000 0.035000
1869.530430 14.325000 0.060000
1875.579430 14.012000 0.065000
1877.584820 14.031000 0.059000
1879.569970 14.149000 0.048000
1886.579050 13.980000 0.045000
1902.539960 13.366000 0.056000
1905.547530 13.076000 0.060000
1915.548710 12.365000 0.066000
2026.912550 12.170000 0.051000
2031.909190 12.281000 0.056000
2033.915150 12.304000 0.045000
2052.921860 12.741000 0.061000
2080.839510 13.153000 0.065000
2082.884130 13.285000 0.061000
2085.883270 13.257000 0.049000
2103.756150 13.493000 0.066000
2104.823110 13.716000 0.058000
2105.817750 13.649000 0.063000
2106.827580 13.707000 0.066000
2113.847670 13.856000 0.047000
2115.864970 13.820000 0.039000
2116.794790 13.804000 0.058000
2117.784490 13.964000 0.059000
2130.820040 14.135000 0.053000
2131.754720 14.102000 0.048000
2132.757220 14.000000 0.060000
2133.750400 14.040000 0.049000
2134.750470 14.101000 0.049000
2136.742580 13.938000 0.053000
2141.734780 14.176000 0.056000
2144.724140 14.512000 0.060000
2145.722070 14.295000 0.050000
2192.622170 14.274000 0.041000
2466.828910 12.511000 0.030000
2467.821070 12.555000 0.031000
2486.791790 12.869000 0.040000
2490.790690 13.094000 0.033000
2498.748090 13.138000 0.030000
2499.748770 13.028000 0.032000
2501.750070 13.230000 0.035000
2502.747930 13.149000 0.033000
2519.813040 13.684000 0.033000
2521.669240 13.796000 0.034000
2523.794340 13.691000 0.034000
2526.679800 13.802000 0.047000
2558.729680 14.493000 0.048000
2654.553730 14.212000 0.036000
2661.531950 13.944000 0.036000
2758.918020 10.659000 0.033000
2765.899610 10.636000 0.034000
2813.813000 11.303000 0.036000
2818.932300 11.305000 0.032000
2833.897300 11.558000 0.031000
2841.800950 11.789000 0.031000
2844.837990 11.837000 0.028000
2851.861330 11.993000 0.027000
2861.738860 12.207000 0.030000
2862.849440 12.332000 0.039000
2877.764840 12.669000 0.035000
2883.753520 12.809000 0.041000
2898.698020 13.138000 0.045000
2900.687060 13.191000 0.040000
2903.767360 13.166000 0.034000
2905.740750 13.190000 0.035000
2910.644630 13.377000 0.031000
2912.662450 13.415000 0.031000
2915.635000 13.362000 0.036000
2927.690710 13.516000 0.030000
2929.696610 13.763000 0.032000
2935.687290 14.027000 0.032000
2939.566060 14.235000 0.033000
3156.908220 11.024000 0.033000
3163.874540 10.657000 0.035000
3175.921020 10.450000 0.037000
3179.859270 10.448000 0.033000
3183.875170 10.504000 0.037000
3270.672770 12.703000 0.039000
3291.821690 12.937000 0.042000
3295.588530 13.197000 0.045000
3358.548730 14.556000 0.055000
3636.734250 12.287000 0.036000
3641.820010 12.353000 0.039000
3644.626190 12.468000 0.048000
3647.810930 12.476000 0.034000
3650.608710 12.563000 0.039000
3654.647190 12.672000 0.066000
3659.633920 12.672000 0.064000
3661.649030 12.841000 0.065000
3665.713780 12.819000 0.039000
3669.641660 12.812000 0.045000
3671.723320 12.881000 0.034000
3673.703650 12.903000 0.060000
3707.612130 13.587000 0.039000
3713.641810 13.694000 0.056000
3716.574470 13.985000 0.037000
3721.635330 13.798000 0.042000
3724.613970 13.894000 0.044000
3727.586110 13.739000 0.043000
3741.579020 14.120000 0.035000
3755.538080 14.422000 0.050000
3892.877240 13.970000 0.038000
3898.891380 13.566000 0.039000
3902.863340 13.733000 0.034000
3906.863360 13.744000 0.036000
3913.894920 13.452000 0.048000
4089.549060 12.249000 0.043000
4092.537970 12.669000 0.037000
4103.555940 12.531000 0.035000
4106.553400 12.754000 0.035000
4353.681970 14.236000 0.030000
4358.661180 13.753000 0.034000
4363.694360 13.183000 0.031000
4365.690690 13.209000 0.038000
4369.691720 12.606000 0.037000
4371.713090 12.418000 0.046000
4373.725550 12.153000 0.058000
4376.717020 11.968000 0.033000
4381.607740 11.813000 0.048000
4383.648940 11.698000 0.058000
4385.676010 11.585000 0.042000
4387.702100 11.535000 0.049000
4389.674090 11.550000 0.056000
4399.690430 11.528000 0.063000
4402.691990 11.497000 0.042000
4404.762900 11.504000 0.031000
4408.593020 11.626000 0.049000
4427.633020 12.076000 0.053000
4429.651880 12.064000 0.051000
4431.694590 12.154000 0.046000
4439.644610 12.258000 0.038000
4442.641700 12.407000 0.045000
4454.601630 12.498000 0.052000
4457.588490 12.575000 0.036000
4460.586470 12.591000 0.047000
4479.532410 12.858000 0.032000
4482.551730 13.228000 0.036000
4490.529520 13.042000 0.039000
4756.735680 13.838000 0.054000
4759.640530 13.923000 0.048000
4764.607570 13.501000 0.031000
4766.681740 13.701000 0.033000
4771.640900 13.389000 0.053000
4775.716140 13.028000 0.050000
4795.700210 11.805000 0.047000
4803.680030 11.559000 0.066000
4827.575370 11.422000 0.052000
2481.815950 12.753000 0.048000
1871.612530 14.139000 0.074000
1873.589580 13.995000 0.076000
2040.892640 12.447000 0.082000
2054.890110 12.936000 0.078000
2056.875180 12.766000 0.077000
2058.878440 12.940000 0.067000
2064.936400 13.016000 0.069000
2067.865850 12.931000 0.070000
2068.838860 13.376000 0.071000
2069.836590 13.020000 0.077000
2087.833230 13.385000 0.070000
2088.852510 13.261000 0.074000
2094.805900 13.418000 0.077000
2135.749060 13.967000 0.066000
2446.831280 12.173000 0.043000
2468.871840 12.576000 0.042000
2471.882010 12.674000 0.036000
2473.823560 12.675000 0.040000
2493.775550 13.148000 0.046000
2553.596890 14.198000 0.055000
2931.703880 13.823000 0.038000
3142.915170 11.898000 0.042000
3171.916570 10.479000 0.053000
3190.838930 10.675000 0.063000
3194.921320 10.696000 0.062000
3652.636600 12.714000 0.084000
3663.662460 12.729000 0.083000
3675.757740 13.011000 0.069000
3678.590920 12.995000 0.078000
3701.688340 13.383000 0.073000
3704.638770 13.619000 0.068000
3731.560130 13.983000 0.067000
3734.585910 14.048000 0.060000
3909.886100 13.388000 0.076000
4361.649140 13.496000 0.071000
4393.633710 11.437000 0.065000
4420.549530 11.988000 0.062000
4437.547140 12.234000 0.069000
4463.568150 12.712000 0.044000
4773.675050 13.164000 0.069000
4779.569600 12.752000 0.077000
4782.640530 12.472000 0.078000
4784.701920 12.396000 0.045000
4787.683540 12.318000 0.070000
4798.647460 11.679000 0.068000
4801.602710 11.592000 0.074000
4807.547250 11.438000 0.075000
4809.606660 11.341000 0.070000
4818.607480 11.635000 0.078000
4821.576390 11.356000 0.069000
4824.578160 11.352000 0.074000
4830.572320 11.448000 0.068000
4834.542520 11.479000 0.081000
4855.531130 11.925000 0.076000
2168.680540 29.999000 0.049000
2169.683050 29.999000 0.051000
2171.660640 29.999000 0.045000
2172.671700 29.999000 0.040000
2173.659730 29.999000 0.040000
2174.660330 29.999000 0.044000
2178.637190 29.999000 0.037000
2180.672870 29.999000 0.043000
2186.669450 29.999000 0.040000
2188.654290 29.999000 0.035000
2190.591480 29.999000 0.044000
2191.629710 29.999000 0.035000
2197.624200 29.999000 0.043000
2198.618550 29.999000 0.042000
2202.601780 29.999000 0.039000
2203.595960 29.999000 0.038000
2204.593870 29.999000 0.045000
2206.588020 29.999000 0.042000
2207.591380 29.999000 0.047000
2221.579960 29.999000 0.045000
2226.546230 29.999000 0.035000
2230.543670 29.999000 0.038000
2243.574890 29.999000 0.044000
2251.538330 29.999000 0.044000
2256.538210 29.999000 0.052000
2260.536870 29.999000 0.063000
2503.745860 29.999000 0.051000
2539.701550 29.999000 0.052000
2544.753800 29.999000 0.034000
2554.683410 29.999000 0.046000
2560.653760 29.999000 0.042000
2566.685740 29.999000 0.047000
2578.640060 29.999000 0.038000
2623.575880 29.999000 0.040000
2625.618630 29.999000 0.040000
2635.570060 29.999000 0.036000
2637.588860 29.999000 0.039000
2639.591830 29.999000 0.037000
2644.533670 29.999000 0.039000
2649.537750 29.999000 0.034000
2651.552330 29.999000 0.037000
2658.542210 29.999000 0.032000
2668.524250 29.999000 0.033000
2921.654460 29.999000 0.036000
2922.793830 29.999000 0.035000
2933.692530 29.999000 0.035000
2942.740130 29.999000 0.036000
2944.585560 29.999000 0.033000
2950.729240 29.999000 0.036000
2957.575920 29.999000 0.036000
2961.570880 29.999000 0.037000
2963.587140 29.999000 0.032000
2965.590510 29.999000 0.034000
2969.578460 29.999000 0.034000
2980.613970 29.999000 0.037000
2986.636040 29.999000 0.034000
3025.543810 29.999000 0.034000
3747.559410 29.999000 0.059000
3764.525070 29.999000 0.059000
3860.914720 29.999000 0.038000
3864.918950 29.999000 0.038000
3868.902340 29.999000 0.039000
3872.889950 29.999000 0.037000
4255.898220 29.999000 0.031000
4298.815500 29.999000 0.056000
4316.747510 29.999000 0.029000
4350.845290 29.999000 0.078000
4594.913840 29.999000 0.039000
4663.890880 29.999000 0.035000
1889.531250 29.999000 0.055000
2164.682400 29.999000 0.049000
2167.661950 29.999000 0.050000
2175.649550 29.999000 0.048000
2177.630200 29.999000 0.044000
2184.673530 29.999000 0.043000
2185.641180 29.999000 0.038000
2193.625470 29.999000 0.044000
2195.618650 29.999000 0.044000
2196.622250 29.999000 0.044000
2199.612390 29.999000 0.048000
2201.601090 29.999000 0.040000
2212.594620 29.999000 0.040000
2214.592780 29.999000 0.036000
2215.592620 29.999000 0.036000
2216.592830 29.999000 0.043000
2217.592440 29.999000 0.038000
2219.560910 29.999000 0.050000
2224.537860 29.999000 0.043000
2228.549710 29.999000 0.042000
2233.541030 29.999000 0.041000
2239.520450 29.999000 0.043000
2241.565200 29.999000 0.040000
2248.559410 29.999000 0.043000
2253.582740 29.999000 0.047000
2559.655380 29.999000 0.033000
2561.645180 29.999000 0.041000
2621.556940 29.999000 0.046000
2641.599060 29.999000 0.033000
2664.528210 29.999000 0.035000
2924.779190 29.999000 0.040000
2949.577630 29.999000 0.035000
2971.598220 29.999000 0.035000
2976.543150 29.999000 0.052000
2978.580090 29.999000 0.036000
2982.622980 29.999000 0.039000
2984.621980 29.999000 0.040000
2991.626880 29.999000 0.032000
2994.589360 29.999000 0.034000
3005.581490 29.999000 0.035000
3007.596240 29.999000 0.036000
3013.568240 29.999000 0.034000
3017.557940 29.999000 0.031000
3398.524260 29.999000 0.078000
3750.556940 29.999000 0.040000
4230.916980 29.999000 0.060000
4268.936470 29.999000 0.040000
4273.852450 29.999000 0.050000
4284.852850 29.999000 0.069000
4300.848920 29.999000 0.049000
4304.816560 29.999000 0.035000
4306.805800 29.999000 0.032000
4308.804920 29.999000 0.040000
4310.821200 29.999000 0.035000
4329.851000 29.999000 0.035000
4331.774320 29.999000 0.042000
4336.751690 29.999000 0.034000
4339.716060 29.999000 0.034000
4346.775910 29.999000 0.045000
4355.732780 29.999000 0.032000
4590.922730 29.999000 0.036000
4599.914720 29.999000 0.042000
4603.905020 29.999000 0.045000
4610.893800 29.999000 0.055000
4617.930170 29.999000 0.038000
4622.915510 29.999000 0.044000
4629.891810 29.999000 0.050000
4632.881380 29.999000 0.040000
4639.870500 29.999000 0.040000
4643.938160 29.999000 0.042000
4646.874040 29.999000 0.059000
4649.853730 29.999000 0.066000
4652.853360 29.999000 0.035000
4655.844470 29.999000 0.039000
4661.845110 29.999000 0.040000
4665.863650 29.999000 0.057000
4672.848940 29.999000 0.039000
4675.843420 29.999000 0.039000
4681.829660 29.999000 0.045000
4684.767490 29.999000 0.036000
4686.775110 29.999000 0.059000
4690.756420 29.999000 0.036000
4697.790930 29.999000 0.045000
4701.795790 29.999000 0.032000
4704.709560 29.999000 0.078000
4707.708390 29.999000 0.035000
4716.716510 29.999000 0.035000
4720.688840 29.999000 0.048000
4722.717470 29.999000 0.041000
4725.731830 29.999000 0.072000
4728.706280 29.999000 0.037000
4730.767380 29.999000 0.044000
4733.835060 29.999000 0.038000
4738.732160 29.999000 0.036000
4741.668610 29.999000 0.049000
4743.693480 29.999000 0.053000
4747.659440 29.999000 0.074000
4750.603810 29.999000 0.045000
4754.714150 29.999000 0.037000
4761.728860 29.999000 0.033000
4769.594820 29.999000 0.047000
4989.867530 29.999000 0.040000
5013.889210 29.999000 0.047000
5023.834290 29.999000 0.039000
5039.810810 29.999000 0.043000
5041.805810 29.999000 0.036000
5043.834850 29.999000 0.043000
5082.860690 29.999000 0.056000
5105.641140 29.999000 0.045000
5124.706740 29.999000 0.037000
5131.776750 29.999000 0.051000
