2916.770720 12.587000 0.028000
2976.691850 10.606000 0.034000
2993.727490 9.249000 0.024000
2993.729820 9.261000 0.023000
2993.734470 9.256000 0.024000
2993.736820 9.249000 0.024000
2993.739170 9.255000 0.024000
2993.741510 9.249000 0.024000
2993.743880 9.246000 0.025000
2993.746210 9.249000 0.026000
2993.748540 9.246000 0.025000
2993.750890 9.256000 0.025000
2993.753240 9.265000 0.024000
2993.755570 9.254000 0.024000
2993.760980 9.262000 0.031000
2993.766430 9.279000 0.024000
2994.568670 9.275000 0.023000
2994.574290 9.190000 0.023000
2994.579490 9.203000 0.025000
2998.683080 8.846000 0.024000
3273.844990 12.020000 0.027000
3356.685450 8.121000 0.027000
4091.635860 11.163000 0.028000
4106.715240 11.603000 0.031000
4145.621670 12.557000 0.029000
4159.582250 12.921000 0.033000
4161.585300 12.836000 0.034000
4331.905170 8.687000 0.026000
4340.872480 8.941000 0.027000
4343.895140 9.059000 0.035000
4349.872020 9.268000 0.027000
4354.863410 9.487000 0.025000
4358.852200 9.647000 0.031000
4362.841040 9.856000 0.038000
4365.835570 9.975000 0.025000
4368.854640 10.156000 0.030000
4371.845130 10.250000 0.028000
4375.870670 10.386000 0.029000
4381.816720 10.704000 0.037000
4384.799130 10.785000 0.030000
4387.795140 10.850000 0.027000
4399.809620 11.227000 0.032000
4403.796370 11.371000 0.027000
4407.790270 11.484000 0.031000
4413.771550 11.655000 0.030000
4420.753620 11.970000 0.037000
4423.700630 11.942000 0.030000
4430.723940 12.126000 0.030000
4437.734230 12.387000 0.030000
4440.661480 12.471000 0.032000
4448.750830 12.661000 0.029000
4453.684680 12.603000 0.029000
4463.626450 13.070000 0.032000
4465.711980 13.318000 0.032000
4468.672920 12.929000 0.031000
4477.649690 13.359000 0.031000
4479.717930 13.234000 0.036000
4489.671740 13.554000 0.028000
4498.609210 13.689000 0.029000
4512.533940 14.060000 0.035000
4518.595530 13.360000 0.031000
4532.535370 13.555000 0.031000
4535.529610 13.515000 0.030000
4543.508340 13.124000 0.034000
4546.510820 12.984000 0.036000
4548.521080 12.656000 0.038000
4704.887880 10.212000 0.027000
4708.893340 10.436000 0.027000
4721.868040 10.979000 0.026000
4726.838140 11.146000 0.028000
4743.826260 11.645000 0.026000
4749.830190 11.997000 0.033000
4752.796440 11.960000 0.027000
4755.794470 12.155000 0.028000
4758.824840 12.437000 0.029000
4761.775920 12.289000 0.026000
4764.766140 12.444000 0.025000
4767.756840 12.575000 0.026000
4773.746850 12.669000 0.029000
4776.736080 12.603000 0.026000
4779.717750 12.781000 0.027000
4786.716400 13.203000 0.027000
4792.692970 13.340000 0.025000
4795.691020 13.140000 0.026000
4798.687070 13.704000 0.029000
4800.744570 13.177000 0.034000
4805.764520 13.338000 0.025000
4821.754210 14.039000 0.028000
4834.735460 14.226000 0.027000
4857.638880 13.574000 0.029000
5087.855270 12.941000 0.036000
5098.842650 13.245000 0.033000
2947.735980 11.787000 0.037000
4104.679030 11.588000 0.041000
4125.602810 12.187000 0.034000
4132.574950 12.294000 0.044000
4134.610570 12.386000 0.041000
4136.610570 12.453000 0.037000
4140.631100 12.825000 0.033000
4143.579460 12.533000 0.041000
4150.544030 12.743000 0.051000
4152.579040 12.862000 0.034000
4164.547050 13.166000 0.040000
4167.533310 13.246000 0.049000
4173.541120 13.178000 0.030000
4176.514800 13.011000 0.042000
4180.522250 13.516000 0.031000
4184.499600 13.450000 0.035000
4190.495480 12.761000 0.046000
4198.477730 13.014000 0.049000
4306.934310 8.548000 0.052000
4378.825240 10.564000 0.039000
4410.740160 11.672000 0.042000
4432.736610 12.222000 0.030000
4435.671760 12.439000 0.033000
4474.700780 13.026000 0.039000
4487.652740 13.533000 0.037000
4503.638360 13.914000 0.035000
4506.586060 14.493000 0.035000
4521.546990 13.490000 0.033000
4523.565470 13.260000 0.038000
4526.557600 12.913000 0.041000
4555.485930 12.557000 0.037000
4561.484600 12.358000 0.036000
4746.814590 11.727000 0.048000
4848.632770 14.474000 0.042000
4871.547820 13.250000 0.041000
4880.547710 13.230000 0.032000
4882.603880 13.670000 0.048000
4888.578090 13.343000 0.046000
4904.531660 12.952000 0.039000
4907.514470 13.092000 0.049000
4910.512520 12.982000 0.050000
4916.491530 12.653000 0.042000
5069.903670 12.244000 0.052000
5075.902960 12.441000 0.051000
5104.888150 13.271000 0.041000
4460.762950 29.999000 0.032000
4508.641930 29.999000 0.038000
4516.533850 29.999000 0.036000
4529.543470 29.999000 0.036000
4803.662820 29.999000 0.027000
4808.653170 29.999000 0.027000
4813.678030 29.999000 0.032000
4815.800460 29.999000 0.029000
4819.628400 29.999000 0.033000
4824.651850 29.999000 0.036000
4827.635650 29.999000 0.026000
4829.701300 29.999000 0.032000
4840.626320 29.999000 0.034000
4842.712910 29.999000 0.038000
4845.701970 29.999000 0.041000
4851.617840 29.999000 0.046000
4877.546220 29.999000 0.046000
5118.778950 29.999000 0.035000
5135.827320 29.999000 0.041000
5155.738430 29.999000 0.035000
5158.717350 29.999000 0.040000
5161.809080 29.999000 0.051000
5164.679640 29.999000 0.037000
5168.705640 29.999000 0.048000
3628.843220 10.823000 0.028000
4306.932270 8.557000 0.029000
4338.900280 8.932000 0.027000
4353.847160 9.499000 0.028000
4357.825500 9.611000 0.031000
4361.826140 9.809000 0.028000
4363.844620 9.925000 0.028000
4365.826080 9.997000 0.027000
4368.814150 10.135000 0.029000
4384.766900 10.762000 0.032000
4684.926140 9.119000 0.027000
4690.917500 9.474000 0.028000
4704.885960 10.288000 0.027000
4708.887830 10.459000 0.026000
4720.886030 10.938000 0.027000
4741.813910 11.627000 0.026000
5098.824620 13.403000 0.034000
3385.630870 9.055000 0.047000
3399.572530 9.718000 0.042000
4331.916000 8.727000 0.040000
4334.901290 8.793000 0.039000
5092.853120 12.983000 0.040000
5104.866460 13.382000 0.046000
4753.778240 29.999000 0.030000
2499.887150 11.480000 0.033000
2502.871200 11.547000 0.034000
2519.822420 12.123000 0.029000
2561.745930 13.249000 0.025000
2621.643170 12.693000 0.026000
2622.724130 12.786000 0.028000
2627.641920 12.434000 0.026000
2629.641400 12.326000 0.026000
2634.695280 12.395000 0.029000
2638.712840 12.235000 0.027000
2640.710770 12.173000 0.026000
2642.708530 12.168000 0.026000
2644.704310 12.092000 0.026000
2646.683640 12.064000 0.026000
2655.561560 11.867000 0.033000
2658.574270 11.679000 0.028000
2662.578330 11.569000 0.029000
2664.574300 11.466000 0.027000
2666.571620 11.293000 0.026000
2668.577220 11.164000 0.025000
2670.572550 11.003000 0.027000
2672.575420 10.808000 0.027000
2674.563080 10.610000 0.026000
2676.556430 10.389000 0.025000
2684.539520 9.609000 0.028000
2686.553770 9.487000 0.030000
2690.554800 9.311000 0.027000
2694.558390 9.241000 0.027000
2696.555920 9.231000 0.027000
2698.550010 9.220000 0.026000
2700.554630 9.199000 0.025000
2702.546290 9.208000 0.026000
2704.534860 9.231000 0.025000
2710.501580 9.368000 0.029000
2712.527570 9.387000 0.029000
2715.502940 9.424000 0.029000
2718.505470 9.480000 0.026000
2726.493620 9.535000 0.027000
2729.481650 9.563000 0.029000
2841.918870 12.107000 0.029000
2854.916500 12.363000 0.026000
2859.882090 12.456000 0.026000
2862.893110 12.576000 0.029000
2867.892280 12.739000 0.027000
2876.865010 12.635000 0.025000
2884.851860 13.166000 0.027000
2892.910740 12.638000 0.030000
2894.844170 12.778000 0.026000
2900.888550 12.719000 0.033000
2905.810800 12.750000 0.026000
2908.826320 12.598000 0.026000
2911.789510 12.506000 0.025000
2915.814810 12.590000 0.026000
2917.848730 12.424000 0.037000
2923.794280 12.479000 0.026000
2927.847480 12.394000 0.026000
2929.755810 12.294000 0.028000
2931.794460 12.250000 0.027000
2933.782520 12.212000 0.028000
2935.765940 12.182000 0.026000
2939.757880 11.987000 0.024000
2943.708640 11.902000 0.027000
2949.732630 11.658000 0.028000
2955.739960 11.463000 0.028000
2957.743730 11.407000 0.027000
2961.801560 11.253000 0.027000
2964.677200 11.168000 0.025000
2966.707640 11.082000 0.027000
2971.656700 10.881000 0.025000
2982.667270 10.224000 0.033000
2984.667000 10.045000 0.027000
2986.694400 9.893000 0.026000
2988.749310 9.689000 0.029000
2991.601980 9.440000 0.025000
2993.655730 9.273000 0.025000
2995.719490 9.103000 0.025000
3000.752690 8.691000 0.027000
3009.645960 8.232000 0.028000
3011.638450 8.173000 0.029000
3013.644050 8.134000 0.027000
3018.650020 8.054000 0.026000
3031.599790 8.201000 0.026000
3037.551280 8.306000 0.027000
3041.556140 8.397000 0.030000
3044.541950 8.487000 0.026000
3046.615610 8.572000 0.028000
3049.591510 8.684000 0.026000
3057.590730 8.977000 0.026000
3064.511900 9.206000 0.027000
3068.512110 9.334000 0.028000
3071.519520 9.424000 0.029000
3075.511850 9.559000 0.029000
3078.503510 9.651000 0.026000
3098.476780 10.240000 0.030000
3268.823520 12.253000 0.025000
3273.820160 12.128000 0.027000
3276.816930 12.073000 0.030000
3291.785600 11.559000 0.027000
3295.753590 11.361000 0.027000
3298.774670 11.236000 0.027000
3355.612540 8.103000 0.026000
3357.682730 8.104000 0.032000
3576.926330 12.996000 0.031000
3590.921290 12.516000 0.028000
3601.906700 12.160000 0.030000
3619.851090 11.466000 0.032000
3622.885980 11.302000 0.027000
3629.851470 10.742000 0.029000
3633.825090 10.296000 0.029000
3638.832470 9.706000 0.026000
3641.814710 9.435000 0.028000
3651.786170 8.686000 0.028000
3654.775900 8.543000 0.027000
3658.773870 8.336000 0.027000
3664.803810 8.105000 0.030000
3668.759130 8.006000 0.027000
3671.738610 7.996000 0.028000
3673.791960 8.016000 0.030000
3676.727140 8.050000 0.028000
3680.732380 8.112000 0.027000
3700.670930 8.582000 0.034000
3703.682980 8.730000 0.030000
3706.655570 8.877000 0.029000
3711.672810 9.094000 0.029000
3713.661170 9.195000 0.035000
3721.683660 9.501000 0.032000
3726.700490 9.684000 0.032000
3735.643650 9.994000 0.033000
3738.604270 10.099000 0.030000
3752.661180 10.532000 0.036000
3757.653940 10.682000 0.030000
3778.600460 11.288000 0.035000
3791.552810 11.661000 0.034000
3794.540830 11.690000 0.030000
3808.505660 11.908000 0.031000
4090.754100 11.184000 0.033000
4104.634550 11.579000 0.035000
4125.599720 12.038000 0.030000
4129.545950 12.177000 0.029000
4143.557880 12.589000 0.034000
4145.607010 12.706000 0.032000
4184.489390 13.143000 0.033000
4307.923200 8.502000 0.029000
4311.932190 8.425000 0.028000
4331.874930 8.653000 0.027000
4364.796880 9.906000 0.026000
4367.837940 10.036000 0.030000
4375.849940 10.439000 0.032000
4381.795910 10.608000 0.032000
4392.795370 11.006000 0.029000
4411.770210 11.583000 0.030000
4422.803270 11.919000 0.034000
4426.686490 12.016000 0.033000
4437.658270 12.402000 0.026000
4453.657180 12.701000 0.032000
4462.632890 13.103000 0.031000
4491.653500 13.298000 0.037000
4498.580060 13.598000 0.032000
4504.563890 13.603000 0.035000
4521.578670 13.981000 0.031000
4533.514900 13.467000 0.032000
4724.870510 11.124000 0.030000
4727.857590 11.115000 0.029000
4730.878310 11.283000 0.029000
4749.819010 12.001000 0.027000
4752.779100 11.987000 0.030000
4760.757130 12.275000 0.028000
4766.737260 12.392000 0.026000
4769.737140 12.446000 0.026000
4772.726720 12.710000 0.028000
4775.712100 12.685000 0.026000
4777.791800 12.838000 0.025000
4807.671930 13.325000 0.027000
4353.849700 9.439000 0.027000
4357.844870 9.567000 0.028000
4361.846530 9.750000 0.029000
4384.781180 10.694000 0.031000
4387.777300 10.857000 0.030000
4402.777210 11.284000 0.028000
4704.873350 10.250000 0.026000
4720.879080 10.909000 0.026000
4740.788320 11.493000 0.027000
4743.805720 11.797000 0.027000
5086.903370 12.683000 0.035000
1950.558750 13.685000 0.039000
1965.528590 13.092000 0.039000
2495.902780 11.282000 0.052000
2497.892020 11.403000 0.038000
2557.736300 12.889000 0.043000
2660.579030 11.662000 0.040000
2688.556110 9.394000 0.034000
2692.551980 9.277000 0.031000
2721.500810 9.523000 0.047000
2724.491070 9.532000 0.046000
2945.710890 11.846000 0.055000
3055.553050 8.889000 0.041000
3081.504700 9.750000 0.040000
3092.485210 10.101000 0.051000
3398.587900 9.666000 0.041000
3406.548220 10.007000 0.046000
3408.566640 10.125000 0.045000
3410.607050 10.114000 0.042000
3413.547920 10.215000 0.041000
3419.518560 10.433000 0.032000
3421.556570 10.495000 0.049000
3431.542880 10.814000 0.037000
3433.552790 10.885000 0.048000
3437.518800 11.020000 0.031000
3440.513690 11.092000 0.038000
3446.504390 11.190000 0.045000
3456.488940 11.462000 0.035000
3459.486820 11.546000 0.035000
3644.814280 9.200000 0.034000
3715.699200 9.231000 0.040000
3719.650180 9.402000 0.044000
3724.643500 9.601000 0.039000
3728.751760 9.766000 0.044000
3732.640930 9.891000 0.035000
3740.652690 10.156000 0.034000
3747.571650 10.348000 0.039000
3749.698000 10.429000 0.040000
3755.594300 10.617000 0.035000
3763.595070 10.896000 0.047000
3766.575260 10.956000 0.039000
3769.563020 11.048000 0.037000
3774.524130 11.227000 0.049000
3776.574900 11.218000 0.043000
3788.570980 11.498000 0.035000
3801.510840 11.874000 0.035000
3804.511890 11.946000 0.038000
3810.527290 12.169000 0.043000
3813.505430 12.210000 0.038000
3816.504690 12.169000 0.034000
3820.488970 12.241000 0.037000
3823.484970 12.406000 0.040000
4131.589670 12.324000 0.037000
4133.608990 12.234000 0.041000
4135.631210 12.392000 0.034000
4140.596700 12.503000 0.031000
4150.540770 12.832000 0.033000
4152.575780 13.049000 0.037000
4156.522570 12.840000 0.042000
4161.537010 13.201000 0.037000
4167.516490 12.971000 0.034000
4176.508980 13.074000 0.036000
4378.805760 10.545000 0.034000
4406.742680 11.410000 0.037000
4409.717450 11.606000 0.030000
4420.726300 11.865000 0.039000
4432.659820 12.192000 0.030000
4476.645910 13.906000 0.037000
4507.537950 13.315000 0.037000
4546.504010 12.876000 0.036000
4549.498920 12.888000 0.038000
4554.483040 12.347000 0.034000
4746.787790 11.894000 0.042000
4797.723770 13.363000 0.036000
4833.691720 14.119000 0.041000
4905.505790 12.910000 0.053000
5072.917110 12.294000 0.040000
5089.880630 13.024000 0.044000
5104.853900 13.354000 0.042000
4342.888620 9.032000 0.038000
4348.863870 9.268000 0.040000
4708.876650 10.384000 0.031000
4757.857180 12.200000 0.036000
5098.800490 13.231000 0.038000
2896.843850 29.999000 0.026000
2921.799350 29.999000 0.034000
4159.519930 29.999000 0.033000
4173.534460 29.999000 0.030000
4457.627660 29.999000 0.037000
4459.685270 29.999000 0.037000
4467.626060 29.999000 0.041000
4469.717560 29.999000 0.032000
4473.653650 29.999000 0.047000
4478.700440 29.999000 0.036000
4489.606210 29.999000 0.029000
4494.577870 29.999000 0.040000
4501.565080 29.999000 0.037000
4512.522450 29.999000 0.036000
4516.522800 29.999000 0.034000
4519.521070 29.999000 0.032000
4524.528640 29.999000 0.034000
4527.525920 29.999000 0.036000
4530.529370 29.999000 0.037000
4539.504330 29.999000 0.039000
4543.498850 29.999000 0.036000
4836.612590 29.999000 0.033000
4840.580910 29.999000 0.041000
4842.688740 29.999000 0.037000
4845.680960 29.999000 0.038000
4860.648700 29.999000 0.029000
4867.562690 29.999000 0.033000
4870.569520 29.999000 0.040000
4876.554630 29.999000 0.043000
4879.557850 29.999000 0.040000
3797.524950 29.999000 0.041000
4334.886560 29.999000 0.049000
4439.778900 29.999000 0.034000
4464.703370 29.999000 0.033000
4780.706980 29.999000 0.029000
4786.687110 29.999000 0.028000
4794.725000 29.999000 0.029000
4802.786030 29.999000 0.039000
4805.647580 29.999000 0.027000
4814.728360 29.999000 0.037000
4823.658930 29.999000 0.034000
4828.673410 29.999000 0.040000
4831.612810 29.999000 0.039000
4848.619580 29.999000 0.045000
4851.612010 29.999000 0.042000
4857.628120 29.999000 0.032000
4872.609330 29.999000 0.041000
4882.560310 29.999000 0.045000
5092.848100 29.999000 0.036000
5113.830880 29.999000 0.040000
5129.728840 29.999000 0.051000
5131.783320 29.999000 0.040000
5144.760990 29.999000 0.036000
5147.821400 29.999000 0.037000
5155.716920 29.999000 0.041000
5158.699160 29.999000 0.042000
5168.680960 29.999000 0.048000
4339.912290 8.942000 0.036000
4357.873330 9.640000 0.041000
4361.855050 9.813000 0.035000
4364.836990 9.969000 0.037000
4413.810550 11.697000 0.042000
4691.924200 9.518000 0.037000
4700.904690 10.048000 0.036000
4705.893220 10.296000 0.037000
4709.888060 10.502000 0.043000
4740.835110 11.624000 0.036000
4743.835430 11.722000 0.036000
5088.868870 12.936000 0.044000
5098.855610 13.179000 0.045000
3365.676770 8.251000 0.043000
3385.633970 9.026000 0.049000
5092.849860 13.042000 0.047000
4353.876750 29.999000 0.042000
4367.839830 29.999000 0.037000
4731.900050 29.999000 0.046000
4746.821410 29.999000 0.044000
4767.762120 29.999000 0.037000
5082.911670 29.999000 0.053000
5104.868380 29.999000 0.052000
5118.781530 29.999000 0.048000
