2622.734030 9.114000 0.035000
2627.824730 9.204000 0.040000
2634.831030 9.337000 0.039000
2655.813220 9.979000 0.044000
2728.672110 11.777000 0.037000
2923.874670 11.516000 0.035000
2927.866080 11.540000 0.034000
2931.867070 11.395000 0.036000
2947.835810 11.051000 0.045000
2992.807120 9.946000 0.036000
2998.800840 9.863000 0.036000
3053.762550 9.141000 0.043000
3356.827900 11.213000 0.046000
3730.817090 12.275000 0.053000
4107.764740 14.016000 0.037000
4125.723730 13.855000 0.045000
4127.782400 13.157000 0.037000
4130.707600 12.878000 0.040000
4132.760790 12.889000 0.039000
4134.790300 12.889000 0.041000
4136.808390 12.697000 0.044000
4139.689530 12.707000 0.040000
4143.742450 12.458000 0.042000
4145.820980 12.416000 0.041000
4149.691510 12.743000 0.041000
4151.741620 12.309000 0.038000
4153.728840 12.214000 0.041000
4160.694610 12.016000 0.038000
4162.698430 11.918000 0.039000
4164.722480 11.900000 0.043000
4167.674620 11.787000 0.040000
4172.722550 11.630000 0.037000
4174.742450 11.555000 0.039000
4176.810640 11.539000 0.041000
4179.748650 11.486000 0.043000
4183.843820 11.368000 0.053000
4191.661700 11.315000 0.037000
4193.692850 11.279000 0.040000
4196.727450 11.382000 0.046000
4202.534730 11.300000 0.040000
4204.645850 11.268000 0.037000
4213.567410 11.121000 0.040000
4228.616280 10.808000 0.039000
4373.890900 10.774000 0.044000
4380.886680 10.936000 0.044000
4385.883360 11.031000 0.037000
4391.870560 11.244000 0.054000
4408.859820 11.673000 0.041000
4422.845870 12.028000 0.044000
4427.847500 12.256000 0.038000
4431.814320 12.232000 0.037000
4437.845890 12.597000 0.040000
4441.798760 12.782000 0.040000
4453.776420 13.120000 0.039000
4456.847430 12.887000 0.038000
4459.825620 13.319000 0.044000
4462.805420 13.438000 0.038000
4465.792730 13.731000 0.046000
4471.816160 13.146000 0.041000
4476.775970 13.957000 0.050000
4479.759730 13.483000 0.039000
4482.785820 12.864000 0.044000
4485.820560 13.955000 0.037000
4490.794750 13.835000 0.036000
4492.835470 13.652000 0.038000
4498.848620 13.631000 0.037000
4503.790000 14.090000 0.041000
4508.761410 13.888000 0.038000
4519.758380 13.365000 0.040000
4524.636320 13.811000 0.037000
4526.688530 13.537000 0.038000
4528.742100 13.762000 0.037000
4536.697970 13.612000 0.036000
4538.740480 13.497000 0.039000
4540.796280 13.632000 0.041000
4542.688580 13.067000 0.043000
4548.728600 13.287000 0.041000
4551.662090 13.270000 0.038000
4553.695260 13.058000 0.036000
4555.710580 12.997000 0.037000
4557.762240 12.771000 0.037000
4560.584620 12.870000 0.036000
4562.632910 12.833000 0.038000
4564.716480 12.662000 0.037000
4571.526680 12.368000 0.039000
4573.569030 12.213000 0.038000
4585.628750 12.116000 0.036000
4594.555440 11.936000 0.037000
4608.604820 11.701000 0.039000
4639.515230 11.151000 0.039000
4641.566850 11.121000 0.040000
4648.507110 11.041000 0.042000
4651.502010 11.010000 0.045000
4653.507240 10.963000 0.041000
4655.499890 10.964000 0.046000
4659.500590 10.899000 0.039000
4666.470010 10.778000 0.039000
4670.470230 10.698000 0.040000
4674.470800 10.530000 0.041000
4681.476240 10.114000 0.049000
4684.468680 10.073000 0.042000
4746.882640 9.873000 0.042000
4753.878280 9.959000 0.038000
4758.868830 10.005000 0.039000
4762.864260 10.043000 0.038000
4767.857470 10.121000 0.035000
4771.848140 10.201000 0.037000
4775.839340 10.276000 0.036000
4779.833630 10.334000 0.043000
4784.829520 10.452000 0.038000
4792.813580 10.642000 0.039000
4796.838650 10.826000 0.041000
4800.788960 10.885000 0.046000
4804.819100 10.958000 0.038000
4807.826490 11.330000 0.040000
4813.809930 11.173000 0.041000
4816.816270 11.283000 0.040000
4820.778050 11.387000 0.040000
4823.804380 11.459000 0.037000
4826.830560 11.501000 0.038000
4829.792000 11.622000 0.037000
4844.839720 11.972000 0.041000
4847.754230 12.011000 0.039000
4850.736890 12.125000 0.038000
4853.757070 12.105000 0.041000
4856.787370 12.345000 0.038000
4860.732240 12.427000 0.041000
4862.815980 12.467000 0.042000
4865.743920 12.158000 0.043000
4868.716080 12.510000 0.040000
4870.784850 12.604000 0.038000
4876.727280 13.078000 0.040000
4879.728210 12.807000 0.039000
4882.656910 12.900000 0.040000
4884.747540 12.757000 0.043000
4892.640710 13.411000 0.055000
4902.679770 13.360000 0.054000
4907.718230 13.489000 0.051000
4914.624730 13.853000 0.051000
4916.666040 13.750000 0.052000
4921.577290 13.522000 0.051000
4926.599420 13.753000 0.055000
4952.676020 13.740000 0.053000
5024.513540 11.078000 0.055000
5037.470560 10.985000 0.050000
5039.487750 10.951000 0.054000
5125.873930 9.370000 0.050000
5140.846480 9.389000 0.055000
5147.848790 9.438000 0.050000
5158.818190 9.565000 0.053000
5163.835990 9.632000 0.053000
4662.501560 10.764000 0.052000
4905.660930 13.418000 0.057000
4938.622790 14.071000 0.060000
4945.693140 13.466000 0.059000
4959.565610 13.083000 0.059000
3666.860170 29.999000 0.052000
4090.779680 29.999000 0.039000
4111.825200 29.999000 0.042000
4488.733280 29.999000 0.044000
4515.670420 29.999000 0.043000
4936.571820 29.999000 0.055000
1880.764680 11.105000 0.041000
1954.677570 12.792000 0.038000
2190.860460 8.526000 0.039000
2192.866350 8.419000 0.039000
2194.864610 8.395000 0.037000
2197.850030 8.304000 0.045000
2199.859570 8.317000 0.050000
2201.853000 8.266000 0.038000
2206.819490 8.299000 0.039000
2211.865280 8.355000 0.037000
2213.814580 8.396000 0.039000
2215.825470 8.472000 0.039000
2217.820900 8.540000 0.042000
2221.842100 8.631000 0.046000
2224.841590 8.728000 0.038000
2226.807430 8.786000 0.039000
2228.799770 8.831000 0.039000
2230.798620 8.877000 0.040000
2233.768850 8.971000 0.039000
2235.782960 9.049000 0.038000
2237.777540 9.105000 0.045000
2240.755310 9.172000 0.046000
2242.763750 9.233000 0.045000
2248.724210 9.442000 0.044000
3362.756720 10.894000 0.043000
3387.781250 10.754000 0.035000
3390.708770 10.706000 0.035000
3400.759360 10.521000 0.033000
3452.622630 8.625000 0.037000
2244.768800 9.296000 0.049000
2251.756220 9.520000 0.048000
1868.834110 10.835000 0.048000
1884.770040 11.256000 0.039000
1886.741660 11.301000 0.041000
1887.828260 11.261000 0.041000
1889.753120 11.343000 0.038000
1900.808710 11.578000 0.037000
1902.837990 11.628000 0.039000
1904.698650 11.681000 0.047000
1906.827630 11.726000 0.038000
1907.771890 11.808000 0.037000
1913.740870 11.856000 0.037000
1914.747360 11.888000 0.040000
1915.752630 11.922000 0.042000
1919.672610 12.058000 0.045000
1920.728250 12.107000 0.040000
1921.729220 12.050000 0.040000
1922.730720 12.056000 0.036000
1925.723650 12.173000 0.040000
1926.717820 12.145000 0.037000
1928.719670 12.220000 0.040000
1931.707980 12.234000 0.045000
1932.705840 12.212000 0.036000
1933.705920 12.313000 0.035000
1934.702470 12.309000 0.035000
1936.676350 12.375000 0.034000
1937.713950 12.404000 0.034000
1939.669880 12.478000 0.035000
1941.651270 12.451000 0.036000
1945.703300 12.634000 0.037000
1946.711340 12.488000 0.037000
1948.636710 12.651000 0.039000
1949.682440 12.622000 0.041000
1950.664450 12.759000 0.041000
1953.662010 13.022000 0.036000
1955.657040 13.038000 0.037000
1958.641310 12.934000 0.037000
1959.652220 12.920000 0.038000
1961.679920 12.976000 0.036000
1962.680390 12.893000 0.040000
1963.651720 13.021000 0.040000
1964.642580 12.818000 0.037000
1965.633420 13.208000 0.038000
2059.493740 11.270000 0.048000
2080.508540 10.897000 0.046000
2085.464040 10.837000 0.044000
2088.472860 10.813000 0.043000
2441.520270 13.117000 0.038000
2444.461700 12.944000 0.042000
2454.460000 12.774000 0.036000
2464.473630 12.418000 0.041000
2468.460800 12.332000 0.038000
2552.864430 11.857000 0.030000
2557.866120 11.788000 0.038000
2559.877620 11.627000 0.034000
2562.852220 11.499000 0.036000
2578.844530 10.434000 0.037000
2622.703420 9.099000 0.035000
2624.767400 9.116000 0.042000
2627.793080 9.211000 0.036000
2629.787630 9.254000 0.037000
2634.790350 9.351000 0.043000
2636.829350 9.429000 0.041000
2639.739540 9.521000 0.035000
2642.750670 9.553000 0.042000
2644.775090 9.607000 0.035000
2646.759430 9.679000 0.037000
2649.757860 9.766000 0.033000
2651.709510 9.825000 0.035000
2655.771180 9.937000 0.036000
2664.726280 10.189000 0.040000
2670.732260 10.307000 0.037000
2672.735240 10.353000 0.034000
2674.720790 10.434000 0.033000
2676.700320 10.492000 0.033000
2678.681170 10.499000 0.036000
2680.681970 10.578000 0.037000
2683.822440 10.655000 0.037000
2689.679840 10.796000 0.038000
2691.682100 10.845000 0.036000
2693.694670 10.889000 0.041000
2694.856760 10.907000 0.036000
2697.604930 11.036000 0.048000
2699.645040 11.036000 0.049000
2701.654540 11.093000 0.044000
2703.650430 11.157000 0.043000
2705.645010 11.217000 0.048000
2707.643300 11.296000 0.039000
2710.613070 11.391000 0.034000
2711.726750 11.386000 0.042000
2713.674190 11.453000 0.034000
2714.772830 11.481000 0.037000
2717.643840 11.494000 0.033000
2725.779260 11.729000 0.038000
2727.693090 11.796000 0.039000
2732.735060 11.906000 0.042000
2734.590840 12.101000 0.032000
2736.559110 12.013000 0.034000
2737.740730 12.082000 0.039000
2739.678500 12.051000 0.040000
2741.634240 12.084000 0.039000
2742.734930 12.190000 0.037000
2744.624300 12.258000 0.035000
2747.669540 12.337000 0.040000
2750.713800 12.288000 0.041000
2752.633640 12.352000 0.036000
2754.721640 12.444000 0.039000
2756.686870 12.522000 0.038000
2760.679680 12.619000 0.036000
2762.641750 12.792000 0.053000
2764.620700 12.668000 0.038000
2766.634460 12.665000 0.035000
2770.616960 12.873000 0.035000
2775.518540 12.883000 0.041000
2776.622720 12.937000 0.043000
2782.541290 13.143000 0.034000
2784.541670 13.199000 0.033000
2789.533310 13.203000 0.039000
2794.518170 13.157000 0.037000
2797.510680 13.156000 0.042000
2804.487520 13.404000 0.038000
2809.491280 13.329000 0.036000
2811.502340 13.730000 0.031000
2813.500450 13.501000 0.035000
2821.489740 13.893000 0.034000
2826.481410 13.856000 0.032000
2830.482850 13.760000 0.032000
2832.492080 13.707000 0.035000
2834.495560 13.592000 0.035000
2836.497930 13.749000 0.035000
2841.468140 13.931000 0.038000
2899.904850 12.335000 0.034000
2908.894890 11.943000 0.043000
2912.876040 11.777000 0.035000
2922.867400 11.551000 0.035000
2926.868450 11.520000 0.031000
2929.859200 11.456000 0.039000
2932.867770 11.388000 0.033000
2940.828810 11.257000 0.033000
2943.831460 11.172000 0.035000
2946.818450 11.090000 0.034000
2949.832440 11.009000 0.032000
2960.824660 10.742000 0.034000
2963.836170 10.665000 0.031000
2967.793040 10.622000 0.033000
2971.789010 10.536000 0.034000
2974.835530 10.463000 0.037000
2977.757950 10.374000 0.040000
2979.818480 10.302000 0.034000
2982.806160 10.239000 0.037000
2985.799770 10.107000 0.033000
2991.787430 9.998000 0.032000
3001.764170 9.804000 0.033000
3003.818700 9.774000 0.038000
3006.760550 9.684000 0.032000
3008.792420 9.636000 0.036000
3011.731520 9.530000 0.036000
3013.793240 9.476000 0.033000
3016.808300 9.374000 0.036000
3018.825700 9.310000 0.035000
3023.775600 9.186000 0.033000
3028.752440 9.097000 0.032000
3030.787880 9.068000 0.035000
3033.684710 9.054000 0.031000
3035.734240 9.027000 0.034000
3039.747670 9.024000 0.034000
3044.732730 9.051000 0.033000
3047.683370 9.084000 0.032000
3050.656740 9.111000 0.032000
3052.797980 9.126000 0.033000
3055.624750 9.150000 0.042000
3057.675730 9.191000 0.031000
3059.720060 9.255000 0.034000
3061.776960 9.294000 0.035000
3064.594580 9.331000 0.039000
3067.654400 9.400000 0.033000
3069.666020 9.462000 0.036000
3071.697090 9.489000 0.037000
3073.719160 9.547000 0.036000
3075.722850 9.582000 0.035000
3077.750960 9.634000 0.036000
3081.782140 9.733000 0.035000
3085.768910 9.852000 0.038000
3090.528700 9.970000 0.034000
3092.581500 10.026000 0.031000
3096.584900 10.152000 0.030000
3098.607440 10.219000 0.034000
3100.612470 10.267000 0.034000
3102.619280 10.341000 0.041000
3104.630620 10.402000 0.034000
3106.625040 10.460000 0.035000
3108.627680 10.494000 0.034000
3110.621520 10.558000 0.035000
3112.629770 10.615000 0.034000
3114.639070 10.659000 0.036000
3121.530880 10.874000 0.037000
3123.555760 10.901000 0.032000
3125.587080 10.975000 0.037000
3127.615790 11.039000 0.040000
3129.667950 11.084000 0.042000
3131.650480 11.154000 0.036000
3133.655300 11.256000 0.036000
3145.546320 11.453000 0.035000
3153.496600 11.770000 0.037000
3154.629200 11.721000 0.033000
3158.558690 11.818000 0.036000
3160.570180 11.879000 0.035000
3163.578440 11.923000 0.036000
3165.580830 11.980000 0.037000
3168.589550 12.109000 0.030000
3176.500870 12.297000 0.033000
3179.504720 12.445000 0.034000
3183.534210 12.519000 0.038000
3186.513960 12.674000 0.036000
3189.528640 12.697000 0.040000
3333.832670 11.446000 0.039000
3357.796990 10.973000 0.039000
3380.829280 10.811000 0.044000
3388.775160 10.743000 0.037000
3393.763100 10.659000 0.038000
3394.753610 10.645000 0.038000
3397.673220 10.586000 0.039000
3399.741730 10.570000 0.035000
3406.817560 10.337000 0.046000
3411.712240 10.142000 0.039000
3413.751180 10.020000 0.038000
3415.771170 9.883000 0.036000
3418.633490 9.706000 0.042000
3420.681200 9.589000 0.041000
3422.697490 9.530000 0.043000
3424.705810 9.357000 0.041000
3426.714810 9.236000 0.047000
3430.735270 9.043000 0.038000
3432.731740 8.946000 0.045000
3434.732890 8.888000 0.040000
3438.584140 8.759000 0.052000
3440.691510 8.714000 0.032000
3443.760220 8.650000 0.043000
3445.742420 8.601000 0.044000
3447.742740 8.589000 0.043000
3454.691860 8.629000 0.045000
3456.697260 8.663000 0.042000
3458.686360 8.702000 0.043000
3460.685770 8.702000 0.042000
3462.698170 8.723000 0.039000
3464.723720 8.772000 0.039000
3466.772040 8.814000 0.037000
3469.734470 8.866000 0.043000
3471.738790 8.901000 0.037000
3474.513250 8.967000 0.037000
3478.599460 9.067000 0.042000
3480.621120 9.116000 0.047000
3484.677000 9.225000 0.048000
3489.551360 9.348000 0.040000
3491.567290 9.400000 0.045000
3495.565630 9.500000 0.040000
3497.622860 9.563000 0.035000
3502.640050 9.705000 0.049000
3508.660690 9.897000 0.032000
3511.587150 9.981000 0.035000
3521.560560 10.325000 0.048000
3522.453690 10.366000 0.049000
3523.563180 10.392000 0.040000
3525.590050 10.453000 0.041000
3529.599420 10.611000 0.045000
3538.516200 10.898000 0.042000
3542.482160 11.005000 0.050000
3544.532980 11.087000 0.040000
3559.461250 11.663000 0.055000
3563.503560 11.698000 0.042000
3570.470380 11.945000 0.041000
3574.471250 12.013000 0.044000
3630.899600 13.954000 0.040000
3659.860620 14.409000 0.041000
3670.842500 14.089000 0.036000
3701.797190 13.355000 0.043000
3705.792280 13.493000 0.049000
3712.847740 12.875000 0.037000
3715.828100 12.710000 0.046000
3718.810890 12.918000 0.047000
3722.751830 12.723000 0.044000
3725.779650 12.652000 0.039000
3728.780450 12.637000 0.046000
3732.740290 12.339000 0.038000
3735.759290 12.401000 0.040000
3741.732890 12.347000 0.039000
3744.723030 12.246000 0.046000
3747.713500 12.172000 0.041000
3749.807820 12.134000 0.042000
3752.758230 12.041000 0.041000
3755.701920 12.116000 0.041000
3757.762310 11.942000 0.039000
3760.695480 12.035000 0.043000
3762.791290 12.010000 0.048000
3765.674610 11.952000 0.047000
3768.670900 11.915000 0.047000
3770.777420 11.913000 0.049000
3773.658830 11.818000 0.050000
3775.714170 11.839000 0.044000
3780.635040 11.790000 0.044000
3783.692270 11.854000 0.046000
3787.693280 11.759000 0.044000
3789.748590 11.613000 0.044000
3792.642230 11.679000 0.045000
3794.696600 11.582000 0.045000
3796.718970 11.644000 0.039000
3798.787870 11.562000 0.045000
3801.596060 11.604000 0.049000
3803.726730 11.561000 0.052000
3810.752440 11.558000 0.049000
3812.820100 11.589000 0.046000
3815.570290 11.465000 0.048000
3819.627140 11.530000 0.049000
3821.683030 11.415000 0.048000
3823.691980 11.405000 0.047000
3825.709700 11.322000 0.048000
3827.779340 11.316000 0.043000
3830.563660 11.205000 0.041000
3832.571920 11.154000 0.042000
3834.581060 11.176000 0.042000
3836.597580 10.967000 0.045000
3847.684050 10.199000 0.052000
3849.647470 10.064000 0.050000
3851.646230 9.914000 0.046000
3853.683100 9.792000 0.042000
3856.541370 9.645000 0.042000
3858.639700 9.560000 0.050000
3862.591730 9.471000 0.041000
3864.618050 9.480000 0.042000
3866.629330 9.428000 0.042000
3868.669110 9.425000 0.047000
3870.663380 9.417000 0.044000
3872.661530 9.394000 0.042000
3876.615240 9.409000 0.040000
3880.548190 9.444000 0.047000
3882.582710 9.467000 0.046000
3886.589470 9.526000 0.043000
3888.595180 9.592000 0.048000
3890.586390 9.605000 0.040000
3892.592330 9.634000 0.054000
3897.457670 9.722000 0.041000
3901.559850 9.827000 0.043000
3904.487940 9.898000 0.042000
3906.503210 9.944000 0.040000
3908.514250 10.024000 0.043000
4125.691450 13.085000 0.035000
4127.742130 13.074000 0.035000
4129.748020 13.007000 0.036000
4131.820020 13.069000 0.039000
4134.668210 12.990000 0.039000
4136.736310 12.563000 0.043000
4140.760370 12.664000 0.039000
4142.785840 12.485000 0.037000
4145.634410 12.448000 0.038000
4147.701090 12.402000 0.040000
4152.762960 12.467000 0.036000
4154.802500 12.291000 0.041000
4157.605510 12.179000 0.040000
4159.662870 12.096000 0.037000
4161.661590 12.042000 0.035000
4165.699160 11.918000 0.040000
4167.809760 11.802000 0.041000
4173.630350 11.617000 0.036000
4175.636850 11.732000 0.040000
4177.763310 11.578000 0.041000
4180.633090 11.462000 0.042000
4182.668050 11.455000 0.040000
4184.663050 11.416000 0.039000
4187.797970 11.420000 0.037000
4190.531380 11.427000 0.035000
4192.577810 11.386000 0.035000
4194.622600 11.324000 0.034000
4197.612440 11.312000 0.038000
4199.672130 11.266000 0.048000
4202.730100 11.360000 0.042000
4204.751700 11.368000 0.037000
4208.639600 11.304000 0.047000
4216.612380 11.140000 0.036000
4228.610160 10.859000 0.036000
4230.612140 10.747000 0.036000
4232.609650 10.709000 0.036000
4234.612630 10.651000 0.035000
4238.641530 10.539000 0.039000
4247.579460 10.300000 0.035000
4250.630860 10.198000 0.036000
4254.608900 9.966000 0.045000
4257.536730 9.850000 0.040000
4259.557570 9.745000 0.039000
4267.501420 9.415000 0.041000
4269.532420 9.377000 0.032000
4274.558850 9.304000 0.034000
4278.500840 9.262000 0.035000
4282.502930 9.277000 0.040000
4284.528060 9.243000 0.037000
4286.522060 9.239000 0.037000
4291.469100 9.243000 0.039000
4293.481390 9.251000 0.033000
4297.488080 9.294000 0.040000
4299.477660 9.323000 0.037000
4301.484050 9.374000 0.041000
4307.461820 9.439000 0.043000
4349.912570 10.215000 0.041000
4358.903570 10.397000 0.033000
4364.896960 10.525000 0.034000
4377.881510 10.901000 0.039000
4381.883500 10.944000 0.038000
4385.872850 11.022000 0.034000
4403.867320 11.610000 0.038000
4408.821940 11.687000 0.039000
4412.847950 11.780000 0.038000
4422.811810 12.180000 0.043000
4426.841180 12.193000 0.050000
4430.787670 12.476000 0.037000
4433.800600 12.443000 0.034000
4436.822580 12.774000 0.037000
4439.824440 12.783000 0.039000
4443.789990 12.874000 0.034000
4453.801640 13.280000 0.037000
4456.784790 13.512000 0.039000
4459.774810 13.353000 0.041000
4462.762880 13.601000 0.036000
4465.766910 13.307000 0.043000
4468.756140 13.554000 0.038000
4474.810660 13.710000 0.038000
4478.691020 13.485000 0.045000
4485.715770 13.836000 0.038000
4487.767980 13.742000 0.037000
4492.748190 14.235000 0.036000
4494.748580 13.627000 0.034000
4498.729650 15.020000 0.037000
4508.649210 14.320000 0.038000
4512.726440 13.611000 0.040000
4520.722660 14.050000 0.038000
4524.748400 14.352000 0.036000
4535.588990 13.845000 0.039000
4537.637410 14.062000 0.036000
4541.639950 13.636000 0.038000
4543.652640 13.410000 0.041000
4545.680120 13.753000 0.044000
4547.704380 13.364000 0.042000
4552.684110 13.119000 0.038000
4554.715610 12.993000 0.042000
4559.562900 13.014000 0.039000
4561.624480 12.754000 0.036000
4563.653930 12.792000 0.034000
4565.703050 12.585000 0.036000
4567.693110 12.677000 0.038000
4569.689880 12.501000 0.038000
4571.688230 12.448000 0.036000
4573.687970 12.296000 0.038000
4582.684290 12.117000 0.040000
4586.531850 12.082000 0.036000
4588.609530 12.106000 0.038000
4590.618590 11.974000 0.041000
4592.635300 11.980000 0.037000
4594.651190 12.021000 0.035000
4596.654830 11.870000 0.034000
4599.513880 11.887000 0.040000
4601.561110 11.794000 0.036000
4603.609990 11.648000 0.042000
4607.612260 11.739000 0.038000
4610.531470 11.697000 0.037000
4616.583530 11.616000 0.035000
4618.602500 11.518000 0.036000
4622.593060 11.465000 0.041000
4627.519950 11.393000 0.035000
4629.528840 11.327000 0.038000
4631.574680 11.268000 0.039000
4639.512130 11.115000 0.037000
4642.501960 11.122000 0.042000
4644.510130 11.061000 0.039000
4646.513240 11.035000 0.044000
4649.494010 11.068000 0.049000
4652.487320 10.930000 0.046000
4654.491130 10.985000 0.039000
4656.500220 10.996000 0.046000
4661.461480 10.886000 0.043000
4665.463060 10.779000 0.041000
4722.901700 9.689000 0.036000
4728.901390 9.709000 0.036000
4746.877210 9.869000 0.037000
4755.864800 9.964000 0.038000
4763.843340 10.062000 0.036000
4767.838830 10.130000 0.032000
4775.820920 10.253000 0.033000
4778.847780 10.332000 0.033000
4794.824280 10.717000 0.037000
4798.797270 10.778000 0.035000
4801.836850 10.892000 0.035000
4805.779420 10.988000 0.037000
4808.829950 11.107000 0.034000
4812.809460 11.175000 0.040000
4815.801700 11.272000 0.038000
4819.800430 11.368000 0.037000
4822.783130 11.434000 0.036000
4825.774500 11.557000 0.035000
4828.762850 11.559000 0.037000
4831.764280 11.751000 0.038000
4834.755180 11.759000 0.034000
4837.733390 11.797000 0.042000
4843.722140 11.963000 0.039000
4846.764500 12.089000 0.036000
4852.696450 12.115000 0.041000
4855.737480 12.443000 0.037000
4858.690550 12.178000 0.041000
4861.740920 12.459000 0.040000
4867.732890 12.750000 0.042000
4870.665570 12.608000 0.042000
4872.718480 12.695000 0.041000
4875.711070 13.019000 0.049000
4877.728190 12.844000 0.039000
4888.751430 13.152000 0.051000
4894.687190 13.213000 0.051000
4914.599840 13.942000 0.050000
4916.644980 14.239000 0.052000
4918.771620 13.376000 0.054000
4945.703720 13.727000 0.052000
4952.672820 13.551000 0.054000
4954.619440 13.752000 0.055000
4969.584430 12.741000 0.055000
5037.467660 11.006000 0.051000
5086.908230 9.941000 0.051000
5124.867210 9.362000 0.051000
5145.855330 9.449000 0.047000
5161.848750 9.589000 0.054000
1952.659420 12.690000 0.048000
2759.500430 12.758000 0.056000
3087.768110 9.871000 0.058000
3383.791130 10.781000 0.056000
3476.629380 8.988000 0.049000
3482.633840 9.151000 0.050000
3550.530820 11.309000 0.055000
3860.668250 9.532000 0.054000
4245.569690 10.396000 0.057000
4575.703590 12.303000 0.049000
4886.667580 13.200000 0.058000
4891.650020 13.179000 0.057000
4902.699500 13.084000 0.055000
4905.674480 13.061000 0.056000
4926.562370 13.679000 0.057000
4934.560140 13.594000 0.056000
5013.517710 11.245000 0.053000
5032.466530 11.022000 0.055000
1966.635800 29.999000 0.039000
1967.630340 29.999000 0.040000
1968.632250 29.999000 0.041000
1977.607820 29.999000 0.048000
1979.597380 29.999000 0.045000
1980.616160 29.999000 0.048000
1981.620390 29.999000 0.044000
1982.603330 29.999000 0.042000
1984.590490 29.999000 0.045000
3651.887480 29.999000 0.045000
3655.873560 29.999000 0.044000
3663.851630 29.999000 0.045000
4089.791170 29.999000 0.039000
4105.747170 29.999000 0.041000
4111.813070 29.999000 0.041000
4163.673120 29.999000 0.040000
4490.684080 29.999000 0.035000
4500.830160 29.999000 0.053000
4503.657010 29.999000 0.036000
4505.761760 29.999000 0.036000
4510.702650 29.999000 0.038000
4516.639780 29.999000 0.040000
4518.699090 29.999000 0.036000
4522.713250 29.999000 0.036000
4526.774290 29.999000 0.038000
4529.586550 29.999000 0.040000
4539.635500 29.999000 0.046000
4550.595240 29.999000 0.052000
4579.683880 29.999000 0.041000
4771.827640 29.999000 0.035000
4783.844580 29.999000 0.043000
4787.817890 29.999000 0.037000
4883.621140 29.999000 0.037000
4921.565810 29.999000 0.049000
4936.614940 29.999000 0.051000
4940.714090 29.999000 0.058000
5165.808990 29.999000 0.051000
2212.854380 8.400000 0.035000
3365.824610 10.904000 0.036000
3374.849200 10.840000 0.049000
