2545.878630 10.100000 0.033000
2685.783680 11.149000 0.029000
2695.679500 11.308000 0.042000
2724.685450 11.929000 0.030000
2998.784570 12.087000 0.029000
4103.820160 11.168000 0.032000
4106.767570 11.114000 0.031000
4109.848770 11.185000 0.030000
4125.722800 11.391000 0.031000
4145.807740 11.683000 0.035000
4157.810680 11.884000 0.032000
4379.886420 12.012000 0.035000
4384.881000 11.976000 0.037000
4454.818930 11.991000 0.037000
4761.863020 13.232000 0.035000
4784.816780 12.604000 0.031000
4815.813750 12.231000 0.033000
4819.833710 12.110000 0.035000
4822.807850 12.049000 0.034000
4831.788360 12.288000 0.033000
4837.762550 11.945000 0.034000
4849.738200 11.926000 0.034000
4855.768320 12.077000 0.030000
4907.753670 11.664000 0.042000
2719.733290 11.827000 0.040000
4894.721870 11.800000 0.046000
4902.729100 11.777000 0.051000
4413.864480 29.999000 0.036000
4440.834270 29.999000 0.039000
4834.778420 29.999000 0.035000
5131.862240 29.999000 0.042000
1878.779860 12.258000 0.033000
1880.774850 12.291000 0.035000
1889.871910 12.052000 0.039000
1954.667150 11.632000 0.040000
2173.899290 10.780000 0.040000
2184.873160 10.903000 0.044000
2190.871560 11.029000 0.038000
2194.868820 11.048000 0.038000
2201.862410 11.097000 0.042000
2206.828520 11.165000 0.041000
2212.834410 11.332000 0.045000
2214.826470 11.292000 0.042000
2216.823330 11.360000 0.042000
2221.846950 11.432000 0.044000
2224.844210 11.449000 0.045000
2226.812490 11.505000 0.043000
2228.804870 11.532000 0.043000
2230.806000 11.551000 0.042000
2233.776270 11.595000 0.042000
2237.787630 11.753000 0.048000
2240.762900 11.786000 0.047000
3366.786250 12.805000 0.039000
3390.707520 12.295000 0.041000
3400.687710 12.154000 0.034000
3446.499890 12.044000 0.040000
3448.531480 12.058000 0.042000
3448.757000 12.101000 0.036000
3449.762070 12.128000 0.039000
3450.544860 12.098000 0.036000
3450.643570 12.050000 0.037000
3450.750650 12.037000 0.044000
3452.545680 12.070000 0.033000
3452.658320 12.076000 0.043000
3452.769070 12.073000 0.046000
3453.722430 12.066000 0.044000
3453.785070 12.221000 0.039000
3518.504450 10.949000 0.041000
3518.517530 10.925000 0.040000
3518.528300 10.920000 0.043000
3518.533260 10.921000 0.038000
3518.535690 10.920000 0.046000
3518.607800 10.943000 0.041000
3518.612680 10.989000 0.043000
3518.620780 10.916000 0.044000
4379.880830 11.887000 0.039000
4387.870410 12.094000 0.038000
4752.878200 13.082000 0.034000
4756.876080 12.923000 0.038000
4765.849170 13.004000 0.034000
4769.838540 12.903000 0.032000
4773.829950 12.892000 0.036000
5125.861930 11.603000 0.046000
2197.854310 11.122000 0.054000
2235.790420 11.684000 0.054000
2242.771360 11.821000 0.052000
2244.776460 11.888000 0.054000
2248.736730 11.893000 0.051000
2250.756700 11.877000 0.053000
2251.845530 11.932000 0.056000
2253.753540 12.091000 0.051000
2254.839300 11.967000 0.054000
2256.776390 12.062000 0.054000
2258.763440 12.115000 0.053000
2264.736670 12.116000 0.057000
3362.791090 12.806000 0.049000
3385.726500 12.417000 0.045000
3387.768530 12.361000 0.046000
3392.792100 12.307000 0.054000
3448.656920 12.105000 0.050000
3449.556900 12.102000 0.051000
3449.658800 12.222000 0.049000
3453.546090 12.112000 0.050000
3453.649150 12.122000 0.052000
3518.507700 10.919000 0.055000
3518.512550 10.873000 0.049000
3518.515040 10.963000 0.047000
3518.520830 11.008000 0.063000
3518.523350 10.943000 0.046000
3518.525830 10.947000 0.046000
3518.530780 10.926000 0.043000
3518.546880 10.937000 0.046000
3518.616010 10.918000 0.050000
4167.824050 11.871000 0.044000
4747.879150 29.999000 0.035000
1868.830190 12.419000 0.029000
1872.772530 12.440000 0.033000
1876.764630 12.295000 0.033000
1878.757030 12.294000 0.032000
1884.780320 12.264000 0.027000
1886.744970 12.172000 0.029000
1888.737110 12.242000 0.031000
1889.813680 12.132000 0.032000
1899.774330 12.021000 0.031000
1900.775270 12.066000 0.030000
1902.779670 11.987000 0.030000
1903.791420 12.026000 0.030000
1904.821900 11.975000 0.028000
1905.774950 11.975000 0.028000
1906.821810 11.984000 0.029000
1907.770990 11.958000 0.029000
1908.811760 11.955000 0.030000
1913.737740 11.884000 0.025000
1914.739770 11.872000 0.027000
1915.742470 11.904000 0.029000
1918.769490 11.809000 0.030000
1919.775920 11.848000 0.032000
1920.734220 11.842000 0.028000
1921.728450 11.802000 0.031000
1922.725440 11.794000 0.032000
1924.719690 11.822000 0.031000
1926.712540 11.768000 0.029000
1928.718890 11.794000 0.029000
1929.711900 11.782000 0.031000
1930.710220 11.740000 0.032000
1932.705060 11.756000 0.031000
1934.699400 11.787000 0.030000
1935.625850 11.747000 0.031000
1935.733450 11.732000 0.030000
1938.732140 11.717000 0.032000
1939.710060 11.690000 0.033000
1941.643580 11.722000 0.031000
1945.698670 11.687000 0.033000
1946.703580 11.740000 0.031000
1948.631970 11.736000 0.033000
1955.656150 11.666000 0.038000
1958.640340 11.608000 0.039000
1961.669700 11.589000 0.037000
1963.629970 11.612000 0.040000
1964.641570 11.579000 0.038000
1965.632390 11.624000 0.037000
1966.632180 11.613000 0.040000
1967.627030 11.555000 0.040000
1968.626700 11.637000 0.042000
1982.597480 11.607000 0.041000
2026.475100 11.351000 0.030000
2032.519340 11.177000 0.032000
2038.492560 10.944000 0.029000
2053.475040 10.368000 0.031000
2057.501070 10.257000 0.036000
2059.501930 10.249000 0.037000
2064.510890 10.185000 0.032000
2068.494080 10.099000 0.032000
2070.510300 10.091000 0.033000
2081.459690 9.988000 0.031000
2085.469500 9.984000 0.030000
2440.459570 11.406000 0.035000
2443.466480 11.380000 0.035000
2552.866200 10.028000 0.028000
2557.868000 9.904000 0.044000
2561.839210 9.993000 0.031000
2565.850570 9.985000 0.039000
2578.846960 10.078000 0.044000
2621.853900 10.307000 0.035000
2623.801150 10.369000 0.031000
2625.798230 10.458000 0.040000
2628.771080 10.378000 0.034000
2632.823050 10.449000 0.029000
2635.761850 10.489000 0.032000
2637.839330 10.528000 0.027000
2639.807980 10.515000 0.031000
2642.737630 10.611000 0.035000
2644.771800 10.606000 0.029000
2646.751560 10.566000 0.034000
2649.738690 10.624000 0.030000
2651.708710 10.657000 0.028000
2655.765600 10.758000 0.038000
2660.725500 10.776000 0.041000
2662.729590 10.791000 0.028000
2670.719840 10.894000 0.035000
2672.720650 10.938000 0.031000
2674.708470 10.980000 0.031000
2676.692540 10.978000 0.041000
2678.680330 11.065000 0.033000
2680.678750 11.056000 0.029000
2683.821550 11.103000 0.040000
2689.670680 11.240000 0.032000
2691.664980 11.246000 0.038000
2693.677530 11.265000 0.038000
2696.777070 11.346000 0.031000
2698.813040 11.357000 0.042000
2700.797350 11.408000 0.031000
2704.700610 11.479000 0.030000
2706.670420 11.549000 0.030000
2710.609490 11.627000 0.041000
2711.712890 11.650000 0.030000
2713.670550 11.642000 0.031000
2714.769180 11.761000 0.041000
2717.640110 11.762000 0.028000
2726.657950 12.009000 0.029000
2728.649250 12.039000 0.027000
2730.645200 12.027000 0.027000
2733.691620 12.129000 0.027000
2735.685300 12.068000 0.028000
2737.672290 12.191000 0.028000
2739.662510 12.238000 0.028000
2741.620520 12.305000 0.037000
2742.730600 12.421000 0.029000
2744.619920 12.396000 0.032000
2747.665090 12.364000 0.032000
2751.559020 12.533000 0.027000
2754.559650 12.589000 0.029000
2760.567980 12.752000 0.027000
2762.564000 12.846000 0.039000
2764.548500 12.869000 0.040000
2770.600470 12.936000 0.029000
2775.496380 13.267000 0.027000
2776.605160 13.087000 0.027000
2782.519180 13.281000 0.038000
2784.526680 13.227000 0.042000
2789.520710 13.204000 0.041000
2791.548310 13.324000 0.041000
2794.507850 13.280000 0.043000
2804.474630 13.340000 0.037000
2809.474950 13.375000 0.031000
2811.489370 13.524000 0.036000
2813.489700 13.375000 0.040000
2821.479020 13.393000 0.032000
2826.468290 13.274000 0.032000
2830.469230 13.245000 0.033000
2835.465900 13.154000 0.030000
2894.909300 12.695000 0.033000
2899.901660 12.585000 0.031000
2908.891890 12.413000 0.032000
2912.873130 12.376000 0.029000
2916.883510 12.396000 0.028000
2922.862350 12.605000 0.034000
2926.863490 12.352000 0.031000
2929.861250 12.457000 0.033000
2932.872300 12.414000 0.028000
2940.833430 12.483000 0.030000
2943.836150 12.464000 0.029000
2946.823630 12.494000 0.036000
2947.823820 12.510000 0.035000
2949.835280 12.498000 0.028000
2960.830280 12.523000 0.027000
2967.796220 12.484000 0.026000
2971.794860 12.462000 0.027000
2974.838850 12.448000 0.028000
2977.761300 12.308000 0.032000
2979.824410 12.385000 0.028000
2982.809780 12.484000 0.032000
2985.803420 12.363000 0.030000
2988.791610 12.284000 0.028000
2991.786190 12.185000 0.029000
2997.769050 12.135000 0.029000
3001.760230 12.008000 0.027000
3003.804990 11.932000 0.031000
3008.781370 11.818000 0.031000
3010.811540 11.676000 0.028000
3013.728840 11.623000 0.029000
3016.777040 11.479000 0.030000
3018.781880 11.440000 0.030000
3023.753590 11.312000 0.029000
3030.684390 11.143000 0.027000
3032.748560 11.158000 0.031000
3034.772570 11.089000 0.030000
3037.862320 11.048000 0.029000
3041.740880 11.013000 0.030000
3043.779910 10.952000 0.031000
3046.644960 10.913000 0.028000
3049.681250 10.937000 0.028000
3052.661120 10.904000 0.029000
3056.731240 10.886000 0.027000
3061.599130 10.862000 0.030000
3066.683360 10.878000 0.030000
3068.647360 10.851000 0.030000
3070.675190 10.862000 0.029000
3072.756680 10.892000 0.030000
3074.724030 10.871000 0.028000
3076.752020 10.876000 0.027000
3078.780100 10.848000 0.031000
3081.565240 10.856000 0.030000
3085.584870 10.872000 0.027000
3087.586120 10.876000 0.032000
3089.615290 10.829000 0.036000
3091.612710 10.903000 0.035000
3093.606750 10.908000 0.032000
3097.607900 10.914000 0.029000
3099.646080 10.935000 0.031000
3101.646320 10.924000 0.029000
3103.645540 10.964000 0.034000
3105.638950 10.958000 0.033000
3107.643440 10.981000 0.027000
3109.648510 10.972000 0.027000
3111.653080 10.972000 0.027000
3113.670000 10.984000 0.026000
3115.671280 11.049000 0.029000
3121.509530 11.046000 0.032000
3125.562410 11.125000 0.027000
3127.596770 11.174000 0.028000
3129.643710 11.163000 0.032000
3131.630940 11.182000 0.029000
3133.631140 11.244000 0.030000
3142.536100 11.343000 0.027000
3145.568860 11.353000 0.030000
3153.473980 11.452000 0.029000
3159.479160 11.589000 0.034000
3162.522340 11.588000 0.028000
3164.537270 11.586000 0.027000
3167.545100 11.619000 0.026000
3171.494100 11.711000 0.029000
3175.495420 11.746000 0.029000
3177.510810 11.768000 0.028000
3182.493050 11.828000 0.028000
3186.476080 11.917000 0.030000
3187.452320 11.911000 0.029000
3190.463650 11.926000 0.028000
3277.884990 13.027000 0.037000
3298.860050 13.231000 0.029000
3383.770010 12.354000 0.030000
3388.753770 12.362000 0.036000
3394.733870 12.260000 0.030000
3396.812680 12.209000 0.035000
3404.715200 12.190000 0.027000
3406.763370 12.110000 0.028000
3408.827170 12.120000 0.036000
3411.644310 12.149000 0.032000
3413.691680 12.052000 0.035000
3415.704960 12.121000 0.030000
3417.693870 12.076000 0.034000
3419.680030 12.128000 0.031000
3436.711680 11.980000 0.028000
3439.692910 11.994000 0.032000
3442.807190 12.037000 0.028000
3446.668380 12.020000 0.040000
3457.523050 12.183000 0.035000
3459.565170 12.188000 0.029000
3461.598020 12.272000 0.033000
3465.652080 12.169000 0.029000
3468.644340 12.239000 0.027000
3470.662010 12.174000 0.026000
3472.666340 12.146000 0.034000
3474.711190 12.278000 0.033000
3479.578090 12.194000 0.028000
3481.586200 12.104000 0.031000
3483.618890 12.102000 0.035000
3487.620980 11.873000 0.035000
3492.632680 11.821000 0.031000
3496.632460 11.605000 0.028000
3504.533910 11.334000 0.034000
3509.495000 11.107000 0.033000
3511.616970 11.056000 0.029000
3516.480590 10.958000 0.031000
3522.514420 10.910000 0.031000
3528.568280 10.807000 0.032000
3538.495760 10.745000 0.028000
3542.473060 10.711000 0.032000
3544.526510 10.764000 0.034000
3556.496430 10.788000 0.029000
3560.475470 10.770000 0.030000
3563.467530 10.803000 0.029000
3620.912240 11.251000 0.032000
3629.903770 11.390000 0.036000
3643.889520 11.505000 0.031000
3650.882930 11.613000 0.036000
3658.852200 11.814000 0.033000
3662.857150 11.802000 0.033000
3666.842910 11.845000 0.031000
3670.857870 12.000000 0.032000
3674.842300 11.941000 0.035000
3678.864420 12.015000 0.039000
3701.814700 12.297000 0.033000
3705.796070 12.505000 0.029000
3713.762380 12.649000 0.028000
3716.795390 12.703000 0.032000
3719.783770 12.618000 0.036000
3722.772780 12.886000 0.033000
3725.784430 12.738000 0.029000
3732.744230 12.977000 0.029000
3735.745120 13.012000 0.032000
3740.794790 13.016000 0.032000
3746.728550 13.116000 0.040000
3754.696480 13.432000 0.034000
3756.753890 13.350000 0.033000
3758.840660 13.423000 0.035000
3761.686650 13.237000 0.034000
3768.772650 13.566000 0.033000
3771.657680 13.374000 0.035000
3773.749330 13.548000 0.038000
3780.743480 13.216000 0.032000
3790.609310 13.578000 0.033000
3792.712060 13.632000 0.033000
3794.763230 13.376000 0.029000
3799.657940 13.476000 0.034000
3804.590890 13.401000 0.037000
3806.614510 13.433000 0.031000
3808.771790 13.634000 0.032000
3813.595010 13.487000 0.028000
3819.680360 13.327000 0.032000
3821.752250 13.201000 0.028000
3826.565070 13.394000 0.032000
3828.602080 13.071000 0.034000
3830.669590 13.264000 0.034000
3832.658200 13.263000 0.032000
3834.650530 13.130000 0.034000
3836.676990 12.996000 0.032000
3847.548840 12.977000 0.033000
3849.599990 12.960000 0.038000
3851.600820 12.796000 0.030000
3853.611360 12.880000 0.027000
3862.569540 12.709000 0.027000
3864.597500 12.602000 0.029000
3866.612370 12.810000 0.030000
3877.567610 12.397000 0.032000
3887.571330 12.266000 0.038000
3891.560400 12.205000 0.035000
3893.570010 12.236000 0.038000
3897.537010 12.276000 0.032000
3900.506410 12.117000 0.028000
3902.523200 12.249000 0.026000
3907.472010 12.146000 0.027000
4107.807590 11.157000 0.030000
4125.679270 11.332000 0.033000
4127.735260 11.317000 0.031000
4129.730180 11.359000 0.032000
4136.654610 11.504000 0.034000
4140.715700 11.539000 0.038000
4142.741580 11.559000 0.030000
4147.626300 11.639000 0.030000
4150.690820 11.676000 0.032000
4152.704150 11.735000 0.035000
4158.772820 11.732000 0.032000
4160.805270 11.761000 0.031000
4167.714100 12.012000 0.034000
4172.774740 12.046000 0.032000
4175.547320 12.042000 0.034000
4177.740720 12.172000 0.030000
4180.611310 12.354000 0.035000
4182.643970 12.174000 0.035000
4184.639650 12.376000 0.038000
4188.641110 12.388000 0.029000
4190.665280 12.306000 0.031000
4192.678000 12.531000 0.032000
4194.716050 12.355000 0.031000
4197.714180 12.466000 0.033000
4200.625670 12.552000 0.028000
4203.632690 12.713000 0.033000
4205.635190 12.767000 0.034000
4208.701160 12.764000 0.034000
4213.542790 12.920000 0.035000
4216.596370 12.932000 0.037000
4228.574990 13.168000 0.034000
4230.578590 13.462000 0.039000
4232.582060 13.091000 0.033000
4234.583830 13.077000 0.040000
4238.607930 13.305000 0.038000
4247.564990 13.140000 0.029000
4253.476230 13.225000 0.034000
4267.480670 13.545000 0.028000
4269.515840 13.547000 0.029000
4276.466070 13.251000 0.030000
4286.482160 13.287000 0.032000
4291.460070 13.588000 0.033000
4293.471570 13.162000 0.030000
4296.460670 13.173000 0.029000
4358.897500 12.170000 0.037000
4376.890330 11.921000 0.036000
4380.878700 11.876000 0.038000
4384.871160 12.018000 0.039000
4404.860680 12.051000 0.033000
4408.832420 11.989000 0.036000
4412.856130 12.269000 0.033000
4422.803110 11.943000 0.034000
4430.798130 11.876000 0.036000
4433.810720 11.937000 0.031000
4436.825940 11.955000 0.031000
4439.827870 11.992000 0.038000
4443.794380 11.906000 0.031000
4453.788640 11.846000 0.034000
4456.772850 11.750000 0.032000
4459.772810 11.806000 0.037000
4462.756280 11.631000 0.033000
4465.752100 11.638000 0.037000
4471.785530 11.339000 0.035000
4474.802420 11.251000 0.040000
4478.689170 11.249000 0.036000
4487.743310 10.805000 0.036000
4489.802160 10.765000 0.032000
4492.685840 10.714000 0.028000
4494.724300 10.705000 0.037000
4497.839110 10.633000 0.031000
4500.660310 10.691000 0.035000
4502.800620 10.591000 0.039000
4505.655300 10.585000 0.039000
4507.709940 10.577000 0.033000
4512.634680 10.647000 0.040000
4515.789250 10.580000 0.034000
4518.618800 10.545000 0.032000
4520.658710 10.584000 0.031000
4522.655520 10.531000 0.032000
4526.716830 10.573000 0.035000
4528.782220 10.615000 0.034000
4531.626780 10.615000 0.034000
4535.574860 10.599000 0.032000
4537.627400 10.640000 0.034000
4539.627080 10.615000 0.037000
4541.634130 10.621000 0.031000
4543.650130 10.649000 0.031000
4547.702680 10.682000 0.038000
4552.671860 10.783000 0.029000
4554.703220 10.731000 0.034000
4558.752540 10.825000 0.036000
4560.721910 10.765000 0.032000
4563.556710 10.784000 0.030000
4565.593220 10.899000 0.030000
4567.623480 10.879000 0.036000
4569.625180 10.896000 0.033000
4571.619160 10.910000 0.031000
4573.645080 10.957000 0.037000
4579.663160 10.998000 0.033000
4585.681820 11.111000 0.034000
4588.573650 11.148000 0.036000
4590.593900 11.128000 0.038000
4592.614390 11.196000 0.039000
4594.634810 11.168000 0.036000
4599.507420 11.245000 0.034000
4601.554840 11.232000 0.038000
4603.599970 11.320000 0.039000
4607.602690 11.368000 0.034000
4616.574680 11.443000 0.031000
4620.510020 11.552000 0.033000
4623.508320 11.544000 0.030000
4626.494610 11.638000 0.035000
4630.540300 11.642000 0.031000
4633.504360 11.677000 0.035000
4639.486840 11.731000 0.038000
4642.495270 11.829000 0.035000
4644.503580 11.922000 0.041000
4653.465070 12.065000 0.034000
4655.469050 12.026000 0.038000
4659.475970 12.146000 0.035000
4665.458990 12.111000 0.036000
4750.883030 12.936000 0.033000
4754.868050 12.867000 0.038000
4758.853920 12.920000 0.032000
4762.852140 13.072000 0.031000
4766.862300 12.828000 0.033000
4770.832770 13.173000 0.032000
4774.827420 12.820000 0.031000
4778.817160 12.805000 0.029000
4787.824220 12.733000 0.035000
4794.830840 12.617000 0.037000
4798.805940 12.597000 0.030000
4801.840230 12.278000 0.029000
4805.783650 12.290000 0.031000
4808.834310 12.171000 0.032000
4812.808130 12.293000 0.034000
4815.792810 12.099000 0.034000
4819.793140 12.078000 0.030000
4822.773390 12.028000 0.034000
4825.765950 12.115000 0.031000
4828.754900 11.959000 0.034000
4831.755570 12.000000 0.038000
4834.743980 11.859000 0.031000
4837.726020 12.002000 0.038000
4843.720380 11.952000 0.032000
4846.760170 11.801000 0.034000
4852.689310 11.856000 0.039000
4855.735580 11.779000 0.033000
4858.688720 11.885000 0.034000
4867.728600 11.892000 0.038000
4871.738540 11.914000 0.039000
4876.782910 11.776000 0.033000
4882.617010 11.865000 0.034000
4884.713330 11.792000 0.035000
1870.776910 12.480000 0.035000
1874.765630 12.417000 0.040000
1925.722840 11.766000 0.050000
1949.681580 11.652000 0.048000
1950.663570 11.675000 0.048000
1952.658520 11.735000 0.046000
1977.604340 11.569000 0.046000
1980.605800 11.621000 0.048000
1981.606350 11.619000 0.045000
1984.586860 11.711000 0.047000
1985.590980 11.662000 0.049000
1994.592380 11.666000 0.053000
1995.565460 11.662000 0.056000
2030.466560 11.256000 0.037000
2055.495330 10.364000 0.036000
2466.454540 11.385000 0.046000
2758.549890 13.032000 0.044000
2786.524720 13.209000 0.053000
3063.667820 10.882000 0.040000
3155.576770 11.460000 0.041000
3357.789320 12.821000 0.039000
3427.740510 11.989000 0.037000
3433.714030 11.982000 0.041000
3454.776490 12.047000 0.042000
3463.619870 12.249000 0.045000
3477.538510 12.179000 0.038000
3499.635620 11.492000 0.039000
3502.492760 11.380000 0.042000
3520.483660 10.919000 0.043000
3526.566800 10.834000 0.043000
3654.869600 11.685000 0.043000
3728.765880 13.032000 0.047000
3743.742540 12.976000 0.043000
3748.798270 13.230000 0.045000
3763.810800 13.649000 0.044000
3766.680570 13.348000 0.044000
3776.638570 13.475000 0.045000
3778.684840 13.287000 0.040000
3783.788160 13.417000 0.046000
3787.791070 13.426000 0.043000
3797.589070 13.642000 0.045000
3811.546050 13.344000 0.040000
3815.631070 13.358000 0.046000
3817.658400 13.377000 0.039000
3858.565060 12.700000 0.041000
3869.531790 12.637000 0.043000
3871.534030 12.589000 0.042000
3875.535640 12.506000 0.046000
3881.528030 12.390000 0.035000
3883.595560 12.486000 0.039000
3904.538460 12.177000 0.042000
4105.742510 11.164000 0.042000
4111.808530 11.275000 0.047000
4131.787720 11.419000 0.045000
4133.803430 11.452000 0.043000
4144.802660 11.631000 0.046000
4154.738600 11.716000 0.048000
4156.751430 11.823000 0.033000
4162.759840 11.922000 0.046000
4164.771280 11.811000 0.040000
4426.845210 11.934000 0.040000
4485.713990 10.853000 0.041000
4545.677650 10.726000 0.045000
4550.580220 10.745000 0.040000
4575.672980 10.943000 0.044000
4582.663810 11.118000 0.041000
4610.525460 11.409000 0.041000
4647.488360 11.903000 0.050000
4783.851120 12.836000 0.042000
4861.739090 11.912000 0.042000
4869.697760 11.780000 0.044000
4879.721310 11.841000 0.043000
4902.626530 11.712000 0.051000
4905.637880 11.662000 0.040000
4907.682270 11.670000 0.046000
4914.577360 11.625000 0.038000
4916.627660 11.665000 0.049000
4921.559560 11.617000 0.040000
4926.545860 11.619000 0.039000
4929.652570 11.493000 0.039000
4932.628750 11.397000 0.039000
4936.689570 11.378000 0.039000
4954.508600 10.901000 0.045000
4961.595670 10.593000 0.042000
4969.581240 10.402000 0.042000
5013.491050 10.083000 0.045000
5021.469280 10.112000 0.042000
5023.475250 10.063000 0.051000
5084.909640 10.764000 0.050000
5089.898380 10.971000 0.043000
5093.900870 11.105000 0.043000
5125.845800 11.527000 0.044000
5161.846280 12.896000 0.044000
5165.806610 12.327000 0.047000
2797.500310 29.999000 0.039000
4257.563350 29.999000 0.037000
4284.481640 29.999000 0.035000
4727.899990 29.999000 0.036000
4849.694540 29.999000 0.030000
