3393.764140 12.638000 0.058000
3452.769900 29.999000 0.058000
3116.612880 13.384000 0.044000
2521.919820 29.999000 0.062000
2545.825980 29.999000 0.055000
2628.718890 29.999000 0.046000
1884.822230 14.706000 0.049000
1904.826750 14.445000 0.052000
1928.709200 14.608000 0.043000
1935.612750 14.537000 0.047000
2236.769070 13.622000 0.051000
3018.784180 14.108000 0.035000
3558.493650 14.783000 0.042000
4130.725840 14.119000 0.045000
4153.690570 14.319000 0.055000
4421.858430 14.377000 0.047000
4433.774950 14.240000 0.045000
4623.553700 14.860000 0.045000
4818.795050 14.264000 0.043000
1877.748670 14.437000 0.058000
1881.733300 14.627000 0.056000
1887.825350 14.539000 0.037000
1900.766000 14.356000 0.045000
1903.777520 14.498000 0.045000
1905.765800 14.487000 0.060000
1906.810050 14.662000 0.046000
1907.766260 14.505000 0.042000
1913.732850 14.824000 0.038000
1914.732600 14.859000 0.043000
1920.729170 14.351000 0.052000
1922.718090 14.116000 0.045000
1926.705130 14.348000 0.042000
1929.704450 14.703000 0.041000
1933.695350 14.362000 0.045000
1937.715470 14.328000 0.044000
1941.634480 14.381000 0.046000
1964.636570 14.207000 0.047000
2026.477090 13.182000 0.044000
2030.473390 12.890000 0.065000
2032.517140 12.796000 0.049000
2038.490660 12.730000 0.067000
2053.462580 12.811000 0.054000
2068.472830 13.198000 0.059000
2070.505290 13.215000 0.060000
2080.511730 13.518000 0.063000
2445.472800 14.845000 0.049000
2545.862210 14.402000 0.050000
2559.862450 14.221000 0.046000
2562.837040 13.763000 0.050000
2624.754660 13.477000 0.041000
2629.784440 13.705000 0.038000
2694.847340 14.674000 0.039000
2712.781350 14.580000 0.038000
2723.664050 14.557000 0.039000
2728.668280 14.819000 0.037000
2732.767650 14.514000 0.047000
2734.616090 14.532000 0.047000
2786.626050 14.367000 0.045000
2792.507900 14.243000 0.039000
2811.556660 13.864000 0.032000
2813.553000 13.921000 0.036000
2820.476930 13.585000 0.038000
2831.490090 13.209000 0.040000
2835.492070 12.926000 0.039000
2838.486080 12.786000 0.041000
2899.897020 13.423000 0.036000
2916.868500 13.753000 0.037000
2932.852330 14.239000 0.034000
2946.798170 14.647000 0.038000
2949.812110 14.375000 0.035000
3060.663660 14.682000 0.035000
3076.614280 14.091000 0.038000
3082.670820 14.362000 0.040000
3086.660610 14.239000 0.037000
3090.670710 14.063000 0.040000
3092.665770 13.915000 0.034000
3096.649580 13.877000 0.034000
3098.664600 13.709000 0.035000
3110.721260 13.572000 0.035000
3112.731190 13.467000 0.035000
3118.658650 13.253000 0.034000
3122.557740 13.170000 0.033000
3124.591090 13.288000 0.036000
3126.611110 13.133000 0.035000
3128.630410 13.131000 0.033000
3130.651040 13.075000 0.041000
3132.651550 13.240000 0.034000
3134.654890 13.251000 0.035000
3144.524350 13.343000 0.034000
3146.574660 13.542000 0.034000
3154.525450 13.617000 0.034000
3165.531360 13.705000 0.036000
3168.534590 13.996000 0.033000
3355.782320 13.695000 0.048000
3373.786300 13.197000 0.049000
3373.833510 13.058000 0.044000
3382.805450 12.880000 0.062000
3385.694680 12.916000 0.046000
3387.759160 12.827000 0.053000
3395.748980 12.714000 0.065000
3397.783090 12.895000 0.049000
3400.656200 12.991000 0.051000
3405.720110 12.982000 0.049000
3407.787800 13.105000 0.042000
3409.769520 13.057000 0.043000
3414.685870 13.197000 0.039000
3416.683390 13.094000 0.052000
3430.738790 13.463000 0.057000
3443.745140 13.862000 0.046000
3445.721690 13.833000 0.050000
3447.724740 14.155000 0.040000
3454.682980 13.936000 0.066000
3460.679630 14.059000 0.039000
3464.720290 14.353000 0.049000
3466.768650 14.120000 0.045000
3478.596270 14.726000 0.044000
3480.618080 14.637000 0.068000
3501.482360 14.432000 0.041000
3503.525630 14.632000 0.039000
3529.522300 14.699000 0.040000
3561.471890 14.477000 0.043000
3563.502420 14.221000 0.055000
3641.887770 13.564000 0.043000
3651.866020 13.101000 0.050000
3662.852130 12.812000 0.053000
3666.837720 12.914000 0.046000
3670.827540 12.866000 0.040000
3674.811320 12.860000 0.069000
3678.849440 12.931000 0.058000
3701.787480 13.753000 0.051000
3705.779440 13.990000 0.049000
3712.837660 14.020000 0.048000
3715.814060 14.397000 0.058000
3718.797940 13.962000 0.046000
3724.825330 14.174000 0.053000
3731.776440 14.407000 0.056000
3737.758300 14.248000 0.052000
3740.726320 14.112000 0.052000
3743.716790 14.515000 0.044000
3748.716000 14.119000 0.051000
3766.664560 15.210000 0.065000
3788.662630 14.594000 0.053000
3797.642520 14.480000 0.059000
3802.608710 14.802000 0.053000
3811.699160 14.214000 0.044000
3822.579370 14.676000 0.045000
3830.680210 14.553000 0.046000
3834.656150 14.505000 0.042000
3850.667420 14.322000 0.050000
3859.667720 14.331000 0.050000
3861.631380 14.498000 0.039000
3863.618340 14.648000 0.050000
3872.553250 14.423000 0.039000
3882.514120 14.235000 0.041000
3890.565840 14.259000 0.059000
3898.591520 14.266000 0.048000
3903.534610 13.880000 0.041000
3905.534370 13.736000 0.044000
3907.537970 13.711000 0.050000
4143.707290 14.730000 0.064000
4145.784280 14.280000 0.045000
4155.707850 14.401000 0.055000
4167.624250 14.006000 0.039000
4174.536400 13.688000 0.040000
4176.596210 13.615000 0.044000
4179.627050 13.448000 0.053000
4183.662620 13.200000 0.045000
4185.680600 13.103000 0.052000
4189.613910 13.039000 0.038000
4191.639070 12.755000 0.042000
4193.650440 12.836000 0.040000
4198.700020 12.692000 0.047000
4202.518400 12.633000 0.044000
4204.633250 12.574000 0.041000
4207.666670 12.625000 0.045000
4213.706960 12.597000 0.056000
4216.690710 12.553000 0.057000
4227.597500 12.700000 0.043000
4229.607530 12.809000 0.045000
4231.612670 12.854000 0.045000
4233.614560 12.957000 0.046000
4235.612850 13.003000 0.053000
4237.629660 13.123000 0.051000
4246.559700 13.412000 0.047000
4253.593820 13.495000 0.045000
4256.547730 13.870000 0.039000
4258.571330 13.796000 0.049000
4299.469130 14.579000 0.048000
4403.858560 14.022000 0.043000
4408.806880 14.419000 0.049000
4439.813890 14.091000 0.044000
4455.775980 14.103000 0.043000
4458.764360 13.889000 0.045000
4461.754160 13.806000 0.042000
4464.745900 13.754000 0.039000
4467.746170 13.511000 0.042000
4470.748060 13.276000 0.045000
4473.842900 13.193000 0.060000
4477.730980 13.254000 0.046000
4484.718590 13.188000 0.047000
4486.755930 13.157000 0.039000
4489.671980 13.095000 0.046000
4491.733820 13.140000 0.040000
4493.757810 12.974000 0.040000
4497.702550 13.072000 0.038000
4502.715160 13.420000 0.042000
4507.697710 13.403000 0.041000
4515.770140 13.400000 0.043000
4518.605530 13.753000 0.039000
4520.659300 13.890000 0.042000
4522.656080 13.879000 0.040000
4524.678300 13.803000 0.036000
4526.718390 14.034000 0.043000
4528.789170 14.055000 0.058000
4531.627770 13.835000 0.047000
4558.670810 14.413000 0.057000
4610.518380 14.562000 0.042000
4729.895670 13.377000 0.043000
4744.886340 12.960000 0.045000
4750.875000 12.862000 0.041000
4754.862940 12.786000 0.044000
4758.844830 12.671000 0.054000
4762.836380 12.613000 0.045000
4766.840820 12.622000 0.039000
4770.811160 12.625000 0.040000
4774.812780 12.767000 0.047000
4778.800180 12.925000 0.042000
4783.832660 12.985000 0.052000
4787.795930 13.065000 0.040000
4793.818430 13.396000 0.040000
4797.829360 13.803000 0.060000
4800.830200 13.711000 0.044000
4804.789800 13.754000 0.038000
4807.802590 14.083000 0.041000
4814.744880 13.639000 0.042000
4824.764420 14.252000 0.038000
4862.773820 14.633000 0.050000
1873.764240 14.554000 0.073000
2059.498740 12.874000 0.051000
2842.473040 12.811000 0.052000
3365.776750 13.764000 0.059000
3403.713370 13.045000 0.047000
3420.687180 13.211000 0.057000
3424.709470 13.359000 0.059000
3438.569860 13.743000 0.051000
3452.610560 13.984000 0.073000
3655.843080 13.097000 0.070000
3790.751180 14.755000 0.071000
3868.533260 14.043000 0.053000
3886.567970 14.387000 0.067000
4196.668720 12.884000 0.046000
4442.800190 14.672000 0.053000
4480.715880 13.364000 0.054000
4499.816290 13.349000 0.050000
1868.817970 29.999000 0.068000
1886.733960 29.999000 0.052000
1889.734190 29.999000 0.058000
1902.768180 29.999000 0.048000
1918.769010 29.999000 0.046000
1919.775390 29.999000 0.048000
1921.721110 29.999000 0.046000
1924.707840 29.999000 0.047000
1932.695300 29.999000 0.042000
1935.709630 29.999000 0.041000
1945.698710 29.999000 0.047000
1946.697520 29.999000 0.047000
1948.618970 29.999000 0.052000
1949.676370 29.999000 0.064000
1953.655950 29.999000 0.048000
1963.620440 29.999000 0.049000
1965.627380 29.999000 0.048000
1967.626590 29.999000 0.050000
1968.621760 29.999000 0.052000
1979.586990 29.999000 0.059000
1982.597490 29.999000 0.051000
1984.586930 29.999000 0.053000
1985.591090 29.999000 0.056000
1993.574040 29.999000 0.062000
1994.588330 29.999000 0.058000
2167.891590 29.999000 0.061000
2186.861630 29.999000 0.049000
2188.868770 29.999000 0.051000
2192.837510 29.999000 0.055000
2194.840670 29.999000 0.055000
2196.863240 29.999000 0.051000
2202.830670 29.999000 0.049000
2216.783690 29.999000 0.055000
2221.819460 29.999000 0.058000
2224.802950 29.999000 0.057000
2228.769830 29.999000 0.053000
2234.851210 29.999000 0.057000
2239.774080 29.999000 0.055000
2241.758350 29.999000 0.058000
2243.739690 29.999000 0.056000
2249.731440 29.999000 0.056000
2251.855480 29.999000 0.065000
2253.724430 29.999000 0.058000
2254.797660 29.999000 0.066000
2454.463360 29.999000 0.047000
2464.477170 29.999000 0.057000
2468.471600 29.999000 0.054000
2554.864620 29.999000 0.067000
2627.777910 29.999000 0.037000
2643.794440 29.999000 0.035000
2645.783500 29.999000 0.037000
2658.727280 29.999000 0.036000
2662.722030 29.999000 0.046000
2664.720150 29.999000 0.035000
2670.723870 29.999000 0.035000
2674.707780 29.999000 0.035000
2678.670480 29.999000 0.036000
2683.809530 29.999000 0.039000
2693.677010 29.999000 0.035000
2696.776620 29.999000 0.038000
2698.812640 29.999000 0.035000
2704.700360 29.999000 0.038000
2711.646560 29.999000 0.039000
2717.795120 29.999000 0.046000
2720.612760 29.999000 0.036000
2737.747640 29.999000 0.040000
2741.635700 29.999000 0.035000
2742.736400 29.999000 0.036000
2750.718400 29.999000 0.042000
2755.600240 29.999000 0.032000
2757.597170 29.999000 0.033000
2759.627630 29.999000 0.038000
2763.604790 29.999000 0.036000
2783.537850 29.999000 0.042000
2785.539640 29.999000 0.040000
2922.847610 29.999000 0.035000
2935.844570 29.999000 0.038000
2940.810920 29.999000 0.035000
2943.804080 29.999000 0.038000
2956.802290 29.999000 0.034000
2963.820960 29.999000 0.033000
2970.826930 29.999000 0.034000
2994.772600 29.999000 0.043000
2997.764290 29.999000 0.044000
3001.755250 29.999000 0.035000
3003.809970 29.999000 0.039000
3006.743980 29.999000 0.034000
3008.776320 29.999000 0.037000
3010.806410 29.999000 0.039000
3013.713400 29.999000 0.046000
3033.794430 29.999000 0.039000
3036.657760 29.999000 0.035000
3042.826880 29.999000 0.039000
3048.681760 29.999000 0.038000
3053.706410 29.999000 0.036000
3064.780900 29.999000 0.039000
3069.741520 29.999000 0.034000
3071.755330 29.999000 0.036000
3073.806320 29.999000 0.036000
3078.617440 29.999000 0.035000
3159.594690 29.999000 0.040000
3163.511500 29.999000 0.034000
3175.564380 29.999000 0.034000
3189.521760 29.999000 0.039000
3456.691090 29.999000 0.047000
3471.731580 29.999000 0.040000
3495.642840 29.999000 0.040000
3509.617890 29.999000 0.041000
3721.774230 29.999000 0.057000
3727.766120 29.999000 0.060000
3751.698020 29.999000 0.061000
3758.750010 29.999000 0.048000
3768.750200 29.999000 0.043000
3773.710680 29.999000 0.049000
3775.717960 29.999000 0.044000
3783.678980 29.999000 0.048000
3795.589200 29.999000 0.058000
3836.680950 29.999000 0.048000
3852.677820 29.999000 0.045000
3865.635240 29.999000 0.043000
3896.570290 29.999000 0.048000
4089.748070 29.999000 0.062000
4107.797580 29.999000 0.044000
4136.787480 29.999000 0.041000
4274.517280 29.999000 0.044000
4277.541510 29.999000 0.042000
4283.497190 29.999000 0.044000
4285.512130 29.999000 0.053000
4289.511680 29.999000 0.043000
4292.487880 29.999000 0.039000
4294.496630 29.999000 0.040000
4296.492580 29.999000 0.042000
4301.475550 29.999000 0.051000
4307.469540 29.999000 0.045000
4364.881380 29.999000 0.039000
4368.893440 29.999000 0.042000
4380.874200 29.999000 0.051000
4539.618070 29.999000 0.047000
4541.627960 29.999000 0.042000
4543.644750 29.999000 0.046000
4545.672400 29.999000 0.045000
4547.696740 29.999000 0.050000
4552.605950 29.999000 0.041000
4554.627220 29.999000 0.042000
4560.675570 29.999000 0.043000
4562.712160 29.999000 0.064000
4565.532860 29.999000 0.044000
4567.573460 29.999000 0.043000
4569.588070 29.999000 0.059000
4571.605840 29.999000 0.046000
4573.635510 29.999000 0.051000
4575.662200 29.999000 0.058000
4579.656910 29.999000 0.041000
4582.657650 29.999000 0.047000
4585.676540 29.999000 0.040000
4588.570190 29.999000 0.046000
4590.591400 29.999000 0.046000
4592.611130 29.999000 0.042000
4594.632580 29.999000 0.040000
4596.635420 29.999000 0.041000
4599.504640 29.999000 0.049000
4601.552280 29.999000 0.041000
4603.598110 29.999000 0.048000
4607.600460 29.999000 0.045000
4612.572710 29.999000 0.046000
4620.557860 29.999000 0.051000
4626.512920 29.999000 0.043000
4633.514170 29.999000 0.040000
4647.529800 29.999000 0.072000
4653.478090 29.999000 0.057000
4664.475510 29.999000 0.044000
4870.767380 29.999000 0.043000
4872.820080 29.999000 0.046000
4883.771950 29.999000 0.041000
1875.752800 29.999000 0.065000
1899.760520 29.999000 0.042000
1915.735260 29.999000 0.054000
1930.700510 29.999000 0.044000
1931.702000 29.999000 0.043000
1934.689660 29.999000 0.046000
1936.739250 29.999000 0.041000
1939.656200 29.999000 0.044000
1950.658330 29.999000 0.066000
1952.648810 29.999000 0.058000
1954.656850 29.999000 0.048000
1955.650960 29.999000 0.046000
1958.630730 29.999000 0.054000
1961.655420 29.999000 0.046000
1977.604190 29.999000 0.056000
1980.605730 29.999000 0.057000
1981.606310 29.999000 0.053000
1995.570440 29.999000 0.065000
1996.566760 29.999000 0.066000
1997.565300 29.999000 0.065000
2190.843180 29.999000 0.049000
2198.840260 29.999000 0.053000
2200.845590 29.999000 0.054000
2212.805080 29.999000 0.050000
2214.797060 29.999000 0.050000
2226.782490 29.999000 0.049000
2230.768450 29.999000 0.053000
2233.743450 29.999000 0.053000
2247.775690 29.999000 0.067000
2250.796690 29.999000 0.062000
2258.723840 29.999000 0.068000
2540.885150 29.999000 0.047000
2552.847010 29.999000 0.036000
2557.844150 29.999000 0.050000
2578.828880 29.999000 0.050000
2634.782450 29.999000 0.035000
2636.816830 29.999000 0.038000
2638.797950 29.999000 0.040000
2641.711570 29.999000 0.035000
2647.752070 29.999000 0.048000
2650.726090 29.999000 0.036000
2652.748440 29.999000 0.038000
2655.696060 29.999000 0.044000
2672.719940 29.999000 0.036000
2676.694220 29.999000 0.038000
2685.682830 29.999000 0.044000
2691.664450 29.999000 0.037000
2700.797010 29.999000 0.038000
2706.670230 29.999000 0.037000
2714.626190 29.999000 0.039000
2721.779900 29.999000 0.043000
2730.659810 29.999000 0.036000
2736.560450 29.999000 0.035000
2744.628420 29.999000 0.042000
2747.676320 29.999000 0.048000
2761.608290 29.999000 0.034000
2766.575610 29.999000 0.039000
2770.584540 29.999000 0.038000
2776.528750 29.999000 0.038000
2804.564970 29.999000 0.038000
2809.562790 29.999000 0.040000
2926.850780 29.999000 0.038000
2929.832260 29.999000 0.038000
2960.814780 29.999000 0.043000
2974.772150 29.999000 0.032000
2979.766130 29.999000 0.035000
2982.777200 29.999000 0.036000
2985.793920 29.999000 0.033000
2988.784540 29.999000 0.036000
2991.774080 29.999000 0.035000
3016.776690 29.999000 0.038000
3029.741430 29.999000 0.033000
3031.808530 29.999000 0.034000
3040.726160 29.999000 0.035000
3045.643440 29.999000 0.033000
3051.647130 29.999000 0.035000
3058.608600 29.999000 0.041000
3067.738400 29.999000 0.035000
3100.696890 29.999000 0.034000
3102.698700 29.999000 0.038000
3156.608480 29.999000 0.040000
3182.534290 29.999000 0.042000
3458.680200 29.999000 0.046000
3462.692090 29.999000 0.043000
3469.731130 29.999000 0.038000
3474.509220 29.999000 0.041000
3476.621880 29.999000 0.061000
3484.673890 29.999000 0.044000
3489.639020 29.999000 0.047000
3491.649890 29.999000 0.044000
3497.677090 29.999000 0.042000
3512.607500 29.999000 0.039000
3516.608920 29.999000 0.044000
3520.579950 29.999000 0.072000
3522.596780 29.999000 0.050000
3539.527600 29.999000 0.040000
3542.561670 29.999000 0.055000
3547.470920 29.999000 0.040000
3554.511790 29.999000 0.041000
3734.789580 29.999000 0.054000
3745.801850 29.999000 0.043000
3756.687490 29.999000 0.058000
3761.680430 29.999000 0.053000
3771.645620 29.999000 0.053000
3780.615520 29.999000 0.051000
3799.708950 29.999000 0.038000
3804.673900 29.999000 0.049000
3806.676050 29.999000 0.041000
3809.689220 29.999000 0.046000
3813.711090 29.999000 0.040000
3815.753190 29.999000 0.048000
3817.751650 29.999000 0.037000
3819.789890 29.999000 0.048000
3824.615210 29.999000 0.040000
3828.626880 29.999000 0.039000
3832.677530 29.999000 0.040000
3901.510630 29.999000 0.040000
4105.722680 29.999000 0.043000
4111.800790 29.999000 0.041000
4125.800930 29.999000 0.038000
4128.663010 29.999000 0.045000
4132.725680 29.999000 0.062000
4134.768390 29.999000 0.049000
4139.632330 29.999000 0.038000
4141.693600 29.999000 0.052000
4149.673280 29.999000 0.040000
4151.708650 29.999000 0.053000
4160.585960 29.999000 0.049000
4164.651870 29.999000 0.043000
4372.888500 29.999000 0.050000
4384.866480 29.999000 0.050000
4412.841370 29.999000 0.040000
4426.825790 29.999000 0.056000
4429.807220 29.999000 0.042000
4436.801520 29.999000 0.038000
4452.784420 29.999000 0.044000
4505.643190 29.999000 0.043000
4534.592040 29.999000 0.042000
4537.606200 29.999000 0.042000
4641.502440 29.999000 0.047000
4643.504910 29.999000 0.053000
4645.514720 29.999000 0.053000
4655.482400 29.999000 0.064000
4670.468860 29.999000 0.043000
4810.809180 29.999000 0.043000
4821.769120 29.999000 0.040000
4827.758140 29.999000 0.040000
4830.747070 29.999000 0.046000
4833.740200 29.999000 0.049000
4836.729970 29.999000 0.039000
4839.715930 29.999000 0.045000
4842.718360 29.999000 0.041000
4845.775160 29.999000 0.045000
4848.695360 29.999000 0.047000
4850.760800 29.999000 0.047000
4853.744260 29.999000 0.041000
4856.748980 29.999000 0.056000
4860.686090 29.999000 0.045000
4865.710870 29.999000 0.042000
4868.682570 29.999000 0.040000
4876.633790 29.999000 0.048000
4881.627770 29.999000 0.043000
5145.839400 29.999000 0.053000
5168.795780 29.999000 0.049000
