2695.663780 12.601000 0.038000
2956.832850 11.202000 0.030000
2947.769190 11.108000 0.050000
1904.679260 11.048000 0.037000
1913.659820 11.415000 0.035000
1914.675920 11.442000 0.036000
1928.654520 12.080000 0.037000
1929.645140 12.138000 0.038000
1930.645460 12.217000 0.038000
1932.637550 12.255000 0.040000
1933.636990 12.240000 0.041000
1934.631940 12.332000 0.038000
1936.616890 12.437000 0.038000
1940.618120 12.622000 0.041000
1945.614490 12.832000 0.042000
1947.606970 12.921000 0.041000
1949.594840 13.018000 0.039000
2134.912160 11.991000 0.040000
2144.894500 12.628000 0.041000
2661.716560 14.077000 0.035000
2669.694770 13.609000 0.035000
2671.693880 13.483000 0.035000
2678.821180 13.204000 0.033000
2683.691560 13.237000 0.037000
2686.796590 12.883000 0.040000
2688.702170 12.824000 0.035000
2689.802340 12.931000 0.035000
2691.734780 12.795000 0.035000
2693.753820 12.627000 0.035000
2697.709180 12.357000 0.034000
2699.701840 12.273000 0.034000
2701.699840 12.100000 0.034000
2703.695670 11.972000 0.033000
2705.688010 11.841000 0.037000
2707.684480 11.771000 0.035000
2709.642380 11.652000 0.034000
2711.614120 11.625000 0.034000
2713.619350 11.509000 0.034000
2715.633700 11.502000 0.035000
2720.687490 11.470000 0.035000
2722.613000 11.366000 0.033000
2724.611000 11.387000 0.033000
2726.609390 11.342000 0.034000
2728.600690 11.324000 0.035000
2730.596670 11.306000 0.034000
2733.643120 11.339000 0.034000
2735.638880 11.314000 0.034000
2737.626080 11.280000 0.033000
2739.618660 11.282000 0.034000
2741.586100 11.278000 0.034000
2743.593700 11.309000 0.036000
2745.606370 11.353000 0.037000
2750.505480 11.316000 0.046000
2751.620910 11.273000 0.034000
2754.588610 11.326000 0.035000
2756.588080 11.309000 0.034000
2759.475490 11.417000 0.037000
2761.498630 11.475000 0.035000
2763.494570 11.518000 0.033000
2766.497180 11.699000 0.034000
2770.498230 11.922000 0.033000
2775.504990 12.243000 0.038000
2784.532960 12.966000 0.033000
2787.462240 13.018000 0.033000
2790.516110 13.367000 0.041000
2793.452200 13.405000 0.035000
2796.460910 13.700000 0.039000
2939.868490 11.035000 0.038000
2957.785050 11.200000 0.038000
2960.796930 11.379000 0.038000
2975.716480 12.098000 0.035000
2981.762760 12.318000 0.039000
2984.707210 12.812000 0.034000
2986.771310 12.948000 0.032000
2989.702820 12.952000 0.034000
2991.751180 12.545000 0.037000
2996.737690 12.428000 0.044000
3001.731610 13.671000 0.035000
3011.780080 14.273000 0.035000
3036.810650 14.505000 0.036000
3086.695910 14.175000 0.040000
3090.701730 13.324000 0.039000
3092.695530 13.182000 0.034000
3096.656940 12.709000 0.034000
3098.671580 12.439000 0.036000
3101.536990 12.339000 0.036000
3105.550320 12.153000 0.042000
3107.558250 12.022000 0.034000
3109.566690 11.909000 0.034000
3111.564110 11.859000 0.033000
3113.581200 11.801000 0.033000
3115.586930 11.608000 0.033000
3121.516800 11.402000 0.033000
3123.543210 11.310000 0.035000
3125.574380 11.245000 0.034000
3128.521700 11.184000 0.034000
3130.538970 11.098000 0.034000
3132.550640 11.096000 0.035000
3134.570580 11.097000 0.033000
3144.535420 10.995000 0.033000
3156.504830 11.082000 0.034000
3160.489310 11.200000 0.036000
3164.475610 11.274000 0.034000
3168.478010 11.363000 0.034000
3180.452020 11.877000 0.036000
1953.595780 13.141000 0.044000
2659.719360 13.876000 0.037000
2677.658140 13.270000 0.036000
1931.638250 12.200000 0.049000
2128.934400 11.567000 0.044000
2140.914250 12.309000 0.046000
2954.788050 11.093000 0.043000
2973.794290 11.874000 0.048000
3175.459030 11.669000 0.042000
1961.578660 29.999000 0.044000
1963.564010 29.999000 0.044000
1967.554320 29.999000 0.043000
2440.450220 29.999000 0.043000
2631.816450 29.999000 0.041000
2804.479280 29.999000 0.038000
3007.723680 29.999000 0.041000
3009.758800 29.999000 0.034000
3030.696630 29.999000 0.035000
3043.676820 29.999000 0.034000
3048.687900 29.999000 0.034000
3051.621230 29.999000 0.039000
3053.670380 29.999000 0.039000
3071.721350 29.999000 0.035000
3080.669940 29.999000 0.046000
1958.577180 29.999000 0.042000
1959.591420 29.999000 0.045000
1977.540940 29.999000 0.051000
2026.505230 29.999000 0.036000
2663.712970 29.999000 0.035000
2667.705360 29.999000 0.035000
2810.454510 29.999000 0.036000
2813.454370 29.999000 0.040000
3015.648370 29.999000 0.041000
3019.682760 29.999000 0.035000
3023.689340 29.999000 0.033000
3032.718590 29.999000 0.038000
3034.742140 29.999000 0.036000
3040.817580 29.999000 0.036000
3045.722350 29.999000 0.034000
3057.756790 29.999000 0.035000
3060.620220 29.999000 0.033000
3064.666140 29.999000 0.034000
3067.686530 29.999000 0.034000
3069.702800 29.999000 0.037000
3074.625090 29.999000 0.035000
3076.651010 29.999000 0.034000
3078.656150 29.999000 0.040000
3088.701400 29.999000 0.043000
1954.608990 13.274000 0.044000
1958.586890 13.419000 0.046000
1964.585980 13.678000 0.046000
2558.827400 11.950000 0.050000
1967.575410 13.465000 0.047000
4502.663190 14.931000 0.040000
1868.777180 11.357000 0.045000
1869.769750 11.264000 0.047000
1870.834460 11.153000 0.044000
1873.791920 10.980000 0.047000
1875.789230 10.821000 0.045000
1876.819270 10.746000 0.044000
1877.780800 10.730000 0.043000
1878.813470 10.698000 0.040000
1879.781610 10.690000 0.042000
1881.760710 10.608000 0.044000
1884.733430 10.616000 0.044000
1885.739050 10.569000 0.044000
1886.748200 10.616000 0.044000
1887.741050 10.596000 0.044000
1888.731060 10.618000 0.044000
1889.750380 10.641000 0.042000
1899.704670 10.873000 0.042000
1900.713930 10.935000 0.041000
1902.693880 11.000000 0.044000
1903.720880 10.998000 0.044000
1904.691180 11.029000 0.042000
1905.700150 11.055000 0.044000
1906.691250 11.094000 0.045000
1907.698260 11.107000 0.043000
1908.690530 11.185000 0.044000
1913.667330 11.419000 0.040000
1914.685670 11.407000 0.041000
1915.687460 11.475000 0.043000
1918.662310 11.640000 0.044000
1919.678470 11.694000 0.045000
1920.677680 11.738000 0.042000
1922.671000 11.827000 0.045000
1923.667920 11.840000 0.043000
1924.658530 11.922000 0.046000
1925.668280 11.957000 0.046000
1926.660200 11.975000 0.042000
1928.662010 12.089000 0.043000
1929.659350 12.197000 0.044000
1930.657480 12.208000 0.042000
1931.650280 12.327000 0.046000
1932.647330 12.281000 0.044000
1933.649010 12.394000 0.047000
1934.646930 12.314000 0.042000
1936.627590 12.427000 0.044000
1937.693520 12.454000 0.046000
1940.646780 12.580000 0.046000
1945.629040 12.544000 0.045000
1946.625540 12.779000 0.044000
1948.581210 12.893000 0.046000
1953.607890 13.290000 0.047000
1955.603110 13.184000 0.043000
1961.583850 13.728000 0.046000
1963.573740 13.637000 0.046000
1965.574620 13.696000 0.046000
2033.513830 14.162000 0.046000
2057.451230 12.698000 0.046000
2069.474790 11.694000 0.044000
2133.926960 11.864000 0.047000
2156.903110 13.225000 0.044000
2171.863420 14.037000 0.044000
2190.804570 14.687000 0.046000
2502.922800 11.597000 0.049000
2521.887080 10.926000 0.044000
2545.816420 11.369000 0.046000
2560.815130 12.019000 0.043000
2562.817180 11.907000 0.045000
2566.813030 11.928000 0.048000
2577.763150 13.047000 0.044000
2650.658050 14.820000 0.039000
2663.738900 14.150000 0.040000
2665.730580 13.731000 0.038000
2667.731250 13.883000 0.043000
2669.720710 13.717000 0.041000
2671.719820 13.555000 0.040000
2673.715650 13.575000 0.041000
2675.702130 13.608000 0.044000
2677.684190 13.444000 0.041000
2679.655640 13.477000 0.048000
2680.811300 13.397000 0.041000
2683.772650 13.007000 0.041000
2689.648580 12.739000 0.041000
2690.771990 12.865000 0.041000
2694.783430 12.607000 0.040000
2696.742070 12.360000 0.040000
2698.771410 12.225000 0.040000
2700.710520 12.132000 0.043000
2706.647530 11.819000 0.040000
2710.600780 11.665000 0.047000
2711.698830 11.571000 0.045000
2713.661810 11.559000 0.043000
2719.589900 11.479000 0.041000
2720.718350 11.474000 0.040000
2722.632100 11.427000 0.040000
2724.629990 11.402000 0.039000
2726.628370 11.331000 0.041000
2728.619650 11.317000 0.040000
2730.615600 11.342000 0.040000
2733.662010 11.311000 0.040000
2735.657800 11.328000 0.040000
2737.644940 11.293000 0.040000
2739.635150 11.287000 0.040000
2741.602550 11.308000 0.040000
2743.610140 11.280000 0.040000
2750.640470 11.300000 0.040000
2752.594660 11.258000 0.040000
2755.582630 11.336000 0.040000
2759.606840 11.450000 0.043000
2761.587580 11.485000 0.040000
2763.584020 11.636000 0.042000
2766.564590 11.755000 0.041000
2770.577910 11.964000 0.040000
2776.519700 12.399000 0.043000
2783.528610 12.845000 0.038000
2785.530360 13.009000 0.040000
2787.525100 13.168000 0.039000
2791.494160 13.456000 0.045000
2794.478820 13.444000 0.047000
2884.895780 13.347000 0.041000
2893.873920 12.704000 0.042000
2896.863870 12.563000 0.042000
2899.879930 12.355000 0.038000
2903.900360 12.226000 0.046000
2911.840940 11.891000 0.038000
2915.881670 11.722000 0.043000
2922.802000 11.439000 0.042000
2924.854960 11.401000 0.043000
2927.821330 11.307000 0.038000
2929.835590 11.263000 0.042000
2932.839690 11.186000 0.040000
2940.755480 11.057000 0.039000
2942.805140 10.976000 0.043000
2947.799410 11.018000 0.038000
2950.746240 11.090000 0.039000
2956.824000 11.185000 0.038000
2963.783240 11.587000 0.037000
2970.775480 11.884000 0.038000
2973.799530 12.052000 0.038000
2975.740050 12.112000 0.039000
2977.738010 12.234000 0.042000
2979.758790 12.347000 0.045000
2981.785090 12.375000 0.041000
2984.728940 12.688000 0.038000
2986.782230 12.773000 0.039000
2989.719420 12.987000 0.038000
2991.766840 13.024000 0.040000
2994.696400 13.304000 0.038000
2996.755790 13.438000 0.037000
3001.745090 13.898000 0.039000
3012.790760 13.976000 0.039000
3052.651880 14.672000 0.039000
3081.553080 14.353000 0.039000
3085.593400 13.892000 0.046000
3087.589440 13.723000 0.042000
3091.626250 13.094000 0.041000
3093.607530 13.070000 0.038000
3097.611150 12.681000 0.039000
3099.649350 12.502000 0.039000
3101.654740 12.374000 0.044000
3103.651730 12.267000 0.039000
3105.645070 12.153000 0.039000
3107.649600 12.008000 0.040000
3109.652190 11.901000 0.038000
3112.499580 11.788000 0.039000
3122.525250 11.381000 0.038000
3124.553980 11.303000 0.038000
3126.582650 11.254000 0.039000
3128.608040 11.156000 0.040000
3131.501810 11.163000 0.039000
3133.520420 11.046000 0.040000
3145.533860 10.994000 0.038000
3154.515210 11.106000 0.042000
3158.504800 11.144000 0.040000
3162.485440 11.214000 0.040000
3164.506980 11.278000 0.039000
3168.479940 11.368000 0.038000
3175.474320 11.605000 0.040000
3333.798530 11.132000 0.044000
3356.706660 10.661000 0.048000
3365.760880 10.826000 0.036000
3385.623670 11.519000 0.038000
3387.690880 11.641000 0.042000
3391.772410 11.880000 0.038000
3394.793560 12.010000 0.039000
3397.621520 12.178000 0.040000
3399.688620 12.405000 0.042000
3404.701450 12.698000 0.042000
3406.743690 12.828000 0.045000
3410.790540 13.205000 0.044000
3417.616310 13.642000 0.044000
3419.608470 13.829000 0.041000
3496.598180 13.938000 0.040000
3499.587100 14.504000 0.040000
3502.485360 13.842000 0.041000
3504.527180 13.851000 0.046000
3511.533940 13.517000 0.040000
3520.473040 13.182000 0.046000
3525.498720 13.186000 0.047000
3528.476120 13.023000 0.044000
3530.472860 12.917000 0.047000
3540.472170 12.551000 0.042000
3544.465060 12.493000 0.042000
3619.907970 13.970000 0.048000
3639.874420 14.891000 0.041000
3699.771680 13.707000 0.045000
3702.786660 13.816000 0.042000
3705.764520 13.925000 0.044000
3708.751700 13.488000 0.041000
3712.788930 13.365000 0.042000
3717.728470 13.250000 0.045000
3722.709840 13.004000 0.046000
3725.755040 12.819000 0.042000
3728.689740 12.674000 0.047000
3731.809710 12.664000 0.045000
3737.713700 12.407000 0.044000
3742.670870 12.038000 0.042000
3744.755640 11.931000 0.042000
3747.660540 11.710000 0.048000
3752.717600 11.403000 0.043000
3754.791240 11.320000 0.045000
3757.625220 11.013000 0.045000
3759.691220 11.010000 0.044000
3761.809060 10.878000 0.043000
3764.659810 10.821000 0.045000
3767.640940 10.706000 0.042000
3769.738570 10.728000 0.045000
3772.593660 10.698000 0.042000
3776.738590 10.754000 0.043000
3778.712840 10.768000 0.042000
3780.752950 10.860000 0.041000
3788.605910 11.292000 0.050000
3790.666280 11.112000 0.051000
3792.738330 11.274000 0.046000
3795.565320 11.435000 0.044000
3799.681180 11.685000 0.039000
3802.571650 11.864000 0.044000
3804.640560 12.001000 0.043000
3806.638830 12.137000 0.042000
3811.657910 12.456000 0.040000
3815.690420 12.804000 0.042000
3817.702550 13.025000 0.041000
3820.550340 13.150000 0.045000
3822.609230 13.292000 0.043000
3824.635520 13.608000 0.041000
3826.650160 13.657000 0.042000
3828.663590 13.615000 0.042000
3831.536270 13.689000 0.045000
3835.586290 13.897000 0.041000
3904.468130 14.453000 0.040000
3983.904270 10.940000 0.049000
4125.747060 14.097000 0.041000
4127.708730 13.848000 0.049000
4129.710120 13.780000 0.040000
4137.790290 13.244000 0.045000
4140.585970 13.076000 0.042000
4142.630810 13.031000 0.045000
4144.680660 12.831000 0.046000
4152.635780 12.370000 0.041000
4162.710210 11.858000 0.045000
4164.738360 11.787000 0.050000
4172.738980 11.353000 0.051000
4175.521860 11.361000 0.042000
4180.730330 11.306000 0.047000
4183.541610 11.191000 0.041000
4185.558960 11.247000 0.044000
4190.695040 11.148000 0.044000
4193.517780 11.180000 0.043000
4201.578170 11.334000 0.040000
4204.574140 11.343000 0.040000
4207.631260 11.407000 0.046000
4216.545810 11.704000 0.043000
4227.580090 12.174000 0.042000
4230.482020 12.408000 0.043000
4232.504700 12.580000 0.040000
4234.513900 12.683000 0.040000
4238.555210 12.813000 0.048000
4256.475680 14.174000 0.042000
4258.485800 14.440000 0.041000
4269.471470 14.917000 0.043000
4332.912280 13.675000 0.043000
4340.905950 13.508000 0.046000
4344.907370 13.122000 0.043000
4348.900870 12.897000 0.040000
4354.902740 12.350000 0.041000
4358.888590 12.134000 0.042000
4362.884110 11.793000 0.039000
4366.850520 11.599000 0.043000
4373.865150 11.167000 0.047000
4377.857400 11.036000 0.044000
4381.849540 10.962000 0.042000
4385.836120 10.917000 0.042000
4408.788930 11.259000 0.042000
4411.834050 11.287000 0.046000
4420.859300 11.696000 0.047000
4423.806460 11.909000 0.043000
4427.786250 12.048000 0.041000
4430.769470 12.292000 0.041000
4433.758900 12.381000 0.039000
4436.764260 12.657000 0.044000
4439.743490 12.757000 0.040000
4460.686690 13.564000 0.042000
4465.675200 14.490000 0.043000
4467.786390 14.616000 0.046000
4473.731700 14.733000 0.046000
4532.718630 14.939000 0.041000
4536.563980 14.200000 0.042000
4538.631690 13.893000 0.044000
4542.640610 13.582000 0.048000
4546.674550 13.355000 0.041000
4548.671660 12.958000 0.042000
4551.624970 12.662000 0.041000
4555.652680 12.371000 0.041000
4557.678940 12.276000 0.046000
4559.689500 12.155000 0.043000
4562.548100 12.049000 0.046000
4564.608270 12.041000 0.042000
4566.616130 11.943000 0.041000
4568.638590 11.773000 0.042000
4570.620730 11.768000 0.042000
4574.624120 11.645000 0.049000
4579.518760 11.438000 0.042000
4582.543150 11.321000 0.042000
4585.576760 11.208000 0.042000
4588.536360 11.051000 0.043000
4590.560630 10.994000 0.045000
4592.586280 10.938000 0.042000
4595.495580 10.910000 0.047000
4597.508600 10.912000 0.046000
4599.555920 10.873000 0.045000
4602.511370 10.839000 0.044000
4607.506520 10.925000 0.044000
4609.547190 10.957000 0.044000
4618.491280 11.249000 0.044000
4622.492360 11.504000 0.047000
4627.489260 11.697000 0.041000
4631.474800 11.895000 0.045000
4643.458170 12.446000 0.050000
4753.826570 14.174000 0.038000
4756.844530 13.936000 0.039000
4760.827530 13.674000 0.038000
4764.805370 13.614000 0.038000
4768.800680 13.675000 0.040000
4771.819050 13.495000 0.045000
4775.778530 13.284000 0.039000
4782.823190 12.637000 0.042000
4786.807360 12.440000 0.043000
4792.785250 12.061000 0.041000
4795.775410 11.921000 0.043000
4798.773380 11.794000 0.040000
4801.755590 11.649000 0.045000
4804.744170 11.636000 0.044000
4807.735140 11.478000 0.038000
4813.745990 11.434000 0.040000
4816.713340 11.406000 0.038000
4819.763790 11.417000 0.039000
4822.706710 11.437000 0.041000
4825.693900 11.472000 0.048000
4831.678450 11.628000 0.039000
4834.665230 11.757000 0.040000
4836.761460 11.809000 0.040000
4839.644300 11.847000 0.041000
4843.778530 11.957000 0.044000
4846.739650 12.208000 0.044000
4849.653850 12.283000 0.043000
4857.702940 12.837000 0.042000
4863.688940 13.278000 0.044000
4881.642990 14.347000 0.041000
5086.897200 13.691000 0.049000
2539.839000 11.337000 0.056000
2553.834130 11.877000 0.058000
2574.774400 13.298000 0.054000
3415.604510 13.821000 0.048000
1872.713920 11.067000 0.048000
1874.822630 10.887000 0.050000
1952.600940 13.198000 0.054000
2131.928540 11.738000 0.051000
2496.927140 11.823000 0.055000
2498.927420 11.953000 0.053000
2526.887940 10.991000 0.053000
2944.794460 11.007000 0.054000
3089.618600 13.578000 0.046000
3374.714860 11.128000 0.046000
3408.742410 13.012000 0.052000
3714.811030 13.011000 0.048000
3719.787120 12.970000 0.049000
3734.739810 12.455000 0.044000
3739.795400 12.151000 0.050000
3749.767790 11.862000 0.048000
3774.689040 10.683000 0.052000
3783.798410 10.878000 0.053000
3797.614220 11.594000 0.050000
4133.779920 13.425000 0.055000
4135.831490 13.952000 0.051000
4146.717950 12.676000 0.049000
4154.670160 12.297000 0.046000
4196.579450 11.232000 0.049000
4778.824930 12.895000 0.052000
4810.712870 11.415000 0.048000
4861.631100 13.074000 0.048000
4868.760400 13.417000 0.050000
4870.802320 14.045000 0.051000
1977.546100 29.999000 0.054000
1984.524500 29.999000 0.051000
2188.848080 29.999000 0.048000
2206.798560 29.999000 0.046000
2216.850430 29.999000 0.054000
2227.731390 29.999000 0.047000
2232.787970 29.999000 0.048000
2235.771250 29.999000 0.053000
2237.710840 29.999000 0.050000
2239.767220 29.999000 0.052000
2240.803810 29.999000 0.048000
2248.770180 29.999000 0.052000
2251.739810 29.999000 0.054000
2621.790440 29.999000 0.040000
2623.733520 29.999000 0.044000
2625.721460 29.999000 0.044000
2631.830850 29.999000 0.051000
2643.728360 29.999000 0.039000
2657.717370 29.999000 0.044000
2813.465710 29.999000 0.039000
3031.607220 29.999000 0.038000
3035.644810 29.999000 0.039000
3039.645770 29.999000 0.038000
3042.642020 29.999000 0.039000
3047.619830 29.999000 0.039000
3049.711500 29.999000 0.040000
3056.719040 29.999000 0.038000
3061.565550 29.999000 0.040000
3413.572650 29.999000 0.052000
3423.627900 29.999000 0.048000
3425.656060 29.999000 0.043000
3443.530240 29.999000 0.041000
3469.624620 29.999000 0.039000
3471.637550 29.999000 0.041000
3480.588830 29.999000 0.042000
3837.626090 29.999000 0.042000
3875.519790 29.999000 0.039000
3877.529820 29.999000 0.041000
4478.811610 29.999000 0.044000
4484.807110 29.999000 0.046000
4493.724350 29.999000 0.040000
4497.652270 29.999000 0.045000
4504.721050 29.999000 0.044000
4506.802650 29.999000 0.043000
4511.708290 29.999000 0.042000
4517.678040 29.999000 0.047000
4521.700770 29.999000 0.042000
4523.726480 29.999000 0.041000
4525.781600 29.999000 0.041000
4528.587180 29.999000 0.044000
4540.630250 29.999000 0.045000
4572.606500 29.999000 0.041000
2184.878040 29.999000 0.049000
2191.885040 29.999000 0.046000
2197.808220 29.999000 0.052000
2199.808590 29.999000 0.051000
2201.811490 29.999000 0.049000
2221.768060 29.999000 0.053000
2225.717380 29.999000 0.051000
2230.729070 29.999000 0.048000
2241.788810 29.999000 0.049000
2249.761670 29.999000 0.053000
2253.733910 29.999000 0.056000
2258.766270 29.999000 0.058000
2444.454940 29.999000 0.046000
2628.705280 29.999000 0.036000
2639.697660 29.999000 0.042000
2645.705620 29.999000 0.038000
2860.925530 29.999000 0.042000
2877.909730 29.999000 0.040000
3018.694570 29.999000 0.040000
3028.800800 29.999000 0.044000
3033.662510 29.999000 0.039000
3044.666370 29.999000 0.039000
3054.682090 29.999000 0.039000
3066.673940 29.999000 0.039000
3068.637870 29.999000 0.039000
3074.708920 29.999000 0.041000
3431.654220 29.999000 0.045000
3447.576180 29.999000 0.046000
3454.585800 29.999000 0.042000
3456.582640 29.999000 0.039000
3458.571180 29.999000 0.042000
3460.576100 29.999000 0.041000
3462.582820 29.999000 0.042000
3473.628320 29.999000 0.043000
3476.542720 29.999000 0.043000
3478.566670 29.999000 0.040000
3484.617320 29.999000 0.048000
3490.540090 29.999000 0.042000
3492.547260 29.999000 0.050000
3633.875740 29.999000 0.041000
3655.809010 29.999000 0.044000
3669.867840 29.999000 0.041000
3833.568100 29.999000 0.046000
3851.507200 29.999000 0.047000
3853.525220 29.999000 0.040000
3858.520750 29.999000 0.045000
3860.549080 29.999000 0.048000
3862.539880 29.999000 0.041000
3864.567920 29.999000 0.041000
3869.512450 29.999000 0.040000
3871.517260 29.999000 0.042000
3881.508730 29.999000 0.038000
3891.495830 29.999000 0.041000
3894.481930 29.999000 0.042000
3898.481930 29.999000 0.042000
3901.474730 29.999000 0.040000
3907.466420 29.999000 0.041000
4462.750440 29.999000 0.040000
1959.598900 29.999000 0.047000
1966.587770 29.999000 0.045000
1968.570710 29.999000 0.048000
1979.538090 29.999000 0.052000
1994.492980 29.999000 0.053000
2026.498430 29.999000 0.041000
2031.488490 29.999000 0.044000
2183.844800 29.999000 0.048000
2186.827250 29.999000 0.044000
2193.814660 29.999000 0.047000
2195.800830 29.999000 0.051000
2208.850520 29.999000 0.054000
2212.760840 29.999000 0.047000
2213.787810 29.999000 0.049000
2215.765980 29.999000 0.050000
2222.816730 29.999000 0.051000
2228.848800 29.999000 0.050000
2234.713640 29.999000 0.055000
2242.781650 29.999000 0.051000
2247.753260 29.999000 0.054000
2250.748350 29.999000 0.052000
2252.736590 29.999000 0.052000
2257.738050 29.999000 0.054000
2635.684540 29.999000 0.047000
2641.709510 29.999000 0.040000
2652.682660 29.999000 0.038000
2659.745260 29.999000 0.042000
2661.742450 29.999000 0.042000
2693.535150 29.999000 0.041000
2797.478540 29.999000 0.045000
2811.458700 29.999000 0.038000
3006.665220 29.999000 0.039000
3010.731750 29.999000 0.040000
3063.590490 29.999000 0.047000
3070.665630 29.999000 0.039000
3072.739200 29.999000 0.039000
3076.734070 29.999000 0.038000
3078.727650 29.999000 0.041000
3433.676450 29.999000 0.045000
3436.661930 29.999000 0.042000
3439.653020 29.999000 0.041000
3464.617300 29.999000 0.042000
3466.632180 29.999000 0.041000
3629.885340 29.999000 0.043000
3643.863370 29.999000 0.040000
3651.857210 29.999000 0.047000
3658.810760 29.999000 0.045000
3661.857850 29.999000 0.045000
3665.819430 29.999000 0.045000
3673.799290 29.999000 0.044000
3866.588220 29.999000 0.042000
3886.527110 29.999000 0.053000
4091.696130 29.999000 0.045000
4105.654030 29.999000 0.047000
4107.712750 29.999000 0.038000
4278.455970 29.999000 0.042000
4470.680970 29.999000 0.044000
4487.626070 29.999000 0.042000
4489.667670 29.999000 0.044000
4491.701930 29.999000 0.040000
4499.746200 29.999000 0.042000
4509.637460 29.999000 0.045000
4515.616080 29.999000 0.045000
4519.682190 29.999000 0.047000
4530.651090 29.999000 0.040000
4700.917780 29.999000 0.036000
4704.906830 29.999000 0.046000
4709.900460 29.999000 0.041000
4721.894300 29.999000 0.051000
4726.877520 29.999000 0.039000
4730.880690 29.999000 0.047000
4734.894340 29.999000 0.040000
4741.856570 29.999000 0.039000
4749.870640 29.999000 0.043000
4879.594950 29.999000 0.047000
4906.675350 29.999000 0.052000
4945.617330 29.999000 0.052000
5099.858890 29.999000 0.050000
5140.833450 29.999000 0.049000
5155.846370 29.999000 0.047000
5162.814020 29.999000 0.050000
5165.779100 29.999000 0.049000
