2241.847880 10.330000 0.037000
2660.707460 9.103000 0.030000
2679.780500 9.995000 0.046000
2908.896500 7.612000 0.033000
2235.776810 10.677000 0.036000
2237.766750 10.576000 0.036000
2240.749330 10.295000 0.040000
2243.773720 10.128000 0.046000
1868.859050 11.960000 0.037000
1870.808560 11.966000 0.038000
1872.804080 12.015000 0.036000
1874.797030 12.191000 0.035000
1876.798640 12.102000 0.033000
1878.788340 12.256000 0.033000
1880.778820 12.283000 0.036000
1884.791270 12.365000 0.033000
1887.764840 12.518000 0.034000
1889.765590 12.357000 0.043000
1899.771960 12.335000 0.032000
1900.781930 12.453000 0.032000
1902.768100 12.413000 0.033000
1903.791350 12.388000 0.033000
1905.779430 12.340000 0.032000
1906.784960 12.428000 0.031000
1907.768680 12.349000 0.030000
1913.735480 12.198000 0.031000
1915.753990 12.211000 0.032000
1922.732200 12.021000 0.032000
1924.719670 11.830000 0.035000
1926.719250 11.719000 0.031000
1928.716640 11.625000 0.033000
1929.711880 11.588000 0.029000
1930.710190 11.500000 0.030000
1931.702640 11.467000 0.041000
1932.702730 11.382000 0.029000
1933.702790 11.286000 0.029000
1934.699330 11.264000 0.030000
1936.674230 11.069000 0.030000
1939.670390 10.835000 0.030000
1941.651740 10.694000 0.030000
1953.647180 9.840000 0.031000
1954.657050 9.761000 0.033000
1955.651140 9.728000 0.033000
1958.637590 9.563000 0.029000
1963.627070 9.310000 0.031000
1964.629550 9.260000 0.029000
1965.627110 9.189000 0.029000
1966.626930 9.136000 0.030000
1967.623990 9.082000 0.031000
1968.616860 9.026000 0.034000
2027.527900 7.998000 0.034000
2033.496320 7.888000 0.032000
2053.516620 8.147000 0.031000
2058.447810 8.215000 0.041000
2069.464390 8.445000 0.033000
2184.880430 12.674000 0.037000
2190.876460 12.798000 0.033000
2192.875480 12.446000 0.032000
2196.860000 12.529000 0.034000
2198.862340 12.394000 0.033000
2200.867850 12.512000 0.033000
2202.860460 12.333000 0.034000
2206.840840 12.210000 0.040000
2212.839990 12.084000 0.042000
2214.832130 11.924000 0.037000
2216.829020 11.790000 0.037000
2224.811350 11.446000 0.035000
2226.821020 11.316000 0.038000
2228.813410 11.177000 0.036000
2230.812320 11.039000 0.034000
2233.782700 10.855000 0.036000
2237.794050 10.551000 0.036000
2240.766800 10.367000 0.036000
2545.880870 9.641000 0.030000
2552.877640 9.479000 0.029000
2561.876440 9.397000 0.031000
2621.851340 7.916000 0.030000
2625.795750 7.974000 0.029000
2632.822940 8.135000 0.030000
2635.748400 8.208000 0.031000
2637.790270 8.285000 0.028000
2639.803410 8.336000 0.027000
2642.749780 8.422000 0.028000
2646.749270 8.559000 0.029000
2651.708680 8.734000 0.029000
2655.765570 8.905000 0.032000
2658.725620 9.019000 0.034000
2662.717990 9.201000 0.029000
2664.713920 9.286000 0.028000
2666.707000 9.380000 0.029000
2670.706050 9.576000 0.029000
2672.715870 9.644000 0.027000
2674.701380 9.739000 0.028000
2676.687730 9.825000 0.028000
2678.670870 9.934000 0.027000
2680.666960 10.037000 0.028000
2683.816620 10.188000 0.030000
2689.712970 10.472000 0.031000
2691.661960 10.539000 0.030000
2693.674430 10.659000 0.028000
2697.668640 10.840000 0.028000
2699.661360 10.936000 0.028000
2701.659330 11.045000 0.028000
2703.655120 11.108000 0.026000
2707.643190 11.303000 0.026000
2709.627350 11.394000 0.027000
2710.773380 11.443000 0.030000
2712.598490 11.499000 0.031000
2714.613360 11.588000 0.033000
2715.711230 11.495000 0.035000
2719.599530 11.777000 0.029000
2720.723330 11.820000 0.032000
2722.637010 11.809000 0.030000
2724.634840 11.852000 0.026000
2726.633140 11.926000 0.028000
2728.624350 11.944000 0.030000
2730.620240 12.013000 0.028000
2735.662240 12.134000 0.029000
2737.649300 12.142000 0.032000
2739.639420 12.269000 0.033000
2741.606730 12.214000 0.031000
2743.614230 12.240000 0.032000
2745.640800 12.110000 0.044000
2750.530700 12.184000 0.028000
2751.629400 12.193000 0.029000
2754.601790 12.220000 0.028000
2756.601120 12.160000 0.028000
2759.481060 12.103000 0.032000
2761.504070 12.217000 0.028000
2763.499870 12.161000 0.029000
2766.502290 12.067000 0.029000
2770.505580 12.014000 0.031000
2775.530610 11.979000 0.033000
2782.553260 11.832000 0.030000
2784.543950 11.769000 0.028000
2792.481090 11.481000 0.030000
2804.488900 10.712000 0.039000
2809.490130 10.381000 0.031000
2812.456560 10.159000 0.031000
2814.463910 10.013000 0.035000
2819.455560 9.715000 0.030000
2910.895670 7.628000 0.041000
2923.870230 7.913000 0.036000
2927.861930 8.045000 0.032000
2931.862960 8.184000 0.031000
2935.855840 8.315000 0.039000
2940.864330 8.521000 0.031000
2944.825450 8.689000 0.044000
2947.849160 8.809000 0.031000
2951.834440 8.997000 0.032000
2955.823540 9.181000 0.029000
2958.849400 9.330000 0.037000
2965.834580 9.682000 0.033000
2972.845200 10.074000 0.029000
2975.783100 10.215000 0.028000
2977.821090 10.345000 0.046000
2980.793010 10.490000 0.033000
2983.803880 10.571000 0.035000
2986.805050 10.787000 0.030000
2989.794390 10.932000 0.031000
2992.778620 11.016000 0.037000
2995.776110 11.153000 0.030000
2998.754990 11.278000 0.029000
3001.803740 11.373000 0.028000
3006.756510 11.567000 0.032000
3008.773880 11.635000 0.031000
3010.803890 11.773000 0.032000
3013.728680 11.764000 0.035000
3016.758980 11.914000 0.032000
3018.769250 12.036000 0.034000
3023.753320 11.978000 0.044000
3030.764770 12.230000 0.034000
3033.678130 12.329000 0.039000
3035.719950 12.562000 0.030000
3039.756690 12.259000 0.034000
3047.680020 12.579000 0.032000
3050.654770 12.682000 0.029000
3052.793620 12.741000 0.031000
3057.652160 12.707000 0.036000
3059.704270 12.273000 0.034000
3061.724660 12.489000 0.042000
3067.594540 12.417000 0.031000
3069.628650 12.123000 0.039000
3071.639430 12.255000 0.042000
3073.687660 12.084000 0.033000
3075.690800 12.000000 0.031000
3077.712070 11.946000 0.033000
3079.714920 11.865000 0.032000
3081.744580 11.798000 0.034000
3085.744280 11.621000 0.036000
3090.569870 11.417000 0.044000
3092.574500 11.299000 0.032000
3096.575170 11.112000 0.031000
3098.605510 11.059000 0.038000
3100.610400 10.934000 0.036000
3102.617100 10.802000 0.034000
3104.628290 10.790000 0.034000
3106.622590 10.635000 0.048000
3108.623510 10.558000 0.031000
3110.618800 10.473000 0.030000
3112.626920 10.372000 0.043000
3114.636100 10.261000 0.029000
3121.548570 9.931000 0.030000
3124.504020 9.755000 0.031000
3126.548090 9.628000 0.028000
3128.583050 9.534000 0.035000
3130.596500 9.468000 0.038000
3132.595630 9.357000 0.031000
3134.606830 9.233000 0.034000
3144.540260 8.829000 0.028000
3153.515140 8.557000 0.033000
3156.511410 8.498000 0.033000
3159.534500 8.414000 0.037000
3165.512160 8.217000 0.036000
3168.515380 8.108000 0.032000
3185.452730 7.624000 0.036000
3189.452110 7.571000 0.040000
3277.890070 10.831000 0.037000
3365.783940 11.930000 0.039000
3380.852530 11.268000 0.040000
3386.708100 10.948000 0.040000
3388.753230 10.898000 0.034000
3390.824690 10.782000 0.038000
3396.588080 10.495000 0.042000
3400.724170 10.374000 0.035000
3403.715900 10.273000 0.038000
3405.722590 10.233000 0.035000
3409.763830 10.084000 0.041000
3412.639620 10.008000 0.034000
3414.671670 9.958000 0.032000
3418.681190 9.768000 0.044000
3450.550320 8.588000 0.039000
3454.724540 8.437000 0.045000
3457.520980 8.330000 0.036000
3461.589370 8.132000 0.039000
3463.603260 8.091000 0.032000
3465.640390 7.988000 0.038000
3468.633310 7.882000 0.030000
3472.654500 7.703000 0.043000
3481.600110 7.542000 0.033000
3495.524460 7.679000 0.028000
3497.596870 7.718000 0.035000
3500.592500 7.777000 0.047000
3504.577080 7.853000 0.040000
3509.506770 8.036000 0.028000
3512.523510 8.144000 0.032000
3520.518250 8.448000 0.035000
3653.880690 13.052000 0.040000
3657.873210 12.653000 0.036000
3662.874840 12.329000 0.046000
3666.857780 12.069000 0.042000
3671.857390 11.873000 0.034000
3675.847560 11.534000 0.033000
3699.802940 10.176000 0.037000
3703.792700 10.020000 0.033000
3707.788160 9.889000 0.033000
3712.855880 9.787000 0.035000
3718.810490 9.669000 0.040000
3725.829240 9.527000 0.038000
3728.764660 9.422000 0.046000
3732.737810 9.284000 0.036000
3740.799860 8.984000 0.038000
3746.734100 8.808000 0.042000
3748.803030 8.733000 0.046000
3752.758440 8.531000 0.042000
3755.695940 8.477000 0.038000
3765.669360 7.896000 0.038000
3768.668500 7.772000 0.041000
3773.646670 7.584000 0.048000
3775.693440 7.587000 0.039000
3780.676740 7.567000 0.047000
3794.695640 7.758000 0.042000
3796.718080 7.801000 0.032000
3801.595020 7.940000 0.041000
3812.606850 8.441000 0.042000
3818.661540 8.776000 0.041000
3820.690810 8.854000 0.045000
3822.722430 9.037000 0.040000
3827.567600 9.305000 0.037000
3836.537460 9.772000 0.045000
3852.537240 10.563000 0.038000
3854.543990 10.684000 0.043000
3856.589010 10.693000 0.033000
3869.561420 11.280000 0.046000
3871.556550 11.723000 0.037000
3882.493980 11.769000 0.037000
3886.493840 11.873000 0.032000
3891.488780 12.033000 0.034000
3894.475490 12.244000 0.036000
3898.475380 12.329000 0.038000
3901.467980 12.282000 0.034000
3903.495860 12.507000 0.034000
4105.741520 8.711000 0.036000
4107.806630 8.840000 0.031000
4111.808320 9.049000 0.038000
4125.689400 9.765000 0.031000
4127.723230 9.867000 0.030000
4135.716780 10.233000 0.035000
4137.719470 10.338000 0.032000
4139.742820 10.421000 0.033000
4143.805100 10.588000 0.035000
4149.715930 10.895000 0.040000
4151.764870 10.916000 0.029000
4160.636340 11.247000 0.033000
4162.643590 11.309000 0.035000
4164.658970 11.408000 0.039000
4172.664220 11.673000 0.032000
4174.676940 11.720000 0.030000
4176.724580 11.807000 0.033000
4179.716980 11.889000 0.034000
4189.562310 12.129000 0.030000
4191.571180 12.115000 0.039000
4193.574790 12.351000 0.034000
4201.595900 12.461000 0.030000
4204.594370 12.571000 0.041000
4213.589420 12.470000 0.042000
4229.481110 12.450000 0.030000
4231.480740 12.510000 0.035000
4233.503160 12.428000 0.028000
4235.505960 12.450000 0.032000
4246.493960 12.110000 0.035000
4253.487340 11.813000 0.038000
4256.517450 11.678000 0.032000
4258.521300 11.585000 0.034000
4276.468940 10.365000 0.034000
4371.895520 7.751000 0.042000
4381.886250 8.035000 0.039000
4386.877060 8.228000 0.031000
4408.855560 9.333000 0.035000
4422.832480 9.962000 0.040000
4427.847050 10.181000 0.031000
4431.813910 10.414000 0.034000
4436.793630 10.595000 0.031000
4440.790280 10.787000 0.032000
4443.827900 10.929000 0.035000
4453.799060 11.226000 0.040000
4456.781590 11.359000 0.038000
4459.768840 11.407000 0.045000
4462.818080 11.654000 0.034000
4465.762830 11.641000 0.047000
4471.792840 11.432000 0.046000
4474.784180 11.811000 0.038000
4484.731740 12.116000 0.033000
4490.746970 12.293000 0.034000
4492.789070 12.280000 0.031000
4494.802540 12.276000 0.033000
4503.646820 12.597000 0.036000
4505.757490 12.883000 0.047000
4510.674610 12.655000 0.040000
4512.703540 12.675000 0.044000
4517.664080 12.919000 0.045000
4519.668870 12.368000 0.044000
4521.684390 12.456000 0.038000
4523.714180 12.372000 0.030000
4525.771750 12.270000 0.041000
4528.608030 12.169000 0.045000
4530.674920 12.364000 0.038000
4532.769960 12.168000 0.030000
4536.588770 11.847000 0.037000
4538.656500 11.814000 0.037000
4554.563260 10.855000 0.038000
4556.581490 10.625000 0.045000
4558.593560 10.530000 0.033000
4560.620080 10.434000 0.033000
4562.648660 10.262000 0.037000
4565.524370 10.079000 0.040000
4567.565020 10.030000 0.038000
4572.511190 9.751000 0.037000
4574.531820 9.692000 0.037000
4576.559300 9.537000 0.049000
4580.555660 9.314000 0.035000
4583.612070 9.141000 0.033000
4587.577100 8.912000 0.042000
4589.596800 8.836000 0.036000
4592.515180 8.630000 0.040000
4594.566870 8.611000 0.032000
4599.457470 9.409000 0.045000
4601.513870 8.401000 0.035000
4616.513810 8.023000 0.035000
4620.490340 7.933000 0.033000
4623.487070 7.868000 0.033000
4632.486960 7.690000 0.036000
4641.457540 7.497000 0.036000
4643.472620 7.431000 0.037000
4746.886010 10.935000 0.032000
4755.876030 11.340000 0.038000
4759.866440 11.646000 0.038000
4764.857640 11.873000 0.036000
4768.851980 12.031000 0.036000
4772.846410 12.315000 0.030000
4776.838940 12.344000 0.038000
4784.825620 12.544000 0.032000
4795.807250 12.908000 0.036000
4802.817510 12.943000 0.036000
4806.784190 13.031000 0.029000
4809.807540 12.992000 0.030000
4813.795040 12.817000 0.042000
4818.802620 12.744000 0.031000
4821.780070 12.663000 0.029000
4827.768600 12.278000 0.042000
4830.762480 12.091000 0.032000
4833.753310 12.036000 0.032000
4836.744760 11.761000 0.033000
4839.730680 11.616000 0.034000
4842.720120 11.544000 0.045000
4848.711850 11.067000 0.032000
4850.796440 10.994000 0.032000
4853.725790 10.859000 0.036000
4860.694510 10.589000 0.035000
4862.782210 10.548000 0.045000
4868.677580 10.349000 0.038000
4875.678710 10.059000 0.049000
4888.640810 9.770000 0.045000
4914.580380 8.864000 0.048000
5131.867080 11.432000 0.046000
5147.847590 10.750000 0.045000
1950.660900 10.038000 0.033000
1952.655890 9.892000 0.033000
1979.585890 8.541000 0.043000
2235.794240 10.734000 0.036000
2242.775300 10.271000 0.043000
2244.783000 10.184000 0.047000
2250.760740 9.887000 0.044000
2251.842770 9.832000 0.051000
2254.808540 9.749000 0.046000
2256.757020 9.690000 0.047000
2258.755940 9.536000 0.046000
2260.784220 9.602000 0.047000
2261.803690 9.529000 0.051000
2263.747520 9.564000 0.047000
2265.742360 9.467000 0.053000
2266.801050 9.488000 0.052000
2556.879270 9.452000 0.050000
2686.676250 10.309000 0.043000
2695.662510 10.758000 0.056000
2733.666530 12.153000 0.031000
2796.457020 11.274000 0.037000
2962.815370 9.525000 0.054000
3028.737720 12.077000 0.053000
3044.733620 12.626000 0.048000
3055.616720 13.075000 0.063000
3088.541630 11.507000 0.049000
3163.492470 8.317000 0.051000
3179.463740 7.778000 0.056000
3355.799780 12.371000 0.038000
3358.788930 12.293000 0.036000
3407.789340 10.160000 0.051000
3416.677120 9.861000 0.047000
3420.667830 9.676000 0.053000
3424.695260 9.653000 0.052000
3426.699010 9.576000 0.047000
3430.711230 9.414000 0.044000
3432.707950 9.322000 0.058000
3443.753370 8.832000 0.038000
3445.733260 9.298000 0.043000
3447.736090 8.740000 0.056000
3452.672470 8.527000 0.051000
3459.556930 8.271000 0.041000
3470.653970 7.788000 0.034000
3475.532020 7.622000 0.041000
3477.580600 7.574000 0.053000
3479.603180 7.548000 0.043000
3483.634700 7.527000 0.051000
3491.523250 7.548000 0.048000
3525.511650 8.646000 0.039000
3528.482880 8.838000 0.044000
3530.480270 8.980000 0.047000
3539.460980 9.429000 0.038000
3715.827120 9.731000 0.056000
3721.790740 9.568000 0.045000
3735.756830 9.159000 0.038000
3743.741210 8.851000 0.044000
3757.753680 8.385000 0.043000
3760.692630 8.144000 0.038000
3778.589860 7.534000 0.051000
3783.722650 7.624000 0.060000
3787.725150 7.580000 0.050000
3789.774800 7.661000 0.047000
3792.640640 7.687000 0.044000
3798.787650 7.850000 0.048000
3803.722910 8.071000 0.063000
3808.573010 8.254000 0.049000
3810.595860 8.381000 0.045000
3814.608430 8.560000 0.050000
3816.653660 8.653000 0.048000
3825.544020 9.176000 0.051000
3829.589790 9.444000 0.049000
3831.591230 9.561000 0.049000
3834.530760 9.653000 0.054000
3848.499390 10.433000 0.048000
3850.550850 10.437000 0.054000
3861.465360 10.898000 0.048000
3863.488250 10.981000 0.047000
3865.503420 11.029000 0.043000
3867.558540 11.154000 0.055000
3875.561260 11.464000 0.038000
3906.464130 12.575000 0.040000
4091.780240 8.202000 0.050000
4129.724580 9.996000 0.051000
4131.780400 10.065000 0.040000
4141.772060 10.483000 0.043000
4146.630070 10.753000 0.048000
4153.763480 10.986000 0.036000
4155.794100 11.044000 0.042000
4158.597450 11.110000 0.048000
4167.621950 11.355000 0.047000
4184.547320 12.129000 0.039000
4196.602770 12.484000 0.053000
4207.640290 12.681000 0.045000
4237.554510 12.283000 0.053000
4271.468650 10.735000 0.054000
4281.464080 10.086000 0.049000
4486.764370 12.118000 0.037000
4498.723040 12.451000 0.039000
4508.639020 12.433000 0.043000
4540.669460 11.596000 0.052000
4547.608720 11.207000 0.050000
4608.462870 8.204000 0.044000
4646.462080 7.282000 0.048000
4845.776960 11.221000 0.059000
4856.734630 10.722000 0.054000
4865.705920 10.484000 0.050000
4872.690650 10.178000 0.050000
4877.704410 9.973000 0.044000
4882.789180 9.868000 0.060000
4893.628710 9.653000 0.050000
4904.608090 9.410000 0.054000
4906.634000 9.340000 0.051000
4908.731540 9.221000 0.060000
4919.576940 8.619000 0.049000
4928.535220 8.243000 0.065000
4931.590360 8.047000 0.058000
4948.586950 7.797000 0.056000
4955.463320 7.930000 0.063000
4959.586530 8.050000 0.064000
4962.540580 8.124000 0.054000
4967.570690 8.255000 0.060000
4972.474520 8.420000 0.063000
4990.516840 9.057000 0.058000
5013.465370 10.075000 0.057000
5166.815320 9.757000 0.063000
3042.709850 29.999000 0.056000
4780.828450 29.999000 0.031000
4551.718200 29.999000 0.034000
2615.847230 7.849000 0.043000
3393.844310 10.635000 0.039000
