2552.857690 13.280000 0.040000
2557.841360 13.305000 0.044000
2559.857500 13.398000 0.042000
2562.832370 13.375000 0.056000
2564.836170 13.642000 0.044000
2621.769070 14.046000 0.038000
2623.728150 14.130000 0.039000
2634.752200 14.302000 0.044000
2636.767070 14.147000 0.050000
2638.756210 14.087000 0.047000
2642.791110 14.060000 0.040000
2646.718210 13.843000 0.046000
2653.677590 14.244000 0.040000
2661.676820 14.149000 0.040000
2665.665960 14.234000 0.039000
2667.665360 14.247000 0.043000
2669.654750 14.047000 0.040000
2671.653800 14.078000 0.040000
2675.635930 14.198000 0.039000
2677.617620 13.990000 0.041000
2679.607730 14.080000 0.040000
2689.601560 13.907000 0.046000
2691.595530 13.828000 0.051000
2693.600270 13.738000 0.044000
2695.595720 13.921000 0.041000
2697.596240 13.790000 0.045000
2699.592080 13.931000 0.044000
2703.585650 13.620000 0.047000
2705.577630 13.713000 0.043000
2707.575650 13.707000 0.042000
2712.515110 14.030000 0.045000
2717.529530 13.410000 0.047000
2720.522970 13.709000 0.046000
2722.524610 13.515000 0.046000
2724.525050 13.716000 0.045000
2728.521360 13.615000 0.048000
2730.517230 13.551000 0.045000
2734.504330 13.489000 0.045000
2740.483080 13.751000 0.048000
2742.488080 13.718000 0.050000
2754.500130 13.480000 0.051000
2756.501740 13.481000 0.045000
2761.482000 13.622000 0.045000
2886.909070 11.959000 0.039000
2894.898870 11.945000 0.040000
2911.864680 12.096000 0.038000
2916.857680 12.087000 0.040000
2922.837570 12.119000 0.038000
2925.879740 12.189000 0.041000
2932.832460 12.239000 0.040000
2935.840720 12.139000 0.041000
2940.796160 12.315000 0.038000
2942.846070 12.344000 0.056000
2946.779000 12.296000 0.038000
2948.834320 12.332000 0.037000
2951.817790 12.373000 0.040000
2958.840210 12.365000 0.046000
2964.781410 12.445000 0.046000
2967.773770 12.582000 0.039000
2970.810850 12.536000 0.038000
2973.788480 12.755000 0.047000
2975.748710 12.612000 0.040000
2977.736870 12.608000 0.041000
2979.755160 12.609000 0.044000
2981.762140 12.485000 0.046000
2985.768490 12.627000 0.041000
2987.800350 12.608000 0.039000
2990.717160 12.678000 0.046000
2992.755240 12.812000 0.037000
2995.697310 12.795000 0.039000
2997.738090 12.795000 0.040000
3000.748070 12.917000 0.037000
3007.658840 13.001000 0.038000
3015.790660 13.056000 0.044000
3028.753640 13.188000 0.046000
3031.607670 13.306000 0.038000
3033.645190 13.326000 0.036000
3035.637150 13.482000 0.041000
3043.606440 13.505000 0.039000
3045.623240 13.447000 0.044000
3048.608650 13.448000 0.042000
3050.700760 13.532000 0.043000
3053.607610 13.585000 0.040000
3055.664150 13.567000 0.048000
3057.671820 13.409000 0.038000
3060.576770 13.603000 0.043000
3067.543090 13.531000 0.039000
3071.590540 13.501000 0.045000
3073.626960 13.501000 0.046000
3076.594190 13.766000 0.039000
3078.594600 13.516000 0.041000
3085.580100 13.611000 0.041000
3089.607930 13.643000 0.046000
3096.546300 13.552000 0.042000
3101.522250 13.619000 0.041000
3103.530980 13.522000 0.041000
3105.536070 13.570000 0.044000
3107.543740 13.678000 0.046000
3109.552140 13.798000 0.043000
3112.489940 13.597000 0.047000
3114.518960 13.606000 0.042000
3122.515060 13.458000 0.045000
3125.513140 13.615000 0.048000
3131.488520 13.330000 0.045000
3134.481040 13.653000 0.043000
3142.462090 13.265000 0.039000
3279.873200 11.612000 0.041000
3296.859980 11.410000 0.036000
3355.717540 11.538000 0.057000
3358.707850 11.616000 0.063000
3389.680690 11.874000 0.062000
3395.645670 11.994000 0.055000
3404.739850 12.134000 0.053000
3409.611640 12.354000 0.041000
3411.655640 12.398000 0.054000
3415.720340 12.319000 0.055000
3437.603070 12.864000 0.047000
3450.492270 13.056000 0.047000
3457.547200 13.446000 0.055000
3459.559610 13.488000 0.055000
3466.541910 13.778000 0.061000
3469.549330 13.661000 0.050000
3471.554590 13.726000 0.047000
3477.470030 13.860000 0.055000
3495.490680 14.090000 0.050000
3504.455880 14.165000 0.061000
3631.891290 13.096000 0.039000
3641.879480 13.209000 0.041000
3646.883890 13.109000 0.035000
3650.872940 13.128000 0.038000
3654.861760 13.132000 0.053000
3657.879270 13.205000 0.039000
3660.867460 13.174000 0.042000
3664.842550 13.239000 0.042000
3670.820110 13.168000 0.038000
3673.853020 13.126000 0.045000
3677.825510 13.089000 0.049000
3707.749370 12.485000 0.044000
3711.792130 12.406000 0.050000
3714.719370 12.406000 0.044000
3717.728730 12.204000 0.050000
3725.755340 12.088000 0.044000
3728.696000 12.218000 0.050000
3731.825290 12.089000 0.059000
3734.724580 12.022000 0.053000
3737.691760 12.017000 0.041000
3742.668420 11.924000 0.052000
3744.754030 11.932000 0.051000
3750.674300 11.985000 0.058000
3755.622890 11.902000 0.044000
3767.634210 11.919000 0.051000
3777.599220 11.920000 0.047000
3811.587480 12.211000 0.056000
3818.583110 12.220000 0.057000
3825.568110 12.374000 0.049000
3836.528800 12.687000 0.053000
3854.487700 12.938000 0.059000
4091.696580 13.926000 0.043000
4105.702610 13.604000 0.054000
4107.696580 13.815000 0.038000
4111.742670 13.823000 0.050000
4125.738760 13.669000 0.043000
4132.628540 13.507000 0.059000
4142.691000 13.177000 0.047000
4147.598840 12.904000 0.055000
4159.666430 12.772000 0.052000
4161.664960 12.684000 0.049000
4180.555750 12.388000 0.063000
4182.592420 12.423000 0.061000
4188.596830 12.162000 0.042000
4191.508350 12.260000 0.056000
4193.532150 12.228000 0.055000
4197.516670 12.048000 0.061000
4216.528280 12.153000 0.058000
4228.479380 11.999000 0.051000
4231.462930 12.165000 0.050000
4234.459610 12.266000 0.050000
4379.861010 14.146000 0.039000
4383.857290 14.087000 0.036000
4409.825360 14.071000 0.042000
4413.826110 13.803000 0.038000
4420.838570 13.528000 0.043000
4423.800510 13.815000 0.046000
4427.780250 13.942000 0.042000
4432.805340 13.771000 0.038000
4435.759230 13.657000 0.043000
4438.747390 13.686000 0.047000
4441.736450 13.777000 0.039000
4453.706950 13.534000 0.040000
4456.698580 13.839000 0.042000
4460.732040 13.447000 0.043000
4463.678860 13.559000 0.059000
4477.699180 13.367000 0.059000
4479.783090 13.246000 0.063000
4489.683290 13.211000 0.040000
4491.707430 13.349000 0.047000
4493.729810 13.331000 0.049000
4497.616770 13.440000 0.047000
4499.722900 13.246000 0.050000
4502.651380 13.323000 0.049000
4504.704240 13.326000 0.053000
4507.600130 13.263000 0.046000
4509.684650 13.661000 0.048000
4517.630020 13.224000 0.043000
4521.656500 13.139000 0.054000
4523.669090 13.236000 0.048000
4528.617920 13.274000 0.062000
4546.569180 12.863000 0.041000
4548.570250 12.702000 0.060000
4551.570170 12.878000 0.054000
4553.600990 12.715000 0.056000
4561.530130 12.724000 0.057000
4563.565420 12.491000 0.051000
4569.483390 12.582000 0.062000
4571.528340 12.479000 0.045000
4574.505640 12.468000 0.048000
4586.485220 12.259000 0.040000
4589.496510 12.260000 0.050000
4592.483930 12.230000 0.053000
4597.455340 12.228000 0.045000
4601.461010 12.232000 0.054000
4744.878360 12.964000 0.040000
4750.870160 13.244000 0.037000
4754.857640 13.292000 0.041000
4761.840150 13.279000 0.038000
4765.828830 13.460000 0.041000
4769.824380 13.408000 0.044000
4772.847110 13.788000 0.038000
4775.838440 13.622000 0.037000
4778.824350 13.763000 0.038000
4782.814060 14.025000 0.044000
4797.805830 14.060000 0.048000
4800.758160 14.110000 0.042000
4803.745410 14.008000 0.045000
4806.736380 14.121000 0.051000
4808.782900 14.227000 0.058000
4824.703070 14.088000 0.042000
4830.682680 14.372000 0.043000
4837.754690 14.666000 0.045000
4840.650460 14.156000 0.049000
4846.673720 14.063000 0.060000
4848.783980 14.291000 0.041000
4851.673850 14.199000 0.055000
4857.668110 13.870000 0.058000
4860.724560 14.274000 0.042000
5129.860120 12.604000 0.047000
5162.785170 13.113000 0.045000
2630.791050 13.828000 0.065000
2640.754210 14.025000 0.057000
2644.738760 14.457000 0.051000
2751.497290 13.734000 0.045000
2954.823410 12.456000 0.053000
3012.778630 12.828000 0.061000
3062.593410 13.477000 0.052000
3387.627170 11.953000 0.069000
3387.708850 11.894000 0.080000
3397.685080 11.976000 0.089000
3399.725070 11.975000 0.090000
3413.705540 12.384000 0.067000
3426.603980 12.530000 0.091000
3428.608850 12.636000 0.088000
3430.611300 12.675000 0.064000
3432.613140 12.930000 0.101000
3434.612100 12.836000 0.099000
3443.629820 12.863000 0.083000
3445.616310 13.268000 0.087000
3455.536960 13.399000 0.073000
3461.592480 13.417000 0.091000
3464.514290 13.446000 0.097000
3482.499630 13.846000 0.067000
3499.485910 14.473000 0.089000
3701.765070 12.654000 0.064000
3704.757280 12.481000 0.074000
3722.751360 12.071000 0.085000
3739.744650 11.987000 0.081000
3752.793480 11.982000 0.065000
3757.683770 11.864000 0.068000
3759.743420 11.875000 0.065000
3762.661290 12.031000 0.092000
3764.772980 11.850000 0.056000
3769.733340 11.964000 0.088000
3772.592590 11.858000 0.072000
3779.620820 11.828000 0.077000
3788.595860 11.982000 0.080000
3790.653270 12.853000 0.090000
3793.605510 11.967000 0.093000
3795.651270 11.989000 0.066000
3797.657820 11.986000 0.087000
3800.565870 12.036000 0.088000
3804.523800 12.109000 0.095000
3806.546210 12.121000 0.082000
3809.570020 12.479000 0.080000
3813.607340 12.176000 0.089000
3816.550660 12.237000 0.071000
3820.598630 12.254000 0.065000
3823.537420 12.526000 0.078000
3832.482150 12.554000 0.084000
3834.518980 12.503000 0.077000
3849.497370 12.824000 0.099000
3851.519630 12.822000 0.087000
3862.474280 13.056000 0.077000
3865.468130 13.323000 0.089000
3868.475220 13.109000 0.074000
3872.453990 13.302000 0.064000
4136.671240 13.439000 0.087000
4140.666910 13.117000 0.075000
4144.719730 13.040000 0.081000
4150.670760 12.925000 0.083000
4154.699810 12.898000 0.078000
4164.561720 12.784000 0.089000
4166.637000 12.504000 0.082000
4172.607010 12.562000 0.066000
4174.617350 12.569000 0.071000
4176.627130 12.353000 0.069000
4200.521130 12.095000 0.069000
4203.520260 12.182000 0.065000
4465.732270 13.570000 0.072000
4468.696020 13.487000 0.077000
4470.784400 13.172000 0.072000
4474.671640 13.369000 0.064000
4482.734140 13.384000 0.072000
4487.657110 13.215000 0.074000
4515.579930 13.242000 0.065000
4519.638240 13.270000 0.070000
4526.573610 13.171000 0.071000
4531.584620 13.212000 0.067000
4542.503360 12.834000 0.070000
4556.522660 12.734000 0.067000
4558.545530 12.595000 0.064000
4576.533930 12.433000 0.065000
4582.526220 12.442000 0.074000
4794.776150 14.043000 0.067000
4815.763010 14.120000 0.073000
4866.616180 13.879000 0.068000
4870.610090 13.786000 0.083000
4872.634790 13.843000 0.070000
4877.658070 13.691000 0.075000
4880.663090 13.630000 0.071000
4883.593730 13.794000 0.073000
4886.600460 13.594000 0.079000
4888.681270 13.336000 0.082000
4891.594640 13.473000 0.075000
4893.657000 13.414000 0.057000
4900.646130 13.220000 0.071000
4904.617730 13.382000 0.085000
4907.577850 13.046000 0.069000
4911.560150 13.038000 0.088000
4915.560850 13.492000 0.077000
4917.587180 13.136000 0.081000
4920.578450 13.186000 0.068000
4932.512760 13.189000 0.084000
4935.512550 13.304000 0.076000
4938.505470 13.871000 0.084000
4947.487410 13.226000 0.078000
4952.466720 13.626000 0.078000
4966.472080 13.346000 0.085000
4969.461070 13.315000 0.067000
5085.904830 12.136000 0.052000
5124.839080 12.636000 0.049000
5137.821210 12.652000 0.052000
5158.808800 12.974000 0.058000
5165.767740 13.234000 0.048000
2625.722920 29.999000 0.037000
2649.707710 29.999000 0.042000
2651.684360 29.999000 0.039000
2657.667950 29.999000 0.041000
2659.679660 29.999000 0.040000
2663.673190 29.999000 0.038000
2673.648220 29.999000 0.038000
2681.599440 29.999000 0.040000
2714.529760 29.999000 0.048000
3080.607860 29.999000 0.057000
3087.581190 29.999000 0.057000
3098.581640 29.999000 0.040000
3128.493780 29.999000 0.040000
3479.541860 29.999000 0.056000
3491.481250 29.999000 0.070000
4127.701210 29.999000 0.053000
4363.894800 29.999000 0.039000
4368.881520 29.999000 0.038000
4372.872700 29.999000 0.040000
4387.844410 29.999000 0.053000
4391.834210 29.999000 0.047000
4402.871360 29.999000 0.041000
4406.845780 29.999000 0.046000
4537.533430 29.999000 0.043000
4818.819780 29.999000 0.066000
4821.707790 29.999000 0.039000
4832.751520 29.999000 0.050000
4835.677090 29.999000 0.068000
4843.689290 29.999000 0.069000
4863.602790 29.999000 0.051000
3450.534200 13.323000 0.097000
3453.529710 29.999000 0.094000
2549.841890 13.336000 0.043000
3116.498560 13.391000 0.054000
