1868.817970 11.558000 0.043000
1875.752800 11.718000 0.044000
1877.748670 11.764000 0.041000
1881.733300 11.878000 0.041000
1884.822230 12.730000 0.040000
1886.733960 12.139000 0.041000
1887.825350 12.226000 0.039000
1889.734190 12.398000 0.039000
1899.760520 12.940000 0.040000
1900.766000 12.963000 0.039000
1902.768180 13.055000 0.040000
1903.777520 13.064000 0.040000
1904.826750 13.117000 0.041000
1905.765800 13.190000 0.042000
1906.810050 13.204000 0.040000
1907.766260 13.318000 0.040000
1913.732850 13.553000 0.037000
1914.732600 13.446000 0.040000
1915.735260 13.323000 0.042000
1918.769010 13.696000 0.042000
1919.775390 13.396000 0.043000
1920.729170 13.460000 0.041000
1921.721110 13.330000 0.042000
1922.718090 13.635000 0.041000
1924.707840 13.298000 0.041000
1926.705130 13.285000 0.040000
1928.709200 13.230000 0.039000
1929.704450 13.295000 0.039000
1930.700510 13.233000 0.041000
1931.702000 13.292000 0.042000
1932.695300 13.164000 0.041000
1933.695350 13.104000 0.042000
1934.689660 13.171000 0.041000
1935.612750 13.137000 0.041000
1935.709630 13.111000 0.041000
1936.739250 13.207000 0.041000
1937.715470 13.028000 0.043000
1939.656200 12.975000 0.042000
1941.634480 12.956000 0.044000
1945.698710 12.775000 0.044000
1946.697520 12.611000 0.044000
1948.618970 12.622000 0.045000
1952.648810 12.662000 0.052000
1953.655950 12.503000 0.047000
1954.656850 12.542000 0.044000
1955.650960 12.485000 0.045000
1958.630730 12.360000 0.049000
1961.655420 12.288000 0.047000
1963.620440 12.222000 0.047000
1964.636570 12.140000 0.045000
1965.627380 12.101000 0.047000
1967.626590 11.894000 0.048000
1968.621760 11.951000 0.049000
1977.604190 11.378000 0.052000
1980.605730 11.099000 0.053000
1981.606310 11.125000 0.050000
1982.597490 10.991000 0.050000
1984.586930 10.945000 0.050000
1985.591090 10.786000 0.052000
1994.588330 10.602000 0.052000
2026.477090 10.434000 0.039000
2030.473390 10.544000 0.045000
2032.517140 10.629000 0.039000
2038.490660 10.849000 0.042000
2053.462580 11.590000 0.040000
2068.472830 12.105000 0.043000
2070.505290 12.161000 0.041000
2080.511730 12.278000 0.044000
2167.891590 10.993000 0.040000
2186.861630 10.281000 0.041000
2188.868770 10.294000 0.044000
2190.843180 10.261000 0.039000
2192.837510 10.228000 0.041000
2194.840670 10.251000 0.042000
2196.863240 10.248000 0.042000
2198.840260 10.267000 0.042000
2200.845590 10.308000 0.043000
2202.830670 10.373000 0.041000
2212.805080 10.642000 0.043000
2214.797060 10.683000 0.044000
2216.783690 10.740000 0.048000
2226.782490 11.073000 0.045000
2228.769830 11.136000 0.046000
2230.768450 11.240000 0.048000
2233.743450 11.347000 0.048000
2234.851210 11.350000 0.051000
2236.769070 11.475000 0.046000
2239.774080 11.542000 0.049000
2241.758350 11.715000 0.053000
2243.739690 11.721000 0.052000
2249.731440 12.022000 0.050000
2253.724430 12.178000 0.053000
2445.472800 13.108000 0.041000
2454.463360 13.552000 0.049000
2540.885150 11.655000 0.038000
2545.862210 11.465000 0.047000
2552.847010 11.174000 0.039000
2557.844150 11.196000 0.048000
2559.862450 11.225000 0.043000
2562.837040 11.264000 0.041000
2578.828880 11.352000 0.048000
2627.777910 12.479000 0.045000
2629.784440 12.392000 0.048000
2634.782450 12.580000 0.044000
2643.794440 12.874000 0.046000
2650.726090 12.962000 0.041000
2683.809530 13.506000 0.048000
2691.664450 13.116000 0.043000
2693.677010 12.877000 0.041000
2694.847340 13.108000 0.038000
2696.776620 13.057000 0.039000
2698.812640 12.821000 0.040000
2700.797010 12.787000 0.038000
2704.700360 12.216000 0.042000
2706.670230 12.077000 0.040000
2711.646560 11.568000 0.047000
2712.781350 11.601000 0.036000
2714.626190 11.239000 0.045000
2717.795120 11.196000 0.039000
2720.612760 11.090000 0.038000
2723.664050 10.884000 0.040000
2728.668280 10.686000 0.040000
2730.659810 10.651000 0.043000
2732.767650 10.632000 0.040000
2734.616090 10.638000 0.039000
2736.560450 10.655000 0.038000
2737.747640 10.646000 0.042000
2739.679910 10.740000 0.040000
2741.635700 10.733000 0.038000
2742.736400 10.744000 0.039000
2747.676320 10.771000 0.041000
2750.718400 10.721000 0.039000
2755.600240 10.822000 0.037000
2757.597170 10.845000 0.037000
2759.627630 10.902000 0.038000
2761.608290 10.925000 0.041000
2763.604790 10.929000 0.038000
2766.575610 10.882000 0.039000
2770.584540 10.847000 0.045000
2776.528750 10.834000 0.038000
2783.537850 10.852000 0.039000
2785.539640 10.854000 0.039000
2786.626050 10.890000 0.038000
2792.507900 11.084000 0.039000
2804.564970 11.682000 0.043000
2809.562790 11.903000 0.039000
2811.556660 12.021000 0.036000
2813.553000 12.101000 0.037000
2820.476930 12.505000 0.043000
2831.490090 12.854000 0.040000
2835.492070 13.013000 0.039000
2838.486080 13.128000 0.042000
2899.897020 11.332000 0.039000
2916.868500 10.511000 0.037000
2922.847610 10.392000 0.040000
2926.850780 10.349000 0.039000
2929.832260 10.320000 0.041000
2932.852330 10.334000 0.039000
2940.810920 10.441000 0.040000
2943.804080 10.491000 0.040000
2946.798170 10.537000 0.036000
2949.812110 10.558000 0.037000
2956.802290 10.704000 0.037000
2960.814780 10.784000 0.042000
2963.820960 10.876000 0.039000
2970.826930 11.119000 0.039000
2974.772150 11.219000 0.037000
2979.766130 11.478000 0.037000
2982.777200 11.453000 0.040000
2985.793920 11.729000 0.036000
2988.784540 11.879000 0.039000
2991.774080 11.989000 0.040000
2997.764290 12.234000 0.045000
3001.755250 12.487000 0.037000
3003.809970 12.525000 0.038000
3006.743980 12.709000 0.038000
3008.776320 12.659000 0.044000
3013.713400 13.088000 0.048000
3016.776690 13.000000 0.040000
3018.784180 13.369000 0.040000
3029.741430 13.339000 0.039000
3031.808530 13.652000 0.038000
3033.794430 13.509000 0.038000
3036.657760 13.350000 0.041000
3040.726160 13.299000 0.040000
3042.826880 13.308000 0.040000
3045.643440 13.485000 0.037000
3048.681760 13.207000 0.042000
3051.647130 13.317000 0.037000
3053.706410 13.492000 0.040000
3060.663660 13.267000 0.038000
3064.780900 13.367000 0.043000
3067.738400 13.215000 0.039000
3069.741520 13.338000 0.039000
3071.755330 13.380000 0.039000
3073.806320 13.194000 0.039000
3076.614280 12.997000 0.038000
3078.617440 12.902000 0.039000
3082.670820 12.343000 0.042000
3086.660610 12.031000 0.039000
3090.670710 11.794000 0.042000
3092.665770 11.579000 0.037000
3096.649580 11.351000 0.038000
3098.664600 11.262000 0.040000
3100.696890 11.104000 0.038000
3102.698700 11.091000 0.042000
3110.721260 10.955000 0.039000
3112.731190 11.026000 0.039000
3118.658650 11.009000 0.036000
3122.557740 10.958000 0.037000
3124.591090 10.986000 0.038000
3126.611110 10.931000 0.039000
3128.630410 10.993000 0.038000
3130.651040 10.957000 0.043000
3132.651550 10.981000 0.037000
3134.654890 11.012000 0.037000
3144.524350 11.091000 0.036000
3146.574660 11.182000 0.037000
3154.525450 11.269000 0.037000
3156.608480 11.382000 0.044000
3159.594690 11.494000 0.042000
3163.511500 11.632000 0.037000
3165.531360 11.690000 0.038000
3168.534590 11.813000 0.037000
3175.564380 12.083000 0.037000
3182.534290 12.512000 0.038000
3189.521760 12.564000 0.039000
3355.782320 12.040000 0.039000
3385.694680 12.681000 0.039000
3387.759160 12.676000 0.042000
3395.748980 12.889000 0.051000
3397.783090 12.942000 0.042000
3400.656200 13.123000 0.043000
3405.720110 12.905000 0.046000
3407.787800 13.182000 0.041000
3409.769520 13.057000 0.040000
3414.685870 13.138000 0.038000
3416.683390 13.226000 0.044000
3430.738790 12.299000 0.047000
3443.745140 11.309000 0.041000
3445.721690 11.281000 0.043000
3447.724740 11.190000 0.040000
3449.750800 11.080000 0.043000
3454.682980 10.818000 0.045000
3456.691090 10.697000 0.042000
3458.680200 10.605000 0.041000
3460.679630 10.495000 0.037000
3462.692090 10.427000 0.039000
3464.720290 10.457000 0.041000
3466.768650 10.407000 0.038000
3469.731130 10.362000 0.037000
3471.731580 10.356000 0.037000
3474.509220 10.343000 0.038000
3478.596270 10.332000 0.038000
3480.618080 10.298000 0.044000
3482.630820 10.349000 0.039000
3484.673890 10.382000 0.040000
3489.639020 10.478000 0.039000
3491.649890 10.481000 0.041000
3495.642840 10.568000 0.037000
3497.677090 10.613000 0.038000
3501.482360 10.729000 0.037000
3503.525630 10.723000 0.038000
3509.617890 10.873000 0.038000
3512.607500 10.926000 0.038000
3516.608920 11.060000 0.040000
3529.522300 11.473000 0.036000
3539.527600 11.900000 0.037000
3542.561670 12.023000 0.039000
3547.470920 12.313000 0.037000
3554.511790 12.941000 0.036000
3558.493650 13.156000 0.037000
3561.471890 13.310000 0.039000
3563.502420 13.463000 0.044000
3641.887770 11.404000 0.038000
3651.866020 11.166000 0.042000
3662.852130 11.074000 0.043000
3666.837720 10.983000 0.042000
3670.827540 10.994000 0.039000
3674.811320 11.036000 0.044000
3678.849440 11.049000 0.042000
3701.787480 11.737000 0.047000
3705.779440 11.874000 0.042000
3712.837660 12.169000 0.041000
3715.814060 12.225000 0.043000
3718.797940 12.369000 0.040000
3721.774230 12.430000 0.044000
3724.825330 12.511000 0.043000
3727.766120 12.646000 0.047000
3731.776440 12.718000 0.045000
3737.758300 12.720000 0.041000
3740.726320 12.819000 0.042000
3743.716790 13.016000 0.041000
3745.801850 12.927000 0.038000
3748.716000 13.343000 0.043000
3751.698020 13.217000 0.046000
3753.797740 13.548000 0.041000
3756.687490 13.323000 0.045000
3758.750010 13.331000 0.041000
3766.664560 13.591000 0.046000
3768.750200 13.210000 0.038000
3771.645620 13.391000 0.043000
3773.710680 13.340000 0.044000
3775.717960 13.184000 0.041000
3780.615520 12.988000 0.043000
3783.678980 12.922000 0.043000
3788.662630 12.540000 0.045000
3795.589200 12.139000 0.043000
3797.642520 11.999000 0.045000
3799.708950 11.779000 0.037000
3802.608710 11.572000 0.046000
3804.673900 11.458000 0.043000
3806.676050 11.316000 0.039000
3809.689220 11.086000 0.040000
3811.699160 11.038000 0.039000
3813.711090 10.949000 0.040000
3815.753190 10.785000 0.041000
3817.751650 10.718000 0.036000
3819.789890 10.619000 0.039000
3822.579370 10.586000 0.038000
3824.615210 10.545000 0.038000
3826.615750 10.513000 0.040000
3828.626880 10.472000 0.038000
3830.680210 10.414000 0.041000
3832.677530 10.439000 0.038000
3834.656150 10.426000 0.038000
3836.680950 10.423000 0.042000
3850.667420 10.508000 0.041000
3852.677820 10.551000 0.042000
3859.667720 10.599000 0.047000
3861.631380 10.626000 0.037000
3863.618340 10.675000 0.040000
3865.635240 10.735000 0.039000
3872.553250 11.025000 0.036000
3882.514120 11.516000 0.037000
3890.565840 11.903000 0.045000
3896.570290 12.133000 0.042000
3898.591520 12.241000 0.038000
3901.510630 12.615000 0.037000
3903.534610 12.692000 0.036000
3905.534370 12.728000 0.036000
3907.537970 12.804000 0.040000
4089.748070 12.936000 0.042000
4107.797580 14.119000 0.037000
4128.663010 14.257000 0.038000
4132.725680 14.334000 0.041000
4139.632330 13.916000 0.036000
4141.693600 13.802000 0.038000
4143.707290 13.636000 0.047000
4145.784280 13.485000 0.040000
4149.673280 13.028000 0.039000
4151.708650 13.104000 0.039000
4153.690570 13.120000 0.043000
4155.707850 12.945000 0.039000
4160.585960 12.554000 0.038000
4162.636350 12.253000 0.041000
4164.651870 12.109000 0.038000
4167.624250 11.734000 0.037000
4174.536400 11.146000 0.038000
4176.596210 11.064000 0.042000
4179.627050 10.997000 0.041000
4183.662620 10.978000 0.039000
4185.680600 10.927000 0.042000
4189.613910 10.993000 0.038000
4191.639070 11.022000 0.041000
4193.650440 11.016000 0.039000
4198.700020 10.919000 0.043000
4202.518400 10.848000 0.040000
4204.633250 10.851000 0.041000
4207.666670 10.708000 0.040000
4213.706960 10.524000 0.044000
4216.690710 10.455000 0.045000
4227.597500 10.503000 0.038000
4229.607530 10.552000 0.039000
4231.612670 10.575000 0.040000
4233.614560 10.641000 0.046000
4235.612850 10.676000 0.043000
4237.629660 10.781000 0.049000
4246.559700 11.186000 0.041000
4253.593820 11.724000 0.042000
4256.547730 11.965000 0.036000
4258.571330 12.064000 0.043000
4274.517280 12.859000 0.040000
4277.541510 12.981000 0.039000
4283.497190 13.301000 0.039000
4285.512130 13.197000 0.039000
4289.511680 13.411000 0.042000
4292.487880 13.570000 0.036000
4294.496630 13.528000 0.037000
4296.492580 13.541000 0.038000
4299.469130 13.444000 0.037000
4301.475550 13.578000 0.043000
4307.469540 13.683000 0.038000
4364.881380 11.441000 0.036000
4368.893440 11.266000 0.039000
4372.888500 11.099000 0.043000
4376.888590 10.890000 0.039000
4380.874200 10.675000 0.043000
4384.866480 10.555000 0.045000
4403.858560 10.833000 0.040000
4408.806880 10.975000 0.041000
4412.841370 11.130000 0.038000
4421.858430 11.461000 0.040000
4426.825790 11.758000 0.039000
4429.807220 11.938000 0.041000
4433.774950 12.137000 0.040000
4436.801520 12.264000 0.035000
4439.813890 12.387000 0.043000
4455.775980 13.406000 0.038000
4458.764360 13.404000 0.040000
4464.745900 13.920000 0.037000
4467.746170 13.943000 0.039000
4470.748060 14.161000 0.039000
4518.605530 13.427000 0.038000
4520.659300 13.651000 0.039000
4522.656080 13.583000 0.039000
4524.678300 13.233000 0.037000
4526.718390 13.170000 0.041000
4528.789170 13.310000 0.045000
4531.627770 13.043000 0.042000
4534.592040 12.791000 0.043000
4539.618070 12.368000 0.045000
4541.627960 12.227000 0.038000
4543.644750 12.082000 0.042000
4545.672400 11.987000 0.042000
4547.696740 11.864000 0.041000
4552.605950 11.570000 0.037000
4554.627220 11.577000 0.040000
4558.670810 11.468000 0.045000
4562.712160 11.330000 0.046000
4565.532860 11.265000 0.039000
4567.573460 11.296000 0.041000
4569.588070 11.232000 0.047000
4571.605840 11.236000 0.040000
4573.635510 11.131000 0.044000
4575.662200 11.137000 0.041000
4579.656910 11.163000 0.039000
4582.657650 11.222000 0.041000
4585.676540 11.262000 0.039000
4588.570190 11.307000 0.041000
4590.591400 11.380000 0.040000
4592.611130 11.425000 0.040000
4594.632580 11.441000 0.038000
4596.635420 11.549000 0.039000
4599.504640 11.631000 0.044000
4601.552280 11.670000 0.037000
4607.600460 11.819000 0.041000
4610.518380 11.869000 0.038000
4623.553700 12.079000 0.039000
4626.512920 12.244000 0.040000
4630.552780 12.392000 0.040000
4633.514170 12.500000 0.041000
4641.502440 12.821000 0.042000
4643.504910 12.834000 0.045000
4645.514720 13.137000 0.042000
4653.478090 13.394000 0.044000
4655.482400 13.490000 0.046000
4729.895670 11.555000 0.036000
4744.886340 10.621000 0.036000
4750.875000 10.312000 0.036000
4754.862940 10.241000 0.039000
4758.844830 10.265000 0.041000
4762.836380 10.353000 0.036000
4766.840820 10.347000 0.036000
4770.811160 10.394000 0.037000
4774.812780 10.445000 0.037000
4778.800180 10.490000 0.038000
4783.832660 11.006000 0.043000
4787.795930 10.794000 0.038000
4793.818430 11.024000 0.037000
4797.829360 11.190000 0.046000
4800.830200 11.340000 0.039000
4804.789800 11.519000 0.034000
4807.802590 11.622000 0.036000
4810.809180 11.790000 0.040000
4814.744880 12.130000 0.039000
4818.795050 12.286000 0.038000
4821.769120 12.499000 0.036000
4824.764420 12.691000 0.036000
4827.758140 13.005000 0.039000
4830.747070 13.011000 0.039000
4833.740200 13.107000 0.040000
4836.729970 13.140000 0.037000
4839.715930 13.309000 0.040000
4842.718360 13.634000 0.040000
4850.760800 14.088000 0.039000
4853.744260 14.342000 0.038000
4856.748980 14.203000 0.040000
4881.627770 14.040000 0.038000
4883.771950 14.009000 0.039000
2624.754660 12.330000 0.049000
2641.711570 12.830000 0.044000
2658.727280 13.283000 0.041000
2664.720150 12.591000 0.044000
2672.719940 12.854000 0.045000
2674.707780 12.693000 0.045000
2676.694220 12.577000 0.045000
2678.670480 12.698000 0.042000
2994.772600 12.615000 0.044000
2554.864620 11.159000 0.059000
1870.755370 11.579000 0.044000
1873.764240 11.639000 0.044000
1949.676370 12.764000 0.057000
1950.658330 12.606000 0.057000
1979.586990 11.215000 0.055000
1993.574040 10.566000 0.055000
1995.570440 10.547000 0.058000
1996.566760 10.539000 0.057000
1997.565300 10.510000 0.055000
2059.498740 11.860000 0.050000
2221.819460 10.947000 0.052000
2224.802950 11.012000 0.053000
2247.775690 11.944000 0.059000
2250.796690 11.996000 0.055000
2251.855480 12.061000 0.057000
2254.797660 12.172000 0.058000
2258.723840 12.282000 0.059000
2721.779900 11.000000 0.045000
2842.473040 13.108000 0.051000
3058.608600 13.433000 0.046000
3365.776750 12.279000 0.053000
3403.713370 13.185000 0.048000
3420.687180 12.954000 0.050000
3424.709470 12.689000 0.050000
3438.569860 11.708000 0.052000
3452.610560 10.913000 0.048000
3476.621880 10.354000 0.048000
3520.579950 11.144000 0.045000
3522.596780 11.195000 0.046000
3655.843080 11.077000 0.047000
3734.789580 12.699000 0.046000
3761.680430 13.399000 0.047000
3790.751180 12.565000 0.049000
3868.533260 10.839000 0.049000
3886.567970 11.728000 0.048000
4196.668720 10.945000 0.044000
4442.800190 12.534000 0.040000
4499.816290 14.841000 0.053000
4603.598110 11.772000 0.047000
4612.572710 11.908000 0.046000
4620.557860 11.950000 0.051000
4647.529800 13.081000 0.053000
5145.839400 11.152000 0.051000
5168.795780 12.116000 0.050000
2638.797950 12.876000 0.057000
2662.722030 12.594000 0.050000
2464.477170 29.999000 0.056000
2636.816830 29.999000 0.049000
2645.783500 29.999000 0.049000
2670.723870 29.999000 0.044000
2935.844570 29.999000 0.044000
4136.787480 29.999000 0.039000
4473.842900 29.999000 0.047000
4486.755930 29.999000 0.040000
4493.757810 29.999000 0.037000
4502.715160 29.999000 0.041000
4507.697710 29.999000 0.039000
4515.770140 29.999000 0.041000
4664.475510 29.999000 0.045000
4870.767380 29.999000 0.040000
4872.820080 29.999000 0.041000
2647.752070 29.999000 0.058000
2655.696060 29.999000 0.046000
2685.682830 29.999000 0.050000
4461.754160 29.999000 0.041000
2468.471600 29.999000 0.052000
2652.748440 29.999000 0.044000
4105.722680 29.999000 0.039000
4111.800790 29.999000 0.040000
4125.800930 29.999000 0.037000
4130.725840 29.999000 0.041000
4134.768390 29.999000 0.040000
4452.784420 29.999000 0.039000
4477.730980 29.999000 0.038000
4480.715880 29.999000 0.047000
4484.718590 29.999000 0.041000
4489.671980 29.999000 0.040000
4491.733820 29.999000 0.037000
4497.702550 29.999000 0.036000
4505.643190 29.999000 0.042000
4670.468860 29.999000 0.044000
4845.775160 29.999000 0.044000
4848.695360 29.999000 0.039000
4860.686090 29.999000 0.039000
4862.773820 29.999000 0.044000
4865.710870 29.999000 0.040000
4868.682570 29.999000 0.039000
4876.633790 29.999000 0.043000
3374.803300 12.452000 0.036000
3382.805450 12.735000 0.048000
1868.858500 11.599000 0.038000
1872.805450 11.626000 0.036000
1876.799700 11.777000 0.038000
1878.789270 11.813000 0.035000
1880.786550 11.837000 0.035000
1884.803180 12.048000 0.034000
1886.770340 12.233000 0.034000
1888.762660 12.237000 0.037000
1899.801090 12.889000 0.037000
1900.865390 12.943000 0.037000
1903.722460 13.111000 0.038000
1904.845230 13.085000 0.033000
1906.733490 13.122000 0.035000
1908.721360 13.154000 0.036000
1913.775390 13.516000 0.032000
1914.779620 13.297000 0.034000
1915.843170 13.422000 0.037000
1919.781910 13.395000 0.037000
1920.762660 13.595000 0.034000
1921.785550 13.374000 0.037000
1922.765400 13.531000 0.036000
1924.754860 13.549000 0.036000
1925.757950 13.403000 0.041000
1926.752190 13.332000 0.037000
1928.751790 13.267000 0.035000
1929.747860 13.454000 0.042000
1930.745410 13.158000 0.036000
1931.742710 13.305000 0.043000
1933.749770 13.179000 0.037000
1935.642200 13.105000 0.035000
1935.776600 13.082000 0.036000
1936.777580 13.009000 0.036000
1938.680210 13.041000 0.038000
1939.790640 12.834000 0.035000
1940.776320 12.969000 0.037000
1945.749630 12.830000 0.041000
1946.768600 12.771000 0.039000
1948.675350 12.816000 0.039000
1953.694410 12.630000 0.041000
1954.698750 12.647000 0.043000
1955.691600 12.459000 0.041000
1958.673620 12.408000 0.046000
1961.639220 12.234000 0.043000
1963.678380 12.169000 0.046000
1964.675020 12.090000 0.044000
1965.668110 12.142000 0.044000
1966.670380 12.100000 0.045000
1967.664990 11.957000 0.047000
1968.662480 11.865000 0.046000
1981.659200 11.076000 0.049000
1982.633720 11.053000 0.047000
2025.509640 10.415000 0.033000
2026.544010 10.446000 0.033000
2027.540460 10.513000 0.034000
2030.518440 10.520000 0.035000
2031.534860 10.624000 0.035000
2032.540390 10.638000 0.039000
2033.532250 10.658000 0.036000
2034.553070 10.708000 0.037000
2038.511920 10.880000 0.037000
2069.513220 12.142000 0.041000
2082.500520 12.221000 0.038000
2088.499530 12.171000 0.036000
2094.490000 12.378000 0.038000
2196.876530 10.302000 0.040000
2198.872150 10.312000 0.039000
2200.872530 10.341000 0.043000
2202.864960 10.383000 0.043000
2206.842750 10.754000 0.039000
2212.848290 10.652000 0.041000
2215.820710 10.768000 0.045000
2229.800340 11.150000 0.046000
2441.514450 12.928000 0.039000
2443.512260 13.030000 0.037000
2445.518890 13.235000 0.034000
2453.488110 13.534000 0.046000
2465.475400 14.268000 0.046000
2557.880350 11.221000 0.046000
2565.873760 11.292000 0.038000
2622.735590 12.567000 0.031000
2624.791900 12.549000 0.033000
2627.826160 12.821000 0.035000
2630.814530 12.862000 0.039000
2634.836870 12.897000 0.036000
2637.782770 13.153000 0.035000
2643.780180 13.352000 0.037000
2646.741570 13.918000 0.035000
2651.748470 13.672000 0.036000
2670.799750 13.647000 0.036000
2674.753180 13.839000 0.033000
2678.726120 13.634000 0.038000
2680.723620 13.553000 0.035000
2698.721990 12.886000 0.041000
2704.691310 12.412000 0.040000
2706.675040 12.180000 0.041000
2711.651460 11.756000 0.043000
2712.789320 11.691000 0.033000
2714.628800 11.445000 0.035000
2715.740200 11.398000 0.033000
2717.797750 11.285000 0.037000
2720.627350 11.107000 0.041000
2721.796880 11.012000 0.037000
2723.678020 10.950000 0.040000
2724.831800 10.866000 0.033000
2726.698350 10.791000 0.045000
2728.677770 10.699000 0.039000
2732.750860 10.660000 0.033000
2736.588280 10.792000 0.048000
2737.796490 10.736000 0.032000
2739.693980 10.785000 0.038000
2741.649770 10.805000 0.042000
2742.771030 10.765000 0.033000
2747.702740 10.803000 0.035000
2750.740240 10.782000 0.032000
2752.650210 10.769000 0.031000
2754.747030 10.867000 0.034000
2756.698670 10.861000 0.031000
2758.757000 10.911000 0.031000
2760.622200 10.903000 0.045000
2764.588710 10.912000 0.037000
2775.708470 10.851000 0.033000
2785.556980 10.901000 0.040000
2786.651510 10.926000 0.033000
2792.520140 11.145000 0.035000
2804.577060 11.693000 0.036000
2811.568720 12.036000 0.032000
2820.484240 12.441000 0.034000
2923.877840 10.422000 0.035000
2927.869170 10.338000 0.033000
2931.870180 10.328000 0.033000
2935.862320 10.352000 0.041000
2955.833780 10.721000 0.032000
2958.854680 10.769000 0.034000
2962.817510 10.900000 0.037000
2965.853910 10.970000 0.036000
2975.781880 11.316000 0.033000
2977.827080 11.418000 0.037000
2980.804350 11.540000 0.034000
2983.817600 11.699000 0.034000
2986.826310 11.761000 0.032000
2989.818740 11.863000 0.031000
2992.808710 12.126000 0.035000
2995.818220 12.202000 0.031000
2998.802300 12.324000 0.033000
3007.817860 12.999000 0.035000
3010.783850 12.994000 0.036000
3013.771730 13.090000 0.034000
3016.836010 13.306000 0.034000
3019.751360 13.659000 0.032000
3032.727650 14.051000 0.034000
3035.712030 13.563000 0.032000
3045.685510 13.555000 0.033000
3048.731350 13.608000 0.033000
3051.686850 13.476000 0.032000
3053.768770 13.185000 0.034000
3056.661570 13.580000 0.035000
3068.686870 13.111000 0.033000
3070.715360 13.315000 0.034000
3077.604630 12.817000 0.031000
3079.658450 12.636000 0.033000
3081.659850 12.548000 0.032000
3085.661600 12.095000 0.033000
3087.662070 12.150000 0.039000
3089.692390 11.824000 0.034000
3091.673660 11.706000 0.031000
3093.660990 11.522000 0.033000
3097.654950 11.304000 0.032000
3114.519760 11.033000 0.035000
3355.835900 12.075000 0.034000
3362.815910 12.311000 0.033000
3385.765990 12.741000 0.036000
3387.813360 12.925000 0.039000
3390.746090 12.873000 0.036000
3393.800920 12.887000 0.040000
3396.724300 12.870000 0.039000
3398.793880 13.096000 0.037000
3403.799780 13.166000 0.038000
3406.695480 13.107000 0.041000
3408.763990 13.075000 0.040000
3417.768910 13.334000 0.038000
3421.749090 12.903000 0.043000
3425.749510 12.779000 0.036000
3431.757440 12.261000 0.042000
3433.772440 12.044000 0.040000
3436.787140 11.830000 0.035000
3439.760540 11.637000 0.034000
3443.617810 11.364000 0.038000
3445.657770 11.311000 0.042000
3447.657980 11.207000 0.042000
3449.669160 11.111000 0.041000
3452.628850 10.924000 0.044000
3454.701870 10.813000 0.041000
3458.701470 10.627000 0.044000
3460.702100 10.544000 0.032000
3462.791750 10.458000 0.033000
3472.532210 10.364000 0.039000
3478.640090 10.343000 0.035000
3480.635760 10.352000 0.034000
3482.643390 10.391000 0.035000
3489.648110 10.476000 0.036000
3491.659070 10.515000 0.036000
3495.652090 10.593000 0.036000
3497.685290 10.620000 0.033000
3506.534570 10.804000 0.043000
3509.599870 10.884000 0.033000
3516.606090 11.038000 0.033000
3520.577840 11.140000 0.035000
3542.534020 12.064000 0.035000
3656.874980 11.062000 0.043000
3660.874630 11.065000 0.045000
3665.864180 11.017000 0.042000
3671.865750 10.982000 0.040000
3675.855800 11.031000 0.035000
3700.807100 11.828000 0.041000
3704.794750 11.893000 0.037000
3707.817940 12.035000 0.035000
3713.779800 12.234000 0.041000
3716.817710 12.376000 0.038000
3719.836580 12.521000 0.038000
3726.821910 12.582000 0.039000
3730.822610 12.886000 0.042000
3736.810970 12.874000 0.046000
3742.782790 13.082000 0.039000
3745.766740 13.046000 0.043000
3748.763880 12.909000 0.040000
3751.756340 13.270000 0.040000
3754.740860 13.241000 0.040000
3756.801320 13.207000 0.042000
3759.732220 13.163000 0.041000
3762.726720 13.332000 0.039000
3765.716470 13.316000 0.038000
3768.707850 13.444000 0.043000
3771.697250 13.310000 0.040000
3773.796060 13.326000 0.038000
3776.689420 12.915000 0.039000
3778.741400 13.007000 0.040000
3780.766620 13.109000 0.037000
3783.803850 12.885000 0.036000
3788.719620 12.601000 0.040000
3793.654460 12.289000 0.039000
3795.763220 12.088000 0.033000
3797.726990 12.024000 0.036000
3799.791200 11.795000 0.036000
3802.639170 11.613000 0.042000
3804.698820 11.434000 0.040000
3806.697570 11.288000 0.038000
3809.719050 11.167000 0.037000
3811.750320 11.308000 0.041000
3816.585740 10.742000 0.038000
3818.638630 10.695000 0.035000
3820.667080 10.604000 0.034000
3822.708590 10.555000 0.035000
3824.783720 10.582000 0.039000
3827.558180 10.504000 0.041000
3829.609610 10.440000 0.035000
3831.616190 10.416000 0.036000
3835.638560 10.434000 0.034000
3837.662770 10.452000 0.036000
3850.684410 10.572000 0.033000
3852.693970 10.752000 0.031000
3861.609240 10.619000 0.035000
3863.606750 10.737000 0.042000
3865.622130 10.706000 0.034000
3875.630310 11.213000 0.031000
3883.524390 12.015000 0.036000
3887.526830 11.795000 0.037000
3891.535260 12.026000 0.032000
3896.647170 12.307000 0.038000
4090.776210 13.031000 0.044000
4107.766690 13.840000 0.035000
4127.723770 14.460000 0.033000
4134.770800 13.894000 0.037000
4136.789920 13.918000 0.034000
4139.697760 14.324000 0.034000
4141.748790 13.545000 0.034000
4143.749310 13.452000 0.036000
4146.677630 13.424000 0.045000
4149.758600 13.406000 0.033000
4151.801830 13.164000 0.034000
4154.655020 12.937000 0.037000
4156.703740 12.872000 0.038000
4160.728890 12.376000 0.034000
4162.725720 12.297000 0.034000
4164.743750 12.088000 0.036000
4167.692070 11.696000 0.034000
4172.747110 11.264000 0.035000
4174.791080 11.203000 0.045000
4177.714100 10.995000 0.035000
4180.639580 10.977000 0.039000
4182.673840 10.943000 0.035000
4184.668900 10.980000 0.039000
4187.799770 11.006000 0.037000
4189.819430 11.009000 0.037000
4191.690020 11.016000 0.036000
4193.703660 10.989000 0.039000
4202.537110 10.898000 0.037000
4204.648290 10.874000 0.034000
4207.680260 10.774000 0.037000
4216.710550 10.520000 0.039000
4227.619690 10.527000 0.038000
4229.627210 10.556000 0.036000
4231.635740 10.538000 0.037000
4233.634210 10.652000 0.034000
4235.633300 10.708000 0.033000
4246.587500 11.183000 0.034000
4274.525970 12.866000 0.039000
4277.550170 12.956000 0.036000
4285.482660 13.346000 0.036000
4289.501880 13.450000 0.035000
4291.528890 13.608000 0.037000
4293.524910 13.368000 0.036000
4295.526050 13.580000 0.039000
4297.525710 13.667000 0.037000
4299.510140 13.698000 0.036000
4304.522730 13.823000 0.036000
4312.495190 14.085000 0.042000
4316.498050 13.800000 0.033000
4392.870790 10.571000 0.041000
4408.863400 11.013000 0.038000
4422.855100 11.664000 0.039000
4427.856720 11.869000 0.034000
4431.821450 11.930000 0.037000
4438.793460 12.299000 0.037000
4453.778130 13.143000 0.037000
4457.770240 13.408000 0.040000
4460.833870 13.469000 0.039000
4463.806690 14.006000 0.034000
4477.780840 14.192000 0.038000
4511.677820 14.035000 0.035000
4519.768550 13.646000 0.035000
4521.810390 13.865000 0.037000
4524.638150 13.460000 0.035000
4526.701580 13.217000 0.034000
4528.758780 13.158000 0.037000
4531.641270 13.058000 0.038000
4535.632390 12.726000 0.040000
4537.679270 12.527000 0.035000
4539.676670 12.432000 0.045000
4541.676350 12.273000 0.034000
4543.678220 12.163000 0.036000
4545.703730 12.022000 0.037000
4547.732620 11.804000 0.036000
4552.619150 11.728000 0.034000
4554.642120 11.574000 0.036000
4558.710780 11.572000 0.035000
4560.689710 11.412000 0.036000
4562.732310 11.355000 0.036000
4564.820070 11.312000 0.035000
4567.534730 11.265000 0.038000
4569.585770 11.217000 0.036000
4571.603720 11.209000 0.036000
4573.633360 11.204000 0.036000
4575.656380 11.188000 0.033000
4579.651880 11.164000 0.034000
4582.650820 11.257000 0.037000
4585.670640 11.262000 0.034000
4587.711860 11.336000 0.042000
4590.499210 11.410000 0.040000
4592.561000 11.411000 0.037000
4594.602980 11.505000 0.035000
4596.608340 11.548000 0.034000
4602.614140 11.806000 0.035000
4606.690350 11.835000 0.041000
4609.510340 11.858000 0.042000
4611.588340 11.908000 0.038000
4616.682360 11.959000 0.033000
4620.520530 11.997000 0.040000
4623.518940 12.069000 0.036000
4627.541900 12.308000 0.036000
4629.552420 12.361000 0.038000
4631.597240 12.403000 0.037000
4633.612990 12.494000 0.038000
4640.576000 12.775000 0.039000
4642.568240 12.879000 0.035000
4644.585250 12.919000 0.035000
4652.513120 13.203000 0.042000
4654.508490 13.307000 0.036000
4659.560140 14.125000 0.037000
4663.488010 13.705000 0.042000
4670.501980 13.980000 0.040000
4674.480100 14.868000 0.037000
4754.878750 10.300000 0.036000
4759.872450 10.295000 0.037000
4763.868470 10.338000 0.037000
4767.867030 10.386000 0.034000
4771.857500 10.591000 0.034000
4775.843700 10.464000 0.038000
4779.836370 10.569000 0.037000
4792.820010 10.991000 0.034000
4796.850770 11.158000 0.038000
4800.802460 11.343000 0.039000
4804.829270 11.527000 0.034000
4808.783060 11.709000 0.034000
4813.812510 12.151000 0.038000
4816.817980 12.209000 0.039000
4820.779630 12.365000 0.047000
4823.805900 12.592000 0.034000
4826.847670 13.020000 0.036000
4830.763200 12.949000 0.036000
4833.802560 13.111000 0.035000
4836.786050 13.087000 0.034000
4839.772610 13.319000 0.034000
4845.815960 13.946000 0.036000
4848.746640 13.953000 0.036000
4879.730050 13.808000 0.034000
4882.658740 14.148000 0.038000
4884.749450 13.838000 0.041000
4892.749110 13.191000 0.042000
4918.577870 11.797000 0.041000
4946.702110 10.741000 0.043000
4966.549590 11.107000 0.043000
4985.545980 12.084000 0.041000
1870.810110 11.611000 0.039000
1874.801040 11.756000 0.041000
1949.714920 12.726000 0.057000
1950.696700 12.706000 0.056000
1962.696980 12.178000 0.051000
1970.687600 11.797000 0.053000
1977.641150 11.326000 0.051000
1978.661700 11.279000 0.053000
1979.643120 11.247000 0.054000
1980.642070 11.154000 0.054000
1984.625440 10.933000 0.050000
1985.626860 10.829000 0.052000
1993.636210 10.579000 0.053000
1994.606800 10.611000 0.055000
1996.603320 10.519000 0.058000
1997.601730 10.532000 0.055000
2054.513940 11.527000 0.049000
2056.500170 11.694000 0.040000
2080.469090 12.216000 0.042000
2086.456450 12.224000 0.043000
2247.807300 11.957000 0.057000
2249.772250 12.038000 0.053000
2251.761670 12.132000 0.056000
2254.834460 12.265000 0.052000
2744.642530 10.710000 0.048000
2951.842590 10.624000 0.043000
3060.734680 13.291000 0.048000
3419.768240 12.998000 0.046000
3474.584330 10.359000 0.051000
3484.683090 10.397000 0.038000
3739.784650 12.944000 0.042000
3848.665690 10.571000 0.043000
4158.739420 12.578000 0.045000
4196.753500 10.916000 0.043000
4198.791950 10.947000 0.040000
4213.723290 10.562000 0.052000
4268.536430 12.811000 0.048000
4506.685450 14.457000 0.047000
4646.579480 13.576000 0.052000
4649.534270 13.105000 0.050000
4656.520800 13.485000 0.047000
4681.487030 13.791000 0.046000
4684.476360 13.495000 0.048000
4904.670970 12.381000 0.045000
4906.711320 12.224000 0.043000
4908.784990 12.139000 0.045000
4926.733130 11.493000 0.044000
4949.553250 10.690000 0.048000
4952.534710 10.755000 0.046000
4954.549470 10.748000 0.044000
4960.612040 10.937000 0.046000
4968.591760 11.142000 0.045000
5010.521440 13.324000 0.049000
5024.531720 13.241000 0.046000
5040.491160 13.436000 0.048000
5049.489490 13.824000 0.049000
5140.849580 11.033000 0.050000
5147.858620 11.325000 0.048000
5163.842400 11.923000 0.046000
2468.490850 29.999000 0.039000
2649.783730 29.999000 0.041000
2655.828000 29.999000 0.048000
2658.767930 29.999000 0.035000
2662.776450 29.999000 0.037000
2664.770280 29.999000 0.036000
2672.767640 29.999000 0.037000
2676.739540 29.999000 0.035000
2684.677570 29.999000 0.040000
2686.713210 29.999000 0.046000
2688.708440 29.999000 0.052000
2692.771370 29.999000 0.052000
2694.706550 29.999000 0.044000
2700.700280 29.999000 0.047000
2809.574890 29.999000 0.035000
2813.562750 29.999000 0.031000
3025.705200 29.999000 0.050000
3029.800560 29.999000 0.043000
3042.735320 29.999000 0.033000
3062.778540 29.999000 0.046000
3072.790840 29.999000 0.033000
3099.713590 29.999000 0.034000
3103.726430 29.999000 0.033000
3105.714010 29.999000 0.034000
3125.661490 29.999000 0.033000
3142.555970 29.999000 0.035000
3154.536630 29.999000 0.031000
3467.726510 29.999000 0.034000
3500.688410 29.999000 0.044000
3522.593940 29.999000 0.041000
3538.599670 29.999000 0.036000
3564.477700 29.999000 0.033000
3790.879550 29.999000 0.043000
3856.751780 29.999000 0.035000
3877.690550 29.999000 0.033000
4104.748420 29.999000 0.038000
4111.849760 29.999000 0.037000
4129.779160 29.999000 0.037000
4132.716360 29.999000 0.034000
4282.581790 29.999000 0.042000
4301.505590 29.999000 0.038000
4308.492890 29.999000 0.039000
4466.832530 29.999000 0.049000
4469.807010 29.999000 0.037000
4473.796810 29.999000 0.039000
4484.766720 29.999000 0.034000
4487.731690 29.999000 0.035000
4489.802400 29.999000 0.036000
4492.726990 29.999000 0.033000
4494.780610 29.999000 0.034000
4498.739810 29.999000 0.041000
4501.695150 29.999000 0.039000
4503.797270 29.999000 0.040000
4508.763170 29.999000 0.036000
4515.686690 29.999000 0.037000
4517.740580 29.999000 0.035000
4666.504610 29.999000 0.038000
4842.761240 29.999000 0.038000
4850.844750 29.999000 0.034000
4860.741050 29.999000 0.039000
4863.703240 29.999000 0.036000
4868.809790 29.999000 0.051000
4871.683090 29.999000 0.038000
4876.751920 29.999000 0.036000
