1868.746200 10.957000 0.039000
1869.740910 10.934000 0.040000
1870.746500 10.943000 0.043000
1871.776640 10.984000 0.040000
1872.751330 11.078000 0.040000
1873.748480 11.080000 0.041000
1874.751610 11.154000 0.042000
1875.737480 11.213000 0.038000
1876.731850 11.215000 0.039000
1877.739750 11.291000 0.037000
1878.736200 11.349000 0.040000
1879.722960 11.398000 0.038000
1884.702200 11.715000 0.037000
1885.714730 11.795000 0.039000
1886.716110 11.867000 0.040000
1887.702540 11.949000 0.039000
1888.706440 11.964000 0.038000
1889.705470 12.131000 0.040000
1899.684990 12.975000 0.040000
1900.692020 12.969000 0.038000
1903.686220 13.195000 0.038000
1904.671370 13.221000 0.038000
1905.673560 13.404000 0.037000
1907.676210 13.321000 0.037000
1908.668430 13.442000 0.038000
1913.645090 13.767000 0.037000
1914.658850 13.854000 0.037000
1915.658290 13.687000 0.039000
1920.650680 14.066000 0.037000
1922.643190 14.205000 0.039000
1926.630760 14.249000 0.037000
1928.639300 14.407000 0.037000
1929.629890 13.929000 0.038000
1930.627910 14.498000 0.039000
1932.619860 13.799000 0.039000
1933.619350 13.879000 0.039000
1934.616500 13.928000 0.036000
1935.567960 13.784000 0.037000
1937.598920 13.522000 0.040000
1939.588900 13.466000 0.040000
1941.590350 13.366000 0.040000
1945.587530 12.934000 0.040000
1947.585070 12.852000 0.041000
1949.579770 12.707000 0.039000
1954.569190 12.164000 0.047000
1958.549240 11.689000 0.045000
1961.543640 11.396000 0.046000
1964.524590 11.110000 0.042000
1966.542080 10.900000 0.045000
1968.526680 10.798000 0.049000
1978.572030 10.115000 0.051000
1981.531350 9.983000 0.047000
1985.499980 9.850000 0.048000
2027.475240 11.967000 0.039000
2032.478550 12.427000 0.038000
2129.909790 12.003000 0.043000
2131.911220 11.928000 0.044000
2133.912060 11.910000 0.041000
2156.898550 12.164000 0.042000
2167.820280 12.593000 0.044000
2169.831740 12.796000 0.040000
2172.820740 13.036000 0.043000
2190.787680 14.517000 0.042000
2191.866120 14.398000 0.051000
2232.758950 13.345000 0.050000
2233.799490 13.104000 0.051000
2236.767360 13.097000 0.050000
2241.738530 12.572000 0.050000
2249.720790 12.176000 0.049000
2250.719470 12.100000 0.050000
2254.705860 11.703000 0.051000
2255.706760 11.760000 0.050000
2526.872000 12.506000 0.045000
2539.830880 11.501000 0.051000
2544.900470 11.025000 0.043000
2552.806190 10.722000 0.038000
2559.802120 10.639000 0.038000
2561.812590 10.660000 0.038000
2565.805810 10.685000 0.047000
2578.780760 10.951000 0.038000
2621.736300 14.096000 0.043000
2638.787000 14.525000 0.037000
2643.628260 14.088000 0.035000
2647.652110 13.974000 0.035000
2650.628520 13.563000 0.044000
2652.646190 13.409000 0.037000
2654.637960 13.084000 0.035000
2657.671270 12.606000 0.035000
2659.682990 12.437000 0.035000
2661.680130 12.202000 0.035000
2663.676490 12.105000 0.035000
2667.668680 11.724000 0.035000
2669.658040 11.551000 0.035000
2671.657090 11.423000 0.035000
2673.651530 11.318000 0.033000
2675.639250 11.146000 0.034000
2677.620930 11.002000 0.033000
2681.602750 10.640000 0.034000
2683.608400 10.507000 0.035000
2684.741080 10.400000 0.036000
2686.678660 10.286000 0.035000
2688.664010 10.117000 0.036000
2690.662760 9.983000 0.036000
2692.659760 9.926000 0.040000
2694.664000 9.893000 0.036000
2696.676310 9.893000 0.036000
2698.657460 9.914000 0.036000
2700.649940 9.928000 0.035000
2702.639230 10.018000 0.034000
2704.626430 10.035000 0.036000
2710.581970 10.298000 0.034000
2712.585930 10.444000 0.037000
2714.607510 10.518000 0.036000
2717.609350 10.686000 0.036000
2720.583110 10.897000 0.037000
2722.579990 11.021000 0.035000
2724.577970 11.128000 0.036000
2726.576260 11.307000 0.035000
2728.567390 11.468000 0.035000
2730.563290 11.706000 0.036000
2734.548220 12.149000 0.036000
2736.532920 12.380000 0.036000
2738.559790 12.611000 0.036000
2740.555010 12.757000 0.036000
2742.556330 13.009000 0.035000
2744.552530 13.157000 0.036000
2750.467270 13.798000 0.039000
2752.491780 13.933000 0.042000
2755.491820 14.158000 0.040000
2858.928030 11.385000 0.037000
2861.931530 11.438000 0.039000
2871.925160 12.115000 0.042000
2877.895170 12.694000 0.037000
2939.847420 14.357000 0.043000
2943.796670 13.745000 0.037000
2947.773470 13.498000 0.035000
2948.803290 13.289000 0.035000
2961.757080 12.896000 0.034000
2964.736540 12.641000 0.035000
2975.712620 12.041000 0.034000
2981.747030 11.593000 0.047000
2983.800300 11.271000 0.036000
2986.684960 11.105000 0.034000
2988.745650 11.034000 0.035000
2991.677860 10.964000 0.035000
2993.717650 10.946000 0.034000
2995.769570 10.935000 0.035000
2997.823310 10.968000 0.035000
3001.659660 10.997000 0.037000
3005.691350 11.126000 0.034000
3007.700040 11.179000 0.034000
3009.727900 11.283000 0.037000
3011.732530 11.408000 0.036000
3013.786980 11.586000 0.038000
3016.761350 11.885000 0.035000
3018.761140 12.032000 0.036000
3023.635080 12.569000 0.034000
3025.750720 12.915000 0.035000
3034.630760 13.668000 0.036000
3036.692140 14.215000 0.034000
3077.540280 13.823000 0.035000
3079.575170 13.370000 0.035000
3081.598740 13.021000 0.034000
3085.600310 12.730000 0.035000
3087.598510 12.672000 0.040000
3089.622710 12.449000 0.039000
3092.518700 12.315000 0.037000
3096.519530 12.194000 0.040000
3098.542230 11.969000 0.036000
3100.552100 11.932000 0.036000
3102.561820 11.867000 0.035000
3104.574290 11.761000 0.035000
3107.514990 11.599000 0.044000
3109.526360 11.518000 0.035000
3111.525030 11.427000 0.035000
3113.549920 11.294000 0.035000
3121.462180 10.831000 0.034000
3123.495590 10.736000 0.036000
3126.496580 10.575000 0.035000
3129.482470 10.531000 0.037000
3131.511950 10.495000 0.037000
3134.483800 10.431000 0.035000
3146.454300 10.692000 0.034000
3265.856600 10.463000 0.041000
3272.886000 10.573000 0.043000
3276.852670 10.746000 0.043000
3280.851680 10.939000 0.046000
3294.885080 11.749000 0.042000
3298.844770 12.032000 0.042000
3355.684810 15.269000 0.043000
3382.821940 11.936000 0.046000
3390.812670 11.344000 0.039000
3398.783140 10.888000 0.046000
3400.778280 10.764000 0.040000
3403.770680 10.955000 0.041000
3406.566200 10.654000 0.040000
3412.690360 10.642000 0.042000
3414.705040 10.635000 0.038000
3416.697380 10.638000 0.051000
3418.725510 10.696000 0.047000
3420.700240 10.755000 0.044000
3425.594320 10.909000 0.046000
3427.586990 11.001000 0.049000
3431.601160 11.164000 0.041000
3433.600260 11.307000 0.050000
3436.602880 11.490000 0.038000
3439.593280 11.697000 0.044000
3442.584080 12.027000 0.042000
3446.614480 12.338000 0.042000
3453.578290 12.938000 0.047000
3457.611700 13.194000 0.043000
3459.609170 13.580000 0.038000
3464.582700 13.941000 0.038000
3466.590320 14.308000 0.040000
3500.468500 13.822000 0.047000
3503.461680 13.425000 0.045000
3509.458600 12.911000 0.039000
3513.459800 12.411000 0.040000
3578.937190 11.604000 0.039000
3583.934120 12.086000 0.038000
3588.928140 12.547000 0.041000
3592.931440 13.000000 0.039000
3600.918140 13.898000 0.039000
3643.851030 14.386000 0.038000
3647.877970 13.961000 0.038000
3651.817060 13.415000 0.043000
3655.799810 13.160000 0.039000
3658.792300 13.179000 0.037000
3661.850130 12.799000 0.040000
3664.867690 12.607000 0.046000
3665.687950 12.637000 0.041000
3668.836600 12.285000 0.038000
3671.815080 12.208000 0.039000
3674.803470 11.839000 0.046000
3677.813970 11.483000 0.038000
3699.737750 10.736000 0.042000
3702.726250 10.763000 0.039000
3708.715330 10.884000 0.037000
3712.753970 11.057000 0.040000
3714.764580 11.183000 0.041000
3719.761720 11.398000 0.051000
3725.712840 11.976000 0.049000
3731.696570 12.753000 0.049000
3737.674700 13.465000 0.048000
3739.722050 13.610000 0.044000
3742.625410 14.114000 0.039000
3744.708180 13.977000 0.042000
3793.576900 14.217000 0.044000
3795.623890 13.701000 0.039000
3797.648690 13.422000 0.039000
3800.555350 13.150000 0.042000
3805.545620 13.022000 0.044000
3810.560410 12.940000 0.043000
3812.570900 12.634000 0.040000
3814.577140 12.433000 0.039000
3816.621560 12.306000 0.039000
3818.625040 12.208000 0.039000
3821.552650 12.007000 0.038000
3823.589670 11.978000 0.040000
3828.557410 11.774000 0.046000
3833.536590 11.541000 0.044000
3835.545030 11.426000 0.041000
3849.545540 11.134000 0.041000
3852.494160 11.203000 0.038000
3854.509370 11.285000 0.040000
3861.486260 11.603000 0.043000
3863.503030 11.727000 0.039000
3869.472740 12.273000 0.041000
3872.464610 12.315000 0.046000
3876.465590 12.563000 0.037000
3881.450250 13.142000 0.042000
3983.882700 10.130000 0.047000
4089.710150 12.920000 0.049000
4091.832820 13.101000 0.047000
4107.723720 11.885000 0.036000
4119.699300 11.484000 0.046000
4126.620810 11.684000 0.049000
4128.633180 11.660000 0.042000
4130.651460 11.676000 0.043000
4134.698610 11.819000 0.041000
4140.718460 12.158000 0.048000
4142.753710 12.269000 0.047000
4145.595550 12.481000 0.039000
4147.657860 12.623000 0.040000
4150.698090 12.965000 0.043000
4152.709180 13.022000 0.041000
4157.637770 13.604000 0.042000
4159.634960 13.440000 0.047000
4197.575600 14.347000 0.044000
4227.457630 12.405000 0.045000
4229.491840 12.374000 0.042000
4231.488370 12.140000 0.041000
4234.467260 12.011000 0.041000
4247.451270 11.058000 0.043000
4349.880090 13.548000 0.042000
4353.911630 13.424000 0.039000
4358.872920 12.938000 0.041000
4362.864120 12.605000 0.037000
4365.873130 12.385000 0.040000
4369.835870 12.125000 0.043000
4373.844720 12.059000 0.039000
4377.840240 11.988000 0.043000
4381.821090 12.043000 0.042000
4398.876940 11.178000 0.044000
4402.827050 10.969000 0.045000
4406.838230 10.997000 0.049000
4409.793280 10.922000 0.043000
4412.833770 11.015000 0.044000
4418.817040 11.144000 0.045000
4421.788950 11.258000 0.039000
4424.836800 11.456000 0.046000
4427.819550 11.651000 0.043000
4430.745370 11.880000 0.040000
4433.726530 12.198000 0.038000
4436.714970 12.264000 0.045000
4448.687480 13.923000 0.043000
4499.639220 15.053000 0.045000
4511.623130 13.532000 0.044000
4519.589050 12.626000 0.050000
4521.624130 12.418000 0.044000
4523.645610 12.193000 0.042000
4525.662190 12.244000 0.049000
4527.681340 12.026000 0.045000
4530.608090 11.952000 0.046000
4532.666170 11.878000 0.043000
4536.534980 11.907000 0.041000
4538.599520 11.830000 0.042000
4540.607380 11.790000 0.047000
4542.618530 11.964000 0.045000
4547.549340 12.054000 0.047000
4552.561350 12.118000 0.043000
4554.583980 12.111000 0.041000
4556.599710 12.140000 0.043000
4558.601390 12.197000 0.043000
4561.565660 12.372000 0.039000
4563.585880 12.199000 0.042000
4566.526840 12.141000 0.043000
4568.562040 12.321000 0.045000
4570.561200 12.345000 0.043000
4573.513510 12.414000 0.044000
4575.545570 12.403000 0.045000
4579.548210 12.755000 0.043000
4583.514430 12.649000 0.041000
4588.460490 13.063000 0.043000
4590.509240 13.219000 0.046000
4593.471580 13.498000 0.040000
4595.506530 13.284000 0.042000
4602.471720 13.383000 0.040000
4677.927420 10.386000 0.037000
4681.934610 10.437000 0.044000
4686.928060 10.665000 0.045000
4696.918400 11.147000 0.042000
4700.911890 11.437000 0.041000
4704.900390 11.772000 0.038000
4708.917470 11.979000 0.043000
4715.910960 12.603000 0.039000
4719.896420 13.106000 0.043000
4773.794660 13.968000 0.044000
4786.813670 13.166000 0.038000
4792.761410 12.916000 0.038000
4795.750670 12.668000 0.038000
4798.743120 12.348000 0.036000
4801.728670 12.255000 0.038000
4804.719850 11.944000 0.045000
4807.699560 11.394000 0.039000
4809.766710 11.128000 0.036000
4818.733310 10.633000 0.040000
4821.669060 10.640000 0.042000
4823.789970 10.634000 0.043000
4826.739400 10.632000 0.046000
4829.674450 10.621000 0.039000
4834.805100 10.676000 0.049000
4837.645850 10.702000 0.040000
4839.712350 10.781000 0.037000
4842.655400 10.912000 0.050000
4845.660060 11.072000 0.041000
4850.642710 11.422000 0.048000
4852.773970 11.602000 0.051000
4858.680130 12.070000 0.047000
4864.582400 13.192000 0.040000
5063.926800 12.668000 0.048000
5086.888970 10.503000 0.047000
5137.814360 11.953000 0.046000
5144.841270 12.501000 0.046000
2706.608270 11.179000 0.034000
1950.613620 12.627000 0.056000
1994.563410 9.900000 0.054000
1997.494430 9.976000 0.059000
2115.944730 12.688000 0.050000
2135.908570 11.970000 0.054000
2237.750370 13.072000 0.057000
2242.728800 12.685000 0.055000
2243.724200 12.587000 0.054000
2248.721920 12.120000 0.053000
2251.715790 11.975000 0.052000
2258.701200 11.358000 0.056000
2554.831570 10.693000 0.058000
2679.611050 10.818000 0.055000
2853.934060 11.169000 0.054000
2953.790740 12.963000 0.048000
3386.698900 11.625000 0.058000
3388.744670 11.412000 0.056000
3394.670190 11.137000 0.052000
3396.713650 11.021000 0.051000
3408.586750 10.663000 0.058000
3455.597550 13.175000 0.050000
3717.685090 11.321000 0.059000
3722.677830 11.685000 0.049000
3727.785280 12.179000 0.052000
3734.691710 13.013000 0.053000
3790.610960 14.175000 0.051000
3802.666220 13.074000 0.051000
3808.576080 12.652000 0.052000
3831.505660 11.589000 0.053000
3837.555700 11.348000 0.046000
3847.467730 11.099000 0.043000
3858.484860 11.397000 0.052000
3866.467230 11.842000 0.055000
4103.685150 12.109000 0.052000
4105.757310 12.104000 0.056000
4132.650550 11.751000 0.053000
4136.699520 12.007000 0.053000
4236.478830 11.907000 0.049000
4439.716230 12.864000 0.045000
4501.749170 14.361000 0.055000
4776.785030 13.798000 0.052000
4855.721990 11.817000 0.055000
4861.720470 12.459000 0.052000
4929.484590 13.740000 0.056000
4938.513850 13.440000 0.051000
4966.483790 11.435000 0.050000
5069.921170 11.985000 0.046000
5074.917310 11.354000 0.051000
5083.878100 10.681000 0.056000
5103.892390 10.318000 0.058000
5111.821360 10.607000 0.048000
5116.874180 10.793000 0.051000
5123.826380 11.150000 0.056000
5140.848420 12.039000 0.051000
5148.782060 12.999000 0.053000
5154.805010 13.418000 0.052000
5157.771610 13.693000 0.052000
1918.637690 29.999000 0.040000
1931.620640 29.999000 0.044000
2186.805690 29.999000 0.044000
2193.793460 29.999000 0.044000
2199.792860 29.999000 0.045000
2206.782240 29.999000 0.044000
2215.733960 29.999000 0.046000
2216.776420 29.999000 0.047000
2224.764470 29.999000 0.046000
2225.812600 29.999000 0.051000
2226.821640 29.999000 0.051000
2227.803410 29.999000 0.051000
2228.813960 29.999000 0.051000
2229.798820 29.999000 0.050000
2234.772240 29.999000 0.049000
2235.746780 29.999000 0.054000
2244.757660 29.999000 0.053000
2253.707290 29.999000 0.049000
2261.693460 29.999000 0.055000
2263.688650 29.999000 0.057000
2501.935890 29.999000 0.055000
2623.697730 29.999000 0.035000
2628.670980 29.999000 0.044000
2757.490960 29.999000 0.037000
2786.450020 29.999000 0.037000
2883.917490 29.999000 0.039000
2899.878170 29.999000 0.043000
2915.866670 29.999000 0.035000
2924.838600 29.999000 0.038000
2927.807020 29.999000 0.034000
3043.627620 29.999000 0.036000
3045.656800 29.999000 0.040000
3050.720790 29.999000 0.035000
3058.571700 29.999000 0.041000
3060.636590 29.999000 0.040000
3070.584360 29.999000 0.034000
3072.622930 29.999000 0.041000
3074.656210 29.999000 0.040000
3470.495340 29.999000 0.051000
3474.577040 29.999000 0.039000
3497.457440 29.999000 0.037000
3747.623460 29.999000 0.047000
3749.721230 29.999000 0.045000
3761.729530 29.999000 0.044000
3771.688150 29.999000 0.047000
4163.645350 29.999000 0.046000
4165.660760 29.999000 0.045000
4168.663360 29.999000 0.038000
4176.531650 29.999000 0.049000
4184.509480 29.999000 0.042000
4190.533790 29.999000 0.045000
4192.540210 29.999000 0.046000
4194.595710 29.999000 0.039000
4200.574980 29.999000 0.039000
4213.493100 29.999000 0.048000
4333.908370 29.999000 0.041000
4456.665410 29.999000 0.046000
4458.754460 29.999000 0.047000
4463.774030 29.999000 0.043000
4466.686010 29.999000 0.047000
4472.740730 29.999000 0.054000
4475.640370 29.999000 0.047000
4478.654860 29.999000 0.048000
4480.782830 29.999000 0.052000
4484.648980 29.999000 0.050000
4486.710660 29.999000 0.053000
4491.593860 29.999000 0.039000
4493.649350 29.999000 0.046000
4504.641750 29.999000 0.043000
4509.601430 29.999000 0.043000
4610.459390 29.999000 0.045000
4724.902810 29.999000 0.043000
4746.844670 29.999000 0.038000
4770.804030 29.999000 0.039000
1919.646430 29.999000 0.039000
1921.643500 29.999000 0.038000
1923.640810 29.999000 0.040000
1924.635850 29.999000 0.047000
1925.638960 29.999000 0.046000
2188.838180 29.999000 0.044000
2197.796210 29.999000 0.049000
2201.795160 29.999000 0.045000
2213.778980 29.999000 0.044000
2222.714030 29.999000 0.046000
2239.731500 29.999000 0.053000
2240.737160 29.999000 0.052000
2247.724170 29.999000 0.053000
2252.708050 29.999000 0.052000
2256.703380 29.999000 0.058000
2260.695580 29.999000 0.052000
2262.695420 29.999000 0.059000
2496.907290 29.999000 0.051000
2498.914790 29.999000 0.049000
2625.683220 29.999000 0.034000
2630.843680 29.999000 0.038000
2634.783100 29.999000 0.036000
2636.800950 29.999000 0.034000
2640.804780 29.999000 0.035000
2645.664750 29.999000 0.036000
2760.484370 29.999000 0.038000
2764.474410 29.999000 0.037000
2770.455670 29.999000 0.045000
2775.456820 29.999000 0.049000
2892.910260 29.999000 0.043000
2894.866710 29.999000 0.051000
2896.906300 29.999000 0.035000
2903.894210 29.999000 0.041000
2911.835180 29.999000 0.039000
2918.802010 29.999000 0.048000
2922.784760 29.999000 0.048000
2929.815710 29.999000 0.037000
2932.825940 29.999000 0.035000
2935.804220 29.999000 0.036000
3048.633110 29.999000 0.037000
3053.614210 29.999000 0.033000
3055.678840 29.999000 0.036000
3064.698540 29.999000 0.040000
3068.551340 29.999000 0.034000
3358.681840 29.999000 0.037000
3462.513950 29.999000 0.046000
3472.531850 29.999000 0.043000
3477.515970 29.999000 0.050000
3479.556980 29.999000 0.042000
3489.504010 29.999000 0.040000
3491.525010 29.999000 0.055000
3615.917720 29.999000 0.038000
3619.902960 29.999000 0.041000
3624.909560 29.999000 0.039000
3629.861590 29.999000 0.042000
3633.863380 29.999000 0.041000
3639.867860 29.999000 0.040000
3751.790630 29.999000 0.040000
3754.668440 29.999000 0.044000
3756.743800 29.999000 0.047000
3759.616590 29.999000 0.051000
3766.738670 29.999000 0.041000
3769.620550 29.999000 0.056000
3774.623970 29.999000 0.046000
3776.649200 29.999000 0.049000
3778.652420 29.999000 0.038000
3780.703860 29.999000 0.041000
3783.730600 29.999000 0.041000
3788.544310 29.999000 0.050000
4161.641770 29.999000 0.043000
4173.655130 29.999000 0.039000
4179.610300 29.999000 0.054000
4203.576750 29.999000 0.039000
4312.936100 29.999000 0.044000
4329.922460 29.999000 0.039000
4338.921070 29.999000 0.040000
4341.901610 29.999000 0.042000
4345.888720 29.999000 0.040000
4385.814830 29.999000 0.038000
4453.755120 29.999000 0.048000
4461.688890 29.999000 0.039000
4469.664350 29.999000 0.042000
4488.754100 29.999000 0.044000
4506.723110 29.999000 0.045000
4728.855620 29.999000 0.040000
4738.893550 29.999000 0.039000
4743.835710 29.999000 0.042000
4750.822320 29.999000 0.039000
4753.848930 29.999000 0.038000
4756.843090 29.999000 0.044000
4760.811300 29.999000 0.038000
4764.793980 29.999000 0.039000
4767.819750 29.999000 0.040000
4779.766970 29.999000 0.037000
4783.776100 29.999000 0.044000
4847.732480 29.999000 0.044000
4871.698180 29.999000 0.045000
4877.633280 29.999000 0.051000
4880.635760 29.999000 0.048000
4882.702040 29.999000 0.052000
4885.708920 29.999000 0.048000
4893.579190 29.999000 0.048000
4902.518620 29.999000 0.048000
4905.586140 29.999000 0.055000
4907.637550 29.999000 0.054000
4917.620060 29.999000 0.059000
4920.586640 29.999000 0.053000
5038.937410 29.999000 0.051000
5047.930970 29.999000 0.051000
5164.727140 29.999000 0.048000
2549.846300 10.781000 0.046000
2976.750480 11.920000 0.035000
3116.512180 11.137000 0.029000
3363.705080 13.934000 0.039000
3387.724980 11.494000 0.043000
3391.824220 11.383000 0.050000
4403.819750 11.001000 0.037000
4704.913140 11.864000 0.035000
4715.912850 12.597000 0.038000
4774.848950 14.044000 0.037000
5084.883220 10.659000 0.055000
5088.871430 10.469000 0.048000
5116.875930 11.350000 0.051000
5144.855850 12.532000 0.053000
5148.815990 12.859000 0.054000
5165.760920 13.857000 0.043000
3366.795240 13.288000 0.056000
4105.837820 12.027000 0.049000
4109.645540 11.735000 0.048000
2212.746540 29.999000 0.042000
4359.871290 29.999000 0.058000
4733.900130 29.999000 0.036000
3448.616000 12.570000 0.039000
3450.610730 12.719000 0.042000
