2184.861640 13.879000 0.063000
3385.707670 14.323000 0.059000
3472.607280 14.149000 0.041000
3715.820420 13.966000 0.062000
4153.682130 14.606000 0.050000
4189.612470 14.405000 0.037000
4377.884300 13.631000 0.043000
4491.728880 14.339000 0.039000
4756.864370 14.623000 0.042000
4798.804450 14.250000 0.048000
4857.781990 14.371000 0.059000
5162.835690 14.326000 0.053000
1880.759710 11.499000 0.055000
1889.746210 11.737000 0.055000
1900.771800 11.848000 0.043000
1954.654040 13.439000 0.055000
2190.850870 13.759000 0.055000
2192.861870 13.819000 0.054000
2194.858000 13.744000 0.054000
2197.845730 13.441000 0.062000
2201.846660 13.302000 0.056000
2206.822380 12.810000 0.051000
2212.823650 12.483000 0.057000
2214.817960 12.420000 0.055000
2216.814830 12.459000 0.055000
2221.845530 12.220000 0.059000
2249.752690 12.348000 0.061000
3652.875680 12.957000 0.045000
3656.861190 13.063000 0.040000
3660.854460 13.328000 0.042000
3664.858260 13.349000 0.041000
3670.855710 13.458000 0.048000
3674.840070 13.518000 0.050000
3701.818230 13.609000 0.043000
3743.727580 14.467000 0.057000
3903.513980 13.516000 0.042000
4215.660520 13.787000 0.057000
4227.626320 13.725000 0.042000
4230.485520 13.791000 0.058000
4234.517240 13.721000 0.040000
4238.558380 13.517000 0.059000
4247.553210 13.265000 0.041000
4250.559470 12.910000 0.041000
4386.866890 13.972000 0.045000
4565.657630 14.269000 0.042000
4583.607020 13.649000 0.063000
4586.635180 13.668000 0.044000
4589.562670 13.988000 0.064000
4591.606190 13.574000 0.049000
4594.512050 13.118000 0.047000
4600.543140 12.603000 0.056000
4602.575000 12.522000 0.055000
4607.547500 12.102000 0.046000
4610.494440 11.924000 0.061000
4622.489500 11.833000 0.041000
4632.493180 12.019000 0.063000
4948.607110 12.427000 0.054000
2247.798890 12.351000 0.072000
4143.705510 14.591000 0.087000
4820.739160 14.343000 0.075000
1952.650560 13.318000 0.056000
2199.853140 13.255000 0.067000
2250.820770 12.426000 0.071000
2254.798380 12.465000 0.069000
2258.743430 12.716000 0.074000
2260.778910 12.667000 0.070000
3357.787290 14.475000 0.086000
4179.623560 14.020000 0.076000
4906.724010 13.694000 0.071000
3363.768050 29.999000 0.049000
3397.790270 29.999000 0.070000
3452.618020 29.999000 0.061000
3712.857620 29.999000 0.049000
3718.807010 29.999000 0.076000
3731.776600 29.999000 0.077000
3734.780120 29.999000 0.065000
3737.758780 29.999000 0.071000
3758.783140 29.999000 0.051000
3780.625760 29.999000 0.079000
3795.724120 29.999000 0.062000
3799.733930 29.999000 0.042000
3806.673040 29.999000 0.091000
3809.688530 29.999000 0.042000
3811.698380 29.999000 0.046000
3815.742210 29.999000 0.076000
3817.750670 29.999000 0.064000
3822.647990 29.999000 0.075000
3826.672760 29.999000 0.046000
3828.683090 29.999000 0.041000
3830.713100 29.999000 0.071000
3832.702350 29.999000 0.042000
3834.680110 29.999000 0.044000
3866.594710 29.999000 0.047000
3877.537150 29.999000 0.047000
3898.537810 29.999000 0.042000
3905.517740 29.999000 0.041000
4107.783670 29.999000 0.039000
4111.790940 29.999000 0.089000
4130.726030 29.999000 0.048000
4145.784970 29.999000 0.054000
4151.706460 29.999000 0.056000
4165.778580 29.999000 0.085000
4168.794600 29.999000 0.058000
4176.546370 29.999000 0.045000
4198.698780 29.999000 0.060000
4202.516050 29.999000 0.036000
4207.664750 29.999000 0.069000
4269.480680 29.999000 0.038000
4277.478370 29.999000 0.048000
4436.830400 29.999000 0.050000
4452.791040 29.999000 0.040000
4455.776050 29.999000 0.061000
4486.750860 29.999000 0.046000
4497.701010 29.999000 0.043000
4499.810240 29.999000 0.064000
4507.705130 29.999000 0.044000
4515.783780 29.999000 0.078000
4531.621680 29.999000 0.054000
4545.669000 29.999000 0.079000
4552.666050 29.999000 0.069000
4554.697660 29.999000 0.050000
4889.636740 29.999000 0.047000
1899.766280 29.999000 0.038000
2172.889790 29.999000 0.059000
3387.754120 29.999000 0.069000
3390.688740 29.999000 0.054000
3400.669090 29.999000 0.069000
3454.690350 29.999000 0.084000
3456.695600 29.999000 0.057000
3458.684540 29.999000 0.070000
3460.683860 29.999000 0.049000
3462.696150 29.999000 0.050000
3476.693140 29.999000 0.047000
3705.803440 29.999000 0.042000
3721.784180 29.999000 0.043000
3727.773010 29.999000 0.042000
3740.733600 29.999000 0.040000
3745.811830 29.999000 0.057000
3753.805360 29.999000 0.070000
3768.768810 29.999000 0.072000
3773.747930 29.999000 0.073000
3783.669530 29.999000 0.049000
3790.788670 29.999000 0.070000
3797.689430 29.999000 0.074000
3813.710150 29.999000 0.049000
3836.696870 29.999000 0.049000
3875.522890 29.999000 0.047000
3881.515150 29.999000 0.056000
4089.742210 29.999000 0.044000
4105.729890 29.999000 0.045000
4125.808430 29.999000 0.067000
4132.726580 29.999000 0.068000
4136.788350 29.999000 0.045000
4139.645320 29.999000 0.042000
4141.690070 29.999000 0.044000
4149.671200 29.999000 0.039000
4157.792680 29.999000 0.073000
4159.794520 29.999000 0.068000
4161.744850 29.999000 0.059000
4163.741120 29.999000 0.075000
4173.757850 29.999000 0.062000
4183.661530 29.999000 0.063000
4185.679420 29.999000 0.058000
4191.637480 29.999000 0.040000
4193.648720 29.999000 0.044000
4196.666800 29.999000 0.047000
4204.630750 29.999000 0.064000
4258.497500 29.999000 0.046000
4404.863570 29.999000 0.040000
4408.835480 29.999000 0.039000
4413.847860 29.999000 0.044000
4422.809840 29.999000 0.051000
4426.856220 29.999000 0.046000
4430.809180 29.999000 0.042000
4433.818470 29.999000 0.041000
4439.838490 29.999000 0.043000
4458.764510 29.999000 0.066000
4461.761170 29.999000 0.041000
4464.757620 29.999000 0.048000
4467.753520 29.999000 0.041000
4470.748650 29.999000 0.048000
4473.829270 29.999000 0.064000
4477.730920 29.999000 0.038000
4480.708960 29.999000 0.051000
4484.708910 29.999000 0.069000
4489.679500 29.999000 0.040000
4493.752920 29.999000 0.059000
4502.710100 29.999000 0.048000
4505.650610 29.999000 0.045000
4512.632380 29.999000 0.064000
4518.613300 29.999000 0.037000
4522.650410 29.999000 0.058000
4524.671040 29.999000 0.046000
4526.683470 29.999000 0.059000
4528.737580 29.999000 0.066000
4534.588230 29.999000 0.043000
4539.614870 29.999000 0.072000
4541.621370 29.999000 0.064000
4547.690200 29.999000 0.065000
4550.575300 29.999000 0.077000
4563.641840 29.999000 0.062000
4567.664240 29.999000 0.049000
4569.661240 29.999000 0.052000
4571.652510 29.999000 0.047000
4573.667560 29.999000 0.062000
4642.466970 29.999000 0.061000
4648.462660 29.999000 0.079000
4651.473620 29.999000 0.056000
4752.864540 29.999000 0.045000
4761.852320 29.999000 0.053000
4765.840290 29.999000 0.043000
4769.830450 29.999000 0.056000
4773.821770 29.999000 0.058000
4777.836830 29.999000 0.056000
4783.849310 29.999000 0.047000
4787.822600 29.999000 0.044000
4794.829320 29.999000 0.040000
4802.784520 29.999000 0.072000
4806.775270 29.999000 0.036000
4809.795150 29.999000 0.054000
4813.777520 29.999000 0.045000
4816.782310 29.999000 0.071000
4823.764620 29.999000 0.039000
4826.769090 29.999000 0.039000
4829.743580 29.999000 0.061000
4835.724220 29.999000 0.067000
4838.718350 29.999000 0.057000
4843.718440 29.999000 0.060000
4846.756240 29.999000 0.068000
4849.687150 29.999000 0.057000
4851.782880 29.999000 0.039000
4855.696550 29.999000 0.041000
4861.683840 29.999000 0.057000
4869.689350 29.999000 0.060000
4871.733010 29.999000 0.069000
4876.781430 29.999000 0.049000
4879.685440 29.999000 0.066000
4881.751690 29.999000 0.052000
4884.672350 29.999000 0.070000
5023.456450 29.999000 0.049000
5125.860050 29.999000 0.052000
5146.845230 29.999000 0.046000
1868.828600 11.525000 0.059000
1876.758300 11.477000 0.065000
1884.767180 11.518000 0.044000
1885.857170 11.573000 0.044000
1887.733910 11.630000 0.052000
1899.761270 11.862000 0.046000
1900.766780 11.887000 0.045000
1902.750860 11.927000 0.042000
1903.776200 12.022000 0.047000
1904.781300 11.968000 0.043000
1905.757620 12.055000 0.055000
1906.760390 12.026000 0.047000
1907.760530 12.018000 0.043000
1908.745790 12.040000 0.044000
1913.722770 12.219000 0.040000
1915.736480 12.210000 0.046000
1918.741890 12.325000 0.044000
1920.716940 12.346000 0.041000
1921.720150 12.452000 0.039000
1922.719440 12.496000 0.043000
1924.706990 12.499000 0.041000
1925.712340 12.482000 0.048000
1926.706510 12.629000 0.043000
1928.706110 12.598000 0.040000
1929.703610 12.572000 0.041000
1930.697430 12.658000 0.041000
1932.694490 12.682000 0.040000
1933.694520 12.759000 0.046000
1934.686590 12.852000 0.041000
1935.619520 12.724000 0.044000
1935.710180 12.835000 0.042000
1937.657440 12.783000 0.043000
1939.652150 12.917000 0.043000
1941.632070 13.130000 0.041000
1945.682020 13.140000 0.041000
1946.686400 13.032000 0.041000
1948.625610 13.124000 0.045000
1952.643280 13.268000 0.055000
1953.652620 13.238000 0.045000
1955.645400 13.324000 0.050000
1958.629570 13.394000 0.046000
1961.637840 13.760000 0.046000
1965.621520 13.389000 0.047000
2025.475220 14.620000 0.049000
2053.485620 14.621000 0.062000
2057.511630 14.611000 0.058000
2087.455330 14.122000 0.051000
2540.868970 12.200000 0.055000
2552.861770 11.511000 0.039000
2557.863660 11.355000 0.049000
2559.875240 11.331000 0.045000
2562.849960 11.338000 0.061000
2578.842880 11.509000 0.045000
2621.845590 12.841000 0.043000
2623.799680 12.799000 0.035000
2625.785390 12.825000 0.038000
2632.816990 12.983000 0.043000
2637.779300 13.211000 0.035000
2639.799720 13.299000 0.037000
2642.736160 13.255000 0.035000
2644.761240 13.657000 0.039000
2646.738490 13.506000 0.040000
2649.732670 13.558000 0.035000
2651.700390 13.486000 0.038000
2655.759570 13.875000 0.037000
2664.705690 13.723000 0.040000
2666.701010 14.046000 0.039000
2672.698590 13.888000 0.036000
2674.690920 13.983000 0.040000
2676.672740 14.173000 0.036000
2678.662730 14.116000 0.038000
2690.732130 14.176000 0.040000
2692.788790 14.077000 0.039000
2700.700760 14.145000 0.037000
2764.545700 14.658000 0.043000
2916.874120 10.942000 0.036000
2922.860270 11.037000 0.037000
2929.854610 11.327000 0.040000
2932.863310 11.467000 0.035000
2940.831570 11.877000 0.038000
2943.834340 11.930000 0.037000
2946.816910 12.018000 0.036000
2949.828090 12.177000 0.038000
2956.815480 12.631000 0.036000
2960.820980 12.689000 0.037000
2963.829920 12.906000 0.037000
2967.791990 12.981000 0.037000
2971.788170 13.021000 0.037000
2974.834750 13.095000 0.038000
2979.815380 13.169000 0.038000
2985.793990 13.343000 0.039000
2988.784750 13.516000 0.041000
2991.774480 13.516000 0.034000
2994.762920 13.600000 0.036000
2997.754970 13.720000 0.037000
3000.811240 13.566000 0.036000
3006.739680 13.696000 0.037000
3010.782730 13.777000 0.034000
3013.714500 13.848000 0.038000
3016.755040 13.925000 0.033000
3030.768730 14.042000 0.037000
3066.808620 14.214000 0.036000
3176.503960 14.051000 0.037000
3179.505130 13.969000 0.037000
3280.882200 12.252000 0.061000
3355.778600 14.458000 0.047000
3416.670790 14.364000 0.051000
3470.505750 14.448000 0.046000
3504.493780 14.787000 0.069000
3539.475950 13.884000 0.050000
3547.475280 13.809000 0.042000
3556.459500 13.320000 0.044000
3560.459590 12.973000 0.051000
3674.828870 13.558000 0.045000
3678.858780 13.619000 0.057000
3745.801910 14.407000 0.055000
3789.716370 14.022000 0.047000
3852.566600 14.475000 0.049000
3875.588140 14.334000 0.046000
3881.568510 13.862000 0.059000
3890.517630 14.126000 0.050000
3899.494790 13.703000 0.045000
3901.525990 13.621000 0.043000
3904.480760 13.445000 0.050000
3906.496080 13.343000 0.058000
3908.506960 13.225000 0.046000
4200.622230 14.123000 0.044000
4203.629990 13.852000 0.052000
4213.616570 13.712000 0.063000
4216.627900 13.960000 0.044000
4229.484130 13.727000 0.043000
4231.483820 13.841000 0.051000
4233.506290 13.769000 0.040000
4235.509130 13.714000 0.054000
4246.535200 13.222000 0.045000
4249.514770 13.025000 0.043000
4253.515160 12.555000 0.045000
4256.526390 12.198000 0.046000
4258.535570 11.923000 0.048000
4276.484170 11.067000 0.045000
4281.468010 11.125000 0.044000
4284.484040 11.239000 0.045000
4290.458630 11.450000 0.045000
4295.456600 11.575000 0.044000
4561.608360 14.434000 0.046000
4569.658450 14.078000 0.058000
4589.552360 13.595000 0.046000
4591.596530 13.590000 0.044000
4593.598490 13.090000 0.042000
4595.570850 13.096000 0.052000
4597.557510 12.773000 0.045000
4599.589160 12.705000 0.044000
4601.599530 12.440000 0.046000
4608.539460 11.965000 0.043000
4611.521790 11.933000 0.044000
4616.545910 11.812000 0.048000
4620.499000 11.824000 0.043000
4623.495800 11.842000 0.046000
4626.488470 11.946000 0.051000
4630.531030 11.923000 0.043000
4633.496110 12.185000 0.059000
4641.467570 12.260000 0.059000
4643.479970 12.311000 0.059000
4655.462230 12.475000 0.046000
4834.727170 14.522000 0.044000
4865.694560 14.158000 0.047000
4868.666180 14.278000 0.044000
1870.775330 11.468000 0.070000
1872.763910 11.343000 0.071000
1874.764090 11.355000 0.079000
1931.692180 12.638000 0.054000
1949.668530 13.203000 0.061000
2907.890700 10.895000 0.056000
2977.754730 13.267000 0.039000
3298.871230 12.760000 0.071000
3443.733810 14.813000 0.075000
3731.760430 14.663000 0.083000
4142.720160 14.565000 0.082000
4182.641590 14.438000 0.076000
4208.697630 13.920000 0.053000
4237.557720 13.914000 0.049000
4271.474980 11.037000 0.057000
4580.523670 14.187000 0.073000
4606.508900 12.122000 0.049000
4645.495010 12.262000 0.062000
4648.479200 12.366000 0.079000
4652.466040 12.288000 0.058000
4885.823050 14.256000 0.075000
4898.749620 13.608000 0.085000
4929.649940 13.161000 0.079000
4932.626030 13.261000 0.060000
4936.681970 13.002000 0.054000
4946.633040 12.704000 0.060000
4962.555700 12.759000 0.058000
4990.528140 12.008000 0.051000
5014.458140 12.997000 0.051000
5022.461620 13.302000 0.064000
1959.641370 29.999000 0.048000
1963.613920 29.999000 0.049000
1964.626160 29.999000 0.046000
1966.623550 29.999000 0.049000
1967.613900 29.999000 0.050000
1968.613550 29.999000 0.051000
1977.597850 29.999000 0.055000
1979.580580 29.999000 0.068000
1980.599270 29.999000 0.057000
1981.601990 29.999000 0.059000
1982.586360 29.999000 0.050000
1984.580240 29.999000 0.058000
1985.575280 29.999000 0.059000
1993.561680 29.999000 0.064000
1994.594620 29.999000 0.064000
2027.514750 29.999000 0.051000
2031.462570 29.999000 0.058000
2033.485520 29.999000 0.059000
2055.508920 29.999000 0.068000
2068.509370 29.999000 0.049000
2071.470810 29.999000 0.058000
2082.452510 29.999000 0.060000
2443.476980 29.999000 0.050000
2658.717280 29.999000 0.036000
2662.712010 29.999000 0.039000
2670.702350 29.999000 0.039000
2680.656500 29.999000 0.040000
2681.774380 29.999000 0.036000
2683.696510 29.999000 0.037000
2685.672460 29.999000 0.038000
2688.804550 29.999000 0.036000
2694.707290 29.999000 0.036000
2706.647160 29.999000 0.035000
2709.752680 29.999000 0.041000
2711.642270 29.999000 0.043000
2712.779250 29.999000 0.037000
2714.624020 29.999000 0.042000
2720.740550 29.999000 0.040000
2726.644060 29.999000 0.035000
2728.635300 29.999000 0.037000
2730.631250 29.999000 0.038000
2733.677620 29.999000 0.039000
2735.671150 29.999000 0.038000
2737.658240 29.999000 0.037000
2739.648420 29.999000 0.039000
2741.615770 29.999000 0.036000
2742.713420 29.999000 0.040000
2744.617370 29.999000 0.036000
2747.659700 29.999000 0.035000
2751.556390 29.999000 0.036000
2754.556990 29.999000 0.037000
2756.556370 29.999000 0.041000
2760.562440 29.999000 0.043000
2762.561230 29.999000 0.044000
2766.603240 29.999000 0.037000
2770.597610 29.999000 0.037000
2782.579840 29.999000 0.041000
2784.563630 29.999000 0.041000
2786.558980 29.999000 0.041000
2789.554880 29.999000 0.038000
2792.489100 29.999000 0.044000
2795.474520 29.999000 0.048000
2804.506430 29.999000 0.045000
2809.505390 29.999000 0.035000
2811.514110 29.999000 0.035000
2813.512340 29.999000 0.034000
2819.470930 29.999000 0.040000
2831.465130 29.999000 0.046000
2835.455840 29.999000 0.041000
3008.752900 29.999000 0.035000
3018.762650 29.999000 0.036000
3023.749370 29.999000 0.034000
3028.738740 29.999000 0.037000
3033.666590 29.999000 0.037000
3035.713180 29.999000 0.041000
3039.820100 29.999000 0.037000
3042.721090 29.999000 0.037000
3044.754160 29.999000 0.035000
3047.682740 29.999000 0.040000
3050.650930 29.999000 0.039000
3052.789800 29.999000 0.037000
3055.607150 29.999000 0.041000
3057.648420 29.999000 0.045000
3059.698270 29.999000 0.037000
3061.720960 29.999000 0.039000
3068.713060 29.999000 0.036000
3070.738700 29.999000 0.038000
3073.611520 29.999000 0.035000
3075.653850 29.999000 0.036000
3077.670850 29.999000 0.037000
3079.687570 29.999000 0.046000
3081.719520 29.999000 0.039000
3085.711880 29.999000 0.037000
3087.714300 29.999000 0.038000
3089.738630 29.999000 0.037000
3091.752840 29.999000 0.037000
3093.741660 29.999000 0.036000
3097.687880 29.999000 0.042000
3100.529780 29.999000 0.038000
3102.547540 29.999000 0.034000
3104.565140 29.999000 0.034000
3106.573370 29.999000 0.036000
3108.577820 29.999000 0.040000
3110.582650 29.999000 0.037000
3112.592440 29.999000 0.040000
3114.602520 29.999000 0.041000
3121.581110 29.999000 0.040000
3125.607780 29.999000 0.036000
3127.628340 29.999000 0.039000
3130.510980 29.999000 0.038000
3132.538240 29.999000 0.047000
3134.560210 29.999000 0.037000
3142.593260 29.999000 0.038000
3146.543490 29.999000 0.046000
3153.535150 29.999000 0.038000
3156.535720 29.999000 0.038000
3159.558460 29.999000 0.038000
3163.498800 29.999000 0.036000
3165.520830 29.999000 0.038000
3168.521730 29.999000 0.034000
3184.480520 29.999000 0.037000
3187.466870 29.999000 0.040000
3367.727000 29.999000 0.049000
3392.770470 29.999000 0.071000
3403.695530 29.999000 0.074000
3405.704670 29.999000 0.070000
3407.754070 29.999000 0.046000
3409.748580 29.999000 0.047000
3411.817530 29.999000 0.078000
3414.616640 29.999000 0.080000
3422.680650 29.999000 0.075000
3424.688920 29.999000 0.085000
3426.690160 29.999000 0.063000
3430.702480 29.999000 0.053000
3434.692880 29.999000 0.088000
3438.569900 29.999000 0.052000
3440.677320 29.999000 0.038000
3447.723530 29.999000 0.090000
3449.759440 29.999000 0.050000
3454.682330 29.999000 0.063000
3456.690340 29.999000 0.043000
3458.663610 29.999000 0.081000
3460.663670 29.999000 0.049000
3462.670610 29.999000 0.064000
3464.703110 29.999000 0.046000
3467.716570 29.999000 0.045000
3472.541460 29.999000 0.045000
3474.591990 29.999000 0.051000
3476.657910 29.999000 0.067000
3478.645620 29.999000 0.057000
3480.640600 29.999000 0.089000
3482.648070 29.999000 0.089000
3490.577120 29.999000 0.047000
3492.579010 29.999000 0.090000
3496.583370 29.999000 0.046000
3499.572250 29.999000 0.048000
3501.581870 29.999000 0.063000
3509.524980 29.999000 0.043000
3512.537290 29.999000 0.055000
3516.538780 29.999000 0.058000
3520.532520 29.999000 0.045000
3522.555980 29.999000 0.092000
3527.511200 29.999000 0.052000
3529.514380 29.999000 0.051000
3543.475460 29.999000 0.045000
3718.797260 29.999000 0.068000
3721.773760 29.999000 0.041000
3727.756590 29.999000 0.078000
3734.774340 29.999000 0.050000
3737.749150 29.999000 0.045000
3740.725570 29.999000 0.077000
3743.716770 29.999000 0.059000
3748.716070 29.999000 0.068000
3751.698270 29.999000 0.045000
3753.796630 29.999000 0.053000
3756.687570 29.999000 0.081000
3758.744080 29.999000 0.052000
3761.672610 29.999000 0.050000
3763.757650 29.999000 0.088000
3766.661840 29.999000 0.080000
3768.750500 29.999000 0.060000
3771.637010 29.999000 0.072000
3773.699230 29.999000 0.076000
3775.709330 29.999000 0.055000
3780.615540 29.999000 0.086000
3787.668620 29.999000 0.057000
3792.631080 29.999000 0.052000
3794.682110 29.999000 0.062000
3796.708660 29.999000 0.061000
3798.781640 29.999000 0.057000
3801.587340 29.999000 0.089000
3803.700770 29.999000 0.069000
3805.692030 29.999000 0.049000
3808.693080 29.999000 0.066000
3810.735790 29.999000 0.069000
3812.764420 29.999000 0.067000
3815.562540 29.999000 0.071000
3817.593790 29.999000 0.065000
3819.621940 29.999000 0.061000
3821.677840 29.999000 0.084000
3823.687340 29.999000 0.051000
3825.699900 29.999000 0.049000
3827.742450 29.999000 0.057000
3832.568710 29.999000 0.078000
3834.577700 29.999000 0.089000
3836.594170 29.999000 0.074000
3848.541140 29.999000 0.063000
3850.576030 29.999000 0.075000
3854.575520 29.999000 0.062000
3856.618900 29.999000 0.048000
3861.558360 29.999000 0.047000
3863.560790 29.999000 0.045000
3865.571550 29.999000 0.042000
3867.607510 29.999000 0.045000
3869.605060 29.999000 0.066000
3871.598670 29.999000 0.064000
3886.483900 29.999000 0.039000
3896.527630 29.999000 0.049000
4091.766920 29.999000 0.082000
4127.719340 29.999000 0.047000
4129.718270 29.999000 0.046000
4131.762800 29.999000 0.082000
4136.646450 29.999000 0.073000
4140.690320 29.999000 0.046000
4144.762040 29.999000 0.081000
4156.749370 29.999000 0.079000
4158.770730 29.999000 0.056000
4162.741220 29.999000 0.054000
4164.758360 29.999000 0.078000
4175.545020 29.999000 0.066000
4177.738400 29.999000 0.056000
4180.608920 29.999000 0.067000
4184.637210 29.999000 0.056000
4188.637840 29.999000 0.051000
4190.662780 29.999000 0.051000
4194.710550 29.999000 0.049000
4197.707060 29.999000 0.058000
4205.632450 29.999000 0.050000
4408.825180 29.999000 0.042000
4412.859180 29.999000 0.047000
4422.793360 29.999000 0.060000
4426.830690 29.999000 0.055000
4452.783090 29.999000 0.048000
4455.765850 29.999000 0.048000
4458.754960 29.999000 0.079000
4467.745380 29.999000 0.045000
4470.740450 29.999000 0.066000
4477.720800 29.999000 0.056000
4482.755520 29.999000 0.078000
4485.749610 29.999000 0.068000
4487.774240 29.999000 0.047000
4490.675870 29.999000 0.046000
4492.720640 29.999000 0.046000
4494.738400 29.999000 0.049000
4497.854960 29.999000 0.059000
4500.658450 29.999000 0.056000
4505.639970 29.999000 0.050000
4507.694340 29.999000 0.059000
4509.770040 29.999000 0.045000
4512.618680 29.999000 0.052000
4518.601570 29.999000 0.042000
4520.640870 29.999000 0.062000
4522.647450 29.999000 0.057000
4524.663390 29.999000 0.041000
4526.680540 29.999000 0.055000
4528.734570 29.999000 0.075000
4531.611900 29.999000 0.066000
4534.585290 29.999000 0.053000
4537.600220 29.999000 0.058000
4539.611900 29.999000 0.061000
4541.617800 29.999000 0.053000
4543.636770 29.999000 0.046000
4545.666270 29.999000 0.050000
4547.683690 29.999000 0.047000
4550.571440 29.999000 0.053000
4554.691340 29.999000 0.045000
4559.547750 29.999000 0.054000
4563.639040 29.999000 0.044000
4565.651220 29.999000 0.057000
4567.661490 29.999000 0.045000
4571.649930 29.999000 0.045000
4573.664990 29.999000 0.058000
4576.520280 29.999000 0.069000
4837.724340 29.999000 0.054000
4842.832940 29.999000 0.064000
4845.813190 29.999000 0.065000
4848.695730 29.999000 0.045000
4850.761160 29.999000 0.042000
4853.721830 29.999000 0.057000
4856.720130 29.999000 0.049000
4860.668840 29.999000 0.049000
4862.753760 29.999000 0.060000
4870.758690 29.999000 0.061000
4872.815270 29.999000 0.047000
4875.791280 29.999000 0.060000
4877.818730 29.999000 0.073000
4883.616790 29.999000 0.044000
4888.647170 29.999000 0.053000
4893.621020 29.999000 0.051000
4911.643720 29.999000 0.064000
4918.556880 29.999000 0.056000
4920.636110 29.999000 0.052000
5161.853710 29.999000 0.053000
1889.724000 11.628000 0.053000
1899.744160 11.873000 0.043000
1900.749030 11.865000 0.041000
1954.638190 13.517000 0.054000
2167.886910 14.583000 0.060000
2191.849320 13.663000 0.053000
2193.850530 13.745000 0.052000
2196.842350 13.586000 0.063000
2198.842380 13.388000 0.050000
2202.835320 13.110000 0.049000
2206.800020 12.811000 0.051000
2214.802620 12.343000 0.053000
2221.825600 12.269000 0.056000
2224.809320 12.158000 0.053000
2228.776470 12.120000 0.053000
2230.775220 12.102000 0.052000
2233.748100 12.150000 0.052000
2236.780930 12.179000 0.055000
2239.781510 12.236000 0.055000
3651.868600 12.790000 0.039000
3655.855440 13.022000 0.041000
3659.843370 12.990000 0.038000
3663.842580 13.215000 0.042000
3737.729830 14.103000 0.062000
3866.599910 13.707000 0.051000
4238.563820 13.392000 0.053000
4247.555040 12.952000 0.047000
4257.510890 12.004000 0.045000
4630.496180 11.974000 0.040000
1952.632380 13.421000 0.059000
2189.850260 13.877000 0.057000
2234.855930 12.134000 0.058000
2241.756700 12.096000 0.058000
2243.749670 12.159000 0.061000
3715.785060 14.188000 0.072000
2184.843600 29.999000 0.063000
2186.867370 29.999000 0.049000
3395.670250 29.999000 0.084000
3397.726960 29.999000 0.075000
3452.591150 29.999000 0.071000
3454.664080 29.999000 0.066000
3456.659020 29.999000 0.079000
3460.644840 29.999000 0.052000
3462.648750 29.999000 0.061000
3464.689560 29.999000 0.055000
3466.691440 29.999000 0.051000
3469.674440 29.999000 0.062000
3521.533940 29.999000 0.048000
3526.528700 29.999000 0.043000
3674.823890 29.999000 0.057000
3701.777180 29.999000 0.040000
3705.775690 29.999000 0.075000
3708.839090 29.999000 0.054000
3712.813890 29.999000 0.043000
3718.771250 29.999000 0.062000
3724.755540 29.999000 0.075000
3727.741960 29.999000 0.072000
3731.748490 29.999000 0.069000
3734.747360 29.999000 0.056000
3739.799770 29.999000 0.045000
3742.709090 29.999000 0.070000
3747.752560 29.999000 0.043000
3750.678050 29.999000 0.038000
3752.797230 29.999000 0.064000
3757.722950 29.999000 0.081000
3759.772540 29.999000 0.081000
3762.687710 29.999000 0.073000
3767.773760 29.999000 0.074000
3772.712630 29.999000 0.058000
3790.773320 29.999000 0.054000
3795.721240 29.999000 0.058000
3797.686410 29.999000 0.045000
3799.730910 29.999000 0.045000
3806.669890 29.999000 0.055000
3809.681930 29.999000 0.038000
3811.688640 29.999000 0.068000
3813.704140 29.999000 0.042000
3815.732200 29.999000 0.052000
3817.730620 29.999000 0.042000
3822.644630 29.999000 0.071000
3828.679090 29.999000 0.074000
3853.565660 29.999000 0.035000
3875.524710 29.999000 0.038000
3877.538970 29.999000 0.064000
3881.516990 29.999000 0.062000
3896.513320 29.999000 0.050000
4245.535810 29.999000 0.048000
4507.679250 29.999000 0.061000
5145.844490 29.999000 0.048000
2545.851470 11.838000 0.038000
2628.742400 12.940000 0.039000
2635.733260 13.118000 0.050000
2679.691440 29.999000 0.036000
3116.625940 29.999000 0.038000
