3380.866720 13.006000 0.048000
3387.809220 13.376000 0.065000
3372.857940 13.008000 0.096000
3449.654930 29.999000 0.071000
2663.778440 13.773000 0.030000
2665.771290 13.833000 0.032000
3525.518590 14.568000 0.080000
3772.701360 14.533000 0.072000
4143.733830 15.228000 0.053000
4145.813130 14.954000 0.063000
4151.741740 15.157000 0.056000
4174.715440 14.464000 0.066000
4193.610340 14.700000 0.067000
4512.752490 14.565000 0.073000
4829.826350 14.687000 0.042000
2068.506900 13.221000 0.059000
2082.449630 13.122000 0.060000
2087.452320 13.010000 0.060000
2443.456160 12.593000 0.041000
2637.798720 13.846000 0.033000
2639.837860 13.727000 0.029000
2642.798410 13.694000 0.031000
2645.778680 13.921000 0.033000
2651.757990 13.634000 0.031000
2657.738170 13.574000 0.033000
2661.789440 13.517000 0.038000
2667.770980 13.773000 0.035000
2673.756030 13.849000 0.028000
2677.726570 13.560000 0.030000
2681.704940 13.556000 0.037000
2685.706230 13.376000 0.035000
2690.710160 13.165000 0.030000
2692.773900 13.112000 0.043000
2694.699800 13.106000 0.030000
2696.714920 13.004000 0.029000
2698.705330 13.066000 0.030000
2704.674510 12.706000 0.023000
2706.662710 12.782000 0.027000
2710.636630 12.688000 0.031000
2717.596830 12.801000 0.035000
2719.660420 12.748000 0.054000
2721.630700 12.842000 0.036000
2722.765960 12.778000 0.038000
2726.650180 12.637000 0.033000
2728.641420 12.963000 0.033000
2730.637320 12.690000 0.034000
2733.683650 12.910000 0.038000
2735.677160 12.891000 0.042000
2739.654350 12.854000 0.032000
2750.595000 13.195000 0.042000
2751.690960 13.101000 0.033000
2754.626490 13.221000 0.030000
2756.625820 13.196000 0.037000
2761.521370 13.174000 0.032000
2782.597230 13.698000 0.036000
2786.566060 13.965000 0.039000
2957.843430 13.364000 0.033000
2963.842070 13.457000 0.034000
2967.838600 13.401000 0.033000
2975.807300 13.308000 0.034000
2978.821140 13.282000 0.029000
2984.848870 13.281000 0.033000
2990.803410 13.290000 0.033000
2996.836400 12.841000 0.040000
3000.827180 12.861000 0.062000
3008.827810 12.455000 0.032000
3011.785450 12.462000 0.031000
3017.813890 12.223000 0.035000
3023.792300 12.283000 0.031000
3028.776920 12.189000 0.030000
3031.731900 12.249000 0.041000
3033.768860 12.171000 0.030000
3036.719030 12.182000 0.040000
3044.741200 12.332000 0.031000
3047.707160 12.433000 0.037000
3050.683610 12.550000 0.030000
3055.671260 12.591000 0.038000
3057.723350 12.537000 0.042000
3059.799460 12.827000 0.039000
3064.707410 12.775000 0.048000
3075.712020 13.007000 0.034000
3077.733050 13.311000 0.033000
3079.735720 13.032000 0.037000
3092.596650 13.282000 0.031000
3105.595990 13.525000 0.038000
3355.801540 12.382000 0.041000
3362.823320 12.539000 0.057000
3385.760290 13.319000 0.046000
3390.746540 13.507000 0.047000
3393.780640 13.625000 0.065000
3399.770500 13.716000 0.060000
3407.700970 14.180000 0.073000
3409.739510 14.089000 0.065000
3411.813960 14.233000 0.079000
3416.721920 13.858000 0.038000
3418.743950 14.339000 0.056000
3674.867200 12.214000 0.039000
3701.852170 13.207000 0.040000
3705.857610 13.239000 0.042000
3713.836200 13.547000 0.052000
3717.833840 13.655000 0.055000
3721.838260 13.977000 0.068000
3728.795960 13.999000 0.046000
3732.787920 13.855000 0.075000
3735.798210 14.153000 0.049000
3741.790500 14.220000 0.072000
3744.781190 14.212000 0.047000
3882.544880 14.315000 0.044000
3900.478470 13.810000 0.064000
3902.504790 13.760000 0.052000
3905.465420 14.227000 0.062000
4213.634200 14.135000 0.063000
4229.487410 13.628000 0.062000
4231.487050 13.591000 0.055000
4235.512250 13.643000 0.072000
4253.520320 12.778000 0.051000
4274.479350 11.822000 0.051000
4278.467170 12.030000 0.037000
4283.475020 12.010000 0.070000
4286.462870 12.032000 0.063000
4290.462590 12.116000 0.039000
4505.793170 14.506000 0.071000
4508.691250 14.622000 0.075000
4510.725580 14.095000 0.041000
4519.708390 14.341000 0.075000
4521.724500 13.824000 0.062000
4523.751800 13.740000 0.046000
4528.635450 13.861000 0.044000
4530.701960 13.760000 0.065000
4532.785160 13.591000 0.064000
4536.620390 13.447000 0.071000
4538.662780 13.453000 0.065000
4540.682820 13.346000 0.076000
4548.625490 13.358000 0.070000
4550.686520 13.430000 0.057000
4552.748660 13.236000 0.072000
4555.561480 13.098000 0.054000
4557.592130 13.067000 0.058000
4559.626760 12.980000 0.072000
4561.667330 12.634000 0.046000
4566.543300 12.471000 0.067000
4568.573430 12.382000 0.058000
4574.554270 12.159000 0.051000
4576.578490 11.943000 0.079000
4580.570630 11.745000 0.048000
4586.638680 11.720000 0.041000
4589.566290 11.677000 0.064000
4591.609710 11.556000 0.060000
4594.516330 11.627000 0.058000
4596.522480 11.805000 0.055000
4601.480880 11.705000 0.060000
4607.566180 12.025000 0.076000
4610.497610 12.064000 0.070000
4616.556280 12.202000 0.046000
4620.506680 12.254000 0.058000
4623.504870 12.411000 0.051000
4628.459190 12.409000 0.064000
4630.507760 12.446000 0.061000
4633.478120 12.648000 0.060000
4641.474940 13.030000 0.061000
4643.484730 13.078000 0.050000
4645.496830 12.921000 0.046000
4656.464830 13.159000 0.069000
4806.814910 14.654000 0.067000
4838.782260 14.865000 0.049000
4852.758950 13.928000 0.072000
4856.737100 14.099000 0.042000
4860.730020 14.320000 0.049000
4868.709710 13.758000 0.055000
4875.688480 13.609000 0.055000
4877.716290 13.188000 0.076000
4888.658130 12.856000 0.043000
4904.719010 12.687000 0.070000
4919.627340 12.697000 0.051000
4938.689500 13.132000 0.055000
4940.691830 13.275000 0.063000
4948.614940 13.436000 0.074000
3443.613210 14.449000 0.072000
3760.743290 14.297000 0.088000
3817.694680 14.515000 0.093000
4153.723630 14.830000 0.092000
2737.664220 12.852000 0.044000
3081.763590 13.101000 0.062000
3907.487180 13.808000 0.091000
4525.810440 13.794000 0.085000
4546.629640 13.356000 0.085000
4563.682410 12.489000 0.103000
4648.482580 13.014000 0.111000
4882.793060 13.231000 0.094000
4909.675250 12.685000 0.111000
4914.677630 12.725000 0.084000
4916.718510 12.592000 0.082000
4936.609930 13.049000 0.095000
2214.863200 29.999000 0.052000
2227.845430 29.999000 0.049000
2262.810690 29.999000 0.070000
2265.766630 29.999000 0.064000
2269.798610 29.999000 0.068000
2634.859720 29.999000 0.029000
2745.578950 29.999000 0.037000
2763.517150 29.999000 0.032000
2792.491480 29.999000 0.042000
2804.517790 29.999000 0.038000
2819.479580 29.999000 0.036000
2981.821810 29.999000 0.038000
3071.681030 29.999000 0.046000
3099.588960 29.999000 0.037000
3103.601190 29.999000 0.052000
3107.598360 29.999000 0.032000
3109.603510 29.999000 0.031000
3111.601180 29.999000 0.034000
3121.600180 29.999000 0.043000
3126.514350 29.999000 0.052000
3134.585150 29.999000 0.036000
3142.604740 29.999000 0.053000
3163.524550 29.999000 0.033000
3176.517820 29.999000 0.044000
3187.471370 29.999000 0.042000
3431.638420 29.999000 0.068000
3462.607830 29.999000 0.063000
3473.646050 29.999000 0.044000
3476.565230 29.999000 0.096000
3481.544340 29.999000 0.042000
3496.637970 29.999000 0.043000
3512.548780 29.999000 0.061000
3543.482680 29.999000 0.039000
3797.632490 29.999000 0.042000
3805.608790 29.999000 0.046000
3813.662950 29.999000 0.086000
3872.559850 29.999000 0.089000
4149.690880 29.999000 0.059000
4160.597250 29.999000 0.047000
4442.818700 29.999000 0.043000
4455.806200 29.999000 0.041000
2071.468250 29.999000 0.053000
2252.773710 29.999000 0.065000
2669.776160 29.999000 0.030000
2809.517150 29.999000 0.036000
2812.462180 29.999000 0.035000
2814.469480 29.999000 0.042000
2944.861840 29.999000 0.039000
2948.864020 29.999000 0.056000
3006.800940 29.999000 0.045000
3101.594520 29.999000 0.033000
3116.637770 29.999000 0.031000
3130.558880 29.999000 0.035000
3132.570540 29.999000 0.033000
3154.492300 29.999000 0.036000
3158.484120 29.999000 0.036000
3165.536470 29.999000 0.039000
3168.536650 29.999000 0.031000
3414.680540 29.999000 0.036000
3445.640630 29.999000 0.085000
3447.637450 29.999000 0.093000
3454.617590 29.999000 0.093000
3460.601410 29.999000 0.076000
3556.464760 29.999000 0.058000
3864.496130 29.999000 0.086000
3866.503680 29.999000 0.084000
3891.453970 29.999000 0.042000
4105.790140 29.999000 0.047000
4109.827890 29.999000 0.085000
4125.782610 29.999000 0.071000
4136.850100 29.999000 0.057000
4139.699650 29.999000 0.038000
4141.729800 29.999000 0.057000
4164.679220 29.999000 0.084000
4167.660030 29.999000 0.085000
4172.703260 29.999000 0.069000
4182.659160 29.999000 0.072000
4196.627550 29.999000 0.071000
4204.614590 29.999000 0.065000
4429.832760 29.999000 0.043000
4467.799360 29.999000 0.041000
4470.792170 29.999000 0.055000
4478.745250 29.999000 0.051000
4491.783400 29.999000 0.043000
4493.830030 29.999000 0.055000
4497.752640 29.999000 0.038000
4503.700440 29.999000 0.044000
4770.867300 29.999000 0.040000
4776.862940 29.999000 0.046000
4793.841850 29.999000 0.046000
4798.839610 29.999000 0.036000
4802.818980 29.999000 0.047000
4810.818640 29.999000 0.049000
4814.805180 29.999000 0.053000
4820.808600 29.999000 0.040000
4823.851940 29.999000 0.042000
4826.848640 29.999000 0.043000
4835.793570 29.999000 0.058000
4846.812240 29.999000 0.044000
4849.753850 29.999000 0.053000
4865.731360 29.999000 0.042000
5021.459750 29.999000 0.073000
5165.839070 29.999000 0.047000
1889.801000 29.999000 0.052000
2255.806240 29.999000 0.060000
2257.803420 29.999000 0.060000
2622.783990 29.999000 0.031000
2624.839840 29.999000 0.035000
2649.767920 29.999000 0.031000
2671.759680 29.999000 0.035000
2675.747710 29.999000 0.032000
2688.722540 29.999000 0.034000
2766.540690 29.999000 0.037000
2784.570820 29.999000 0.031000
2789.561880 29.999000 0.039000
3085.763410 29.999000 0.037000
3087.762510 29.999000 0.040000
3090.568310 29.999000 0.040000
3113.615490 29.999000 0.044000
3115.630530 29.999000 0.043000
3128.543650 29.999000 0.034000
3146.549170 29.999000 0.030000
3160.512880 29.999000 0.037000
3184.485140 29.999000 0.035000
3404.784120 29.999000 0.049000
3426.778890 29.999000 0.048000
3436.662830 29.999000 0.058000
3439.653910 29.999000 0.056000
3456.611130 29.999000 0.089000
3458.600240 29.999000 0.059000
3464.639280 29.999000 0.075000
3466.651020 29.999000 0.050000
3469.646220 29.999000 0.073000
3490.637440 29.999000 0.063000
3492.635600 29.999000 0.066000
3499.640980 29.999000 0.082000
3502.496400 29.999000 0.082000
3520.541160 29.999000 0.041000
3522.558600 29.999000 0.066000
3529.543040 29.999000 0.082000
3539.484110 29.999000 0.060000
3547.482410 29.999000 0.051000
3747.774080 29.999000 0.047000
3750.771550 29.999000 0.043000
3754.800200 29.999000 0.086000
3757.741160 29.999000 0.073000
3763.733080 29.999000 0.073000
3766.718540 29.999000 0.088000
3769.709140 29.999000 0.059000
3774.820870 29.999000 0.058000
3787.699240 29.999000 0.069000
3789.755260 29.999000 0.093000
3792.678860 29.999000 0.053000
3794.728050 29.999000 0.058000
3799.698710 29.999000 0.059000
3802.630050 29.999000 0.066000
3809.645630 29.999000 0.090000
3811.650930 29.999000 0.074000
3819.744290 29.999000 0.085000
3822.589010 29.999000 0.071000
3824.623330 29.999000 0.073000
3826.623700 29.999000 0.059000
3828.640120 29.999000 0.086000
3830.694080 29.999000 0.080000
3836.572550 29.999000 0.066000
3848.570680 29.999000 0.076000
3850.603650 29.999000 0.092000
3852.599450 29.999000 0.087000
3854.610230 29.999000 0.053000
3856.661920 29.999000 0.068000
3868.544010 29.999000 0.076000
3870.548880 29.999000 0.043000
3876.560830 29.999000 0.079000
3886.546250 29.999000 0.047000
3893.519390 29.999000 0.045000
3897.501210 29.999000 0.061000
4128.728090 29.999000 0.043000
4177.695020 29.999000 0.077000
4184.656360 29.999000 0.068000
4438.828570 29.999000 0.054000
4458.820370 29.999000 0.045000
4464.857630 29.999000 0.048000
4485.756720 29.999000 0.048000
4487.782210 29.999000 0.056000
