3373.734760 12.157000 0.078000
3086.604490 13.540000 0.038000
3497.501770 13.249000 0.057000
3876.458720 13.731000 0.041000
2033.455300 13.244000 0.053000
2134.927800 11.653000 0.048000
2557.819860 11.136000 0.045000
2561.840070 11.239000 0.038000
2565.837690 11.301000 0.048000
2621.757400 12.237000 0.034000
2623.718790 12.331000 0.032000
2625.718080 12.383000 0.034000
2629.744660 12.440000 0.045000
2636.741160 12.571000 0.041000
2640.728340 12.605000 0.043000
2642.736400 12.706000 0.038000
2644.722160 12.656000 0.043000
2651.677200 12.859000 0.041000
2652.813170 12.880000 0.043000
2654.673520 12.817000 0.036000
2657.706850 12.816000 0.038000
2661.722620 13.136000 0.036000
2663.718970 12.977000 0.037000
2667.711210 13.104000 0.040000
2669.700540 13.103000 0.038000
2671.699560 13.103000 0.038000
2675.681740 13.284000 0.040000
2681.626820 13.321000 0.032000
2684.592990 13.254000 0.037000
2690.595690 13.341000 0.044000
2692.592980 13.435000 0.042000
2694.592510 13.317000 0.042000
2696.587610 13.443000 0.038000
2698.584530 13.478000 0.040000
2700.586390 13.407000 0.049000
2702.578130 13.479000 0.041000
2704.566720 13.606000 0.043000
2706.548440 13.682000 0.039000
2712.517350 13.397000 0.033000
2714.532000 13.471000 0.041000
2717.531800 13.504000 0.037000
2720.525240 13.525000 0.036000
2722.526880 13.592000 0.040000
2724.527330 13.496000 0.036000
2728.523660 13.618000 0.036000
2730.519540 13.531000 0.033000
2734.506650 13.481000 0.037000
2736.493670 13.601000 0.041000
2741.513480 13.508000 0.047000
2743.510970 13.440000 0.044000
2745.523350 13.392000 0.040000
2750.557400 13.309000 0.034000
2755.536170 13.274000 0.034000
2757.532920 13.191000 0.034000
2760.510060 13.173000 0.034000
2770.490690 13.103000 0.036000
2784.454630 13.004000 0.038000
2885.910020 11.811000 0.038000
2897.886580 11.605000 0.035000
2900.882160 11.528000 0.036000
2910.879560 11.430000 0.034000
2916.834480 11.350000 0.032000
2922.823800 11.272000 0.033000
2925.865870 11.323000 0.037000
2927.858130 11.315000 0.036000
2931.822420 11.340000 0.033000
2934.820410 11.361000 0.035000
2940.787990 11.471000 0.033000
2942.834390 11.463000 0.038000
2951.788120 11.689000 0.035000
2957.842540 11.824000 0.042000
2960.802560 11.991000 0.036000
2970.771430 12.006000 0.036000
2973.793040 12.099000 0.040000
2975.733420 12.168000 0.034000
2977.738970 12.248000 0.038000
2979.749970 12.246000 0.036000
2981.757130 12.351000 0.036000
2984.772210 12.351000 0.036000
2987.717840 12.387000 0.032000
2989.773250 12.362000 0.032000
2992.695690 12.487000 0.033000
2994.760700 12.432000 0.034000
2996.798730 12.446000 0.037000
3000.687480 12.643000 0.034000
3006.794860 12.656000 0.041000
3008.730410 12.851000 0.035000
3012.695900 12.748000 0.037000
3015.712040 12.740000 0.041000
3017.708550 12.805000 0.033000
3019.711900 12.911000 0.034000
3023.713170 12.942000 0.037000
3028.651450 13.119000 0.038000
3030.691880 12.936000 0.037000
3032.713550 13.093000 0.036000
3034.732120 13.030000 0.035000
3037.621900 13.060000 0.033000
3041.647440 13.175000 0.036000
3043.741420 13.068000 0.037000
3046.597280 13.251000 0.033000
3049.587180 13.138000 0.034000
3051.719640 13.213000 0.037000
3054.589420 13.375000 0.033000
3056.603750 13.240000 0.037000
3058.669920 13.309000 0.038000
3060.694110 13.318000 0.033000
3068.625550 13.270000 0.037000
3070.658680 13.199000 0.039000
3073.594610 13.412000 0.035000
3075.626020 13.362000 0.040000
3077.653730 13.478000 0.037000
3080.543770 13.351000 0.042000
3088.610060 13.371000 0.041000
3090.614860 13.273000 0.037000
3096.528090 13.336000 0.033000
3098.550810 13.350000 0.037000
3100.560630 13.285000 0.035000
3102.570250 13.241000 0.042000
3104.582710 13.125000 0.036000
3107.518030 13.303000 0.035000
3109.531680 13.254000 0.036000
3111.528050 13.408000 0.034000
3113.552850 13.149000 0.033000
3122.499730 12.995000 0.035000
3125.502090 12.952000 0.042000
3128.486270 12.909000 0.037000
3131.480870 12.958000 0.036000
3133.503080 12.827000 0.034000
3144.468990 12.817000 0.038000
3269.883190 11.145000 0.048000
3273.879960 11.054000 0.046000
3296.843640 10.870000 0.038000
3411.617740 12.693000 0.053000
3415.678040 12.829000 0.062000
3417.667570 12.843000 0.047000
3420.549800 12.791000 0.045000
3426.606290 12.895000 0.057000
3428.611260 12.938000 0.039000
3430.613660 12.888000 0.056000
3432.615530 13.231000 0.052000
3440.597590 12.996000 0.049000
3468.523740 13.541000 0.063000
3476.480760 13.274000 0.058000
3490.507660 13.220000 0.051000
3719.729030 11.558000 0.041000
3722.715940 11.636000 0.038000
3731.738120 11.861000 0.041000
3734.707440 11.970000 0.053000
3757.618820 12.450000 0.036000
3772.589800 12.575000 0.043000
3787.665540 13.015000 0.036000
3794.641740 13.039000 0.042000
3796.661780 13.165000 0.061000
3816.561880 13.161000 0.057000
3831.492380 13.317000 0.053000
3835.537500 13.419000 0.046000
3858.512370 13.485000 0.049000
3866.487910 13.549000 0.046000
3870.459580 13.511000 0.048000
4133.634310 11.990000 0.063000
4152.546420 12.506000 0.039000
4159.566340 12.618000 0.059000
4186.489020 13.141000 0.040000
4190.495950 13.019000 0.041000
4197.570370 13.201000 0.046000
4200.572240 13.157000 0.060000
4203.573960 13.306000 0.059000
4235.483430 13.699000 0.055000
4460.686850 11.034000 0.036000
4481.641130 11.434000 0.050000
4512.585090 12.032000 0.053000
4520.612780 12.157000 0.048000
4522.619140 12.287000 0.055000
4529.577440 12.514000 0.061000
4534.558690 12.440000 0.056000
4561.538700 12.900000 0.052000
4569.508280 12.764000 0.060000
4571.531710 12.749000 0.038000
4574.508230 12.968000 0.041000
4585.488310 12.786000 0.040000
4588.500880 12.945000 0.060000
4591.478450 13.064000 0.037000
4596.458840 13.129000 0.047000
4859.646140 11.336000 0.060000
4862.654020 11.320000 0.056000
4867.639270 11.444000 0.046000
4870.635230 11.576000 0.061000
1980.579310 12.902000 0.062000
3809.614070 12.954000 0.070000
3851.492260 13.795000 0.069000
3864.480220 13.673000 0.083000
2501.927910 11.139000 0.056000
2549.847860 11.197000 0.056000
2944.840310 11.571000 0.038000
2954.805730 11.709000 0.062000
3404.701340 12.656000 0.073000
3406.742730 12.685000 0.075000
3408.732840 12.781000 0.082000
3413.663800 12.748000 0.067000
3424.607790 13.078000 0.066000
3445.621660 13.279000 0.073000
3458.507320 13.218000 0.070000
3460.521020 13.285000 0.066000
3462.549120 13.574000 0.070000
3464.600460 13.120000 0.066000
3470.547150 13.270000 0.077000
3472.565200 13.450000 0.076000
3480.556710 13.259000 0.083000
3492.517200 13.410000 0.092000
3501.463560 13.123000 0.076000
3504.466910 13.149000 0.075000
3512.453890 13.287000 0.075000
3752.712170 12.242000 0.090000
3759.683810 12.537000 0.065000
3762.636440 12.630000 0.081000
3767.617890 12.626000 0.095000
3774.684940 12.711000 0.069000
3776.731970 12.843000 0.068000
3778.711280 12.996000 0.090000
3799.589230 13.141000 0.082000
3801.637550 13.299000 0.093000
3804.570030 13.069000 0.081000
3806.587150 13.286000 0.068000
3813.626740 13.419000 0.074000
3820.606620 13.141000 0.070000
3823.545860 13.216000 0.066000
3825.580410 13.488000 0.071000
3848.534970 14.171000 0.063000
3861.505150 13.469000 0.072000
4154.588290 12.486000 0.079000
4161.569430 12.684000 0.084000
4507.597450 11.938000 0.064000
4539.588160 12.469000 0.063000
4566.519880 12.819000 0.068000
4853.649350 11.098000 0.065000
4856.637860 11.301000 0.065000
4872.665680 11.697000 0.053000
4880.665500 11.844000 0.071000
4883.596090 11.844000 0.073000
2686.599320 29.999000 0.044000
2688.596960 29.999000 0.043000
2739.538430 29.999000 0.041000
2762.511090 29.999000 0.044000
3483.504820 29.999000 0.090000
3827.594270 29.999000 0.079000
3833.525920 29.999000 0.073000
3837.550830 29.999000 0.048000
3853.507940 29.999000 0.034000
4576.537300 29.999000 0.042000
3355.717540 11.733000 0.057000
3358.707850 11.800000 0.063000
3389.680690 12.391000 0.062000
3395.645670 12.473000 0.055000
3404.739850 12.780000 0.053000
3415.720340 12.728000 0.055000
3437.603070 13.168000 0.047000
3450.492270 13.139000 0.047000
3457.547200 13.190000 0.055000
3459.559610 13.385000 0.055000
3466.541910 13.227000 0.061000
3469.549330 13.329000 0.050000
3471.554590 13.286000 0.047000
3479.541860 13.343000 0.056000
3495.490680 13.235000 0.050000
3504.455880 13.151000 0.061000
3631.891290 12.011000 0.039000
3641.879480 11.843000 0.041000
3646.883890 11.728000 0.035000
3650.872940 11.627000 0.038000
3654.861760 11.584000 0.053000
3657.879270 11.419000 0.039000
3660.867460 11.339000 0.042000
3664.842550 11.213000 0.042000
3670.820110 11.061000 0.038000
3673.853020 10.988000 0.045000
3677.825510 10.967000 0.049000
3707.749370 11.261000 0.044000
3711.792130 11.306000 0.050000
3714.719370 11.432000 0.044000
3717.728730 11.540000 0.050000
3725.755340 11.711000 0.044000
3728.696000 11.781000 0.050000
3731.825290 11.882000 0.059000
3734.724580 11.837000 0.053000
3737.691760 11.910000 0.041000
3742.668420 12.033000 0.052000
3744.754030 12.145000 0.051000
3750.674300 12.210000 0.058000
3755.622890 12.404000 0.044000
3767.634210 12.581000 0.051000
3777.599220 12.692000 0.047000
3811.587480 13.156000 0.056000
3818.583110 13.410000 0.057000
3836.528800 13.341000 0.053000
3854.487700 13.633000 0.059000
4091.696580 11.283000 0.043000
4105.702610 11.542000 0.054000
4107.696580 11.571000 0.038000
4111.742670 11.637000 0.050000
4125.738760 11.946000 0.043000
4127.701210 12.033000 0.053000
4132.628540 11.965000 0.059000
4142.691000 12.180000 0.047000
4147.598840 12.291000 0.055000
4159.666430 12.495000 0.052000
4161.664960 12.608000 0.049000
4180.555750 12.743000 0.063000
4182.592420 12.869000 0.061000
4188.596830 12.923000 0.042000
4191.508350 13.119000 0.056000
4193.532150 13.120000 0.055000
4197.516670 13.076000 0.061000
4216.528280 13.180000 0.058000
4228.479380 13.386000 0.051000
4231.462930 13.455000 0.050000
4234.459610 13.335000 0.050000
4363.894800 12.219000 0.039000
4368.881520 12.253000 0.038000
4372.872700 12.235000 0.040000
4379.861010 12.157000 0.039000
4383.857290 12.067000 0.036000
4402.871360 11.843000 0.041000
4406.845780 11.683000 0.046000
4409.825360 11.734000 0.042000
4413.826110 11.576000 0.038000
4420.838570 11.455000 0.043000
4423.800510 11.419000 0.046000
4427.780250 11.250000 0.042000
4432.805340 11.194000 0.038000
4435.759230 11.123000 0.043000
4438.747390 11.125000 0.047000
4441.736450 10.960000 0.039000
4453.706950 10.964000 0.040000
4456.698580 11.003000 0.042000
4460.732040 11.097000 0.043000
4463.678860 11.042000 0.059000
4477.699180 11.363000 0.059000
4479.783090 11.296000 0.063000
4489.683290 11.612000 0.040000
4491.707430 11.534000 0.047000
4493.729810 11.681000 0.049000
4497.616770 11.769000 0.047000
4499.722900 11.749000 0.050000
4502.651380 11.769000 0.049000
4504.704240 11.766000 0.053000
4507.600130 11.974000 0.046000
4509.684650 11.919000 0.048000
4517.630020 12.146000 0.043000
4521.656500 12.168000 0.054000
4523.669090 12.162000 0.048000
4528.617920 12.293000 0.062000
4537.533430 12.396000 0.043000
4546.569180 12.509000 0.041000
4548.570250 12.697000 0.060000
4551.570170 12.695000 0.054000
4553.600990 12.761000 0.056000
4561.530130 12.898000 0.057000
4563.565420 12.804000 0.051000
4569.483390 12.818000 0.062000
4571.528340 12.873000 0.045000
4574.505640 12.835000 0.048000
4586.485220 12.878000 0.040000
4589.496510 13.126000 0.050000
4592.483930 13.080000 0.053000
4597.455340 13.226000 0.045000
4601.461010 13.132000 0.054000
4744.878360 11.797000 0.040000
4750.870160 11.631000 0.037000
4754.857640 11.573000 0.041000
4761.840150 11.446000 0.038000
4765.828830 11.433000 0.041000
4769.824380 11.361000 0.044000
4772.847110 11.322000 0.038000
4775.838440 11.204000 0.037000
4778.824350 11.173000 0.038000
4782.814060 11.097000 0.044000
4797.805830 10.822000 0.048000
4800.758160 10.836000 0.042000
4803.745410 10.834000 0.045000
4806.736380 10.779000 0.051000
4808.782900 10.789000 0.058000
4821.707790 10.756000 0.039000
4824.703070 10.789000 0.042000
4830.682680 10.739000 0.043000
4837.754690 10.854000 0.045000
4840.650460 10.918000 0.049000
4846.673720 10.993000 0.060000
4848.783980 11.047000 0.041000
4851.673850 11.162000 0.055000
4857.668110 11.187000 0.058000
4860.724560 11.307000 0.042000
5129.860120 11.853000 0.047000
5162.785170 11.638000 0.045000
3387.627170 12.303000 0.069000
3397.685080 12.381000 0.089000
3399.725070 12.485000 0.090000
3461.592480 13.458000 0.091000
3464.514290 13.428000 0.097000
3499.485910 13.250000 0.089000
3701.765070 11.272000 0.064000
3704.757280 11.249000 0.074000
3722.751360 11.579000 0.085000
3739.744650 11.958000 0.081000
3752.793480 12.308000 0.065000
3757.683770 12.482000 0.068000
3759.743420 12.402000 0.065000
3762.661290 12.456000 0.092000
3764.772980 12.462000 0.056000
3769.733340 12.510000 0.088000
3772.592590 12.609000 0.072000
3779.620820 12.691000 0.077000
3788.595860 13.172000 0.080000
3790.653270 12.893000 0.090000
3793.605510 13.101000 0.093000
3795.651270 13.036000 0.066000
3797.657820 13.046000 0.087000
3800.565870 12.978000 0.088000
3804.523800 13.199000 0.095000
3806.546210 13.142000 0.082000
3809.570020 13.107000 0.080000
3813.607340 13.278000 0.089000
3816.550660 13.286000 0.071000
3820.598630 13.191000 0.065000
3823.537420 13.331000 0.078000
3834.518980 13.369000 0.077000
3849.497370 13.471000 0.099000
3851.519630 13.566000 0.087000
3862.474280 13.416000 0.077000
3865.468130 13.336000 0.089000
4136.671240 12.103000 0.087000
4140.666910 12.202000 0.075000
4144.719730 12.400000 0.081000
4150.670760 12.209000 0.083000
4154.699810 12.364000 0.078000
4164.561720 12.672000 0.089000
4166.637000 12.725000 0.082000
4172.607010 12.817000 0.066000
4174.617350 12.744000 0.071000
4176.627130 12.768000 0.069000
4200.521130 13.240000 0.069000
4203.520260 13.396000 0.065000
4387.844410 11.993000 0.053000
4391.834210 12.101000 0.047000
4465.732270 11.187000 0.072000
4468.696020 11.098000 0.077000
4470.784400 11.202000 0.072000
4474.671640 11.230000 0.064000
4482.734140 11.356000 0.072000
4487.657110 11.509000 0.074000
4515.579930 12.097000 0.065000
4519.638240 12.205000 0.070000
4526.573610 12.274000 0.071000
4531.584620 12.447000 0.067000
4542.503360 12.517000 0.070000
4556.522660 12.678000 0.067000
4558.545530 12.875000 0.064000
4576.533930 12.835000 0.065000
4582.526220 12.857000 0.074000
4794.776150 10.949000 0.067000
4815.763010 10.892000 0.073000
4818.819780 10.673000 0.066000
4832.751520 10.751000 0.050000
4835.677090 10.838000 0.068000
4843.689290 11.052000 0.069000
4863.602790 11.417000 0.051000
4866.616180 11.472000 0.068000
4870.610090 11.485000 0.083000
4872.634790 11.723000 0.070000
4877.658070 11.669000 0.075000
4880.663090 11.728000 0.071000
4883.593730 11.906000 0.073000
4886.600460 12.006000 0.079000
4888.681270 12.022000 0.082000
4891.594640 12.098000 0.075000
4893.657000 11.991000 0.057000
4900.646130 12.130000 0.071000
4904.617730 12.209000 0.085000
4907.577850 12.210000 0.069000
4911.560150 12.583000 0.088000
4915.560850 12.316000 0.077000
4917.587180 12.544000 0.081000
4920.578450 12.491000 0.068000
4932.512760 12.618000 0.084000
4935.512550 12.645000 0.076000
4938.505470 12.819000 0.084000
4947.487410 12.637000 0.078000
4952.466720 12.882000 0.078000
4966.472080 13.051000 0.085000
4969.461070 13.196000 0.067000
5085.904830 12.246000 0.052000
5124.839080 11.828000 0.049000
5137.821210 11.807000 0.052000
5158.808800 11.718000 0.058000
5165.767740 11.638000 0.048000
3455.536960 29.999000 0.073000
3477.470030 29.999000 0.055000
3482.499630 29.999000 0.067000
3491.481250 29.999000 0.070000
3825.568110 29.999000 0.049000
3832.482150 29.999000 0.084000
3868.475220 29.999000 0.074000
3872.453990 29.999000 0.064000
