1959.629420 12.007000 0.049000
1868.828600 15.005000 0.059000
1876.758300 14.580000 0.065000
1887.733910 14.723000 0.052000
1899.761270 14.447000 0.046000
1900.766780 14.484000 0.045000
1902.750860 14.324000 0.042000
1903.776200 14.354000 0.047000
1905.757620 14.216000 0.055000
1906.760390 14.258000 0.047000
1907.760530 13.947000 0.043000
1908.745790 14.254000 0.044000
1913.722770 13.969000 0.040000
1915.736480 13.725000 0.046000
1918.741890 13.668000 0.044000
1920.716940 13.594000 0.041000
1921.720150 13.522000 0.039000
1922.719440 13.516000 0.043000
1924.706990 13.357000 0.041000
1925.712340 13.280000 0.048000
1926.706510 13.335000 0.043000
1928.706110 13.080000 0.040000
1929.703610 13.016000 0.041000
1930.697430 13.076000 0.041000
1932.694490 12.942000 0.040000
1933.694520 12.814000 0.046000
1934.686590 12.735000 0.041000
1935.619520 12.696000 0.044000
1935.710180 12.687000 0.042000
1937.657440 12.634000 0.043000
1939.652150 12.419000 0.043000
1941.632070 12.383000 0.041000
1945.682020 12.119000 0.041000
1946.686400 12.149000 0.041000
1948.625610 12.196000 0.045000
1952.643280 11.975000 0.055000
1953.652620 11.932000 0.045000
1954.651290 11.898000 0.053000
1955.645400 11.977000 0.050000
1958.629570 11.975000 0.046000
1959.641370 11.975000 0.048000
1961.637840 11.990000 0.046000
1963.613920 12.091000 0.049000
1964.626160 12.092000 0.046000
1965.621520 12.136000 0.047000
1966.623550 12.171000 0.049000
1967.613900 12.251000 0.050000
1968.613550 12.208000 0.051000
1982.586360 12.610000 0.050000
1984.580240 12.800000 0.058000
2033.485520 14.738000 0.059000
2637.779300 14.312000 0.035000
2639.799720 14.053000 0.037000
2642.736160 13.907000 0.035000
2644.761240 13.615000 0.039000
2646.738490 13.499000 0.040000
2649.732670 13.097000 0.035000
2651.700390 12.962000 0.038000
2655.759570 12.714000 0.037000
2658.717280 12.683000 0.036000
2660.717190 12.425000 0.041000
2662.712010 12.347000 0.039000
2664.705690 12.239000 0.040000
2666.701010 12.156000 0.039000
2670.702350 12.127000 0.039000
2672.698590 12.034000 0.036000
2674.690920 12.087000 0.040000
2676.672740 12.060000 0.036000
2678.662730 12.080000 0.038000
2681.774380 12.185000 0.036000
2685.672460 12.181000 0.038000
2688.804550 12.388000 0.036000
2690.732130 12.369000 0.040000
2692.788790 12.395000 0.039000
2694.707290 12.579000 0.036000
2700.700760 12.722000 0.037000
2706.647160 12.932000 0.035000
2709.752680 13.205000 0.041000
2711.642270 13.302000 0.043000
2712.779250 13.259000 0.037000
2714.624020 13.410000 0.042000
2726.644060 14.084000 0.035000
2728.635300 14.116000 0.037000
2730.631250 14.034000 0.038000
2733.677620 14.324000 0.039000
2997.754970 14.221000 0.037000
3000.811240 14.170000 0.036000
3006.739680 13.591000 0.037000
3008.752900 13.830000 0.035000
3010.782730 13.495000 0.034000
3013.714500 13.404000 0.038000
3016.755040 13.269000 0.033000
3018.762650 13.282000 0.036000
3023.749370 13.167000 0.034000
3028.738740 13.227000 0.037000
3030.768730 13.860000 0.037000
3033.666590 13.315000 0.037000
3035.713180 13.355000 0.041000
3039.820100 13.307000 0.037000
3042.721090 13.352000 0.037000
3044.754160 13.169000 0.035000
3047.682740 13.363000 0.040000
3050.650930 13.487000 0.039000
3052.789800 13.475000 0.037000
3055.607150 13.488000 0.041000
3057.648420 13.502000 0.045000
3059.698270 13.646000 0.037000
3061.720960 13.555000 0.039000
3066.808620 13.839000 0.036000
3068.713060 13.557000 0.036000
3075.653850 13.974000 0.036000
3077.670850 14.035000 0.037000
3081.719520 14.074000 0.039000
3087.714300 14.209000 0.038000
3089.738630 14.085000 0.037000
3355.778600 14.028000 0.047000
3365.766970 13.605000 0.053000
3390.681600 12.770000 0.067000
3397.783910 12.744000 0.050000
3400.657000 12.588000 0.053000
3407.754070 12.713000 0.046000
3409.748580 12.712000 0.047000
3416.670790 12.837000 0.051000
3430.702480 13.107000 0.053000
3440.677320 13.540000 0.038000
3454.682330 13.891000 0.063000
3456.690340 14.107000 0.043000
3460.663670 14.526000 0.049000
3462.670610 14.413000 0.064000
3712.836600 14.412000 0.047000
3721.773760 13.865000 0.041000
3737.749150 13.839000 0.045000
3743.716770 13.597000 0.059000
3745.801910 13.572000 0.055000
3753.796630 13.649000 0.053000
3758.744080 13.574000 0.052000
3768.750500 13.535000 0.060000
3775.709330 13.610000 0.055000
3787.668620 13.431000 0.057000
3789.716370 13.638000 0.047000
3792.631080 13.536000 0.052000
3794.682110 13.733000 0.062000
3796.708660 13.709000 0.061000
3819.621940 14.761000 0.061000
4104.792670 12.565000 0.063000
4106.802320 12.498000 0.068000
4111.765680 12.676000 0.068000
4125.677520 12.809000 0.063000
4127.719340 12.900000 0.047000
4129.718270 12.860000 0.046000
4140.690320 13.158000 0.046000
4147.616390 13.328000 0.049000
4152.701370 13.712000 0.043000
4154.733390 13.902000 0.065000
4158.770730 13.677000 0.056000
4162.741220 13.891000 0.054000
4172.772500 13.945000 0.059000
4175.545020 14.235000 0.066000
4177.738400 14.332000 0.056000
4184.637210 14.462000 0.056000
4422.793360 14.346000 0.060000
4426.830690 13.652000 0.055000
4429.815770 13.434000 0.045000
4433.780270 13.113000 0.041000
4436.806970 13.091000 0.045000
4439.819490 13.076000 0.048000
4442.806740 12.843000 0.048000
4452.783090 12.766000 0.048000
4455.765850 12.857000 0.048000
4461.753920 12.911000 0.045000
4464.745880 13.007000 0.044000
4467.745380 12.959000 0.045000
4470.740450 13.084000 0.066000
4477.720800 13.176000 0.056000
4479.822990 13.264000 0.049000
4485.749610 13.357000 0.068000
4487.774240 13.335000 0.047000
4490.675870 13.472000 0.046000
4492.720640 13.528000 0.046000
4494.738400 13.444000 0.049000
4497.854960 13.834000 0.059000
4505.639970 13.968000 0.050000
4507.694340 13.859000 0.059000
4509.770040 14.062000 0.045000
4512.618680 13.881000 0.052000
4520.640870 14.157000 0.062000
4526.680540 14.320000 0.055000
4541.617800 14.377000 0.053000
4794.819000 13.826000 0.054000
4798.791410 13.401000 0.044000
4801.835180 13.330000 0.051000
4805.774380 13.168000 0.045000
4808.815010 12.716000 0.043000
4812.802320 12.685000 0.052000
4815.786800 12.551000 0.045000
4819.779740 12.502000 0.047000
4822.766530 12.445000 0.042000
4825.759510 12.493000 0.044000
4828.747150 12.485000 0.049000
4831.740920 12.410000 0.043000
4834.727170 12.462000 0.044000
4837.724340 12.612000 0.054000
4842.832940 12.736000 0.064000
4848.695730 12.912000 0.045000
4850.761160 12.987000 0.042000
4853.721830 13.226000 0.057000
4856.720130 13.269000 0.049000
4860.668840 13.325000 0.049000
4862.753760 13.641000 0.060000
4865.694560 13.626000 0.047000
4868.666180 13.531000 0.044000
4870.758690 13.462000 0.061000
4875.791280 13.696000 0.060000
4883.616790 14.444000 0.044000
5145.852970 13.692000 0.053000
1993.561680 13.244000 0.064000
1874.764090 15.086000 0.079000
1931.692180 12.957000 0.054000
1949.668530 12.065000 0.061000
1977.597850 12.486000 0.055000
1979.580580 12.720000 0.068000
1980.599270 12.606000 0.057000
1981.601990 12.468000 0.059000
1985.575280 12.888000 0.059000
1994.594620 13.291000 0.064000
2680.656500 12.137000 0.040000
2683.696510 12.243000 0.037000
3358.764600 13.951000 0.075000
3385.695450 12.674000 0.084000
3387.747930 12.645000 0.082000
3392.760740 12.679000 0.078000
3395.749830 12.800000 0.087000
3403.695530 12.692000 0.074000
3405.704670 12.711000 0.070000
3411.817530 12.796000 0.078000
3422.680650 12.778000 0.075000
3424.688920 12.986000 0.085000
3426.690160 12.972000 0.063000
3434.692880 13.183000 0.088000
3438.569900 13.392000 0.052000
3443.733810 13.606000 0.075000
3447.723530 13.710000 0.090000
3449.749590 14.222000 0.066000
3452.610020 13.751000 0.086000
3715.810740 14.475000 0.075000
3731.760430 14.176000 0.083000
3734.774340 13.659000 0.050000
3740.725570 13.910000 0.077000
3748.716070 13.419000 0.068000
3756.687570 13.614000 0.081000
3761.672610 13.556000 0.050000
3766.661840 13.362000 0.080000
3771.637010 13.324000 0.072000
3773.699230 13.382000 0.076000
3780.615540 13.439000 0.086000
3798.781640 13.712000 0.057000
3801.587340 13.790000 0.089000
3803.700770 14.028000 0.069000
3808.693080 13.887000 0.066000
3812.764420 14.050000 0.067000
3815.562540 14.075000 0.071000
4091.766920 12.828000 0.082000
4131.762800 12.925000 0.082000
4136.646450 12.867000 0.073000
4142.720160 13.337000 0.082000
4144.762040 13.227000 0.081000
4150.688840 13.406000 0.084000
4156.749370 13.834000 0.079000
4164.758360 13.869000 0.078000
4182.641590 14.546000 0.076000
4458.754960 12.816000 0.079000
4473.820540 13.151000 0.074000
4482.755520 13.121000 0.078000
4500.658450 13.709000 0.056000
4502.798640 13.751000 0.065000
4845.813190 12.565000 0.065000
4885.823050 14.016000 0.075000
4890.824960 14.469000 0.079000
4893.621020 14.658000 0.051000
5124.873520 13.794000 0.059000
5161.853710 12.692000 0.053000
5165.814000 12.377000 0.055000
1884.767180 29.999000 0.044000
2025.475220 29.999000 0.049000
2031.462570 29.999000 0.058000
2055.508920 29.999000 0.068000
2057.511630 29.999000 0.058000
2068.509370 29.999000 0.049000
2071.470810 29.999000 0.058000
2167.901010 29.999000 0.061000
2189.856910 29.999000 0.054000
2193.852310 29.999000 0.057000
2200.854170 29.999000 0.057000
2202.839280 29.999000 0.057000
2212.814330 29.999000 0.061000
2216.803250 29.999000 0.056000
2230.781340 29.999000 0.056000
2233.754290 29.999000 0.056000
2239.789920 29.999000 0.056000
2241.764860 29.999000 0.061000
2243.755700 29.999000 0.064000
2247.793840 29.999000 0.072000
2248.851950 29.999000 0.069000
2256.732690 29.999000 0.067000
2557.863660 29.999000 0.049000
2562.849960 29.999000 0.061000
2628.742400 29.999000 0.041000
2628.762770 29.999000 0.045000
2632.816990 29.999000 0.043000
2635.753450 29.999000 0.041000
2737.658240 29.999000 0.037000
2739.648420 29.999000 0.039000
2741.615770 29.999000 0.036000
2744.617370 29.999000 0.036000
2754.556990 29.999000 0.037000
2766.603240 29.999000 0.037000
2770.597610 29.999000 0.037000
2782.579840 29.999000 0.041000
2809.505390 29.999000 0.035000
2813.512340 29.999000 0.034000
2819.470930 29.999000 0.040000
2831.465130 29.999000 0.046000
2835.455840 29.999000 0.041000
2932.863310 29.999000 0.035000
2940.831570 29.999000 0.038000
2956.815480 29.999000 0.036000
2963.829920 29.999000 0.037000
2974.834750 29.999000 0.038000
2988.784750 29.999000 0.041000
2991.774480 29.999000 0.034000
3070.738700 29.999000 0.038000
3073.611520 29.999000 0.035000
3079.687570 29.999000 0.046000
3085.711880 29.999000 0.037000
3093.741660 29.999000 0.036000
3097.687880 29.999000 0.042000
3100.529780 29.999000 0.038000
3102.547540 29.999000 0.034000
3104.565140 29.999000 0.034000
3112.592440 29.999000 0.040000
3114.602520 29.999000 0.041000
3121.581110 29.999000 0.040000
3125.607780 29.999000 0.036000
3127.628340 29.999000 0.039000
3130.510980 29.999000 0.038000
3132.538240 29.999000 0.047000
3134.560210 29.999000 0.037000
3142.593260 29.999000 0.038000
3146.543490 29.999000 0.046000
3153.535150 29.999000 0.038000
3168.521730 29.999000 0.034000
3176.503960 29.999000 0.037000
3458.663610 29.999000 0.081000
3464.703110 29.999000 0.046000
3467.716570 29.999000 0.045000
3472.541460 29.999000 0.045000
3474.591990 29.999000 0.051000
3478.645620 29.999000 0.057000
3480.640600 29.999000 0.089000
3492.579010 29.999000 0.090000
3501.581870 29.999000 0.063000
3512.537290 29.999000 0.055000
3522.555980 29.999000 0.092000
3527.511200 29.999000 0.052000
3529.514380 29.999000 0.051000
3556.459500 29.999000 0.044000
3631.902300 29.999000 0.043000
3655.868290 29.999000 0.085000
3701.812900 29.999000 0.051000
3751.698270 29.999000 0.045000
3763.757650 29.999000 0.088000
3805.692030 29.999000 0.049000
3821.677840 29.999000 0.084000
3850.576030 29.999000 0.075000
3854.575520 29.999000 0.062000
3856.618900 29.999000 0.048000
3861.558360 29.999000 0.047000
3867.607510 29.999000 0.045000
3875.588140 29.999000 0.046000
3901.525990 29.999000 0.043000
4167.711890 29.999000 0.075000
4180.608920 29.999000 0.067000
4188.637840 29.999000 0.051000
4190.662780 29.999000 0.051000
4192.671830 29.999000 0.046000
4194.710550 29.999000 0.049000
4197.707060 29.999000 0.058000
4200.622230 29.999000 0.044000
4205.632450 29.999000 0.050000
4208.697630 29.999000 0.053000
4213.616570 29.999000 0.063000
4216.627900 29.999000 0.044000
4229.484130 29.999000 0.043000
4231.483820 29.999000 0.051000
4233.506290 29.999000 0.040000
4235.509130 29.999000 0.054000
4237.557720 29.999000 0.049000
4246.535200 29.999000 0.045000
4249.514770 29.999000 0.043000
4253.515160 29.999000 0.045000
4256.526390 29.999000 0.046000
4258.535570 29.999000 0.048000
4271.474980 29.999000 0.057000
4276.484170 29.999000 0.045000
4281.468010 29.999000 0.044000
4284.484040 29.999000 0.045000
4290.458630 29.999000 0.045000
4295.456600 29.999000 0.044000
4385.870140 29.999000 0.045000
4412.859180 29.999000 0.047000
4515.770150 29.999000 0.058000
4518.601570 29.999000 0.042000
4522.647450 29.999000 0.057000
4528.734570 29.999000 0.075000
4531.611900 29.999000 0.066000
4534.585290 29.999000 0.053000
4537.600220 29.999000 0.058000
4539.611900 29.999000 0.061000
4543.636770 29.999000 0.046000
4545.666270 29.999000 0.050000
4547.683690 29.999000 0.047000
4550.571440 29.999000 0.053000
4552.663260 29.999000 0.048000
4554.691340 29.999000 0.045000
4559.547750 29.999000 0.054000
4561.608360 29.999000 0.046000
4563.639040 29.999000 0.044000
4565.651220 29.999000 0.057000
4567.661490 29.999000 0.045000
4569.658450 29.999000 0.058000
4571.649930 29.999000 0.045000
4573.664990 29.999000 0.058000
4576.520280 29.999000 0.069000
4580.523670 29.999000 0.073000
4583.580960 29.999000 0.047000
4589.552360 29.999000 0.046000
4591.596530 29.999000 0.044000
4593.598490 29.999000 0.042000
4595.570850 29.999000 0.052000
4597.557510 29.999000 0.045000
4599.589160 29.999000 0.044000
4601.599530 29.999000 0.046000
4606.508900 29.999000 0.049000
4608.539460 29.999000 0.043000
4611.521790 29.999000 0.044000
4616.545910 29.999000 0.048000
4620.499000 29.999000 0.043000
4623.495800 29.999000 0.046000
4626.488470 29.999000 0.051000
4630.531030 29.999000 0.043000
4633.496110 29.999000 0.059000
1870.775330 29.999000 0.070000
1872.763910 29.999000 0.071000
1878.755510 29.999000 0.056000
1880.745660 29.999000 0.061000
1885.857170 29.999000 0.044000
1889.739080 29.999000 0.053000
1904.781300 29.999000 0.043000
2027.514750 29.999000 0.051000
2053.485620 29.999000 0.062000
2082.452510 29.999000 0.060000
2087.455330 29.999000 0.051000
2172.883340 29.999000 0.057000
2184.854960 29.999000 0.061000
2186.871640 29.999000 0.054000
2191.851140 29.999000 0.057000
2196.846400 29.999000 0.064000
2198.850930 29.999000 0.055000
2206.808570 29.999000 0.054000
2221.833950 29.999000 0.057000
2224.817580 29.999000 0.056000
2226.792630 29.999000 0.056000
2228.784910 29.999000 0.055000
2235.761400 29.999000 0.065000
2251.832070 29.999000 0.072000
2254.793440 29.999000 0.071000
2260.771690 29.999000 0.073000
2443.476980 29.999000 0.050000
2540.868970 29.999000 0.055000
2545.851470 29.999000 0.041000
2552.861770 29.999000 0.039000
2559.875240 29.999000 0.045000
2578.842880 29.999000 0.045000
2621.845590 29.999000 0.043000
2623.799680 29.999000 0.035000
2625.785390 29.999000 0.038000
2720.740550 29.999000 0.040000
2735.671150 29.999000 0.038000
2742.713420 29.999000 0.040000
2747.659700 29.999000 0.035000
2751.556390 29.999000 0.036000
2756.556370 29.999000 0.041000
2760.562440 29.999000 0.043000
2762.561230 29.999000 0.044000
2764.545700 29.999000 0.043000
2784.563630 29.999000 0.041000
2786.558980 29.999000 0.041000
2789.554880 29.999000 0.038000
2792.489100 29.999000 0.044000
2795.474520 29.999000 0.048000
2804.506430 29.999000 0.045000
2811.514110 29.999000 0.035000
2907.890700 29.999000 0.056000
2911.893090 29.999000 0.036000
2916.874120 29.999000 0.036000
2922.860270 29.999000 0.037000
2929.854610 29.999000 0.040000
2943.834340 29.999000 0.037000
2946.816910 29.999000 0.036000
2947.811160 29.999000 0.042000
2949.828090 29.999000 0.038000
2960.820980 29.999000 0.037000
2967.791990 29.999000 0.037000
2971.788170 29.999000 0.037000
2977.754730 29.999000 0.039000
2979.815380 29.999000 0.038000
2985.793990 29.999000 0.039000
2994.762920 29.999000 0.036000
3091.752840 29.999000 0.037000
3106.573370 29.999000 0.036000
3108.577820 29.999000 0.040000
3110.582650 29.999000 0.037000
3116.625940 29.999000 0.049000
3156.535720 29.999000 0.038000
3159.558460 29.999000 0.038000
3163.498800 29.999000 0.036000
3165.520830 29.999000 0.038000
3179.505130 29.999000 0.037000
3184.480520 29.999000 0.037000
3187.466870 29.999000 0.040000
3280.882200 29.999000 0.061000
3298.871230 29.999000 0.071000
3470.505750 29.999000 0.046000
3476.657910 29.999000 0.067000
3482.648070 29.999000 0.089000
3490.577120 29.999000 0.047000
3496.583370 29.999000 0.046000
3499.572250 29.999000 0.048000
3504.493780 29.999000 0.069000
3509.524980 29.999000 0.043000
3516.538780 29.999000 0.058000
3520.532520 29.999000 0.045000
3539.475950 29.999000 0.050000
3543.475460 29.999000 0.045000
3547.475280 29.999000 0.042000
3560.459590 29.999000 0.051000
3651.875960 29.999000 0.050000
3659.854720 29.999000 0.059000
3663.845430 29.999000 0.061000
3670.845480 29.999000 0.046000
3674.828870 29.999000 0.045000
3678.858780 29.999000 0.057000
3705.790510 29.999000 0.071000
3718.797260 29.999000 0.068000
3810.735790 29.999000 0.069000
3817.593790 29.999000 0.065000
3823.687340 29.999000 0.051000
3825.699900 29.999000 0.049000
3827.742450 29.999000 0.057000
3832.568710 29.999000 0.078000
3834.577700 29.999000 0.089000
3836.594170 29.999000 0.074000
3848.541140 29.999000 0.063000
3852.566600 29.999000 0.049000
3863.560790 29.999000 0.045000
3865.571550 29.999000 0.042000
3869.605060 29.999000 0.066000
3871.598670 29.999000 0.064000
3881.568510 29.999000 0.059000
3886.483900 29.999000 0.039000
3890.517630 29.999000 0.050000
3892.533070 29.999000 0.057000
3896.527630 29.999000 0.049000
3899.494790 29.999000 0.045000
3904.480760 29.999000 0.050000
3906.496080 29.999000 0.058000
3908.506960 29.999000 0.046000
4160.783940 29.999000 0.046000
4203.629990 29.999000 0.052000
4365.900180 29.999000 0.048000
4377.878600 29.999000 0.047000
4381.877170 29.999000 0.043000
4403.864480 29.999000 0.055000
4408.825180 29.999000 0.042000
4524.663390 29.999000 0.041000
4586.610250 29.999000 0.044000
4641.467570 29.999000 0.059000
4643.479970 29.999000 0.059000
4645.495010 29.999000 0.062000
4648.479200 29.999000 0.079000
4652.466040 29.999000 0.058000
4655.462230 29.999000 0.046000
4746.860410 29.999000 0.056000
4755.867500 29.999000 0.046000
4759.857660 29.999000 0.045000
4763.847410 29.999000 0.045000
4767.841900 29.999000 0.046000
4771.830880 29.999000 0.050000
4775.814820 29.999000 0.043000
4778.842780 29.999000 0.043000
4783.839610 29.999000 0.060000
4872.815270 29.999000 0.047000
4877.818730 29.999000 0.073000
4898.749620 29.999000 0.085000
4907.774230 29.999000 0.064000
4911.643720 29.999000 0.064000
4918.556880 29.999000 0.056000
4920.636110 29.999000 0.052000
4929.649940 29.999000 0.079000
4932.626030 29.999000 0.060000
4936.681970 29.999000 0.054000
4946.633040 29.999000 0.060000
4962.555700 29.999000 0.058000
4990.528140 29.999000 0.051000
5014.458140 29.999000 0.051000
5022.461620 29.999000 0.064000
5087.904130 29.999000 0.051000
5092.898360 29.999000 0.055000
5113.864690 29.999000 0.056000
