2212.857570 11.858000 0.052000
2545.887240 11.802000 0.039000
2628.770530 12.392000 0.031000
2635.768230 12.523000 0.033000
2998.773890 12.520000 0.033000
3362.800170 12.295000 0.068000
2685.763770 29.999000 0.034000
2695.678550 29.999000 0.052000
2719.717300 29.999000 0.036000
1966.631130 13.098000 0.048000
1967.625950 13.601000 0.048000
2185.879530 12.008000 0.049000
2214.825100 11.853000 0.050000
2216.821990 11.719000 0.050000
2226.815870 11.963000 0.050000
2240.759640 12.115000 0.051000
2676.682830 13.700000 0.035000
4497.703920 12.425000 0.042000
1868.847310 11.799000 0.052000
1870.794170 11.960000 0.065000
1872.789710 11.949000 0.049000
1874.785320 11.923000 0.055000
1878.776610 12.058000 0.045000
1880.769150 12.163000 0.053000
1884.784100 12.178000 0.043000
1885.862400 12.202000 0.044000
1887.744150 12.263000 0.050000
1889.753570 12.279000 0.051000
1900.779270 12.464000 0.039000
1902.765460 12.621000 0.042000
1903.783920 12.695000 0.041000
1905.704040 12.678000 0.046000
1906.759130 12.682000 0.045000
1908.801900 12.644000 0.041000
1913.732830 12.834000 0.037000
1914.743850 12.877000 0.044000
1915.751340 13.041000 0.042000
1918.764050 12.965000 0.040000
1919.782290 12.933000 0.043000
1920.729300 12.971000 0.048000
1921.728050 12.866000 0.042000
1922.729530 13.013000 0.041000
1924.717020 13.050000 0.042000
1926.716600 13.148000 0.038000
1928.718450 13.158000 0.044000
1929.715980 13.149000 0.042000
1930.714290 13.155000 0.039000
1931.704440 13.249000 0.040000
1932.704550 13.203000 0.042000
1933.706880 13.268000 0.040000
1934.703440 13.278000 0.039000
1935.624510 13.387000 0.042000
1935.724300 13.297000 0.041000
1937.665410 13.339000 0.040000
1939.666970 13.414000 0.042000
1945.695590 13.501000 0.041000
1946.695150 13.554000 0.039000
1948.636630 13.499000 0.043000
1953.649080 13.619000 0.044000
2025.479530 14.183000 0.045000
2027.521320 14.416000 0.052000
2031.466800 14.036000 0.051000
2033.491980 14.152000 0.047000
2056.460680 13.176000 0.053000
2068.448940 12.761000 0.050000
2080.446300 12.237000 0.064000
2183.890430 11.958000 0.054000
2188.871640 11.998000 0.053000
2192.868660 11.941000 0.051000
2194.867020 11.949000 0.050000
2201.855730 11.839000 0.047000
2206.826980 11.896000 0.049000
2212.833010 11.987000 0.056000
2224.847560 11.785000 0.057000
2228.808290 11.846000 0.051000
2230.802590 11.920000 0.049000
2233.772930 11.941000 0.050000
2441.455490 12.207000 0.052000
2444.467800 12.054000 0.051000
2558.874080 11.520000 0.039000
2561.862650 11.516000 0.035000
2565.864380 11.488000 0.052000
2615.847230 12.097000 0.045000
2621.844150 12.229000 0.041000
2625.793090 12.334000 0.037000
2632.815660 12.540000 0.039000
2637.792090 12.646000 0.033000
2639.805240 12.708000 0.036000
2642.747080 12.799000 0.036000
2644.769080 12.795000 0.033000
2646.755670 12.956000 0.031000
2649.742810 13.058000 0.032000
2651.706000 12.987000 0.038000
2655.762900 13.136000 0.036000
2658.727440 13.245000 0.032000
2662.719870 13.520000 0.046000
2664.715770 13.526000 0.042000
2666.708850 13.502000 0.041000
2670.714710 13.661000 0.035000
2672.704120 13.596000 0.032000
2674.705520 13.718000 0.044000
2678.672750 13.887000 0.042000
2683.820790 13.841000 0.036000
2693.608870 13.954000 0.026000
2694.813380 13.880000 0.032000
2700.725020 14.099000 0.036000
2704.685160 14.273000 0.032000
2706.654890 14.345000 0.034000
2709.765520 14.429000 0.034000
2763.545240 13.899000 0.040000
2770.535960 13.443000 0.036000
2775.471520 13.356000 0.031000
2776.589290 13.375000 0.038000
2782.499300 13.080000 0.045000
2784.508950 13.090000 0.043000
2786.507070 12.909000 0.042000
2789.505360 12.791000 0.037000
2791.535280 12.695000 0.036000
2794.494750 12.595000 0.052000
2797.489490 12.645000 0.040000
2804.458990 12.651000 0.043000
2809.456930 12.393000 0.035000
2811.473680 12.379000 0.036000
2813.473900 12.310000 0.035000
2821.465590 12.172000 0.041000
2912.889360 11.589000 0.036000
2916.890280 11.513000 0.032000
2924.859890 11.459000 0.034000
2927.875670 11.438000 0.032000
2931.850540 11.387000 0.035000
2934.856830 11.394000 0.033000
2940.852250 11.407000 0.032000
2943.855090 11.394000 0.032000
2946.842720 11.435000 0.032000
2949.856920 11.456000 0.034000
2957.831720 11.608000 0.032000
2961.811380 11.804000 0.039000
2964.844700 11.733000 0.036000
2967.846800 11.832000 0.032000
2971.811050 11.988000 0.036000
2975.760270 12.074000 0.032000
2979.828370 12.154000 0.035000
2985.807580 12.248000 0.035000
2988.795820 12.332000 0.038000
2991.785430 12.429000 0.032000
2997.765870 12.534000 0.032000
3000.822400 12.653000 0.033000
3008.768610 12.784000 0.032000
3010.801050 12.816000 0.034000
3016.776450 13.048000 0.033000
3023.745490 13.190000 0.036000
3027.834330 13.233000 0.035000
3030.677930 13.447000 0.032000
3032.736030 13.426000 0.038000
3034.753360 13.347000 0.053000
3036.835200 13.617000 0.034000
3045.731140 13.633000 0.033000
3048.696720 13.765000 0.035000
3051.655570 14.008000 0.043000
3053.713290 14.054000 0.038000
3064.787320 13.769000 0.037000
3069.747650 13.593000 0.035000
3076.673690 14.219000 0.034000
3101.585260 13.903000 0.033000
3115.620940 13.899000 0.035000
3121.484700 14.041000 0.038000
3123.514500 14.042000 0.032000
3125.548550 13.934000 0.038000
3129.603620 13.694000 0.036000
3133.603910 14.041000 0.033000
3142.542890 13.558000 0.031000
3145.575550 13.874000 0.032000
3156.472640 13.376000 0.041000
3159.521550 13.261000 0.036000
3163.482450 13.114000 0.040000
3165.499810 13.249000 0.032000
3168.504830 13.022000 0.033000
3176.481880 12.674000 0.039000
3179.496300 12.683000 0.034000
3184.457750 12.458000 0.033000
3187.455540 12.399000 0.035000
3278.888710 11.647000 0.051000
3298.876740 11.659000 0.048000
3380.802180 12.769000 0.044000
3382.870760 12.783000 0.056000
3388.750320 12.843000 0.061000
3390.818490 12.837000 0.053000
3396.678880 12.955000 0.049000
3400.746210 13.036000 0.054000
3403.741120 13.415000 0.058000
3405.745140 13.240000 0.061000
3407.840190 13.348000 0.036000
3414.704160 13.358000 0.047000
3418.724820 13.541000 0.066000
3420.699680 13.237000 0.044000
3426.727480 13.770000 0.053000
3434.756260 13.733000 0.053000
3457.518420 14.078000 0.045000
3463.600750 14.195000 0.052000
3465.637910 14.012000 0.044000
3475.529620 14.038000 0.060000
3479.600100 14.090000 0.060000
3481.597770 14.120000 0.054000
3495.521360 14.126000 0.039000
3504.574900 14.072000 0.051000
3509.471880 13.814000 0.051000
3512.498230 13.855000 0.045000
3520.502210 13.664000 0.051000
3522.530880 13.720000 0.061000
3525.506710 13.458000 0.061000
3529.533550 13.374000 0.060000
3538.471490 12.916000 0.039000
3544.485050 12.787000 0.062000
3554.462210 12.284000 0.040000
3636.897110 11.691000 0.041000
3641.894960 11.713000 0.039000
3650.877710 11.616000 0.041000
3654.881280 11.664000 0.038000
3658.860850 11.569000 0.051000
3662.862820 11.627000 0.040000
3666.849570 11.563000 0.039000
3670.867920 11.552000 0.037000
3674.850300 11.548000 0.043000
3706.787930 11.910000 0.039000
3711.860740 12.064000 0.049000
3714.805810 12.065000 0.038000
3717.816020 12.199000 0.054000
3724.743900 12.330000 0.035000
3731.784130 12.439000 0.038000
3737.767770 12.449000 0.066000
3740.736560 12.665000 0.046000
3743.732130 12.662000 0.037000
3746.715680 12.686000 0.039000
3751.708500 13.119000 0.048000
3756.700700 12.841000 0.064000
3758.789370 12.934000 0.054000
3761.681870 12.944000 0.056000
3766.678930 13.031000 0.067000
3771.662850 13.254000 0.047000
3776.636810 13.170000 0.044000
3780.735120 13.314000 0.061000
3783.779910 13.278000 0.053000
3787.780810 13.328000 0.047000
3794.754890 13.533000 0.055000
3797.586800 13.700000 0.062000
3799.653680 13.582000 0.060000
3804.589250 13.707000 0.051000
3806.609240 13.882000 0.062000
3811.549190 13.902000 0.046000
3815.613930 13.874000 0.042000
3819.659920 13.900000 0.045000
3821.726660 14.011000 0.045000
3824.553740 13.833000 0.044000
3826.562870 14.211000 0.049000
3830.651720 14.259000 0.067000
3832.651780 13.958000 0.056000
3847.494610 14.852000 0.050000
3849.568810 14.600000 0.054000
3858.547400 14.410000 0.058000
3871.526150 14.044000 0.056000
3875.527620 14.330000 0.037000
3877.549570 14.108000 0.047000
3881.519850 14.137000 0.047000
3883.545530 14.232000 0.038000
3892.507710 14.101000 0.045000
3902.467170 13.582000 0.037000
3904.505190 13.593000 0.054000
3907.467720 13.467000 0.044000
4091.777340 12.004000 0.055000
4107.793450 12.460000 0.038000
4125.686570 12.910000 0.052000
4127.731300 12.858000 0.042000
4129.729450 12.873000 0.066000
4136.658710 13.025000 0.042000
4144.783330 13.210000 0.039000
4147.630170 13.347000 0.035000
4152.708710 13.407000 0.055000
4160.812300 13.556000 0.060000
4175.551330 13.532000 0.042000
4204.526360 14.212000 0.062000
4253.462010 13.599000 0.053000
4256.503350 13.775000 0.037000
4274.453080 13.683000 0.045000
4289.451880 12.993000 0.059000
4363.900010 11.826000 0.042000
4368.896730 11.792000 0.041000
4373.887680 11.832000 0.039000
4377.889220 11.807000 0.040000
4386.869300 11.800000 0.041000
4403.871360 11.629000 0.039000
4408.844990 11.643000 0.041000
4412.865460 11.577000 0.043000
4422.822060 11.518000 0.046000
4427.838240 11.409000 0.046000
4430.836410 11.374000 0.037000
4437.819170 11.410000 0.041000
4440.816220 11.379000 0.039000
4453.793590 11.602000 0.041000
4456.777880 11.654000 0.040000
4459.765940 11.725000 0.065000
4462.754700 11.763000 0.038000
4477.829220 12.066000 0.059000
4484.719980 12.113000 0.057000
4486.753790 12.129000 0.043000
4489.685350 12.261000 0.054000
4491.731780 12.306000 0.040000
4493.756610 12.330000 0.062000
4499.814110 12.618000 0.061000
4502.713080 12.568000 0.060000
4505.653550 12.583000 0.042000
4507.708920 12.686000 0.060000
4512.639440 12.740000 0.051000
4518.616900 12.860000 0.036000
4520.657440 12.961000 0.055000
4522.653330 13.115000 0.043000
4524.674670 13.051000 0.059000
4526.715440 13.135000 0.058000
4534.591110 13.534000 0.042000
4537.605950 13.640000 0.049000
4541.624830 13.287000 0.064000
4552.669620 13.728000 0.062000
4561.614580 14.168000 0.053000
4563.645330 14.095000 0.053000
4567.667760 13.933000 0.044000
4595.579020 13.859000 0.045000
4611.537140 14.045000 0.052000
4627.506060 14.071000 0.046000
4645.473680 13.475000 0.056000
4726.902530 12.265000 0.044000
4744.888070 12.334000 0.039000
4749.883880 12.253000 0.037000
4753.874490 12.416000 0.044000
4761.854990 12.109000 0.039000
4765.843720 12.026000 0.046000
4769.833840 11.972000 0.041000
4773.828310 11.848000 0.051000
4777.843150 11.726000 0.036000
4782.863330 11.622000 0.043000
4786.845950 11.551000 0.041000
4793.810390 11.425000 0.038000
4797.835240 11.378000 0.044000
4804.818770 11.311000 0.038000
4807.816380 11.342000 0.035000
4810.815880 11.305000 0.040000
4814.764440 11.227000 0.060000
4821.776380 11.320000 0.040000
4824.771850 11.343000 0.038000
4827.756510 11.334000 0.042000
4839.727020 11.485000 0.038000
4848.708250 11.742000 0.056000
4850.789470 11.810000 0.063000
4853.729360 11.953000 0.063000
4860.684110 12.138000 0.042000
4868.683820 12.308000 0.059000
4876.641580 12.500000 0.044000
4881.635370 12.708000 0.049000
5111.880870 12.511000 0.043000
5144.864930 12.231000 0.041000
1979.587930 12.971000 0.054000
2197.852570 11.833000 0.060000
2221.850270 11.867000 0.060000
2242.768120 12.114000 0.056000
1925.720190 13.267000 0.055000
1950.658320 13.357000 0.063000
1952.657790 13.738000 0.062000
2059.461750 13.080000 0.070000
2085.447030 12.083000 0.062000
2171.907750 11.972000 0.064000
2235.787110 12.257000 0.054000
2545.871710 11.801000 0.060000
2552.889270 11.598000 0.079000
2628.761610 12.400000 0.050000
2921.881590 11.583000 0.042000
2947.834260 11.441000 0.037000
2977.815930 12.072000 0.063000
3006.753550 12.737000 0.050000
3354.829950 12.316000 0.098000
3357.797380 12.238000 0.092000
3363.776110 12.333000 0.084000
3386.705180 12.776000 0.074000
3393.844310 12.977000 0.080000
3398.740310 12.999000 0.094000
3410.636300 13.353000 0.090000
3412.689350 13.328000 0.078000
3430.755430 13.607000 0.072000
3432.755650 13.765000 0.087000
3443.759410 13.682000 0.077000
3445.741550 13.766000 0.077000
3447.741790 13.690000 0.092000
3450.553470 13.732000 0.071000
3452.683180 13.842000 0.066000
3459.554190 14.066000 0.081000
3461.583160 14.009000 0.077000
3477.578290 13.940000 0.096000
3500.590290 13.462000 0.070000
3502.590700 13.779000 0.067000
3527.530380 13.618000 0.058000
3702.816100 11.827000 0.043000
3727.781070 12.386000 0.080000
3734.783260 12.433000 0.043000
3748.784910 12.802000 0.088000
3753.808340 12.882000 0.083000
3763.771520 12.883000 0.055000
3768.771760 13.153000 0.075000
3773.753500 13.318000 0.083000
3778.683080 13.200000 0.080000
3790.598880 13.553000 0.089000
3801.691220 13.909000 0.055000
3808.770070 13.680000 0.080000
3817.641760 13.770000 0.098000
3828.599550 14.146000 0.092000
3834.648040 14.058000 0.074000
3858.468330 14.288000 0.068000
3858.496520 14.533000 0.087000
3869.523980 14.441000 0.075000
3887.552770 13.933000 0.077000
4105.738650 12.252000 0.081000
4111.793900 12.412000 0.094000
4131.783210 12.961000 0.068000
4133.793710 12.918000 0.070000
4140.700430 13.082000 0.092000
4142.724390 13.159000 0.097000
4150.694670 13.471000 0.072000
4156.755950 13.898000 0.094000
4158.780700 13.536000 0.068000
4164.774780 13.555000 0.076000
4167.717510 13.679000 0.070000
4177.744670 13.616000 0.080000
4182.647760 13.728000 0.075000
4184.643390 13.953000 0.081000
4382.880380 11.891000 0.043000
4443.838270 11.409000 0.065000
4465.756420 11.831000 0.066000
4468.750360 11.839000 0.082000
4471.789910 11.838000 0.051000
4474.780440 12.040000 0.072000
4480.716990 11.996000 0.072000
4531.624480 13.257000 0.063000
4547.695890 13.379000 0.064000
4576.525130 13.872000 0.067000
4649.459180 13.376000 0.077000
4757.871700 12.264000 0.057000
4818.805430 11.290000 0.073000
4830.758830 11.364000 0.076000
4836.740300 11.444000 0.076000
4842.716420 11.632000 0.066000
4845.773310 11.775000 0.067000
4856.740260 11.974000 0.097000
4862.772370 12.246000 0.071000
4865.708850 12.398000 0.076000
4870.765540 12.381000 0.073000
4872.821210 12.434000 0.067000
4888.731570 12.878000 0.093000
4894.668500 13.270000 0.096000
4907.716070 13.437000 0.073000
4911.633770 13.433000 0.076000
4917.672820 13.676000 0.052000
4919.721680 13.661000 0.065000
4934.551540 14.133000 0.076000
4936.606060 13.973000 0.074000
5105.888010 12.383000 0.050000
5124.876130 12.423000 0.049000
5135.868320 12.366000 0.051000
5148.844200 11.975000 0.051000
5161.861160 11.549000 0.043000
5165.826860 11.481000 0.045000
1958.639500 29.999000 0.041000
1959.646770 29.999000 0.049000
1961.654830 29.999000 0.047000
1963.629020 29.999000 0.049000
1968.621070 29.999000 0.053000
1982.593690 29.999000 0.050000
1984.585350 29.999000 0.056000
1994.601780 29.999000 0.059000
1995.570310 29.999000 0.065000
1996.571100 29.999000 0.066000
1997.562810 29.999000 0.066000
2007.516880 29.999000 0.072000
2009.524010 29.999000 0.071000
2011.532210 29.999000 0.068000
2039.471120 29.999000 0.079000
2244.773240 29.999000 0.068000
2248.735850 29.999000 0.062000
2251.763090 29.999000 0.059000
2252.821010 29.999000 0.067000
2254.805930 29.999000 0.063000
2258.750820 29.999000 0.066000
2260.781580 29.999000 0.067000
2263.737910 29.999000 0.071000
2269.787350 29.999000 0.075000
2696.771380 29.999000 0.045000
2711.647440 29.999000 0.034000
2714.762980 29.999000 0.033000
2717.629110 29.999000 0.038000
2744.560990 29.999000 0.041000
2746.577230 29.999000 0.038000
2755.549110 29.999000 0.032000
2757.545870 29.999000 0.035000
2759.573160 29.999000 0.042000
2761.548890 29.999000 0.037000
3018.781280 29.999000 0.042000
3040.837090 29.999000 0.054000
3043.685360 29.999000 0.042000
3055.781830 29.999000 0.035000
3060.670270 29.999000 0.034000
3074.643710 29.999000 0.034000
3078.672370 29.999000 0.036000
3080.694090 29.999000 0.036000
3082.728130 29.999000 0.037000
3088.725150 29.999000 0.033000
3091.533190 29.999000 0.046000
3107.588980 29.999000 0.032000
3111.591940 29.999000 0.033000
3131.598220 29.999000 0.033000
3440.688190 29.999000 0.037000
3454.732760 29.999000 0.090000
3470.651530 29.999000 0.058000
3483.632360 29.999000 0.086000
3487.633640 29.999000 0.048000
3497.594540 29.999000 0.050000
3836.671630 29.999000 0.058000
3851.574820 29.999000 0.044000
3855.612200 29.999000 0.049000
3858.581300 29.999000 0.086000
3859.616920 29.999000 0.075000
3860.570650 29.999000 0.049000
3864.588130 29.999000 0.038000
4188.643880 29.999000 0.046000
4194.718660 29.999000 0.058000
4198.502150 29.999000 0.061000
4201.525230 29.999000 0.047000
4213.506820 29.999000 0.062000
4216.575570 29.999000 0.057000
4228.544470 29.999000 0.038000
4230.547220 29.999000 0.040000
4232.557020 29.999000 0.056000
4234.556310 29.999000 0.047000
4238.577530 29.999000 0.058000
4247.561160 29.999000 0.048000
4258.514180 29.999000 0.050000
4267.457800 29.999000 0.040000
4277.483640 29.999000 0.048000
4539.617690 29.999000 0.066000
4545.671680 29.999000 0.079000
4559.553100 29.999000 0.068000
4580.526920 29.999000 0.055000
4583.600070 29.999000 0.060000
4586.628340 29.999000 0.046000
4589.554720 29.999000 0.052000
4597.559610 29.999000 0.055000
4599.591290 29.999000 0.055000
4602.543270 29.999000 0.056000
4608.563110 29.999000 0.048000
4616.463800 29.999000 0.041000
4618.528640 29.999000 0.042000
4622.524730 29.999000 0.049000
4632.508580 29.999000 0.040000
1954.658940 29.999000 0.057000
1955.653060 29.999000 0.053000
1964.636040 29.999000 0.047000
1965.629050 29.999000 0.045000
1977.603050 29.999000 0.056000
1980.604410 29.999000 0.055000
1981.613900 29.999000 0.054000
1985.589440 29.999000 0.060000
1993.566580 29.999000 0.058000
1998.560750 29.999000 0.064000
2016.486480 29.999000 0.067000
2249.849270 29.999000 0.067000
2256.752140 29.999000 0.063000
2550.882040 29.999000 0.071000
2556.877040 29.999000 0.057000
2660.725040 29.999000 0.058000
2689.669820 29.999000 0.038000
2690.834600 29.999000 0.037000
2698.807270 29.999000 0.035000
2721.647990 29.999000 0.053000
2723.645250 29.999000 0.045000
2725.640380 29.999000 0.038000
2727.633930 29.999000 0.040000
2732.712430 29.999000 0.036000
2734.570540 29.999000 0.037000
2736.543580 29.999000 0.035000
2738.568230 29.999000 0.039000
2740.563450 29.999000 0.037000
2742.564780 29.999000 0.042000
2750.577380 29.999000 0.038000
2752.553640 29.999000 0.037000
3013.725860 29.999000 0.039000
3067.744660 29.999000 0.033000
3071.761400 29.999000 0.036000
3086.717450 29.999000 0.039000
3093.564490 29.999000 0.032000
3097.565390 29.999000 0.036000
3099.575140 29.999000 0.034000
3103.591930 29.999000 0.033000
3105.586750 29.999000 0.038000
3109.594250 29.999000 0.034000
3113.609010 29.999000 0.046000
3127.583230 29.999000 0.035000
3152.469350 29.999000 0.053000
3472.652120 29.999000 0.050000
3516.502070 29.999000 0.043000
3792.710800 29.999000 0.036000
3813.589850 29.999000 0.043000
3853.584920 29.999000 0.034000
3858.524400 29.999000 0.069000
3858.553380 29.999000 0.071000
3860.473380 29.999000 0.064000
3860.501280 29.999000 0.058000
3860.555120 29.999000 0.077000
3860.581970 29.999000 0.078000
3860.624620 29.999000 0.064000
3862.558700 29.999000 0.040000
3866.602910 29.999000 0.040000
3890.492370 29.999000 0.065000
3896.505100 29.999000 0.038000
4172.778030 29.999000 0.061000
4180.614370 29.999000 0.041000
4190.668010 29.999000 0.050000
4192.681450 29.999000 0.040000
4528.780730 29.999000 0.070000
4543.644130 29.999000 0.061000
4554.701090 29.999000 0.050000
4565.661820 29.999000 0.050000
4569.664700 29.999000 0.043000
4571.654990 29.999000 0.047000
4573.670020 29.999000 0.060000
4591.598880 29.999000 0.053000
4593.600810 29.999000 0.052000
4639.457100 29.999000 0.039000
4642.485420 29.999000 0.061000
4731.898380 29.999000 0.064000
4902.668920 29.999000 0.054000
4905.658810 29.999000 0.058000
4925.544600 29.999000 0.053000
4929.546460 29.999000 0.083000
4931.692740 29.999000 0.062000
4949.511260 29.999000 0.067000
4954.505340 29.999000 0.065000
4961.573690 29.999000 0.075000
4967.531030 29.999000 0.080000
4969.574280 29.999000 0.072000
4973.549740 29.999000 0.067000
5010.461540 29.999000 0.048000
