1899.719230 12.521000 0.033000
1919.827370 11.898000 0.039000
1981.591840 11.606000 0.049000
2032.458900 13.097000 0.031000
2545.843930 13.186000 0.027000
2549.847860 13.186000 0.050000
2552.859090 13.092000 0.029000
2557.849740 12.967000 0.041000
2559.861290 13.082000 0.027000
2564.842210 12.798000 0.031000
2578.836570 12.140000 0.042000
2621.782160 11.401000 0.030000
2623.748000 11.354000 0.022000
2625.736020 11.400000 0.023000
2631.843190 11.480000 0.028000
2635.696880 11.634000 0.026000
2637.708890 11.658000 0.022000
2639.707810 11.732000 0.023000
2641.715160 11.864000 0.026000
2645.711260 11.998000 0.027000
2650.668230 12.196000 0.034000
2654.678180 12.409000 0.030000
2657.711560 12.647000 0.029000
2659.739420 12.643000 0.027000
2661.736570 12.626000 0.024000
2663.732960 12.725000 0.026000
2665.724600 12.806000 0.027000
2667.725230 12.907000 0.026000
2669.714610 12.961000 0.042000
2671.713680 12.996000 0.028000
2673.709460 13.123000 0.027000
2675.695860 13.132000 0.027000
2677.673220 13.221000 0.025000
2681.629560 13.411000 0.029000
2691.610210 13.791000 0.033000
2693.622560 13.821000 0.030000
2697.613920 13.861000 0.041000
2699.606850 13.866000 0.028000
2707.590530 14.314000 0.035000
2886.913110 12.029000 0.031000
2894.900480 11.725000 0.030000
2899.893140 11.501000 0.030000
2906.892990 11.197000 0.029000
2910.890540 11.111000 0.031000
2916.854520 10.880000 0.028000
2922.846200 10.855000 0.034000
2926.847560 10.837000 0.028000
2932.833810 10.916000 0.045000
2935.844460 10.952000 0.032000
2940.811290 11.065000 0.029000
2942.861630 11.107000 0.032000
2946.792230 11.205000 0.026000
2949.813000 11.273000 0.026000
2952.816850 11.365000 0.030000
2960.789720 11.586000 0.032000
2963.808370 11.731000 0.028000
2973.807150 12.147000 0.027000
2975.765280 12.274000 0.028000
2977.755410 12.165000 0.037000
2979.766640 12.439000 0.028000
2981.790530 12.631000 0.035000
2985.788760 12.607000 0.030000
2988.735670 12.786000 0.028000
2991.725630 13.063000 0.028000
2998.748940 13.243000 0.031000
3001.738220 13.345000 0.026000
3006.687830 13.433000 0.027000
3017.795170 13.886000 0.026000
3031.721670 14.361000 0.028000
3271.880550 11.734000 0.029000
3296.861710 12.438000 0.032000
3333.803930 13.499000 0.028000
3471.507260 13.863000 0.033000
3473.518670 13.553000 0.033000
3479.546020 12.965000 0.032000
3481.558620 13.125000 0.028000
3492.520450 12.868000 0.034000
3497.505850 12.792000 0.030000
3641.890310 13.614000 0.030000
3658.835700 14.168000 0.030000
3750.701610 14.019000 0.038000
3765.624370 14.228000 0.026000
3787.671600 13.316000 0.032000
3794.649100 12.948000 0.031000
3796.665030 12.945000 0.032000
3809.617510 12.705000 0.036000
3811.621070 12.400000 0.034000
3825.563890 12.046000 0.035000
3829.599480 12.056000 0.037000
3834.547390 11.935000 0.035000
3836.551460 11.974000 0.033000
3851.496380 11.426000 0.032000
3853.511940 11.373000 0.028000
3861.510990 11.072000 0.035000
3868.501660 11.053000 0.034000
3890.449360 11.174000 0.032000
4105.725160 13.062000 0.036000
4107.710630 12.727000 0.025000
4111.720010 12.873000 0.036000
4126.749790 12.406000 0.030000
4128.772570 12.376000 0.036000
4134.686380 12.312000 0.039000
4136.693290 12.175000 0.032000
4142.732180 12.181000 0.033000
4147.664410 12.079000 0.031000
4152.722440 12.055000 0.032000
4155.576360 11.952000 0.031000
4160.573860 11.892000 0.034000
4162.577950 11.811000 0.032000
4164.597290 11.877000 0.033000
4166.646700 11.725000 0.037000
4174.627190 11.609000 0.036000
4180.559010 11.453000 0.031000
4182.595660 11.361000 0.032000
4184.598150 11.274000 0.032000
4188.600150 11.225000 0.031000
4190.603970 11.139000 0.038000
4192.606720 11.173000 0.035000
4196.546020 11.073000 0.043000
4201.544480 11.173000 0.033000
4204.539700 11.197000 0.037000
4216.510410 11.450000 0.033000
4227.511770 11.734000 0.032000
4230.471450 11.841000 0.037000
4232.494810 11.836000 0.035000
4234.503170 11.942000 0.035000
4236.507530 11.947000 0.045000
4410.851840 13.735000 0.030000
4423.815400 13.779000 0.031000
4430.788820 13.331000 0.033000
4433.823960 13.785000 0.029000
4436.776040 13.711000 0.028000
4439.768710 13.971000 0.034000
4457.720180 12.818000 0.031000
4460.760110 13.232000 0.032000
4463.707360 12.773000 0.029000
4465.794360 13.103000 0.039000
4468.708920 12.677000 0.034000
4477.739460 12.408000 0.033000
4488.677170 11.895000 0.044000
4490.691400 11.727000 0.029000
4492.712280 11.615000 0.035000
4494.731560 11.547000 0.036000
4498.684250 11.363000 0.036000
4503.623400 11.265000 0.036000
4505.738250 11.096000 0.041000
4508.620920 11.041000 0.034000
4512.686370 10.941000 0.042000
4516.627110 10.932000 0.039000
4518.675010 10.917000 0.032000
4520.697740 10.962000 0.030000
4522.691690 10.973000 0.029000
4524.702360 10.997000 0.031000
4529.640010 11.092000 0.034000
4531.700640 11.129000 0.036000
4534.573080 11.208000 0.038000
4537.590370 11.272000 0.039000
4546.596230 11.675000 0.045000
4548.593460 11.687000 0.037000
4551.585080 11.833000 0.035000
4553.617160 12.057000 0.029000
4558.523520 12.187000 0.041000
4560.588020 12.312000 0.035000
4563.529540 12.526000 0.039000
4565.556460 12.507000 0.036000
4570.473400 12.865000 0.032000
4572.535860 13.126000 0.033000
4574.563230 12.959000 0.040000
4586.483500 13.558000 0.034000
4591.527210 13.466000 0.031000
4597.467060 13.793000 0.037000
4600.498840 13.535000 0.033000
4766.847120 12.653000 0.028000
4777.828400 12.344000 0.029000
4782.860830 12.319000 0.029000
4792.795080 12.135000 0.029000
4795.785230 11.859000 0.030000
4798.779470 11.843000 0.029000
4801.769860 11.648000 0.033000
4807.761070 11.402000 0.031000
4810.747300 11.359000 0.041000
4813.752450 11.210000 0.033000
4816.767340 11.226000 0.030000
4819.760460 11.209000 0.028000
4822.726100 11.231000 0.028000
4825.707490 11.192000 0.040000
4828.699770 11.182000 0.038000
4831.687890 11.178000 0.033000
4834.679580 11.117000 0.030000
4836.773680 11.180000 0.028000
4839.668410 11.172000 0.029000
4843.705880 11.292000 0.039000
4848.790620 11.329000 0.035000
4853.812520 11.456000 0.041000
4865.644350 11.699000 0.038000
4876.616790 12.162000 0.041000
4881.619300 12.205000 0.033000
4884.595260 12.342000 0.038000
5137.832140 11.448000 0.041000
5158.795530 11.102000 0.044000
5162.820100 11.137000 0.036000
5165.819810 11.150000 0.038000
5168.803880 11.223000 0.041000
2016.509160 12.442000 0.055000
2956.803870 11.474000 0.053000
3373.734760 14.648000 0.047000
3477.483240 13.305000 0.037000
3490.510930 13.102000 0.039000
3500.511000 12.891000 0.040000
3504.459470 13.101000 0.045000
3511.487020 12.789000 0.039000
3517.460820 12.839000 0.039000
3523.448310 12.743000 0.047000
3757.774950 14.462000 0.043000
3760.644990 13.917000 0.053000
3772.669710 13.578000 0.045000
3779.674910 13.325000 0.040000
3789.719230 13.148000 0.047000
3792.589030 12.859000 0.049000
3799.592450 12.736000 0.039000
3801.640770 12.784000 0.044000
3804.573250 12.659000 0.048000
3806.590420 12.510000 0.047000
3813.630000 12.212000 0.045000
3815.653700 12.201000 0.039000
3818.541150 12.144000 0.038000
3820.580900 12.113000 0.048000
3823.531930 12.166000 0.048000
3827.589070 12.035000 0.050000
3832.528070 11.988000 0.042000
3848.541840 11.579000 0.041000
3859.496730 11.099000 0.046000
3863.522490 11.110000 0.036000
3865.523410 11.031000 0.043000
3871.481030 11.009000 0.038000
3875.487940 11.040000 0.040000
4090.721520 13.642000 0.044000
4132.649390 12.166000 0.054000
4140.704450 12.209000 0.036000
4150.704650 12.137000 0.037000
4172.616820 11.589000 0.044000
4176.640710 11.537000 0.045000
4198.547460 10.990000 0.048000
4248.461350 12.264000 0.050000
4474.719600 12.528000 0.039000
4480.651600 12.323000 0.046000
4484.668100 12.024000 0.041000
4527.593450 11.050000 0.045000
4539.601970 11.319000 0.050000
4542.550340 11.404000 0.042000
4555.624410 12.067000 0.042000
4582.523820 13.309000 0.046000
4846.686880 11.295000 0.039000
4851.676300 11.349000 0.047000
4857.627820 11.489000 0.043000
4860.648610 11.600000 0.042000
4862.740480 11.640000 0.041000
4870.737260 11.798000 0.042000
4887.601380 12.563000 0.049000
4892.592050 12.583000 0.047000
4899.672370 13.134000 0.050000
4903.675790 13.313000 0.045000
4906.587240 13.354000 0.050000
4908.671490 13.652000 0.049000
4914.627180 13.738000 0.045000
4917.541930 13.923000 0.045000
4919.633160 13.646000 0.045000
2526.900930 29.999000 0.051000
2685.613340 29.999000 0.041000
2689.616180 29.999000 0.061000
2695.610450 29.999000 0.044000
2701.604750 29.999000 0.042000
2705.592490 29.999000 0.034000
2709.577050 29.999000 0.028000
2712.536920 29.999000 0.045000
2714.542440 29.999000 0.049000
2717.539900 29.999000 0.042000
2719.648330 29.999000 0.028000
2721.618540 29.999000 0.027000
2723.618840 29.999000 0.025000
2725.615360 29.999000 0.025000
2727.608840 29.999000 0.025000
2729.606570 29.999000 0.026000
2733.594550 29.999000 0.025000
2735.589920 29.999000 0.025000
2737.581590 29.999000 0.026000
2740.526160 29.999000 0.034000
2742.531740 29.999000 0.036000
2744.537740 29.999000 0.026000
2746.567670 29.999000 0.026000
2750.567720 29.999000 0.024000
2752.546300 29.999000 0.026000
2755.541730 29.999000 0.025000
2757.538470 29.999000 0.025000
2760.513090 29.999000 0.028000
2762.514100 29.999000 0.038000
2764.500780 29.999000 0.027000
2770.512380 29.999000 0.026000
2776.478940 29.999000 0.031000
2783.483350 29.999000 0.025000
2786.452610 29.999000 0.035000
2794.448250 29.999000 0.032000
3008.715740 29.999000 0.035000
3012.775920 29.999000 0.029000
3015.788000 29.999000 0.031000
3025.654920 29.999000 0.029000
3029.672570 29.999000 0.035000
3033.720820 29.999000 0.028000
3035.745540 29.999000 0.031000
3042.785630 29.999000 0.034000
3045.597010 29.999000 0.028000
3048.606440 29.999000 0.029000
3050.694030 29.999000 0.028000
3053.605460 29.999000 0.032000
3055.659730 29.999000 0.034000
3057.664260 29.999000 0.026000
3059.711270 29.999000 0.028000
3062.552230 29.999000 0.038000
3064.603970 29.999000 0.036000
3067.635400 29.999000 0.029000
3069.656160 29.999000 0.032000
3071.684190 29.999000 0.032000
3074.604750 29.999000 0.027000
3076.631460 29.999000 0.028000
3078.637530 29.999000 0.029000
3080.644860 29.999000 0.040000
3085.544750 29.999000 0.034000
3087.558370 29.999000 0.028000
3089.577890 29.999000 0.030000
3091.584360 29.999000 0.035000
3096.531440 29.999000 0.029000
3098.554190 29.999000 0.028000
3100.564010 29.999000 0.029000
3102.573600 29.999000 0.027000
3104.588370 29.999000 0.031000
3106.586560 29.999000 0.030000
3108.588030 29.999000 0.029000
3111.495240 29.999000 0.027000
3113.535200 29.999000 0.030000
3115.554350 29.999000 0.030000
3116.515070 29.999000 0.031000
3122.503050 29.999000 0.028000
3124.541450 29.999000 0.028000
3127.514210 29.999000 0.030000
3129.530400 29.999000 0.033000
3132.498870 29.999000 0.029000
3134.525760 29.999000 0.028000
3142.483820 29.999000 0.029000
3356.735580 29.999000 0.048000
3404.763380 29.999000 0.038000
3409.638530 29.999000 0.035000
3411.672190 29.999000 0.039000
3413.719390 29.999000 0.036000
3415.730800 29.999000 0.032000
3417.749340 29.999000 0.043000
3419.725200 29.999000 0.033000
3424.622850 29.999000 0.037000
3426.620460 29.999000 0.045000
3428.629380 29.999000 0.054000
3430.627720 29.999000 0.027000
3432.627310 29.999000 0.038000
3434.625620 29.999000 0.046000
3437.616660 29.999000 0.031000
3440.608690 29.999000 0.031000
3443.661280 29.999000 0.041000
3445.630080 29.999000 0.042000
3455.518410 29.999000 0.046000
3457.537890 29.999000 0.045000
3459.543100 29.999000 0.044000
3461.545180 29.999000 0.037000
3463.557590 29.999000 0.045000
3465.590020 29.999000 0.035000
3654.855260 29.999000 0.027000
3662.845060 29.999000 0.033000
3666.831550 29.999000 0.033000
3673.854930 29.999000 0.033000
3677.827300 29.999000 0.032000
3701.810400 29.999000 0.039000
3704.778360 29.999000 0.041000
3707.775480 29.999000 0.037000
3711.802240 29.999000 0.030000
3714.746550 29.999000 0.026000
3717.745540 29.999000 0.028000
3720.727840 29.999000 0.028000
3722.788230 29.999000 0.037000
3725.775010 29.999000 0.029000
3728.715340 29.999000 0.035000
3732.701560 29.999000 0.032000
3735.707700 29.999000 0.040000
3740.744990 29.999000 0.038000
3743.673620 29.999000 0.030000
3745.741200 29.999000 0.029000
3748.660570 29.999000 0.044000
3753.692860 29.999000 0.043000
3755.744130 29.999000 0.035000
3762.738450 29.999000 0.032000
3767.725110 29.999000 0.042000
3775.578050 29.999000 0.029000
4388.881210 29.999000 0.036000
4392.861110 29.999000 0.029000
4420.855650 29.999000 0.040000
4427.803880 29.999000 0.030000
4589.494810 29.999000 0.032000
4594.481770 29.999000 0.034000
4607.465720 29.999000 0.036000
4610.467620 29.999000 0.043000
4938.537080 29.999000 0.049000
4947.513500 29.999000 0.049000
4960.514730 29.999000 0.043000
3357.728810 14.302000 0.034000
4105.748680 13.123000 0.039000
4107.719640 12.924000 0.034000
4143.714280 12.229000 0.046000
4172.620000 11.546000 0.047000
4174.629590 11.536000 0.040000
4192.609050 11.200000 0.043000
4427.797880 14.184000 0.037000
4433.826660 13.537000 0.043000
4436.778820 13.802000 0.039000
4439.766500 13.558000 0.039000
4452.736610 13.525000 0.041000
4461.749240 12.970000 0.037000
4476.752340 12.385000 0.047000
4558.607780 12.256000 0.042000
4755.863790 12.900000 0.038000
4762.848210 12.803000 0.037000
4766.861990 12.718000 0.036000
4770.833510 12.507000 0.037000
4774.828360 12.500000 0.035000
4778.818160 12.419000 0.036000
4782.835580 12.270000 0.036000
4794.796860 12.111000 0.036000
4801.777660 11.646000 0.034000
4804.771850 11.537000 0.035000
4807.756320 11.424000 0.034000
4810.759310 11.375000 0.043000
4816.777640 11.211000 0.036000
4819.773830 11.180000 0.036000
4822.717130 11.214000 0.037000
4825.724280 11.176000 0.037000
4828.716540 11.175000 0.037000
4831.703870 11.184000 0.034000
4836.785670 11.181000 0.035000
5113.864190 12.163000 0.047000
5125.837460 11.798000 0.047000
5155.846490 11.082000 0.046000
5158.817390 11.130000 0.046000
5162.813580 11.115000 0.043000
5165.798110 11.117000 0.045000
4111.765600 12.929000 0.048000
4125.753630 12.523000 0.045000
4149.707750 12.042000 0.046000
5145.852770 11.315000 0.054000
3363.716510 29.999000 0.045000
3382.701820 29.999000 0.053000
3387.648880 29.999000 0.034000
3389.691880 29.999000 0.054000
3391.714310 29.999000 0.044000
3396.668030 29.999000 0.040000
3398.682360 29.999000 0.044000
3400.715400 29.999000 0.042000
3450.518010 29.999000 0.047000
3652.870150 29.999000 0.035000
3660.849310 29.999000 0.037000
3664.850060 29.999000 0.057000
3670.850990 29.999000 0.037000
3674.834730 29.999000 0.035000
3708.767380 29.999000 0.041000
3712.788680 29.999000 0.043000
3750.828980 29.999000 0.051000
4139.685120 29.999000 0.047000
4141.700750 29.999000 0.035000
4204.545380 29.999000 0.041000
4365.893610 29.999000 0.037000
4373.887100 29.999000 0.036000
4379.875350 29.999000 0.037000
4383.864960 29.999000 0.036000
4387.855470 29.999000 0.041000
4391.844790 29.999000 0.045000
4408.819810 29.999000 0.036000
4420.858330 29.999000 0.045000
4430.795280 29.999000 0.038000
4473.745590 29.999000 0.044000
4490.694020 29.999000 0.039000
4498.690510 29.999000 0.049000
4517.726790 29.999000 0.047000
4853.816770 29.999000 0.051000
5168.809230 29.999000 0.051000
