3766.686590 14.556000 0.040000
4154.629540 15.289000 0.067000
1870.802690 15.211000 0.073000
1872.798230 15.090000 0.058000
1878.782450 14.461000 0.054000
1886.768600 13.593000 0.042000
1888.756320 13.353000 0.055000
1899.781870 12.742000 0.043000
1900.841270 12.801000 0.044000
1902.801140 12.705000 0.044000
1904.724000 12.518000 0.060000
1905.780320 12.482000 0.046000
1907.714800 12.464000 0.041000
1908.821980 12.455000 0.045000
1913.745520 12.288000 0.038000
1914.754230 12.267000 0.047000
1915.777870 12.255000 0.046000
1919.698170 12.216000 0.047000
1920.744250 12.214000 0.047000
1921.736200 12.160000 0.043000
1922.737710 12.229000 0.042000
1924.725270 12.137000 0.044000
1926.727120 12.218000 0.044000
1928.724500 12.221000 0.045000
1929.724950 12.222000 0.041000
1930.722600 12.171000 0.041000
1931.719610 12.179000 0.039000
1932.712900 12.246000 0.042000
1933.713000 12.245000 0.042000
1934.711810 12.216000 0.039000
1936.685800 12.323000 0.040000
1937.741040 12.261000 0.043000
1939.679480 12.358000 0.041000
1941.666890 12.384000 0.039000
1945.715460 12.440000 0.041000
1946.707800 12.399000 0.040000
1948.648500 12.568000 0.047000
1953.673570 12.707000 0.044000
1958.648230 12.785000 0.041000
1959.660080 12.804000 0.048000
1962.587040 13.029000 0.047000
1963.649570 12.933000 0.049000
1964.649390 13.007000 0.045000
1965.642530 13.017000 0.041000
1966.644890 13.192000 0.047000
1967.639410 13.085000 0.045000
1968.630030 13.267000 0.047000
2710.619580 14.442000 0.036000
2714.780160 14.056000 0.035000
2719.712470 13.632000 0.041000
2721.666820 13.329000 0.040000
2728.652260 12.708000 0.035000
2730.648180 12.668000 0.036000
2733.694550 12.599000 0.040000
2735.688220 12.470000 0.038000
2743.621820 12.633000 0.043000
2745.653460 12.453000 0.041000
2750.654180 12.343000 0.045000
2752.610990 12.249000 0.038000
2756.670340 12.305000 0.034000
2761.516580 12.364000 0.041000
2763.512410 12.384000 0.037000
2770.591000 12.555000 0.038000
2776.541770 12.814000 0.049000
2783.557880 12.941000 0.039000
2785.559590 12.949000 0.043000
2796.479300 13.165000 0.041000
2810.493870 13.707000 0.038000
2812.496220 13.505000 0.038000
2814.498670 13.944000 0.040000
3114.579300 14.672000 0.035000
3116.616340 14.494000 0.041000
3122.547960 14.257000 0.033000
3132.643630 13.645000 0.034000
3134.649380 13.423000 0.035000
3144.546880 12.638000 0.035000
3146.586470 12.497000 0.046000
3154.539620 12.042000 0.032000
3158.518270 11.985000 0.043000
3160.534130 11.866000 0.037000
3163.546650 11.814000 0.035000
3165.547280 11.774000 0.038000
3168.558520 11.811000 0.035000
3177.460460 11.698000 0.042000
3185.487590 11.815000 0.042000
3189.463750 11.797000 0.036000
3530.490330 15.184000 0.045000
3556.474780 14.062000 0.051000
3560.465110 13.632000 0.051000
3563.461300 13.477000 0.045000
3655.876790 14.231000 0.039000
3671.859100 14.490000 0.044000
4408.849390 12.014000 0.049000
4422.853150 12.005000 0.042000
4427.842310 12.108000 0.044000
4431.810060 12.144000 0.044000
4437.844480 12.367000 0.065000
4441.788800 12.579000 0.070000
4455.828310 13.055000 0.042000
4458.800050 12.981000 0.066000
4461.783260 13.178000 0.046000
4464.769560 13.376000 0.060000
4467.765420 13.526000 0.068000
4470.755130 13.621000 0.044000
4804.828460 14.042000 0.050000
4807.836990 13.538000 0.051000
4813.798730 12.699000 0.065000
4816.809500 12.453000 0.064000
4820.764820 12.216000 0.070000
4823.790460 12.071000 0.055000
4826.785590 12.010000 0.049000
4829.764800 11.906000 0.056000
4838.744260 11.931000 0.042000
4843.737340 11.996000 0.066000
4846.763730 12.074000 0.044000
4849.723230 12.066000 0.038000
4855.752880 12.191000 0.071000
4858.699830 12.338000 0.042000
4861.752930 12.507000 0.044000
4867.748920 12.634000 0.047000
4870.674130 12.649000 0.045000
4872.726780 12.790000 0.051000
4883.626820 13.068000 0.049000
1874.791110 14.570000 0.087000
1949.689470 12.561000 0.060000
1950.669280 12.553000 0.063000
1952.666420 12.688000 0.058000
2739.665340 12.638000 0.045000
2759.498150 12.371000 0.044000
3539.529810 14.387000 0.079000
3547.502540 14.227000 0.074000
4452.805390 13.092000 0.067000
4835.746180 12.015000 0.067000
4852.710230 12.143000 0.054000
4875.723810 12.855000 0.054000
4877.749320 12.917000 0.076000
4886.673250 13.452000 0.056000
4891.655580 13.420000 0.058000
4894.697000 13.635000 0.049000
4904.680640 13.700000 0.076000
4906.726910 14.196000 0.078000
4909.662340 14.048000 0.084000
1977.616680 29.999000 0.055000
1979.594860 29.999000 0.055000
1980.620330 29.999000 0.055000
1982.609770 29.999000 0.048000
1984.601340 29.999000 0.054000
1995.575250 29.999000 0.060000
2016.528560 29.999000 0.070000
2018.526760 29.999000 0.075000
2026.489070 29.999000 0.050000
2030.480750 29.999000 0.055000
2032.490090 29.999000 0.060000
2053.476970 29.999000 0.056000
2055.502470 29.999000 0.078000
2057.502940 29.999000 0.058000
2060.461480 29.999000 0.071000
2086.459520 29.999000 0.068000
2545.882820 29.999000 0.048000
2552.881690 29.999000 0.077000
2556.883460 29.999000 0.067000
2558.882610 29.999000 0.043000
2629.791920 29.999000 0.038000
2634.797040 29.999000 0.036000
2636.838620 29.999000 0.042000
2639.755910 29.999000 0.042000
2644.782130 29.999000 0.038000
2646.768850 29.999000 0.034000
2651.716580 29.999000 0.043000
2655.778480 29.999000 0.037000
2658.742670 29.999000 0.037000
2660.739380 29.999000 0.059000
2662.739840 29.999000 0.042000
2670.748620 29.999000 0.055000
2672.742420 29.999000 0.050000
2674.732490 29.999000 0.048000
2678.693860 29.999000 0.040000
2680.691420 29.999000 0.037000
2689.684560 29.999000 0.036000
2693.699330 29.999000 0.035000
2697.677450 29.999000 0.038000
2703.666560 29.999000 0.034000
2835.467110 29.999000 0.037000
2927.863540 29.999000 0.036000
2935.857290 29.999000 0.038000
2940.865680 29.999000 0.036000
2944.826730 29.999000 0.041000
2955.824820 29.999000 0.037000
2962.816550 29.999000 0.039000
2968.837240 29.999000 0.042000
2988.808120 29.999000 0.037000
2997.785450 29.999000 0.037000
3005.738330 29.999000 0.040000
3007.764480 29.999000 0.035000
3009.807800 29.999000 0.034000
3017.805720 29.999000 0.033000
3029.767880 29.999000 0.036000
3041.731190 29.999000 0.045000
3043.764030 29.999000 0.046000
3049.684950 29.999000 0.033000
3054.697420 29.999000 0.036000
3085.669430 29.999000 0.036000
3087.672020 29.999000 0.038000
3089.700740 29.999000 0.080000
3093.668320 29.999000 0.035000
3110.557410 29.999000 0.038000
3112.572190 29.999000 0.034000
3124.575990 29.999000 0.040000
3126.596430 29.999000 0.037000
3128.620430 29.999000 0.035000
3269.888770 29.999000 0.060000
3269.891460 29.999000 0.061000
3269.894150 29.999000 0.058000
3269.896840 29.999000 0.058000
3269.899520 29.999000 0.060000
3355.835820 29.999000 0.074000
3382.872950 29.999000 0.094000
3408.659260 29.999000 0.040000
3410.727090 29.999000 0.087000
3412.800420 29.999000 0.065000
3416.761910 29.999000 0.062000
3420.774580 29.999000 0.076000
3426.750920 29.999000 0.094000
3430.781220 29.999000 0.052000
3443.802140 29.999000 0.048000
3472.615800 29.999000 0.063000
3474.640700 29.999000 0.055000
3476.698870 29.999000 0.048000
3478.682800 29.999000 0.086000
3490.586310 29.999000 0.094000
3496.621200 29.999000 0.045000
3512.600920 29.999000 0.050000
3659.867810 29.999000 0.043000
3675.849400 29.999000 0.047000
3699.849740 29.999000 0.047000
3703.793930 29.999000 0.044000
3713.786140 29.999000 0.045000
3719.814310 29.999000 0.045000
3722.801370 29.999000 0.044000
3741.750110 29.999000 0.052000
3760.779790 29.999000 0.069000
3763.696420 29.999000 0.065000
3768.784540 29.999000 0.058000
3771.676420 29.999000 0.061000
3780.747110 29.999000 0.080000
3788.686440 29.999000 0.083000
3790.809310 29.999000 0.084000
3793.639600 29.999000 0.074000
3795.738950 29.999000 0.046000
3799.736810 29.999000 0.056000
3804.680580 29.999000 0.079000
3806.682720 29.999000 0.083000
3809.695710 29.999000 0.073000
3811.704680 29.999000 0.060000
3813.717430 29.999000 0.095000
3815.762150 29.999000 0.067000
3817.764760 29.999000 0.078000
3822.651070 29.999000 0.090000
3824.655140 29.999000 0.036000
3826.675910 29.999000 0.047000
3828.690710 29.999000 0.064000
3830.723430 29.999000 0.058000
3832.709640 29.999000 0.057000
3834.683230 29.999000 0.050000
3836.700010 29.999000 0.040000
3848.674050 29.999000 0.056000
3850.690050 29.999000 0.071000
3870.597370 29.999000 0.071000
3872.602590 29.999000 0.042000
3876.589830 29.999000 0.043000
3882.565790 29.999000 0.068000
3886.574370 29.999000 0.065000
3906.532550 29.999000 0.053000
4126.698370 29.999000 0.053000
4137.725070 29.999000 0.089000
4139.758650 29.999000 0.044000
4156.668280 29.999000 0.075000
4158.671930 29.999000 0.078000
4160.690190 29.999000 0.048000
4162.693940 29.999000 0.048000
4164.721180 29.999000 0.098000
4174.729390 29.999000 0.066000
4182.639100 29.999000 0.052000
4190.676170 29.999000 0.056000
4203.636460 29.999000 0.061000
4227.629490 29.999000 0.055000
4386.873880 29.999000 0.046000
4473.850000 29.999000 0.056000
4489.700650 29.999000 0.044000
4491.763430 29.999000 0.050000
4499.824560 29.999000 0.075000
4547.712450 29.999000 0.063000
4641.504300 29.999000 0.044000
4643.507460 29.999000 0.069000
4646.475380 29.999000 0.068000
4649.473360 29.999000 0.071000
4652.469260 29.999000 0.069000
4662.462750 29.999000 0.074000
4765.854290 29.999000 0.046000
4773.833430 29.999000 0.046000
4792.811830 29.999000 0.046000
4796.846200 29.999000 0.050000
4800.798970 29.999000 0.046000
1868.853210 29.999000 0.061000
1981.624560 29.999000 0.057000
1994.525770 29.999000 0.052000
1996.578360 29.999000 0.062000
1997.579100 29.999000 0.064000
1998.578430 29.999000 0.061000
2000.573020 29.999000 0.070000
2011.514280 29.999000 0.066000
2014.532130 29.999000 0.070000
2064.517590 29.999000 0.068000
2068.495740 29.999000 0.052000
2071.459440 29.999000 0.065000
2081.484700 29.999000 0.060000
2440.461140 29.999000 0.044000
2443.468010 29.999000 0.044000
2456.448780 29.999000 0.048000
2562.860670 29.999000 0.064000
2622.734060 29.999000 0.036000
2624.788240 29.999000 0.039000
2627.806570 29.999000 0.036000
2642.757520 29.999000 0.035000
2649.762600 29.999000 0.034000
2664.738060 29.999000 0.044000
2666.733410 29.999000 0.038000
2676.712050 29.999000 0.045000
2685.702950 29.999000 0.040000
2691.686790 29.999000 0.045000
2695.671290 29.999000 0.034000
2705.658850 29.999000 0.044000
2707.657280 29.999000 0.034000
2713.678330 29.999000 0.035000
2820.485010 29.999000 0.039000
2830.472810 29.999000 0.040000
2958.853410 29.999000 0.035000
2965.835730 29.999000 0.036000
2973.813340 29.999000 0.037000
2976.776600 29.999000 0.039000
2979.788010 29.999000 0.037000
2985.824810 29.999000 0.037000
2991.796890 29.999000 0.045000
2994.798710 29.999000 0.034000
3001.779200 29.999000 0.038000
3012.751400 29.999000 0.049000
3015.801120 29.999000 0.036000
3025.676480 29.999000 0.041000
3031.823270 29.999000 0.037000
3034.696830 29.999000 0.037000
3036.779830 29.999000 0.041000
3046.657060 29.999000 0.036000
3052.664840 29.999000 0.047000
3056.734930 29.999000 0.038000
3061.619140 29.999000 0.046000
3063.678600 29.999000 0.052000
3066.696770 29.999000 0.033000
3068.650970 29.999000 0.035000
3070.678840 29.999000 0.038000
3072.760200 29.999000 0.042000
3074.727610 29.999000 0.038000
3076.755570 29.999000 0.037000
3078.783590 29.999000 0.038000
3081.571280 29.999000 0.041000
3091.683390 29.999000 0.038000
3097.660790 29.999000 0.035000
3099.717810 29.999000 0.038000
3101.735210 29.999000 0.035000
3104.513990 29.999000 0.038000
3106.544910 29.999000 0.035000
3130.643270 29.999000 0.036000
3358.810740 29.999000 0.059000
3396.692660 29.999000 0.085000
3403.755000 29.999000 0.057000
3414.753120 29.999000 0.042000
3418.782850 29.999000 0.099000
3422.800630 29.999000 0.074000
3424.770670 29.999000 0.071000
3432.783310 29.999000 0.068000
3440.706170 29.999000 0.038000
3452.725200 29.999000 0.054000
3454.747190 29.999000 0.078000
3456.752890 29.999000 0.064000
3458.750530 29.999000 0.052000
3461.527840 29.999000 0.106000
3463.571100 29.999000 0.040000
3465.602180 29.999000 0.093000
3468.598950 29.999000 0.070000
3470.624120 29.999000 0.052000
3480.669780 29.999000 0.086000
3492.584720 29.999000 0.050000
3499.609110 29.999000 0.064000
3501.628170 29.999000 0.059000
3504.511200 29.999000 0.093000
3509.588660 29.999000 0.045000
3517.523880 29.999000 0.079000
3521.520630 29.999000 0.044000
3523.537290 29.999000 0.043000
3525.565250 29.999000 0.043000
3528.492930 29.999000 0.055000
3707.789460 29.999000 0.058000
3716.826480 29.999000 0.069000
3725.795000 29.999000 0.040000
3728.798020 29.999000 0.083000
3732.754660 29.999000 0.075000
3735.773660 29.999000 0.068000
3744.741130 29.999000 0.045000
3747.731030 29.999000 0.048000
3755.777780 29.999000 0.054000
3758.701110 29.999000 0.069000
3773.764660 29.999000 0.064000
3776.653430 29.999000 0.083000
3778.700790 29.999000 0.089000
3783.791910 29.999000 0.075000
3802.615570 29.999000 0.055000
3820.567600 29.999000 0.070000
3853.496950 29.999000 0.039000
3860.534040 29.999000 0.061000
3862.530270 29.999000 0.085000
3864.559050 29.999000 0.077000
3866.574010 29.999000 0.073000
3868.599040 29.999000 0.047000
3890.571220 29.999000 0.061000
3897.470280 29.999000 0.053000
3899.539420 29.999000 0.052000
3902.473450 29.999000 0.042000
3904.512640 29.999000 0.051000
4089.804970 29.999000 0.092000
4103.776840 29.999000 0.072000
4106.753870 29.999000 0.042000
4109.810290 29.999000 0.049000
4128.754070 29.999000 0.054000
4133.677690 29.999000 0.063000
4135.726330 29.999000 0.086000
4141.793850 29.999000 0.091000
4144.656570 29.999000 0.067000
4146.702170 29.999000 0.106000
4149.791200 29.999000 0.052000
4151.828800 29.999000 0.042000
4167.669970 29.999000 0.067000
4172.715500 29.999000 0.071000
4177.703860 29.999000 0.060000
4180.607260 29.999000 0.047000
4184.635540 29.999000 0.078000
4192.687040 29.999000 0.056000
4194.728410 29.999000 0.053000
4197.720610 29.999000 0.046000
4200.628690 29.999000 0.057000
4205.638120 29.999000 0.065000
4208.707790 29.999000 0.066000
4215.663690 29.999000 0.044000
4229.634340 29.999000 0.053000
4231.647320 29.999000 0.060000
4234.494540 29.999000 0.059000
4238.553790 29.999000 0.047000
4247.524360 29.999000 0.055000
4250.531400 29.999000 0.050000
4257.514670 29.999000 0.062000
4259.531010 29.999000 0.052000
4268.535630 29.999000 0.050000
4276.515730 29.999000 0.048000
4281.491850 29.999000 0.044000
4286.486130 29.999000 0.060000
4295.458820 29.999000 0.043000
4299.456740 29.999000 0.056000
4477.746780 29.999000 0.045000
4484.735530 29.999000 0.066000
4486.769450 29.999000 0.051000
4493.793340 29.999000 0.048000
4497.709980 29.999000 0.038000
4502.722680 29.999000 0.056000
4505.666980 29.999000 0.058000
4507.713620 29.999000 0.055000
4512.648060 29.999000 0.052000
4515.802020 29.999000 0.073000
4518.626050 29.999000 0.042000
4520.676310 29.999000 0.066000
4522.669510 29.999000 0.059000
4524.689630 29.999000 0.064000
4526.725540 29.999000 0.052000
4528.800650 29.999000 0.055000
4531.634650 29.999000 0.046000
4535.599750 29.999000 0.059000
4539.645730 29.999000 0.061000
4541.648980 29.999000 0.050000
4543.660280 29.999000 0.055000
4545.687380 29.999000 0.071000
4550.600040 29.999000 0.064000
4552.688840 29.999000 0.074000
4554.719380 29.999000 0.059000
4559.567350 29.999000 0.043000
4561.629720 29.999000 0.063000
4563.658350 29.999000 0.068000
4565.711130 29.999000 0.067000
4567.699910 29.999000 0.046000
4569.696690 29.999000 0.045000
4571.694820 29.999000 0.044000
4573.692560 29.999000 0.068000
4576.532560 29.999000 0.051000
4579.691510 29.999000 0.056000
4582.692730 29.999000 0.057000
4586.546300 29.999000 0.041000
4588.621010 29.999000 0.063000
4593.562840 29.999000 0.062000
4595.540830 29.999000 0.050000
4597.544350 29.999000 0.047000
4599.579940 29.999000 0.056000
4601.596790 29.999000 0.045000
4607.571240 29.999000 0.043000
4610.503760 29.999000 0.044000
4620.565150 29.999000 0.046000
4623.556390 29.999000 0.059000
4626.515490 29.999000 0.050000
4631.520690 29.999000 0.051000
4654.483470 29.999000 0.049000
4757.873570 29.999000 0.070000
4761.865890 29.999000 0.043000
4769.841100 29.999000 0.045000
4777.844770 29.999000 0.058000
4784.820990 29.999000 0.043000
4918.567490 29.999000 0.049000
4920.645170 29.999000 0.073000
4938.584210 29.999000 0.088000
4945.674250 29.999000 0.050000
4952.664170 29.999000 0.052000
4966.554860 29.999000 0.058000
4968.597140 29.999000 0.048000
4985.556180 29.999000 0.067000
4991.535830 29.999000 0.053000
5013.492680 29.999000 0.062000
5021.470710 29.999000 0.064000
5147.853280 29.999000 0.048000
5163.841160 29.999000 0.055000
5167.835750 29.999000 0.052000
2724.669640 13.100000 0.046000
2660.720020 29.999000 0.041000
