3365.834170 11.379000 0.035000
3393.796740 10.776000 0.039000
1880.783370 10.932000 0.034000
2184.877970 12.491000 0.043000
2206.835150 13.714000 0.039000
3386.732840 10.910000 0.036000
3391.723120 10.860000 0.040000
3450.566990 12.897000 0.034000
3452.688840 13.022000 0.032000
3363.824130 11.450000 0.043000
1954.686020 29.999000 0.040000
2190.873710 29.999000 0.038000
2194.873140 29.999000 0.039000
1868.836380 11.028000 0.048000
1878.772170 10.930000 0.045000
1884.786330 11.003000 0.047000
1886.755700 11.035000 0.046000
1888.745660 11.110000 0.050000
1899.791560 11.457000 0.047000
1902.733210 11.634000 0.046000
1904.703830 11.695000 0.049000
1905.771840 11.709000 0.046000
1906.837630 11.791000 0.044000
1907.776890 11.753000 0.047000
1913.752710 12.099000 0.043000
1914.754640 12.127000 0.045000
1915.780580 12.150000 0.045000
1920.740130 12.323000 0.045000
1921.755270 12.462000 0.046000
1922.738050 12.689000 0.047000
1924.730070 12.639000 0.047000
1928.729280 12.772000 0.045000
1929.720800 12.915000 0.047000
1930.718430 12.788000 0.046000
1931.713160 12.929000 0.049000
1932.724460 12.937000 0.045000
1933.715620 13.100000 0.047000
1934.707640 13.145000 0.044000
1936.680860 13.190000 0.047000
1937.742180 13.172000 0.047000
1938.753620 13.425000 0.046000
1939.742840 13.324000 0.046000
1941.661950 13.495000 0.047000
1945.721310 13.804000 0.046000
1946.723750 13.533000 0.045000
1950.674220 13.809000 0.048000
2032.512930 15.040000 0.050000
2053.464430 12.946000 0.050000
2057.480810 12.740000 0.049000
2059.489070 12.589000 0.049000
2064.485850 12.283000 0.048000
2068.474120 12.028000 0.048000
2070.495210 11.958000 0.048000
2081.451470 11.513000 0.052000
2085.461350 11.415000 0.047000
2088.467850 11.396000 0.047000
2199.859570 13.667000 0.057000
2201.853000 13.629000 0.047000
2442.465090 12.985000 0.047000
2445.475980 13.196000 0.048000
2558.867000 14.272000 0.046000
2561.853020 13.865000 0.041000
2565.861710 13.682000 0.047000
2636.839180 11.509000 0.043000
2639.747100 11.485000 0.041000
2649.772200 11.544000 0.042000
2660.739730 11.772000 0.049000
2662.751580 11.764000 0.041000
2664.747470 11.813000 0.044000
2666.747460 11.863000 0.043000
2670.755890 12.018000 0.040000
2672.747340 11.998000 0.043000
2674.735150 12.032000 0.043000
2676.721550 12.133000 0.042000
2678.703380 12.148000 0.041000
2680.703190 12.204000 0.042000
2684.657030 12.402000 0.043000
2689.687380 12.520000 0.045000
2693.702200 12.650000 0.055000
2697.615540 12.778000 0.045000
2699.666450 12.827000 0.041000
2701.664500 12.857000 0.042000
2703.660390 12.926000 0.041000
2705.652710 13.205000 0.047000
2707.651120 12.989000 0.040000
2710.629850 13.251000 0.045000
2713.686350 13.399000 0.047000
2714.789110 13.525000 0.043000
2717.653630 13.719000 0.043000
2721.672720 13.520000 0.047000
2722.789820 13.362000 0.042000
2727.698170 13.826000 0.043000
2731.793860 14.446000 0.043000
2739.685760 14.479000 0.041000
2813.553860 13.837000 0.042000
2820.477570 13.519000 0.046000
2835.492350 12.386000 0.045000
2838.486300 12.073000 0.045000
2842.473190 11.843000 0.056000
2912.887490 11.586000 0.045000
2933.873780 12.185000 0.041000
2946.839330 12.695000 0.042000
2949.850370 12.796000 0.040000
2971.806530 13.594000 0.040000
2975.755640 13.994000 0.040000
2977.803950 13.964000 0.044000
2983.806250 14.304000 0.042000
3066.690440 13.368000 0.040000
3068.654920 12.943000 0.044000
3070.682880 12.997000 0.040000
3072.761360 12.674000 0.042000
3074.728860 12.439000 0.041000
3076.756890 12.342000 0.040000
3078.793120 12.232000 0.041000
3081.567580 11.945000 0.039000
3085.626720 11.766000 0.040000
3087.627250 11.684000 0.046000
3089.649080 11.712000 0.043000
3091.643610 11.580000 0.041000
3093.628350 11.560000 0.043000
3097.628960 11.457000 0.040000
3101.705090 11.422000 0.040000
3103.701260 11.399000 0.042000
3105.686540 11.405000 0.042000
3107.692690 11.380000 0.041000
3109.691400 11.386000 0.039000
3112.507060 11.360000 0.041000
3114.536130 11.359000 0.040000
3121.666360 11.267000 0.039000
3124.515950 11.268000 0.039000
3126.562470 11.178000 0.040000
3128.592130 11.131000 0.040000
3130.609390 11.078000 0.042000
3132.605080 11.048000 0.040000
3134.616350 11.062000 0.041000
3142.629800 11.146000 0.041000
3154.527420 11.396000 0.040000
3156.611110 11.443000 0.043000
3159.596430 11.535000 0.044000
3162.610450 11.659000 0.042000
3165.484490 11.699000 0.040000
3168.502280 11.925000 0.038000
3171.551860 11.990000 0.039000
3177.566290 12.256000 0.039000
3182.527300 12.561000 0.041000
3185.539410 12.914000 0.042000
3189.481000 12.993000 0.042000
3333.847000 12.335000 0.045000
3372.825530 11.168000 0.040000
3396.696490 10.765000 0.044000
3398.754120 10.737000 0.045000
3403.755550 10.757000 0.047000
3405.777520 10.742000 0.052000
3408.654950 10.810000 0.047000
3410.718560 10.830000 0.048000
3414.743450 10.986000 0.044000
3416.754960 11.022000 0.048000
3420.767710 11.234000 0.045000
3430.774510 11.696000 0.047000
3432.773430 11.870000 0.047000
3440.697230 12.396000 0.041000
3443.769410 12.452000 0.046000
3445.751950 12.705000 0.046000
3447.775860 12.808000 0.046000
3454.695750 13.067000 0.046000
3456.705930 13.288000 0.041000
3460.691850 13.875000 0.046000
3462.710530 13.777000 0.051000
3464.729820 14.056000 0.044000
3470.514250 14.096000 0.041000
3472.545330 14.503000 0.048000
3476.661030 14.462000 0.044000
3564.499260 14.120000 0.045000
3653.874580 11.121000 0.045000
3811.723660 14.318000 0.052000
3815.797350 13.835000 0.046000
3818.551810 13.747000 0.049000
3820.597940 13.367000 0.049000
3822.675360 13.085000 0.048000
3824.737710 13.029000 0.045000
3826.763670 12.849000 0.047000
3829.550120 12.840000 0.046000
3831.566740 12.828000 0.047000
3833.581180 12.748000 0.044000
3835.593570 12.507000 0.044000
3837.634150 12.458000 0.044000
3850.670640 12.227000 0.049000
3852.680960 12.144000 0.049000
3859.670690 12.158000 0.053000
3861.638430 12.167000 0.048000
3863.621100 12.117000 0.044000
3865.637880 12.163000 0.048000
3867.673390 12.063000 0.049000
3870.488780 12.140000 0.044000
3872.516670 12.073000 0.047000
3875.649070 12.011000 0.043000
3881.593470 11.923000 0.048000
3886.573130 11.824000 0.043000
3890.570010 11.773000 0.044000
3896.577830 11.611000 0.046000
3899.507570 11.476000 0.050000
3901.537900 11.568000 0.046000
3903.559180 11.477000 0.043000
3905.548770 11.509000 0.044000
3907.549590 11.527000 0.045000
4187.793440 12.078000 0.048000
4189.761950 12.341000 0.045000
2190.860460 12.938000 0.046000
2192.866350 12.838000 0.047000
3145.638770 11.214000 0.040000
3400.759360 10.699000 0.041000
1870.789990 10.974000 0.052000
1872.785480 10.979000 0.050000
1889.840690 11.107000 0.057000
2095.466400 11.398000 0.056000
2918.881040 11.859000 0.051000
3412.793210 10.903000 0.055000
3424.760210 11.390000 0.053000
3458.692380 13.462000 0.053000
1948.643580 29.999000 0.049000
1949.689880 29.999000 0.057000
1954.677570 29.999000 0.048000
1955.669060 29.999000 0.048000
1958.648750 29.999000 0.048000
1959.662910 29.999000 0.050000
1963.645680 29.999000 0.050000
1980.623570 29.999000 0.058000
1981.627770 29.999000 0.054000
1982.613040 29.999000 0.053000
1984.604670 29.999000 0.056000
1985.608290 29.999000 0.057000
1994.541290 29.999000 0.059000
2194.864610 29.999000 0.046000
2197.850030 29.999000 0.051000
2211.865280 29.999000 0.045000
2213.814580 29.999000 0.048000
2217.820900 29.999000 0.051000
2224.841590 29.999000 0.047000
2235.782960 29.999000 0.052000
2240.755310 29.999000 0.057000
2468.455690 29.999000 0.054000
2725.794630 29.999000 0.042000
2747.694210 29.999000 0.044000
2764.553540 29.999000 0.041000
2766.611130 29.999000 0.041000
2786.627840 29.999000 0.047000
2804.566110 29.999000 0.047000
2809.563770 29.999000 0.043000
2980.785390 29.999000 0.041000
3017.801390 29.999000 0.041000
3020.861010 29.999000 0.045000
3020.865720 29.999000 0.049000
3024.862200 29.999000 0.043000
3029.760420 29.999000 0.043000
3041.725270 29.999000 0.043000
3043.759730 29.999000 0.043000
3055.793210 29.999000 0.041000
3056.735800 29.999000 0.041000
3063.672200 29.999000 0.046000
3484.688540 29.999000 0.055000
3497.679880 29.999000 0.043000
3560.518170 29.999000 0.045000
3562.504960 29.999000 0.047000
3719.809410 29.999000 0.044000
3742.742430 29.999000 0.044000
3745.733690 29.999000 0.050000
3748.724730 29.999000 0.051000
3751.736400 29.999000 0.051000
3759.693810 29.999000 0.048000
3761.811740 29.999000 0.047000
3764.698070 29.999000 0.045000
3770.665660 29.999000 0.052000
3772.726140 29.999000 0.045000
3775.654140 29.999000 0.052000
3783.654400 29.999000 0.049000
3788.679370 29.999000 0.055000
3790.792550 29.999000 0.044000
3793.641600 29.999000 0.053000
3797.694270 29.999000 0.048000
3799.737980 29.999000 0.048000
3806.683940 29.999000 0.049000
3809.697000 29.999000 0.047000
3813.739740 29.999000 0.048000
1952.666860 29.999000 0.055000
1953.669520 29.999000 0.049000
1964.652320 29.999000 0.049000
1965.649990 29.999000 0.047000
1966.650070 29.999000 0.050000
1967.642350 29.999000 0.051000
1968.642060 29.999000 0.053000
1977.619810 29.999000 0.056000
1979.602520 29.999000 0.057000
2030.499690 29.999000 0.053000
2206.819490 29.999000 0.048000
2215.825470 29.999000 0.048000
2221.842100 29.999000 0.055000
2226.807430 29.999000 0.050000
2228.799770 29.999000 0.050000
2230.798620 29.999000 0.052000
2233.768850 29.999000 0.050000
2237.777540 29.999000 0.055000
2242.763750 29.999000 0.056000
2454.454810 29.999000 0.048000
2464.479840 29.999000 0.058000
2545.890240 29.999000 0.043000
2734.556560 29.999000 0.048000
2736.566400 29.999000 0.042000
2737.753540 29.999000 0.044000
2742.742500 29.999000 0.043000
2744.634100 29.999000 0.043000
2751.563900 29.999000 0.041000
2754.564570 29.999000 0.039000
2760.572970 29.999000 0.047000
2762.569030 29.999000 0.045000
2770.605600 29.999000 0.042000
2776.530940 29.999000 0.041000
2783.539770 29.999000 0.040000
2785.541480 29.999000 0.040000
2790.476000 29.999000 0.043000
2792.511950 29.999000 0.042000
2811.557570 29.999000 0.046000
2989.810240 29.999000 0.041000
2995.795280 29.999000 0.041000
3005.728970 29.999000 0.041000
3007.760240 29.999000 0.040000
3009.818560 29.999000 0.041000
3012.747090 29.999000 0.041000
3015.796800 29.999000 0.044000
3020.863340 29.999000 0.046000
3020.868090 29.999000 0.047000
3031.818820 29.999000 0.039000
3034.684750 29.999000 0.040000
3036.765340 29.999000 0.039000
3046.660370 29.999000 0.040000
3049.685710 29.999000 0.039000
3052.667930 29.999000 0.040000
3054.698290 29.999000 0.038000
3061.615020 29.999000 0.052000
3467.723930 29.999000 0.043000
3474.595000 29.999000 0.043000
3478.648880 29.999000 0.044000
3480.643920 29.999000 0.049000
3482.651410 29.999000 0.046000
3489.642160 29.999000 0.049000
3495.645770 29.999000 0.050000
3501.485920 29.999000 0.045000
3503.529770 29.999000 0.045000
3506.579550 29.999000 0.042000
3509.620170 29.999000 0.044000
3512.609650 29.999000 0.045000
3516.610880 29.999000 0.046000
3522.598660 29.999000 0.051000
3529.523920 29.999000 0.051000
3539.528870 29.999000 0.050000
3542.562850 29.999000 0.056000
3547.482330 29.999000 0.044000
3554.512520 29.999000 0.044000
3558.494320 29.999000 0.047000
3802.617610 29.999000 0.055000
4237.635130 29.999000 0.053000
4246.578080 29.999000 0.043000
4249.583930 29.999000 0.042000
4253.598990 29.999000 0.043000
4256.549350 29.999000 0.044000
4258.572850 29.999000 0.045000
4308.461610 29.999000 0.052000
4501.678180 29.999000 0.045000
4545.692940 29.999000 0.047000
1869.812880 11.074000 0.041000
1873.800970 10.983000 0.041000
1877.782950 10.963000 0.040000
1879.783780 10.913000 0.038000
1881.772040 10.953000 0.036000
1885.741400 11.027000 0.038000
1886.855060 11.330000 0.036000
1888.779700 11.078000 0.039000
1899.804580 11.476000 0.037000
1900.868920 11.575000 0.038000
1903.731020 11.657000 0.038000
1904.841680 11.698000 0.035000
1906.744200 11.779000 0.036000
1908.725130 11.871000 0.035000
1913.781610 12.081000 0.033000
1914.818790 12.095000 0.035000
1915.856740 12.191000 0.035000
1918.832670 12.364000 0.037000
1919.781480 12.349000 0.039000
1920.766740 12.480000 0.036000
1921.785160 12.402000 0.039000
1922.760180 12.467000 0.039000
1924.759030 12.608000 0.038000
1926.756400 12.656000 0.037000
1928.756040 12.738000 0.034000
1929.752130 12.904000 0.039000
1930.749690 12.891000 0.039000
1931.747010 12.893000 0.045000
1932.744650 12.939000 0.036000
1933.749590 12.875000 0.038000
1936.708920 13.091000 0.037000
1938.679330 13.304000 0.037000
1939.770130 13.433000 0.039000
1940.781530 13.499000 0.038000
1945.748820 13.853000 0.042000
1946.764040 13.716000 0.039000
2038.500990 14.129000 0.039000
2056.508740 12.774000 0.036000
2058.496430 12.652000 0.036000
2062.480210 12.382000 0.044000
2067.461240 12.059000 0.041000
2080.483630 11.531000 0.041000
2086.505700 11.398000 0.038000
2088.509330 11.411000 0.037000
2105.461350 11.320000 0.038000
2193.884210 13.068000 0.041000
2196.884540 13.291000 0.043000
2198.880090 13.475000 0.042000
2440.500190 12.879000 0.038000
2444.496380 13.215000 0.039000
2624.802210 11.588000 0.034000
2627.829570 11.537000 0.035000
2630.820360 11.502000 0.038000
2634.835960 11.486000 0.033000
2640.793520 11.510000 0.038000
2643.784120 11.450000 0.035000
2645.817140 11.504000 0.036000
2649.755680 11.632000 0.036000
2651.748010 11.603000 0.038000
2655.818340 11.716000 0.044000
2658.767640 11.730000 0.033000
2662.776230 11.758000 0.031000
2664.770090 11.815000 0.034000
2672.767560 12.016000 0.031000
2674.753110 12.062000 0.031000
2676.739490 12.142000 0.037000
2678.726080 12.153000 0.034000
2680.723590 12.250000 0.031000
2684.682090 12.400000 0.037000
2689.748250 12.434000 0.034000
2691.722540 12.638000 0.033000
2693.736940 12.629000 0.035000
2695.713900 12.719000 0.032000
2697.722690 12.774000 0.034000
2699.715400 12.813000 0.035000
2701.713480 13.019000 0.033000
2705.701800 13.114000 0.032000
2707.698360 13.013000 0.032000
2709.667590 13.259000 0.033000
2712.622580 13.214000 0.033000
2715.694240 13.416000 0.035000
2717.781110 13.515000 0.034000
2723.675290 13.692000 0.041000
2726.693050 13.843000 0.030000
2728.674910 14.052000 0.032000
2732.747890 13.977000 0.036000
2734.598640 14.254000 0.034000
2820.480450 13.261000 0.036000
2831.493240 12.523000 0.041000
2835.495110 12.275000 0.035000
2838.489030 12.084000 0.036000
2841.496690 11.910000 0.033000
2924.873090 11.968000 0.035000
2929.874650 12.177000 0.040000
2933.868670 12.284000 0.034000
2944.849430 12.731000 0.040000
2947.845480 12.651000 0.048000
2951.859270 12.913000 0.033000
2955.850720 13.143000 0.031000
2964.812600 13.478000 0.033000
2973.823820 13.616000 0.031000
2976.789550 14.106000 0.046000
2985.825320 14.569000 0.032000
3054.724380 13.985000 0.036000
3061.704100 14.054000 0.031000
3066.797840 13.247000 0.032000
3068.707270 13.070000 0.033000
3070.732950 12.986000 0.034000
3072.803060 12.616000 0.033000
3074.832570 12.369000 0.033000
3077.609180 12.281000 0.033000
3079.655280 12.117000 0.035000
3081.654400 11.978000 0.034000
3085.655550 11.743000 0.033000
3089.684030 11.635000 0.035000
3091.665270 11.604000 0.031000
3093.652450 11.649000 0.038000
3097.647800 11.497000 0.031000
3099.707270 11.463000 0.035000
3103.722720 11.457000 0.032000
3105.710250 11.456000 0.032000
3107.711790 11.407000 0.032000
3109.710190 11.427000 0.033000
3112.517900 11.405000 0.031000
3114.557930 11.390000 0.031000
3116.569850 11.366000 0.031000
3121.669590 11.301000 0.032000
3125.648890 11.203000 0.033000
3127.661240 11.241000 0.039000
3129.706150 11.191000 0.039000
3132.517410 11.062000 0.032000
3134.543590 11.015000 0.032000
3142.569200 11.107000 0.031000
3145.596270 11.194000 0.032000
3154.530740 11.396000 0.031000
3156.615900 11.453000 0.031000
3159.599730 11.633000 0.035000
3168.492680 11.916000 0.032000
3171.544450 11.980000 0.032000
3177.558050 12.326000 0.032000
3356.784620 11.606000 0.042000
3385.760050 10.935000 0.037000
3396.729100 10.756000 0.033000
3398.798780 10.755000 0.037000
3400.837830 10.713000 0.044000
3403.805250 10.754000 0.036000
3406.700220 10.811000 0.038000
3410.797100 10.874000 0.036000
3413.680140 10.931000 0.035000
3415.734350 11.002000 0.038000
3417.753120 11.106000 0.036000
3419.748950 11.176000 0.036000
3425.739790 11.431000 0.036000
3427.771740 11.532000 0.038000
3431.742900 11.743000 0.038000
3433.762120 11.926000 0.035000
3436.781580 11.984000 0.033000
3445.646510 12.664000 0.038000
3447.646080 12.845000 0.034000
3456.708860 13.284000 0.045000
3458.698180 13.399000 0.035000
3460.697790 13.500000 0.035000
3462.732030 14.108000 0.045000
3464.738890 14.049000 0.035000
3466.788060 13.911000 0.033000
3469.743520 14.368000 0.033000
3471.751120 14.366000 0.034000
3564.502250 14.357000 0.034000
3576.498700 13.584000 0.041000
3664.869320 11.252000 0.040000
3672.853390 11.575000 0.036000
3700.819490 13.084000 0.037000
3704.804330 13.487000 0.040000
3708.797680 13.662000 0.042000
3713.796030 13.784000 0.038000
3806.693640 14.954000 0.040000
3811.743360 14.400000 0.036000
3815.823030 14.050000 0.042000
3818.579990 13.557000 0.036000
3820.633160 13.565000 0.040000
3824.746750 12.896000 0.041000
3826.800880 13.063000 0.038000
3829.556330 12.795000 0.037000
3831.606250 12.679000 0.038000
3833.603520 12.555000 0.041000
3837.652870 12.555000 0.041000
3850.673930 12.242000 0.034000
3852.684180 12.241000 0.037000
3856.732270 12.189000 0.035000
3859.611720 12.198000 0.036000
3861.601970 12.290000 0.036000
3863.595960 12.162000 0.034000
3865.608710 12.121000 0.046000
3867.651220 12.153000 0.044000
3869.647110 12.131000 0.039000
3871.639220 12.087000 0.037000
3875.622390 11.961000 0.033000
3881.590890 11.922000 0.037000
3883.634730 11.904000 0.039000
3887.597730 11.852000 0.042000
3891.566930 11.775000 0.033000
3893.576580 11.685000 0.036000
3897.543520 11.614000 0.036000
3901.589470 11.562000 0.037000
3903.604240 11.533000 0.038000
3905.599240 11.518000 0.034000
3907.598290 11.477000 0.035000
4090.787430 12.990000 0.039000
4104.753310 12.802000 0.036000
4107.774440 12.744000 0.032000
4111.848260 12.660000 0.039000
4126.811380 12.089000 0.034000
4128.840940 11.994000 0.033000
4131.713930 11.932000 0.038000
4133.771960 11.810000 0.038000
4135.828830 11.705000 0.048000
4137.787710 11.686000 0.034000
4139.855020 11.666000 0.035000
4142.686360 11.497000 0.035000
4144.743430 11.461000 0.034000
4146.809770 11.455000 0.040000
4150.676790 11.376000 0.039000
4152.718470 11.410000 0.034000
4154.755690 11.435000 0.040000
4156.844320 11.431000 0.047000
4159.642300 11.529000 0.034000
4161.687410 11.487000 0.037000
4163.703410 11.539000 0.039000
4165.740760 11.516000 0.036000
4168.735660 11.612000 0.038000
4173.712850 11.628000 0.034000
4175.762020 11.712000 0.044000
4178.727050 11.809000 0.045000
4180.757010 11.793000 0.039000
4182.839710 11.921000 0.041000
4185.575730 12.072000 0.037000
4190.713170 12.183000 0.035000
4192.701630 12.247000 0.037000
4194.743050 12.287000 0.036000
4197.735400 12.639000 0.036000
4200.639640 12.574000 0.038000
4203.649020 12.844000 0.038000
4205.655600 13.040000 0.035000
4208.723370 13.022000 0.043000
4213.713350 13.466000 0.036000
4216.700720 13.825000 0.037000
4227.606560 14.363000 0.036000
4229.616510 14.277000 0.037000
4231.621590 14.560000 0.036000
4233.623380 14.204000 0.035000
4235.621600 14.567000 0.034000
4317.473900 13.980000 0.035000
4409.847860 10.910000 0.037000
4423.821300 11.299000 0.041000
4428.815520 11.330000 0.040000
4431.833810 11.470000 0.036000
4435.797540 11.595000 0.035000
4439.790140 11.713000 0.037000
4443.798080 11.955000 0.035000
4454.824640 12.540000 0.039000
4457.819440 12.424000 0.038000
4460.838540 12.601000 0.039000
4463.811600 12.839000 0.034000
4466.825370 12.893000 0.040000
4469.805310 13.087000 0.039000
4473.795270 13.633000 0.041000
4477.779330 13.396000 0.036000
4484.765450 13.864000 0.041000
4486.793730 14.492000 0.037000
4492.725850 14.345000 0.036000
4494.779490 14.373000 0.042000
4506.695970 14.805000 0.043000
4569.576680 14.484000 0.037000
4571.592000 14.083000 0.037000
4573.619460 13.883000 0.035000
4575.646900 13.762000 0.039000
4579.646600 13.416000 0.036000
4582.647490 13.021000 0.035000
4585.667980 12.917000 0.037000
4587.709800 12.698000 0.039000
4590.496340 12.546000 0.038000
4592.558050 12.579000 0.038000
4594.599970 12.367000 0.037000
4596.605100 12.282000 0.037000
4602.610820 12.027000 0.044000
4607.517700 11.818000 0.036000
4609.566900 11.743000 0.038000
4611.607960 11.701000 0.036000
4616.660860 11.555000 0.037000
4620.516600 11.495000 0.038000
4623.514900 11.365000 0.041000
4626.501360 11.309000 0.037000
4630.547160 11.241000 0.039000
4632.582540 11.207000 0.035000
4640.569600 11.154000 0.038000
4642.561610 11.187000 0.038000
4644.565600 11.171000 0.039000
4646.568330 11.173000 0.042000
4649.526570 11.208000 0.049000
4656.514840 11.276000 0.040000
4663.514880 11.360000 0.043000
4667.471500 11.465000 0.036000
4674.494620 11.606000 0.041000
4679.473550 11.835000 0.038000
4682.470250 11.963000 0.041000
4816.824980 12.814000 0.041000
4820.786630 13.845000 0.043000
4827.777110 13.530000 0.035000
4830.809540 13.366000 0.034000
4833.787440 12.891000 0.036000
4836.784400 12.962000 0.036000
4839.777680 12.773000 0.035000
4845.814600 12.400000 0.036000
4848.755410 12.182000 0.041000
4851.746090 12.238000 0.046000
4857.734290 11.936000 0.037000
4861.727870 11.781000 0.035000
4867.776080 11.565000 0.036000
4870.699170 11.428000 0.041000
4872.767860 11.293000 0.040000
4877.763540 11.061000 0.042000
4883.656040 10.886000 0.037000
4906.700760 10.957000 0.043000
4918.572870 11.211000 0.044000
4920.649930 11.218000 0.042000
5148.855690 10.988000 0.046000
5163.854610 10.891000 0.047000
1871.801660 10.986000 0.043000
1875.793580 10.994000 0.043000
1925.762140 12.685000 0.051000
1949.714920 14.150000 0.056000
1950.696700 14.155000 0.055000
2052.467940 13.197000 0.045000
2054.518140 12.896000 0.047000
2069.516820 11.980000 0.042000
2083.473560 11.439000 0.048000
2710.800660 13.243000 0.053000
2713.732510 13.307000 0.048000
3087.656000 11.684000 0.047000
3454.698660 13.356000 0.047000
3478.603030 14.604000 0.045000
3720.784310 14.348000 0.054000
3822.686590 13.207000 0.046000
3848.656000 12.276000 0.042000
3899.570490 11.562000 0.048000
4652.508890 11.209000 0.050000
4660.515570 11.274000 0.051000
4875.737420 11.146000 0.048000
4886.694840 10.833000 0.052000
4904.658420 10.911000 0.048000
4908.783530 10.941000 0.052000
4926.726180 11.365000 0.051000
4946.700370 12.196000 0.046000
4949.550510 12.485000 0.048000
4954.543600 12.739000 0.046000
4960.603240 13.012000 0.049000
4962.684420 13.223000 0.046000
4967.658810 13.558000 0.048000
4969.674770 13.572000 0.046000
5140.856380 11.153000 0.050000
5159.827160 10.904000 0.048000
5168.813310 10.833000 0.047000
1948.680660 29.999000 0.041000
1953.698920 29.999000 0.043000
1954.698750 29.999000 0.042000
1955.691580 29.999000 0.042000
1958.678110 29.999000 0.046000
1961.650620 29.999000 0.042000
1962.701450 29.999000 0.046000
1963.678360 29.999000 0.045000
1965.668100 29.999000 0.043000
1967.664950 29.999000 0.046000
1968.662430 29.999000 0.047000
1970.687540 29.999000 0.049000
1977.638730 29.999000 0.052000
1978.661530 29.999000 0.057000
1979.642930 29.999000 0.056000
1980.641870 29.999000 0.054000
1981.658990 29.999000 0.050000
1984.625180 29.999000 0.050000
1985.626570 29.999000 0.052000
1993.660530 29.999000 0.057000
1994.610800 29.999000 0.056000
2025.508190 29.999000 0.033000
2026.571790 29.999000 0.040000
2030.495670 29.999000 0.041000
2032.511340 29.999000 0.039000
2033.550730 29.999000 0.037000
2202.875470 29.999000 0.045000
2206.860190 29.999000 0.043000
2212.854380 29.999000 0.043000
2247.803300 29.999000 0.055000
2249.780030 29.999000 0.052000
2251.774060 29.999000 0.058000
2453.504780 29.999000 0.058000
2463.513860 29.999000 0.049000
2467.453610 29.999000 0.040000
2470.461670 29.999000 0.048000
2720.624680 29.999000 0.045000
2721.794200 29.999000 0.038000
2736.585220 29.999000 0.039000
2737.795650 29.999000 0.031000
2739.693080 29.999000 0.031000
2741.648810 29.999000 0.032000
2742.770030 29.999000 0.033000
2747.701580 29.999000 0.036000
2750.738960 29.999000 0.034000
2752.648880 29.999000 0.032000
2754.742430 29.999000 0.031000
2756.697200 29.999000 0.030000
2759.519440 29.999000 0.045000
2760.694110 29.999000 0.033000
2764.637820 29.999000 0.032000
2766.648860 29.999000 0.032000
2770.631300 29.999000 0.032000
2775.695950 29.999000 0.038000
2783.545340 29.999000 0.031000
2785.547060 29.999000 0.031000
2786.640970 29.999000 0.034000
2790.479020 29.999000 0.033000
2792.514970 29.999000 0.034000
2804.569080 29.999000 0.038000
2809.566720 29.999000 0.033000
2811.560500 29.999000 0.034000
2813.556820 29.999000 0.031000
2968.808540 29.999000 0.040000
2979.795900 29.999000 0.031000
2982.829030 29.999000 0.034000
2988.811380 29.999000 0.031000
2994.810260 29.999000 0.032000
3001.805240 29.999000 0.032000
3010.787990 29.999000 0.032000
3013.775900 29.999000 0.035000
3019.755650 29.999000 0.033000
3029.785230 29.999000 0.037000
3032.727120 29.999000 0.032000
3037.868960 29.999000 0.033000
3041.742650 29.999000 0.038000
3043.781580 29.999000 0.037000
3046.686780 29.999000 0.033000
3049.693380 29.999000 0.032000
3052.675600 29.999000 0.031000
3056.801060 29.999000 0.034000
3059.654890 29.999000 0.031000
3476.632890 29.999000 0.038000
3480.624780 29.999000 0.051000
3482.637370 29.999000 0.033000
3484.680550 29.999000 0.037000
3489.645370 29.999000 0.034000
3491.656240 29.999000 0.037000
3497.683200 29.999000 0.033000
3500.686220 29.999000 0.045000
3503.505310 29.999000 0.038000
3506.563390 29.999000 0.034000
3509.610530 29.999000 0.034000
3511.670760 29.999000 0.035000
3516.584150 29.999000 0.034000
3520.560380 29.999000 0.036000
3522.575520 29.999000 0.039000
3524.581720 29.999000 0.036000
3526.590090 29.999000 0.037000
3528.596950 29.999000 0.037000
3530.597490 29.999000 0.046000
3538.590820 29.999000 0.036000
3542.530240 29.999000 0.035000
3544.583900 29.999000 0.035000
3554.523650 29.999000 0.035000
3560.521230 29.999000 0.037000
3562.507990 29.999000 0.033000
3724.799700 29.999000 0.037000
3731.823670 29.999000 0.039000
3734.834910 29.999000 0.042000
3737.795930 29.999000 0.042000
3740.782120 29.999000 0.039000
3743.778730 29.999000 0.041000
3746.770420 29.999000 0.040000
3749.758960 29.999000 0.043000
3752.776610 29.999000 0.036000
3755.746660 29.999000 0.040000
3757.832310 29.999000 0.034000
3760.732440 29.999000 0.045000
3763.723260 29.999000 0.050000
3766.718790 29.999000 0.044000
3769.709640 29.999000 0.050000
3772.701730 29.999000 0.041000
3774.820530 29.999000 0.039000
3779.735980 29.999000 0.039000
3783.683790 29.999000 0.039000
3788.714950 29.999000 0.039000
3790.822620 29.999000 0.037000
3793.650430 29.999000 0.040000
3795.759310 29.999000 0.036000
3797.723190 29.999000 0.034000
3799.787350 29.999000 0.046000
3802.633800 29.999000 0.042000
3804.697570 29.999000 0.039000
3809.714620 29.999000 0.039000
3813.764600 29.999000 0.040000
4237.638340 29.999000 0.043000
4246.581300 29.999000 0.035000
4249.587140 29.999000 0.035000
4253.612060 29.999000 0.041000
4255.645730 29.999000 0.037000
4257.641290 29.999000 0.041000
4274.522190 29.999000 0.038000
4277.546300 29.999000 0.038000
4281.550790 29.999000 0.042000
4284.514780 29.999000 0.039000
4286.507750 29.999000 0.042000
4291.495580 29.999000 0.037000
4293.507070 29.999000 0.035000
4295.508160 29.999000 0.035000
4297.510330 29.999000 0.037000
4299.496970 29.999000 0.036000
4305.499290 29.999000 0.036000
4312.479630 29.999000 0.045000
4489.735730 29.999000 0.037000
4498.737800 29.999000 0.036000
4503.802840 29.999000 0.039000
4511.683530 29.999000 0.036000
4515.685680 29.999000 0.036000
4517.739380 29.999000 0.036000
4519.764790 29.999000 0.037000
4521.803480 29.999000 0.038000
4524.643720 29.999000 0.033000
4526.700350 29.999000 0.038000
4528.757600 29.999000 0.043000
4531.640120 29.999000 0.039000
4535.631170 29.999000 0.038000
4537.677980 29.999000 0.035000
4539.675210 29.999000 0.038000
4541.675060 29.999000 0.038000
4543.676850 29.999000 0.036000
4545.702320 29.999000 0.038000
4547.731180 29.999000 0.037000
4552.614010 29.999000 0.035000
4554.637040 29.999000 0.039000
4558.682780 29.999000 0.036000
4560.684370 29.999000 0.036000
4562.724140 29.999000 0.040000
4564.802690 29.999000 0.038000
4567.532630 29.999000 0.037000
4761.868120 29.999000 0.037000
4765.865840 29.999000 0.035000
4769.860080 29.999000 0.034000
4773.850180 29.999000 0.033000
4777.855610 29.999000 0.033000
4784.848240 29.999000 0.035000
4792.828480 29.999000 0.037000
4797.835880 29.999000 0.038000
4801.799370 29.999000 0.040000
4805.796130 29.999000 0.038000
4808.835430 29.999000 0.037000
4813.819190 29.999000 0.041000
4975.661660 29.999000 0.045000
4984.643110 29.999000 0.051000
4991.610800 29.999000 0.046000
5010.512040 29.999000 0.047000
5024.527340 29.999000 0.049000
5032.492520 29.999000 0.052000
5040.486460 29.999000 0.051000
