3896.558900 13.650000 0.037000
4191.713970 13.113000 0.036000
1902.839830 11.218000 0.029000
1904.841380 11.200000 0.027000
1906.839100 11.160000 0.028000
1914.799940 11.130000 0.029000
1918.879080 11.108000 0.033000
1920.826540 11.181000 0.028000
1922.813230 11.268000 0.030000
1924.800330 11.359000 0.029000
1929.858340 11.592000 0.032000
1931.804810 11.654000 0.032000
1933.805180 11.792000 0.029000
1935.737080 11.823000 0.029000
1937.821720 11.986000 0.033000
1939.820660 12.041000 0.029000
1945.882890 12.545000 0.033000
1947.831460 12.643000 0.029000
1955.807840 13.401000 0.042000
1961.783950 13.832000 0.038000
1966.794810 14.130000 0.035000
2027.631310 15.212000 0.029000
2031.634680 14.859000 0.032000
2053.587260 13.874000 0.028000
2054.597310 13.923000 0.032000
2056.576060 14.040000 0.031000
2057.564410 13.797000 0.029000
2058.565300 13.637000 0.035000
2067.556410 13.500000 0.028000
2068.549070 13.467000 0.033000
2069.549420 13.475000 0.032000
2070.542110 13.486000 0.030000
2081.512810 12.890000 0.030000
2082.529480 12.855000 0.031000
2085.486040 12.828000 0.031000
2086.520150 12.702000 0.031000
2087.511420 12.743000 0.030000
2088.521440 12.632000 0.029000
2093.476980 12.383000 0.031000
2102.465130 12.024000 0.029000
2104.534110 11.924000 0.032000
2106.534030 11.793000 0.029000
2125.496570 11.535000 0.030000
2129.499160 11.569000 0.027000
2132.479820 11.680000 0.028000
2135.482680 11.742000 0.030000
2141.486490 12.021000 0.029000
2454.497060 13.997000 0.034000
2463.477720 13.254000 0.030000
2465.487700 13.070000 0.038000
2467.474880 13.144000 0.033000
2469.475060 13.115000 0.040000
2491.473770 12.228000 0.041000
2650.814030 15.065000 0.024000
2657.831040 14.199000 0.028000
2662.797060 13.202000 0.024000
2666.803650 13.089000 0.036000
2669.843560 12.886000 0.027000
2672.847470 12.663000 0.023000
2677.825940 12.530000 0.035000
2679.828040 12.421000 0.033000
2681.807710 12.379000 0.029000
2683.795350 12.293000 0.036000
2694.776500 12.024000 0.026000
2699.773070 11.825000 0.030000
2703.762460 11.748000 0.039000
2705.752650 11.639000 0.031000
2707.754330 11.544000 0.028000
2709.725300 11.524000 0.031000
2711.720300 11.559000 0.029000
2713.708850 11.499000 0.035000
2714.813640 11.508000 0.032000
2717.735880 11.424000 0.028000
2720.780020 11.406000 0.026000
2722.721530 11.356000 0.035000
2731.830200 11.325000 0.029000
2734.658520 11.280000 0.039000
2740.710590 11.406000 0.026000
2742.640570 11.434000 0.036000
2743.796360 11.507000 0.028000
2747.708370 11.625000 0.035000
2750.745880 11.741000 0.033000
2754.677110 11.880000 0.025000
2755.831620 11.906000 0.029000
2759.658870 12.095000 0.037000
2760.740610 12.086000 0.031000
2762.705300 12.323000 0.037000
2769.743860 12.636000 0.041000
2782.655670 13.447000 0.023000
2785.702420 13.669000 0.026000
2787.655550 13.789000 0.022000
2790.680870 13.894000 0.026000
2793.545050 14.294000 0.034000
2845.551460 15.202000 0.030000
2866.539690 13.351000 0.028000
2875.500390 12.641000 0.037000
2877.499120 12.614000 0.026000
2879.504080 12.529000 0.034000
2886.505740 12.121000 0.025000
2893.483840 11.897000 0.027000
2995.848870 13.828000 0.028000
3068.851920 13.410000 0.028000
3070.811180 13.304000 0.029000
3071.858100 13.436000 0.027000
3072.869840 13.341000 0.026000
3075.806820 12.902000 0.027000
3078.735640 12.617000 0.030000
3080.792760 12.429000 0.032000
3085.786350 12.129000 0.032000
3087.785670 12.014000 0.030000
3090.708520 11.909000 0.031000
3092.745850 11.731000 0.027000
3096.749150 11.663000 0.028000
3098.729850 11.566000 0.025000
3103.732330 11.398000 0.028000
3105.727840 11.429000 0.028000
3107.727230 11.411000 0.025000
3109.731020 11.339000 0.026000
3111.809780 11.340000 0.027000
3114.636630 11.356000 0.024000
3116.687080 11.358000 0.025000
3121.679830 11.277000 0.030000
3125.670040 11.274000 0.028000
3130.657590 11.268000 0.031000
3132.658060 11.307000 0.028000
3134.661400 11.326000 0.026000
3142.666730 11.453000 0.027000
3145.680890 11.502000 0.029000
3153.593790 11.805000 0.028000
3158.579990 11.970000 0.027000
3160.589170 12.088000 0.028000
3163.597360 12.187000 0.024000
3165.597570 12.296000 0.025000
3168.611370 12.438000 0.030000
3171.609210 12.566000 0.025000
3175.599370 12.885000 0.026000
3177.599780 12.809000 0.027000
3179.631310 12.835000 0.024000
3185.505760 13.095000 0.026000
3388.821320 13.266000 0.030000
3391.844010 13.466000 0.029000
3395.855320 13.849000 0.029000
3399.807520 13.812000 0.032000
3405.811150 14.469000 0.029000
3408.834030 14.489000 0.028000
3463.685910 14.024000 0.031000
3465.732320 13.803000 0.025000
3468.718090 13.473000 0.025000
3470.733290 13.373000 0.030000
3472.780310 13.216000 0.030000
3474.861560 13.042000 0.034000
3481.691590 12.562000 0.031000
3489.704010 12.339000 0.031000
3500.747100 12.131000 0.029000
3503.581270 12.167000 0.031000
3509.655300 12.004000 0.030000
3516.791210 11.803000 0.037000
3522.647550 11.600000 0.032000
3524.683740 11.522000 0.030000
3526.669060 11.458000 0.040000
3528.672240 11.398000 0.031000
3547.597510 11.007000 0.032000
3554.619450 11.070000 0.031000
3564.493060 11.467000 0.027000
3569.613480 11.719000 0.032000
3573.590420 11.905000 0.033000
3575.602460 12.033000 0.030000
3577.616660 12.107000 0.028000
3583.599200 12.669000 0.037000
3586.521770 12.793000 0.027000
3597.499190 13.695000 0.034000
3738.838880 11.390000 0.030000
3742.836460 11.234000 0.027000
3750.835930 11.183000 0.034000
3760.814460 11.359000 0.030000
3763.868160 11.907000 0.034000
3767.819720 11.639000 0.029000
3775.827580 12.101000 0.033000
3788.839530 13.057000 0.037000
3805.819690 14.048000 0.030000
3821.802330 15.149000 0.042000
3872.630700 14.735000 0.039000
3875.720690 14.443000 0.032000
3877.783660 14.346000 0.034000
3881.567800 13.955000 0.033000
3891.572910 13.930000 0.033000
3898.582700 13.433000 0.030000
3900.602290 13.374000 0.027000
3904.638660 13.366000 0.029000
3906.656040 13.231000 0.031000
3908.646660 13.187000 0.030000
3912.677460 12.982000 0.026000
4128.819710 11.874000 0.029000
4134.859400 11.500000 0.030000
4137.858070 11.352000 0.034000
4142.882140 11.081000 0.034000
4152.791000 10.967000 0.036000
4157.788000 11.024000 0.035000
4160.767990 11.124000 0.036000
4162.820710 11.129000 0.038000
4164.828350 11.230000 0.030000
4172.835640 11.501000 0.031000
4175.743590 11.626000 0.035000
4185.779290 12.066000 0.040000
4202.684670 13.423000 0.040000
4207.744050 13.899000 0.038000
4292.539950 14.388000 0.030000
4296.543470 14.223000 0.038000
4298.548090 13.671000 0.040000
4308.560600 13.089000 0.037000
4311.547730 13.121000 0.035000
4316.581590 12.801000 0.035000
4333.489170 11.638000 0.035000
4337.492110 11.444000 0.040000
4340.515880 11.430000 0.040000
4343.499770 11.364000 0.030000
4345.507690 11.340000 0.035000
4348.488390 11.298000 0.031000
4350.504250 11.315000 0.038000
4353.487250 11.292000 0.032000
4497.859640 13.645000 0.036000
4501.811290 13.741000 0.031000
4507.828090 13.220000 0.036000
4510.817240 12.729000 0.034000
4514.833270 12.479000 0.030000
4517.804360 12.219000 0.033000
4520.664900 11.984000 0.031000
4524.842760 11.644000 0.035000
4527.766450 11.453000 0.029000
4529.832270 11.364000 0.032000
4532.762260 11.254000 0.039000
4536.736210 11.076000 0.034000
4538.802410 11.016000 0.032000
4541.736000 10.926000 0.033000
4543.793520 10.895000 0.038000
4547.773830 10.815000 0.032000
4555.838130 10.820000 0.031000
4558.689730 10.852000 0.033000
4560.738550 10.913000 0.034000
4565.669840 11.008000 0.029000
4567.723640 11.086000 0.038000
4569.710700 11.122000 0.036000
4571.711520 11.183000 0.033000
4573.707300 11.259000 0.035000
4578.781690 11.393000 0.038000
4580.731310 11.589000 0.035000
4583.869870 11.757000 0.040000
4589.656500 12.066000 0.040000
4591.670650 12.204000 0.040000
4593.707240 12.316000 0.036000
4597.644070 12.495000 0.033000
4599.709150 12.762000 0.037000
4602.551670 12.746000 0.033000
4610.752140 13.066000 0.040000
4612.753860 13.081000 0.033000
4616.755590 13.370000 0.034000
4622.704460 13.483000 0.032000
4633.540560 14.071000 0.040000
4639.595300 14.285000 0.038000
4698.522830 13.658000 0.035000
4700.532510 13.963000 0.036000
4703.489350 13.640000 0.040000
4705.506900 13.289000 0.037000
4722.481850 12.003000 0.041000
4917.735120 12.263000 0.035000
4947.791740 11.610000 0.036000
1885.861270 11.591000 0.036000
1889.862530 11.442000 0.039000
1928.774290 11.530000 0.032000
1949.789330 12.867000 0.051000
1950.848690 12.986000 0.046000
2052.561250 13.933000 0.034000
2055.568880 14.123000 0.035000
2071.546360 13.229000 0.038000
2079.504070 12.999000 0.046000
2497.481980 12.034000 0.045000
2500.480680 11.936000 0.043000
2502.526270 11.810000 0.047000
2685.795870 12.085000 0.043000
2689.788800 12.100000 0.046000
2697.800180 11.894000 0.046000
2701.761750 11.784000 0.049000
2724.729730 11.494000 0.043000
2751.834650 11.800000 0.050000
3411.823410 14.154000 0.041000
3446.801470 14.731000 0.041000
3460.770610 14.212000 0.039000
3479.688210 12.739000 0.047000
3497.730780 12.142000 0.050000
3530.685750 11.325000 0.047000
3544.496870 11.069000 0.042000
3556.672960 11.199000 0.042000
3560.510310 11.311000 0.046000
3562.502300 11.407000 0.044000
3588.558390 13.111000 0.049000
3601.498880 13.911000 0.049000
3606.534130 14.519000 0.043000
3727.840250 12.261000 0.044000
3734.842790 11.706000 0.038000
3746.824150 11.213000 0.046000
3772.821470 11.835000 0.037000
3779.782850 12.278000 0.043000
3783.794810 12.609000 0.041000
3791.795300 13.310000 0.048000
3803.761910 13.930000 0.042000
3814.784990 14.688000 0.045000
3883.634830 14.130000 0.045000
3887.594420 13.967000 0.037000
3981.515340 12.220000 0.044000
4104.841630 12.763000 0.040000
4109.854740 12.627000 0.041000
4131.864280 11.594000 0.049000
4145.817840 10.978000 0.044000
4154.851270 10.979000 0.039000
4180.814430 11.830000 0.042000
4183.719370 12.053000 0.048000
4196.746000 13.046000 0.042000
4198.787330 13.007000 0.054000
4204.717630 13.571000 0.045000
4300.506190 14.186000 0.056000
4306.476940 13.318000 0.053000
4504.836270 13.309000 0.046000
4545.782690 10.835000 0.047000
4551.767770 10.787000 0.045000
4562.805290 10.946000 0.045000
4587.590710 11.875000 0.044000
4595.671580 12.308000 0.044000
4606.659750 12.949000 0.048000
4608.663650 12.829000 0.045000
4648.524340 14.881000 0.044000
4709.500260 12.903000 0.040000
4894.813850 14.542000 0.062000
4906.794030 12.860000 0.035000
4909.728080 12.823000 0.042000
4914.771680 12.530000 0.052000
4924.914550 12.192000 0.049000
4935.827990 11.966000 0.039000
4940.691060 11.832000 0.041000
4945.736690 11.658000 0.052000
4952.701640 11.541000 0.053000
4954.670460 11.491000 0.042000
4961.644940 11.500000 0.044000
4968.576470 11.549000 0.044000
4975.714940 11.512000 0.037000
4993.700110 11.739000 0.035000
5006.672480 12.194000 0.042000
5009.557570 12.376000 0.039000
5015.496440 12.923000 0.041000
5022.628050 13.452000 0.050000
5024.628310 13.653000 0.042000
5037.499160 14.327000 0.050000
1954.873360 29.999000 0.041000
1965.779070 29.999000 0.034000
1967.801830 29.999000 0.036000
1977.741010 29.999000 0.041000
1978.811840 29.999000 0.048000
1984.736760 29.999000 0.044000
1993.740360 29.999000 0.049000
1996.707400 29.999000 0.042000
1997.704600 29.999000 0.042000
2009.726910 29.999000 0.057000
2025.619860 29.999000 0.027000
2030.617730 29.999000 0.031000
2034.601090 29.999000 0.029000
2442.530240 29.999000 0.039000
2452.487680 29.999000 0.034000
2456.511170 29.999000 0.039000
2629.844870 29.999000 0.028000
2635.839150 29.999000 0.027000
2639.837010 29.999000 0.023000
2643.831060 29.999000 0.024000
2646.832030 29.999000 0.035000
2659.858600 29.999000 0.027000
2808.650470 29.999000 0.024000
2813.639730 29.999000 0.024000
2826.527910 29.999000 0.028000
2831.646790 29.999000 0.030000
2840.562560 29.999000 0.025000
2842.563680 29.999000 0.032000
2851.587020 29.999000 0.026000
2862.525330 29.999000 0.028000
2989.848240 29.999000 0.028000
3007.834550 29.999000 0.025000
3011.829060 29.999000 0.031000
3017.848520 29.999000 0.026000
3030.840320 29.999000 0.025000
3034.814180 29.999000 0.025000
3051.815020 29.999000 0.025000
3054.814520 29.999000 0.026000
3420.797490 29.999000 0.048000
3423.790170 29.999000 0.041000
3431.830830 29.999000 0.030000
3603.522610 29.999000 0.039000
3808.763290 29.999000 0.036000
3816.805220 29.999000 0.030000
3819.713640 29.999000 0.039000
3824.701630 29.999000 0.025000
3831.741240 29.999000 0.027000
3847.864140 29.999000 0.030000
3849.793060 29.999000 0.031000
3852.620940 29.999000 0.043000
3858.817070 29.999000 0.037000
3861.601670 29.999000 0.035000
3870.631400 29.999000 0.028000
4462.844420 29.999000 0.036000
4486.837840 29.999000 0.037000
4490.837430 29.999000 0.031000
4652.612260 29.999000 0.034000
4654.582160 29.999000 0.036000
4664.625800 29.999000 0.035000
4666.639130 29.999000 0.036000
4670.605800 29.999000 0.035000
4835.838000 29.999000 0.032000
4839.830300 29.999000 0.034000
4843.825800 29.999000 0.037000
4847.834250 29.999000 0.035000
4852.820490 29.999000 0.029000
4856.854600 29.999000 0.037000
4868.855530 29.999000 0.028000
4871.835080 29.999000 0.035000
4881.804070 29.999000 0.029000
4884.793120 29.999000 0.038000
1962.832010 29.999000 0.041000
1964.794890 29.999000 0.033000
1968.789190 29.999000 0.038000
1971.793210 29.999000 0.039000
1976.808630 29.999000 0.042000
1979.742600 29.999000 0.045000
1982.801260 29.999000 0.038000
1994.753060 29.999000 0.043000
1995.764170 29.999000 0.044000
1998.700910 29.999000 0.050000
2000.694700 29.999000 0.047000
2026.639390 29.999000 0.029000
2032.620290 29.999000 0.028000
2033.607990 29.999000 0.031000
2037.650650 29.999000 0.029000
2040.598920 29.999000 0.050000
2474.478060 29.999000 0.051000
2624.846440 29.999000 0.034000
2652.843960 29.999000 0.024000
2810.552150 29.999000 0.023000
2811.709230 29.999000 0.025000
2821.518110 29.999000 0.027000
2830.514180 29.999000 0.036000
3003.853040 29.999000 0.034000
3025.849360 29.999000 0.023000
3041.822460 29.999000 0.027000
3043.829160 29.999000 0.029000
3060.790300 29.999000 0.028000
3187.546850 29.999000 0.031000
3190.583860 29.999000 0.026000
3414.814530 29.999000 0.031000
3417.812300 29.999000 0.031000
3425.813120 29.999000 0.030000
3438.777590 29.999000 0.040000
3442.773410 29.999000 0.038000
3452.719670 29.999000 0.037000
3454.764070 29.999000 0.029000
3458.759320 29.999000 0.035000
3618.479730 29.999000 0.031000
3826.752510 29.999000 0.031000
3829.686950 29.999000 0.039000
3833.724060 29.999000 0.038000
3835.726190 29.999000 0.041000
3854.671040 29.999000 0.043000
3856.717300 29.999000 0.058000
3863.638180 29.999000 0.035000
3868.637590 29.999000 0.042000
4212.864040 29.999000 0.038000
4215.810070 29.999000 0.036000
4227.655400 29.999000 0.032000
4229.658890 29.999000 0.034000
4233.666990 29.999000 0.030000
4235.668280 29.999000 0.033000
4237.680040 29.999000 0.040000
4246.600280 29.999000 0.031000
4253.581760 29.999000 0.037000
4254.733290 29.999000 0.036000
4257.559920 29.999000 0.034000
4259.585010 29.999000 0.036000
4267.582700 29.999000 0.038000
4269.614320 29.999000 0.038000
4272.568480 29.999000 0.037000
4278.514030 29.999000 0.037000
4282.552120 29.999000 0.038000
4284.571110 29.999000 0.038000
4286.565140 29.999000 0.037000
4290.578220 29.999000 0.031000
4294.552220 29.999000 0.030000
4458.850140 29.999000 0.040000
4470.851210 29.999000 0.035000
4478.856090 29.999000 0.037000
4482.858720 29.999000 0.046000
4641.631160 29.999000 0.036000
4660.484610 29.999000 0.042000
4662.628170 29.999000 0.047000
4677.515460 29.999000 0.029000
4682.521960 29.999000 0.055000
4694.520540 29.999000 0.045000
4820.849420 29.999000 0.043000
4827.846310 29.999000 0.033000
4861.844610 29.999000 0.037000
4865.834190 29.999000 0.037000
4887.810200 29.999000 0.052000
5048.510450 29.999000 0.043000
5057.512070 29.999000 0.044000
5080.494660 29.999000 0.046000
5085.495380 29.999000 0.051000
