2025.672760 10.691000 0.035000
2102.512050 13.147000 0.040000
2463.534520 13.480000 0.037000
2512.566620 13.066000 0.039000
2783.892550 12.156000 0.033000
3162.648890 13.227000 0.032000
2026.692990 10.270000 0.033000
2027.684980 10.263000 0.034000
2030.674850 10.273000 0.032000
2031.684030 10.287000 0.036000
2032.672190 10.282000 0.033000
2033.664140 10.331000 0.033000
2052.609060 10.665000 0.039000
2053.642080 10.689000 0.038000
2054.640670 10.761000 0.038000
2056.626220 10.805000 0.037000
2058.618910 10.875000 0.040000
2067.543180 11.352000 0.044000
2068.592970 11.401000 0.040000
2070.590510 11.522000 0.037000
2081.564590 12.155000 0.037000
2082.591390 12.382000 0.032000
2083.568870 12.311000 0.039000
2085.557920 12.456000 0.036000
2086.559870 12.586000 0.042000
2087.560560 12.594000 0.035000
2088.554510 12.583000 0.035000
2093.560320 12.828000 0.036000
2094.545430 12.995000 0.042000
2096.539040 12.985000 0.039000
2105.486820 13.310000 0.034000
2520.485060 12.976000 0.032000
2521.506730 12.733000 0.030000
2526.542840 12.218000 0.039000
2535.479420 11.493000 0.043000
2755.697050 13.695000 0.030000
2757.675610 13.726000 0.032000
2763.651880 13.206000 0.038000
2764.772430 13.013000 0.030000
2770.684940 12.754000 0.037000
2783.833330 12.164000 0.033000
2785.714580 12.090000 0.030000
2787.669880 11.968000 0.030000
2790.698150 11.810000 0.030000
2794.587130 11.588000 0.042000
2804.614940 11.064000 0.036000
2808.616470 10.904000 0.031000
2809.781220 10.881000 0.033000
2811.664150 10.815000 0.030000
2812.760120 10.944000 0.030000
2820.628940 10.683000 0.031000
2822.662690 10.706000 0.043000
2826.667340 10.635000 0.042000
2831.539350 10.727000 0.034000
2832.661840 10.705000 0.032000
2834.563380 10.686000 0.032000
2835.660770 10.704000 0.034000
2838.640730 10.788000 0.033000
2840.693040 10.756000 0.030000
2845.686010 10.925000 0.034000
2851.501710 11.111000 0.030000
2853.630270 11.167000 0.037000
2861.484890 11.557000 0.031000
2862.637500 11.651000 0.035000
2866.637320 11.845000 0.031000
2874.589370 12.139000 0.030000
2876.584950 12.387000 0.029000
2878.581510 12.427000 0.039000
2882.546930 12.509000 0.032000
2886.500500 12.855000 0.029000
2894.512810 13.374000 0.029000
2896.542470 13.287000 0.030000
2898.533070 13.362000 0.029000
2900.528000 13.396000 0.029000
3035.850480 13.388000 0.030000
3041.879910 12.761000 0.031000
3051.889460 11.837000 0.033000
3055.825120 11.440000 0.031000
3062.809560 11.069000 0.042000
3066.845920 10.891000 0.030000
3069.814420 10.802000 0.031000
3072.811680 10.812000 0.032000
3085.836690 10.831000 0.035000
3087.838960 10.837000 0.032000
3090.760080 10.812000 0.033000
3096.829620 10.928000 0.031000
3098.802460 11.027000 0.030000
3100.791950 11.031000 0.031000
3104.792160 11.232000 0.033000
3106.787620 11.270000 0.032000
3108.789210 11.488000 0.030000
3111.718880 11.515000 0.033000
3113.763950 11.540000 0.034000
3115.779500 11.662000 0.031000
3118.864340 11.842000 0.029000
3122.709010 12.000000 0.030000
3124.753600 12.155000 0.029000
3126.712630 12.210000 0.030000
3128.691390 12.407000 0.032000
3132.717610 12.537000 0.032000
3142.731430 13.069000 0.029000
3145.727610 13.429000 0.033000
3392.860700 12.922000 0.042000
1976.849690 13.098000 0.048000
1996.762110 12.578000 0.056000
2495.529010 13.410000 0.049000
1993.806530 12.580000 0.056000
2055.622480 10.801000 0.042000
2062.598020 11.035000 0.046000
2069.600070 11.423000 0.040000
2079.557290 12.125000 0.050000
2524.509470 12.406000 0.046000
2782.667550 12.172000 0.053000
2859.470050 11.465000 0.049000
3080.785950 10.773000 0.044000
3134.720060 12.709000 0.045000
3387.865410 12.564000 0.052000
1918.838280 29.999000 0.034000
1920.852810 29.999000 0.037000
1924.839670 29.999000 0.035000
1926.872910 29.999000 0.035000
1935.802140 29.999000 0.035000
1938.815080 29.999000 0.036000
1940.855770 29.999000 0.035000
1953.794230 29.999000 0.041000
1958.807320 29.999000 0.040000
1963.786320 29.999000 0.039000
1964.854740 29.999000 0.039000
1966.774500 29.999000 0.044000
1971.885950 29.999000 0.045000
1983.896130 29.999000 0.048000
1995.730270 29.999000 0.050000
2130.540230 29.999000 0.034000
2141.524620 29.999000 0.037000
2440.581620 29.999000 0.035000
2441.584920 29.999000 0.034000
2443.574240 29.999000 0.034000
2459.537650 29.999000 0.036000
2466.528950 29.999000 0.038000
2497.523150 29.999000 0.040000
2499.491190 29.999000 0.038000
2508.507850 29.999000 0.033000
2509.559260 29.999000 0.047000
2641.868110 29.999000 0.037000
2645.860010 29.999000 0.031000
2659.823710 29.999000 0.035000
2662.842500 29.999000 0.031000
2664.849500 29.999000 0.040000
2672.831470 29.999000 0.031000
2677.849770 29.999000 0.037000
2689.837310 29.999000 0.054000
2701.773730 29.999000 0.029000
2707.796090 29.999000 0.032000
2709.790930 29.999000 0.029000
2711.783930 29.999000 0.034000
2713.781230 29.999000 0.032000
2721.838580 29.999000 0.035000
2725.749660 29.999000 0.034000
2731.865570 29.999000 0.031000
2736.731540 29.999000 0.033000
2738.750120 29.999000 0.031000
2740.752930 29.999000 0.033000
2742.702390 29.999000 0.034000
2744.719700 29.999000 0.043000
2749.775800 29.999000 0.031000
2751.677890 29.999000 0.040000
2759.729680 29.999000 0.032000
3013.866690 29.999000 0.035000
3159.642010 29.999000 0.039000
3169.560630 29.999000 0.029000
3175.771930 29.999000 0.030000
3178.568260 29.999000 0.033000
3190.603180 29.999000 0.030000
1914.849950 29.999000 0.034000
1925.876560 29.999000 0.037000
1930.812910 29.999000 0.035000
1932.835780 29.999000 0.035000
1946.802580 29.999000 0.038000
1948.830410 29.999000 0.037000
1950.800790 29.999000 0.059000
1961.829440 29.999000 0.043000
1967.891000 29.999000 0.044000
1978.765980 29.999000 0.048000
1979.769100 29.999000 0.050000
1980.748750 29.999000 0.058000
1981.767380 29.999000 0.047000
1984.796480 29.999000 0.046000
1985.786930 29.999000 0.049000
2103.540770 29.999000 0.035000
2109.543170 29.999000 0.037000
2115.487540 29.999000 0.036000
2116.511200 29.999000 0.039000
2124.463200 29.999000 0.039000
2128.468940 29.999000 0.035000
2132.529500 29.999000 0.034000
2134.535080 29.999000 0.037000
2143.516440 29.999000 0.037000
2452.541180 29.999000 0.044000
2454.560080 29.999000 0.037000
2456.542250 29.999000 0.035000
2464.535110 29.999000 0.038000
2465.534970 29.999000 0.042000
2467.524840 29.999000 0.034000
2468.527840 29.999000 0.034000
2469.524820 29.999000 0.047000
2470.516570 29.999000 0.038000
2473.503160 29.999000 0.040000
2481.484040 29.999000 0.040000
2490.482420 29.999000 0.051000
2493.498610 29.999000 0.047000
2503.483310 29.999000 0.042000
2651.850120 29.999000 0.035000
2655.867820 29.999000 0.031000
2679.858520 29.999000 0.033000
2695.789910 29.999000 0.039000
2698.833570 29.999000 0.032000
2705.799890 29.999000 0.031000
2719.674700 29.999000 0.033000
2723.778940 29.999000 0.046000
2727.774050 29.999000 0.033000
2734.726630 29.999000 0.028000
2904.517580 29.999000 0.036000
2906.513360 29.999000 0.028000
2909.516910 29.999000 0.029000
3008.858110 29.999000 0.036000
3019.856140 29.999000 0.037000
3031.856570 29.999000 0.031000
3152.850740 29.999000 0.032000
3154.601060 29.999000 0.030000
3164.671360 29.999000 0.030000
3166.800980 29.999000 0.032000
3180.674110 29.999000 0.030000
3183.654690 29.999000 0.031000
3187.563890 29.999000 0.031000
3277.488040 29.999000 0.034000
4179.833360 12.386000 0.042000
4694.610220 12.334000 0.045000
1985.774110 13.123000 0.045000
1997.745590 12.387000 0.044000
2000.736990 12.365000 0.047000
2027.671880 10.309000 0.031000
2030.659480 10.283000 0.033000
2032.670250 10.273000 0.033000
2033.648750 10.319000 0.031000
2053.562710 10.683000 0.032000
2057.612430 10.825000 0.033000
2058.603160 10.884000 0.038000
2067.603100 11.313000 0.034000
2068.597430 11.436000 0.035000
2069.584240 11.456000 0.036000
2070.574670 11.512000 0.033000
2083.548150 12.407000 0.036000
2782.665400 12.224000 0.036000
3055.817940 11.478000 0.031000
3389.866730 12.834000 0.042000
3397.848780 12.954000 0.035000
3406.825990 13.536000 0.045000
3409.865480 13.351000 0.039000
3547.723120 13.734000 0.035000
3569.629010 13.201000 0.034000
3571.670510 12.844000 0.037000
3574.675750 12.574000 0.036000
3577.563460 12.215000 0.031000
3583.619790 11.667000 0.035000
3591.511500 11.143000 0.038000
3597.506330 10.956000 0.035000
3601.509190 10.977000 0.033000
3606.543510 10.915000 0.044000
3617.518220 11.012000 0.037000
3628.509490 11.360000 0.037000
3631.495500 11.449000 0.035000
3634.486880 11.743000 0.035000
3641.487700 11.937000 0.034000
3833.766130 13.138000 0.043000
3835.762900 12.773000 0.044000
3837.749750 12.609000 0.035000
3847.915110 11.723000 0.036000
3849.812650 11.511000 0.038000
3852.666890 11.335000 0.032000
3856.752010 11.232000 0.043000
3861.647460 11.206000 0.036000
3866.527310 11.222000 0.037000
3870.681900 11.270000 0.035000
3875.770270 11.379000 0.039000
3877.821300 11.429000 0.035000
3881.571130 11.504000 0.038000
3887.641320 11.736000 0.037000
3889.642990 11.753000 0.038000
3891.619360 11.823000 0.034000
3893.612780 11.905000 0.036000
3901.671730 12.309000 0.038000
3903.672530 12.348000 0.041000
3907.675270 12.505000 0.034000
4129.854620 10.242000 0.044000
4137.824380 10.400000 0.035000
4161.813800 11.486000 0.037000
4164.813170 11.656000 0.033000
4174.748810 12.167000 0.040000
4176.843520 12.255000 0.045000
4182.779060 12.541000 0.042000
4185.754170 12.758000 0.036000
4188.894850 12.578000 0.037000
4191.715850 13.020000 0.035000
4193.758610 12.932000 0.039000
4207.801730 13.618000 0.045000
4329.585000 13.348000 0.036000
4340.557440 13.356000 0.036000
4346.561820 13.035000 0.036000
4351.543040 12.929000 0.038000
4354.533130 12.448000 0.032000
4362.492030 11.683000 0.034000
4367.497410 11.352000 0.040000
4375.480900 11.196000 0.035000
4601.730680 13.509000 0.035000
4611.788690 13.161000 0.034000
4615.828290 12.871000 0.039000
4617.690530 12.573000 0.039000
4623.643820 12.186000 0.036000
4627.604420 11.773000 0.034000
4629.591430 11.661000 0.035000
4638.763680 11.086000 0.040000
4640.736370 11.006000 0.041000
4642.723200 10.993000 0.040000
4644.743900 10.954000 0.043000
4647.504850 10.893000 0.039000
4649.570460 10.909000 0.043000
4651.612460 10.951000 0.042000
4653.635800 10.908000 0.034000
4655.576720 10.965000 0.038000
4662.511890 11.047000 0.034000
4664.541720 11.073000 0.036000
4666.592930 11.135000 0.037000
4670.555150 11.240000 0.042000
4672.581360 11.294000 0.039000
4683.536730 11.804000 0.046000
4701.504440 12.810000 0.039000
4703.523980 12.669000 0.045000
4705.554530 12.952000 0.039000
4708.555780 12.921000 0.042000
4721.513410 13.451000 0.041000
4866.864770 12.875000 0.037000
4870.824470 12.787000 0.039000
4875.857600 12.246000 0.038000
4881.815740 11.674000 0.038000
4917.793930 10.374000 0.044000
4926.786450 10.645000 0.039000
4937.817300 11.028000 0.044000
4969.730590 12.567000 0.046000
4972.805170 12.750000 0.040000
4991.631490 13.375000 0.041000
4994.694000 13.475000 0.039000
4984.631320 13.499000 0.050000
1984.792280 13.058000 0.046000
1998.747640 12.432000 0.049000
2014.703450 10.757000 0.049000
2018.691560 10.479000 0.055000
2040.647120 10.429000 0.047000
3101.637030 11.087000 0.050000
3558.567650 13.426000 0.042000
3562.550590 13.290000 0.048000
3586.528270 11.468000 0.047000
3588.565820 11.304000 0.046000
3828.835050 13.343000 0.045000
3854.732240 11.154000 0.055000
3872.680090 11.339000 0.050000
3883.641450 11.579000 0.047000
3899.632020 12.035000 0.047000
3905.669870 12.488000 0.051000
4144.814710 10.656000 0.042000
4155.843740 11.134000 0.054000
4198.782670 13.006000 0.049000
4681.535800 11.681000 0.055000
4699.486020 12.459000 0.049000
4725.506710 13.408000 0.051000
4887.838290 11.076000 0.049000
4920.750480 10.480000 0.047000
4929.805950 10.701000 0.047000
4935.766380 10.902000 0.053000
4940.687340 11.116000 0.047000
4945.775890 11.479000 0.050000
4948.669750 11.446000 0.044000
4950.797870 11.513000 0.047000
4954.717630 11.719000 0.052000
4962.693130 12.129000 0.055000
4967.716680 12.435000 0.051000
1902.861400 29.999000 0.037000
1920.848600 29.999000 0.034000
1922.841920 29.999000 0.035000
1924.830880 29.999000 0.032000
1930.801680 29.999000 0.033000
1932.831790 29.999000 0.034000
1940.814060 29.999000 0.033000
1948.827930 29.999000 0.035000
1963.775260 29.999000 0.039000
1979.760040 29.999000 0.048000
2452.538650 29.999000 0.043000
2497.536090 29.999000 0.048000
2509.551860 29.999000 0.053000
2520.510190 29.999000 0.034000
2635.858960 29.999000 0.034000
2653.857480 29.999000 0.032000
2658.833180 29.999000 0.034000
2663.842060 29.999000 0.037000
2674.837660 29.999000 0.043000
2677.810600 29.999000 0.040000
2684.859320 29.999000 0.029000
2688.857490 29.999000 0.035000
2690.823330 29.999000 0.033000
2711.780020 29.999000 0.034000
2751.673770 29.999000 0.029000
3008.853160 29.999000 0.035000
3019.819380 29.999000 0.040000
3031.846630 29.999000 0.029000
3062.799320 29.999000 0.033000
3219.480640 29.999000 0.035000
3277.495790 29.999000 0.031000
3419.837340 29.999000 0.049000
3425.809140 29.999000 0.043000
3445.843530 29.999000 0.044000
3448.779160 29.999000 0.050000
3450.816600 29.999000 0.057000
3453.714030 29.999000 0.035000
3460.803500 29.999000 0.033000
3463.735440 29.999000 0.044000
3465.789060 29.999000 0.041000
3468.764350 29.999000 0.034000
3470.854080 29.999000 0.035000
3473.706780 29.999000 0.033000
3475.783510 29.999000 0.045000
3477.830920 29.999000 0.047000
3479.775180 29.999000 0.036000
3481.740160 29.999000 0.043000
3490.713630 29.999000 0.044000
3492.718740 29.999000 0.045000
3496.711380 29.999000 0.034000
3501.759900 29.999000 0.049000
3504.630990 29.999000 0.056000
3508.683870 29.999000 0.033000
3508.790030 29.999000 0.033000
3508.792520 29.999000 0.032000
3508.805610 29.999000 0.036000
3509.460690 29.999000 0.034000
3511.610990 29.999000 0.031000
3515.678330 29.999000 0.036000
3523.634290 29.999000 0.040000
3525.661480 29.999000 0.037000
3537.752880 29.999000 0.039000
3542.580560 29.999000 0.041000
3560.572760 29.999000 0.054000
3739.862210 29.999000 0.038000
3744.864140 29.999000 0.045000
3769.856290 29.999000 0.047000
3773.849260 29.999000 0.040000
3783.854530 29.999000 0.038000
3792.834140 29.999000 0.039000
3795.824990 29.999000 0.036000
3804.844760 29.999000 0.046000
3810.786190 29.999000 0.034000
3815.830890 29.999000 0.041000
3821.756050 29.999000 0.045000
3823.838710 29.999000 0.048000
3826.740560 29.999000 0.036000
4202.723610 29.999000 0.042000
4212.905950 29.999000 0.041000
4230.770660 29.999000 0.036000
4234.783850 29.999000 0.046000
4246.639420 29.999000 0.038000
4253.643810 29.999000 0.044000
4255.679970 29.999000 0.043000
4257.678590 29.999000 0.041000
4259.711360 29.999000 0.045000
4267.595540 29.999000 0.037000
4272.580600 29.999000 0.035000
4283.636810 29.999000 0.040000
4285.630240 29.999000 0.040000
4289.629790 29.999000 0.038000
4293.623050 29.999000 0.034000
4295.636300 29.999000 0.034000
4297.630140 29.999000 0.037000
4299.599400 29.999000 0.042000
4301.560850 29.999000 0.047000
4307.516570 29.999000 0.045000
4309.608890 29.999000 0.046000
4311.659270 29.999000 0.044000
4334.486990 29.999000 0.039000
4338.490380 29.999000 0.040000
4342.562100 29.999000 0.045000
4344.562930 29.999000 0.050000
4349.501070 29.999000 0.035000
4587.629060 29.999000 0.044000
4593.748960 29.999000 0.035000
4595.813160 29.999000 0.036000
4597.703600 29.999000 0.037000
4862.844520 29.999000 0.041000
4884.848190 29.999000 0.045000
5099.498410 29.999000 0.049000
1907.867090 29.999000 0.038000
1914.857070 29.999000 0.031000
1918.845460 29.999000 0.035000
1925.874750 29.999000 0.033000
1937.869020 29.999000 0.034000
1946.796860 29.999000 0.036000
1950.796810 29.999000 0.056000
2158.487520 29.999000 0.037000
2442.563120 29.999000 0.034000
2456.537440 29.999000 0.034000
2459.532780 29.999000 0.040000
2464.532480 29.999000 0.037000
2466.514750 29.999000 0.034000
2468.504590 29.999000 0.035000
2469.522170 29.999000 0.048000
2481.479030 29.999000 0.039000
2493.518390 29.999000 0.051000
2503.473690 29.999000 0.040000
2508.500440 29.999000 0.035000
2642.869580 29.999000 0.039000
2661.831380 29.999000 0.030000
2668.831270 29.999000 0.041000
2671.849030 29.999000 0.053000
2679.840400 29.999000 0.053000
2686.858240 29.999000 0.032000
2697.827470 29.999000 0.050000
2699.840190 29.999000 0.028000
2707.792170 29.999000 0.032000
2709.777900 29.999000 0.028000
2715.762700 29.999000 0.031000
2723.763550 29.999000 0.036000
2727.758730 29.999000 0.031000
2736.725200 29.999000 0.032000
2738.730050 29.999000 0.045000
2740.748920 29.999000 0.032000
2755.695180 29.999000 0.029000
2761.646650 29.999000 0.036000
3012.857170 29.999000 0.033000
3035.843280 29.999000 0.030000
3413.817320 29.999000 0.054000
3422.842900 29.999000 0.052000
3436.816280 29.999000 0.035000
3443.797550 29.999000 0.043000
3455.732790 29.999000 0.032000
3483.711690 29.999000 0.032000
3499.713310 29.999000 0.043000
3517.661980 29.999000 0.038000
3521.630260 29.999000 0.042000
3529.653790 29.999000 0.056000
3554.688570 29.999000 0.035000
3564.551380 29.999000 0.035000
3748.852880 29.999000 0.041000
3752.849090 29.999000 0.039000
3756.847570 29.999000 0.035000
3761.841610 29.999000 0.033000
3765.839610 29.999000 0.047000
3779.816190 29.999000 0.043000
3789.805050 29.999000 0.031000
3798.814710 29.999000 0.049000
3802.779730 29.999000 0.048000
3807.876830 29.999000 0.033000
3818.769420 29.999000 0.044000
3831.728730 29.999000 0.044000
3981.522460 29.999000 0.041000
4204.769110 29.999000 0.038000
4216.697420 29.999000 0.041000
4228.773000 29.999000 0.039000
4232.769000 29.999000 0.033000
4269.622970 29.999000 0.042000
4274.599220 29.999000 0.039000
4291.633470 29.999000 0.040000
4315.500610 29.999000 0.042000
4317.569320 29.999000 0.034000
4480.849260 29.999000 0.039000
4486.874230 29.999000 0.043000
4491.832940 29.999000 0.042000
4499.826060 29.999000 0.038000
4502.848740 29.999000 0.045000
4506.825920 29.999000 0.060000
4516.799600 29.999000 0.043000
4519.828030 29.999000 0.041000
4525.883920 29.999000 0.040000
4528.818460 29.999000 0.041000
4535.807180 29.999000 0.037000
4538.782250 29.999000 0.039000
4540.848590 29.999000 0.039000
4543.776390 29.999000 0.043000
4545.832450 29.999000 0.040000
4547.860040 29.999000 0.037000
4552.816000 29.999000 0.040000
4555.745920 29.999000 0.040000
4557.820600 29.999000 0.035000
4560.726520 29.999000 0.037000
4562.792540 29.999000 0.035000
4565.718360 29.999000 0.040000
4567.772130 29.999000 0.043000
4570.706370 29.999000 0.035000
4572.733690 29.999000 0.036000
4574.728890 29.999000 0.039000
4580.738130 29.999000 0.039000
4583.873340 29.999000 0.034000
4589.698120 29.999000 0.042000
4591.710070 29.999000 0.040000
4607.664380 29.999000 0.039000
4609.804950 29.999000 0.036000
4728.492450 29.999000 0.050000
4837.856180 29.999000 0.042000
4846.855350 29.999000 0.032000
5006.701950 29.999000 0.049000
5009.563980 29.999000 0.047000
5019.602830 29.999000 0.053000
5021.623330 29.999000 0.044000
5023.626290 29.999000 0.042000
5025.637020 29.999000 0.053000
5047.628690 29.999000 0.052000
5057.525700 29.999000 0.045000
5066.532130 29.999000 0.054000
5080.507100 29.999000 0.054000
5087.496480 29.999000 0.048000
5090.492340 29.999000 0.048000
3115.894450 11.740000 0.033000
3471.737550 13.762000 0.033000
3811.805470 13.820000 0.031000
3819.785990 13.208000 0.028000
3828.756450 13.206000 0.039000
3875.785810 11.514000 0.031000
3900.647840 12.550000 0.033000
3902.665400 12.695000 0.028000
3904.686960 12.718000 0.031000
3906.698540 12.855000 0.029000
4127.850440 10.551000 0.029000
4144.841780 11.192000 0.036000
4160.842020 12.614000 0.036000
4202.753630 13.259000 0.041000
4257.696440 13.550000 0.039000
4269.645390 13.778000 0.038000
4295.642240 13.753000 0.037000
4344.516600 13.494000 0.033000
4488.853780 13.738000 0.040000
4499.873210 13.405000 0.037000
4503.859280 13.735000 0.034000
4511.835370 13.829000 0.029000
4539.823800 13.417000 0.040000
4561.760820 13.731000 0.033000
4569.726840 13.505000 0.034000
4609.588080 13.289000 0.038000
4672.598080 11.758000 0.039000
4683.554120 12.120000 0.039000
4701.592230 12.917000 0.036000
4730.508110 13.419000 0.044000
4847.870420 13.420000 0.031000
4862.874660 13.203000 0.035000
4891.829920 11.356000 0.041000
2025.679630 10.275000 0.029000
2052.622780 10.714000 0.036000
2067.550790 11.276000 0.036000
3396.856530 13.033000 0.037000
3547.739120 13.922000 0.035000
3554.705430 13.634000 0.029000
3558.582810 13.740000 0.030000
3560.584080 13.719000 0.031000
3564.562200 13.347000 0.032000
3573.620400 12.628000 0.033000
3575.631710 12.512000 0.030000
3583.629090 11.669000 0.036000
3597.509640 10.984000 0.036000
3602.608240 10.963000 0.030000
3825.767180 13.390000 0.034000
3833.783370 13.134000 0.032000
3835.779300 13.108000 0.039000
3837.781340 12.834000 0.032000
3852.818980 11.421000 0.030000
3859.748060 11.196000 0.033000
3861.734210 11.194000 0.034000
3863.722340 11.274000 0.036000
3865.696900 11.268000 0.028000
3870.707270 11.291000 0.038000
3872.704670 11.317000 0.039000
3879.641940 11.422000 0.042000
3881.676730 11.571000 0.032000
3886.660510 11.632000 0.035000
3890.650380 11.801000 0.034000
3898.632290 12.143000 0.038000
3908.754340 12.590000 0.038000
4135.840400 10.324000 0.040000
4139.833690 10.437000 0.035000
4153.863540 11.072000 0.031000
4166.853190 11.959000 0.028000
4184.778180 12.837000 0.038000
4190.821810 13.075000 0.031000
4192.787800 13.014000 0.039000
4204.791920 13.479000 0.037000
4207.847900 13.791000 0.038000
4230.773110 15.199000 0.036000
4346.520150 13.573000 0.039000
4350.544680 12.959000 0.037000
4352.557990 12.701000 0.033000
4355.561460 12.414000 0.035000
4362.495160 11.589000 0.032000
4364.537500 11.928000 0.033000
4368.526510 11.285000 0.036000
4371.501350 11.284000 0.032000
4375.497060 11.268000 0.032000
4381.489460 11.305000 0.032000
4596.723850 14.042000 0.035000
4616.814780 12.876000 0.037000
4620.617010 12.510000 0.039000
4622.773720 12.257000 0.037000
4638.772580 11.046000 0.038000
4640.745240 11.014000 0.037000
4642.732060 10.999000 0.035000
4644.752570 10.946000 0.041000
4647.526780 10.905000 0.035000
4649.579770 10.868000 0.037000
4651.615690 10.953000 0.037000
4653.639040 10.889000 0.032000
4655.579940 10.944000 0.034000
4657.624800 10.923000 0.034000
4662.538010 11.053000 0.034000
4664.564620 11.077000 0.036000
4666.605920 11.192000 0.035000
4670.571740 11.318000 0.040000
4678.608500 11.573000 0.035000
4681.555090 11.714000 0.033000
4690.485980 12.048000 0.040000
4703.598270 12.731000 0.038000
4709.530220 13.190000 0.042000
4721.516640 13.750000 0.038000
4867.861980 12.912000 0.041000
4871.847330 12.800000 0.037000
4876.864370 12.251000 0.033000
4881.861060 11.803000 0.033000
4884.860200 11.431000 0.035000
1984.868370 12.997000 0.047000
1985.800490 13.174000 0.046000
1995.746680 12.739000 0.044000
1996.768920 12.663000 0.045000
3588.569160 11.912000 0.045000
3831.745410 13.003000 0.042000
3850.779140 11.870000 0.046000
4342.502520 13.412000 0.046000
4545.794430 13.879000 0.039000
4948.710820 12.023000 0.039000
4968.721470 12.866000 0.039000
5025.666460 13.710000 0.050000
5057.528940 13.426000 0.040000
2040.671770 10.392000 0.045000
3562.562530 13.460000 0.043000
3586.531570 11.416000 0.056000
3848.767540 11.613000 0.048000
3855.694290 11.238000 0.046000
4131.843830 10.283000 0.049000
4157.823390 11.300000 0.051000
4163.832840 11.708000 0.049000
4172.824070 12.067000 0.046000
4175.805410 12.238000 0.050000
4178.817410 12.214000 0.046000
4181.793790 12.308000 0.042000
4198.806910 12.930000 0.044000
4348.540320 12.997000 0.048000
4724.557910 13.573000 0.042000
4887.889720 11.128000 0.043000
4895.894240 10.570000 0.049000
4899.901980 10.451000 0.047000
4908.889020 10.327000 0.052000
4914.844010 10.317000 0.048000
4917.804990 10.429000 0.042000
4920.772620 10.431000 0.041000
4926.814020 10.603000 0.039000
4929.820520 10.739000 0.045000
4935.790700 10.981000 0.047000
4938.716440 11.095000 0.046000
4940.777810 11.122000 0.043000
4945.814750 11.376000 0.049000
4955.725550 11.765000 0.044000
4966.671270 12.451000 0.038000
4984.658840 13.042000 0.046000
5111.487280 13.504000 0.041000
1907.868850 29.999000 0.043000
1914.872780 29.999000 0.038000
1918.863250 29.999000 0.034000
1925.850920 29.999000 0.036000
1950.823390 29.999000 0.052000
1979.817290 29.999000 0.047000
2672.842930 29.999000 0.035000
2678.830770 29.999000 0.030000
2681.819770 29.999000 0.032000
2683.843230 29.999000 0.031000
2701.819730 29.999000 0.027000
2711.800680 29.999000 0.028000
2724.780960 29.999000 0.034000
3407.840000 29.999000 0.032000
3421.876640 29.999000 0.048000
3453.738820 29.999000 0.029000
3463.755510 29.999000 0.038000
3473.838330 29.999000 0.045000
3478.765710 29.999000 0.037000
3499.845100 29.999000 0.041000
3517.673400 29.999000 0.040000
3537.755810 29.999000 0.032000
3748.862960 29.999000 0.029000
3762.867850 29.999000 0.033000
3795.845840 29.999000 0.034000
4216.716460 29.999000 0.039000
4228.775430 29.999000 0.037000
4492.844220 29.999000 0.029000
4507.837020 29.999000 0.032000
4527.812720 29.999000 0.037000
4530.834710 29.999000 0.036000
4566.821290 29.999000 0.039000
4587.743150 29.999000 0.041000
4589.849110 29.999000 0.030000
1921.850070 29.999000 0.034000
2463.546070 29.999000 0.036000
2642.871320 29.999000 0.038000
2658.851400 29.999000 0.030000
2690.858620 29.999000 0.037000
2699.792810 29.999000 0.035000
2703.830330 29.999000 0.036000
2709.807130 29.999000 0.026000
2713.799590 29.999000 0.028000
3418.824380 29.999000 0.037000
3427.848020 29.999000 0.027000
3438.836520 29.999000 0.030000
3444.827980 29.999000 0.032000
3455.756950 29.999000 0.036000
3468.778820 29.999000 0.027000
3476.726830 29.999000 0.030000
3480.763810 29.999000 0.048000
3496.774730 29.999000 0.033000
3515.681900 29.999000 0.031000
3521.647980 29.999000 0.039000
3772.847890 29.999000 0.029000
3783.873040 29.999000 0.033000
3798.845640 29.999000 0.033000
3802.807050 29.999000 0.034000
3805.824010 29.999000 0.027000
3816.853400 29.999000 0.036000
4212.913800 29.999000 0.037000
4234.794430 29.999000 0.036000
4253.658170 29.999000 0.046000
4267.617480 29.999000 0.042000
4272.611230 29.999000 0.033000
4283.648810 29.999000 0.040000
4285.639730 29.999000 0.048000
4289.635680 29.999000 0.035000
4293.628970 29.999000 0.033000
4299.606170 29.999000 0.038000
4301.564040 29.999000 0.041000
4308.506460 29.999000 0.038000
4312.611240 29.999000 0.037000
4315.617210 29.999000 0.034000
4329.605370 29.999000 0.037000
4336.520030 29.999000 0.046000
4339.609250 29.999000 0.035000
4536.850300 29.999000 0.031000
4592.667100 29.999000 0.039000
4594.719380 29.999000 0.033000
1923.858600 29.999000 0.032000
1930.829190 29.999000 0.032000
1932.849420 29.999000 0.032000
1938.831250 29.999000 0.034000
1963.811750 29.999000 0.037000
2454.567110 29.999000 0.045000
2652.851270 29.999000 0.029000
2685.850190 29.999000 0.039000
2696.812070 29.999000 0.035000
2707.805500 29.999000 0.031000
2730.771860 29.999000 0.029000
2733.765830 29.999000 0.032000
2751.687870 29.999000 0.040000
3410.877170 29.999000 0.040000
3414.836300 29.999000 0.032000
3424.852840 29.999000 0.044000
3447.803360 29.999000 0.052000
3487.800020 29.999000 0.032000
3490.782120 29.999000 0.048000
3492.778890 29.999000 0.046000
3502.659050 29.999000 0.047000
3508.712560 29.999000 0.030000
3523.656480 29.999000 0.036000
3542.606460 29.999000 0.040000
3544.668490 29.999000 0.038000
3757.855890 29.999000 0.030000
3767.856970 29.999000 0.037000
3775.860980 29.999000 0.032000
3789.834690 29.999000 0.028000
3808.826770 29.999000 0.034000
3822.771010 29.999000 0.029000
4232.771480 29.999000 0.033000
4246.668090 29.999000 0.033000
4274.624000 29.999000 0.040000
4291.639380 29.999000 0.037000
4297.636100 29.999000 0.039000
4516.840180 29.999000 0.042000
4519.863360 29.999000 0.033000
4533.875950 29.999000 0.031000
4542.809750 29.999000 0.039000
4547.840780 29.999000 0.034000
4558.847800 29.999000 0.033000
4564.749150 29.999000 0.033000
4571.760630 29.999000 0.035000
4573.749500 29.999000 0.035000
4575.753110 29.999000 0.039000
4580.764880 29.999000 0.033000
4585.703300 29.999000 0.032000
4602.677440 29.999000 0.036000
4610.852130 29.999000 0.037000
4706.578300 29.999000 0.034000
4738.516850 29.999000 0.033000
4992.822810 29.999000 0.046000
5006.704990 29.999000 0.047000
5009.576760 29.999000 0.041000
5012.611840 29.999000 0.046000
5019.639700 29.999000 0.046000
5021.655570 29.999000 0.040000
5023.656520 29.999000 0.045000
5066.535550 29.999000 0.052000
5072.515680 29.999000 0.042000
5089.520320 29.999000 0.049000
5092.518170 29.999000 0.042000
5099.501510 29.999000 0.044000
