1907.836100 12.110000 0.038000
1915.872570 11.772000 0.045000
1918.813290 11.779000 0.045000
1920.809510 11.707000 0.043000
1922.803440 11.588000 0.042000
1925.842870 11.566000 0.044000
1926.850900 11.431000 0.038000
1928.884630 11.388000 0.043000
1930.789870 11.272000 0.034000
1932.775950 11.155000 0.039000
1938.787560 10.828000 0.035000
1940.787940 10.757000 0.034000
1946.733240 10.482000 0.039000
1948.763110 10.391000 0.038000
1950.731910 10.343000 0.035000
1953.771890 10.235000 0.034000
1954.791590 10.200000 0.035000
1955.797010 10.190000 0.032000
1961.777550 10.108000 0.036000
1962.839480 10.088000 0.036000
1964.715380 10.103000 0.038000
1965.768030 10.125000 0.033000
1966.790550 10.121000 0.035000
1967.820720 10.120000 0.035000
1968.796480 10.187000 0.040000
1971.795720 10.219000 0.040000
1976.815490 10.390000 0.042000
1977.736660 10.441000 0.042000
1979.672660 10.446000 0.044000
1981.739440 10.515000 0.042000
1982.733020 10.561000 0.039000
1984.730090 10.581000 0.045000
1985.742530 10.628000 0.044000
2083.515410 12.091000 0.047000
2085.518260 12.127000 0.039000
2104.525840 12.239000 0.048000
2158.502290 12.541000 0.046000
2440.541650 11.886000 0.029000
2442.541430 11.945000 0.026000
2443.536680 11.961000 0.026000
2452.492360 12.149000 0.037000
2456.504670 12.117000 0.035000
2459.495040 12.208000 0.030000
2464.486150 12.341000 0.036000
2466.502660 12.619000 0.028000
2468.515270 12.462000 0.026000
2470.492420 12.417000 0.035000
2490.520140 12.892000 0.035000
2623.846190 12.044000 0.034000
2629.829120 11.912000 0.037000
2635.831700 11.738000 0.035000
2639.829330 11.621000 0.032000
2643.820870 11.387000 0.034000
2646.817060 11.274000 0.032000
2650.794790 11.053000 0.033000
2652.829320 10.892000 0.038000
2657.818480 10.561000 0.037000
2659.826920 10.382000 0.035000
2661.838640 10.242000 0.038000
2663.834380 10.106000 0.038000
2665.865450 10.011000 0.052000
2669.795960 9.820000 0.035000
2672.817870 9.780000 0.037000
2677.798860 9.649000 0.040000
2681.796260 9.657000 0.035000
2683.789110 9.667000 0.036000
2685.787290 9.744000 0.039000
2689.782420 9.769000 0.039000
2691.772910 9.789000 0.036000
2693.857030 9.831000 0.043000
2695.801600 9.883000 0.034000
2698.775340 9.986000 0.044000
2700.822520 10.028000 0.038000
2704.800020 10.113000 0.038000
2710.740380 10.290000 0.031000
2712.742670 10.325000 0.032000
2714.722670 10.401000 0.032000
2717.723740 10.480000 0.045000
2720.674490 10.582000 0.038000
2722.714820 10.648000 0.042000
2723.892920 10.687000 0.037000
2725.726090 10.703000 0.048000
2727.734280 10.809000 0.040000
2731.830360 10.917000 0.034000
2734.663450 10.886000 0.036000
2736.698610 10.985000 0.046000
2738.707940 11.052000 0.045000
2740.719990 11.082000 0.041000
2742.634000 11.103000 0.042000
2743.789810 11.220000 0.038000
2749.819320 11.361000 0.039000
2751.616780 11.337000 0.039000
2755.641130 11.386000 0.041000
2756.814710 11.499000 0.032000
2758.799670 11.427000 0.040000
2760.662650 11.634000 0.038000
2761.823220 11.510000 0.034000
2763.639080 11.714000 0.035000
2766.749430 11.742000 0.036000
2775.690000 11.816000 0.048000
2776.780800 11.945000 0.045000
2785.770870 12.022000 0.038000
2787.717200 12.140000 0.035000
2794.567040 12.314000 0.034000
2808.683550 12.363000 0.037000
2811.719210 12.472000 0.036000
2813.646680 12.520000 0.037000
2819.584020 12.583000 0.032000
2831.602140 12.386000 0.035000
2835.682660 12.671000 0.035000
2838.675730 12.650000 0.034000
2980.854070 11.932000 0.034000
2986.848230 11.784000 0.036000
2994.840060 11.537000 0.034000
2998.838720 11.485000 0.034000
3006.845330 11.070000 0.045000
3010.822250 10.870000 0.033000
3016.866680 10.541000 0.037000
3030.805550 9.736000 0.036000
3038.879260 9.504000 0.042000
3042.807640 9.499000 0.041000
3051.800610 9.462000 0.034000
3054.804910 9.518000 0.033000
3060.785790 9.699000 0.033000
3066.851720 9.911000 0.034000
3069.762350 10.033000 0.034000
3071.786190 10.098000 0.036000
3074.732730 10.211000 0.034000
3076.803860 10.313000 0.033000
3078.861750 10.369000 0.035000
3081.739390 10.505000 0.034000
3085.786770 10.653000 0.038000
3087.788360 10.671000 0.033000
3090.708920 10.782000 0.033000
3092.763840 10.878000 0.033000
3096.765090 10.953000 0.031000
3098.747970 11.015000 0.033000
3100.749950 11.136000 0.035000
3102.759190 11.172000 0.037000
3104.803660 11.245000 0.035000
3106.796790 11.238000 0.037000
3108.800990 11.318000 0.034000
3111.645930 11.340000 0.032000
3113.707370 11.365000 0.032000
3115.706770 11.503000 0.036000
3118.759650 11.530000 0.034000
3122.662300 11.604000 0.033000
3124.689360 11.650000 0.034000
3126.655050 11.680000 0.040000
3128.660070 11.783000 0.037000
3130.697350 11.770000 0.045000
3132.708440 11.804000 0.039000
3134.708540 11.880000 0.035000
3153.658400 12.294000 0.032000
3158.701670 12.374000 0.044000
3160.712570 12.635000 0.045000
3163.727930 12.311000 0.040000
3363.855510 10.630000 0.043000
3388.804350 9.780000 0.043000
3391.829850 9.740000 0.042000
3398.848310 9.779000 0.039000
3402.823130 9.826000 0.035000
3405.837710 9.880000 0.050000
3411.824290 10.009000 0.042000
3414.807770 10.136000 0.036000
3417.826580 10.249000 0.045000
3420.793020 10.338000 0.049000
3423.783250 10.424000 0.043000
3425.816470 10.513000 0.040000
3430.840810 10.653000 0.040000
3436.817940 10.796000 0.039000
3439.789550 10.899000 0.038000
3443.753920 11.013000 0.033000
3445.787150 11.035000 0.037000
3447.819950 11.083000 0.044000
3450.725000 11.137000 0.036000
3453.680960 11.166000 0.044000
3455.703130 11.308000 0.040000
3457.754500 11.292000 0.042000
3459.755880 11.319000 0.037000
3462.687060 11.394000 0.041000
3464.747230 11.431000 0.037000
3466.797420 11.437000 0.040000
3469.758870 11.558000 0.040000
3471.779860 11.571000 0.034000
3474.660480 11.594000 0.037000
3476.722890 11.689000 0.044000
3478.708460 11.725000 0.037000
3480.699870 11.788000 0.038000
3482.710030 11.832000 0.048000
3484.748420 11.876000 0.044000
3487.831040 11.888000 0.037000
3496.790220 12.083000 0.035000
3500.606200 12.150000 0.037000
3502.636110 12.176000 0.044000
3504.641880 12.171000 0.033000
3508.734370 12.215000 0.032000
3510.792180 12.293000 0.034000
3512.634850 12.366000 0.037000
3515.820120 12.189000 0.041000
3518.639890 12.593000 0.042000
3521.773360 12.463000 0.042000
3523.730750 12.475000 0.040000
3530.518660 12.554000 0.036000
3630.490380 12.318000 0.042000
3633.487980 12.365000 0.043000
3726.840750 9.252000 0.041000
3733.844290 9.099000 0.042000
3741.832810 9.126000 0.045000
3745.825930 9.106000 0.045000
3749.825380 9.165000 0.046000
3753.817010 9.251000 0.045000
3757.812740 9.352000 0.040000
3763.848970 9.486000 0.046000
3767.815000 9.569000 0.045000
3775.835040 9.864000 0.044000
3779.771920 9.919000 0.047000
3783.812020 10.075000 0.045000
3788.849170 10.270000 0.042000
3791.797140 10.373000 0.045000
3797.768540 10.556000 0.044000
3800.768510 10.653000 0.053000
3803.763080 10.771000 0.049000
3805.821000 10.816000 0.043000
3808.764560 10.910000 0.042000
3810.819680 10.943000 0.043000
3813.724500 10.988000 0.045000
3817.823350 11.145000 0.042000
3820.708980 11.243000 0.046000
3822.766720 11.230000 0.042000
3825.696540 11.401000 0.044000
3830.675120 11.532000 0.044000
3834.711860 11.558000 0.042000
3836.724540 11.719000 0.046000
3850.711690 11.875000 0.039000
3852.721560 11.902000 0.037000
3856.792580 12.016000 0.047000
3861.659790 12.071000 0.037000
3867.689970 12.187000 0.046000
3869.713040 12.395000 0.045000
3871.703470 12.321000 0.040000
3874.794110 12.229000 0.039000
3877.567820 12.373000 0.042000
3882.674080 12.356000 0.041000
3886.686820 12.496000 0.038000
3894.661770 12.625000 0.034000
3902.503590 12.519000 0.042000
3908.560570 12.738000 0.041000
4104.821890 9.843000 0.046000
4121.803520 10.178000 0.041000
4127.854710 10.315000 0.038000
4131.798310 10.456000 0.038000
4134.827740 10.543000 0.039000
4137.827600 10.623000 0.037000
4140.833800 10.722000 0.036000
4143.836600 10.865000 0.037000
4146.819600 10.908000 0.040000
4150.823490 11.046000 0.037000
4153.786610 11.103000 0.038000
4159.767390 11.386000 0.037000
4161.841810 11.294000 0.037000
4163.817980 11.463000 0.046000
4168.834480 11.593000 0.041000
4173.820640 11.707000 0.037000
4176.738600 11.740000 0.040000
4179.786050 11.785000 0.039000
4182.714310 11.894000 0.037000
4184.773990 11.843000 0.040000
4188.715980 12.076000 0.030000
4190.751100 12.022000 0.034000
4192.747480 11.919000 0.034000
4194.775160 12.076000 0.034000
4197.793960 12.139000 0.041000
4200.722240 12.068000 0.030000
4203.721570 12.219000 0.034000
4205.727110 12.223000 0.037000
4208.811930 12.291000 0.043000
4213.702590 12.342000 0.034000
4216.688060 12.408000 0.034000
4229.663230 12.685000 0.030000
4235.672800 12.749000 0.034000
4332.504860 12.483000 0.034000
4334.524950 12.541000 0.032000
4338.530970 12.348000 0.032000
4341.511960 12.537000 0.034000
4343.521150 12.423000 0.034000
4345.535900 12.436000 0.044000
4347.533900 12.424000 0.041000
4349.531000 12.390000 0.038000
4352.504950 12.179000 0.030000
4357.506540 12.162000 0.032000
4359.500430 12.109000 0.032000
4364.493660 12.092000 0.033000
4436.850380 9.822000 0.039000
4455.845780 9.448000 0.037000
4459.840780 9.493000 0.042000
4463.853920 9.597000 0.036000
4467.833410 9.665000 0.042000
4471.853730 9.770000 0.041000
4478.818080 9.991000 0.044000
4482.816210 10.055000 0.044000
4486.803240 10.199000 0.043000
4490.810260 10.314000 0.033000
4493.846950 10.388000 0.034000
4497.846470 10.539000 0.032000
4500.839430 10.607000 0.044000
4504.800760 10.740000 0.032000
4507.820480 10.860000 0.040000
4510.812190 10.908000 0.044000
4514.839770 11.097000 0.038000
4520.791870 11.227000 0.039000
4523.775490 11.307000 0.033000
4525.840650 11.373000 0.033000
4528.771610 11.433000 0.035000
4531.766360 11.485000 0.032000
4535.763180 11.591000 0.035000
4537.804740 11.658000 0.031000
4540.736120 11.710000 0.044000
4543.719570 11.794000 0.038000
4545.767160 11.933000 0.048000
4547.775690 11.924000 0.036000
4550.706640 11.907000 0.036000
4552.765410 11.877000 0.033000
4554.786300 12.032000 0.041000
4557.687920 11.956000 0.033000
4559.749290 12.134000 0.034000
4561.798270 12.134000 0.033000
4564.674750 12.131000 0.033000
4566.726870 12.383000 0.037000
4568.734810 12.282000 0.035000
4570.791850 12.267000 0.033000
4572.693670 12.420000 0.034000
4574.688440 12.368000 0.037000
4576.711770 12.517000 0.038000
4579.813580 12.331000 0.039000
4583.644440 12.401000 0.034000
4586.675610 12.513000 0.030000
4588.704830 12.493000 0.036000
4590.770470 12.729000 0.041000
4671.610630 12.808000 0.033000
4677.623490 12.628000 0.040000
4679.635790 12.733000 0.033000
4682.617630 12.644000 0.035000
4684.588890 12.821000 0.034000
4686.559630 12.833000 0.037000
4690.583540 12.598000 0.035000
4698.548380 12.580000 0.039000
4700.552930 12.416000 0.036000
4702.569330 12.508000 0.034000
4708.538750 12.468000 0.041000
4716.517890 12.391000 0.037000
4722.486520 12.329000 0.039000
4820.837280 10.183000 0.038000
4824.842850 10.245000 0.038000
4828.848180 10.426000 0.035000
4836.838010 10.659000 0.041000
4855.867730 11.214000 0.042000
4861.816460 11.328000 0.046000
4865.795720 11.363000 0.043000
4868.844050 11.529000 0.037000
4871.830180 11.707000 0.041000
4875.822360 11.739000 0.037000
4881.805570 11.880000 0.036000
4884.794520 11.902000 0.034000
4890.780150 12.019000 0.047000
4894.833380 12.154000 0.045000
4906.809130 12.183000 0.052000
4909.729290 12.262000 0.052000
4914.878250 12.462000 0.052000
4917.752800 12.530000 0.047000
4919.787480 12.654000 0.048000
4926.737690 12.551000 0.050000
5048.531450 12.581000 0.045000
5063.546660 12.432000 0.049000
5085.502570 11.884000 0.046000
5088.498650 11.946000 0.053000
3145.718330 12.079000 0.038000
4257.649780 12.235000 0.038000
4669.516090 12.755000 0.035000
5037.520640 12.694000 0.041000
5057.541600 12.343000 0.050000
1980.716420 10.456000 0.049000
1984.842920 10.614000 0.045000
2054.603050 11.864000 0.055000
2067.562610 11.913000 0.049000
2068.559910 11.865000 0.050000
2070.548390 11.910000 0.048000
2079.508440 12.049000 0.043000
3490.805200 11.981000 0.047000
3492.806420 12.060000 0.048000
3558.690580 12.749000 0.048000
3737.835050 9.147000 0.044000
3832.725780 11.536000 0.045000
3848.696380 11.752000 0.054000
4109.848380 9.938000 0.039000
4156.784780 11.210000 0.037000
4165.829700 11.501000 0.045000
4726.482280 12.227000 0.046000
4848.816010 10.920000 0.042000
4887.811610 11.978000 0.055000
4929.777070 12.446000 0.054000
5066.562610 12.160000 0.054000
2136.471560 29.999000 0.038000
2474.458660 29.999000 0.040000
2503.534550 29.999000 0.041000
2509.531370 29.999000 0.053000
2511.508730 29.999000 0.051000
2512.538750 29.999000 0.035000
2545.478740 29.999000 0.036000
2706.779060 29.999000 0.034000
2791.506200 29.999000 0.053000
2821.598760 29.999000 0.035000
2858.575310 29.999000 0.034000
2860.566290 29.999000 0.036000
2868.579430 29.999000 0.033000
2895.505680 29.999000 0.035000
3168.760130 29.999000 0.041000
3219.486060 29.999000 0.031000
3525.804350 29.999000 0.042000
3538.588340 29.999000 0.037000
3560.695160 29.999000 0.045000
3563.494590 29.999000 0.037000
3573.596640 29.999000 0.037000
3586.591970 29.999000 0.042000
3597.535680 29.999000 0.047000
4227.659670 29.999000 0.033000
4595.589780 29.999000 0.031000
4610.568330 29.999000 0.038000
4639.624370 29.999000 0.034000
4641.649690 29.999000 0.032000
4643.652780 29.999000 0.050000
4645.658050 29.999000 0.038000
4649.709310 29.999000 0.044000
4652.540940 29.999000 0.037000
4654.527130 29.999000 0.033000
4656.538430 29.999000 0.036000
4658.634410 29.999000 0.041000
4661.528020 29.999000 0.037000
4663.598580 29.999000 0.043000
4694.547050 29.999000 0.043000
4711.508050 29.999000 0.047000
2810.563890 29.999000 0.045000
2826.559370 29.999000 0.029000
2829.578740 29.999000 0.046000
2832.700040 29.999000 0.038000
2834.587510 29.999000 0.035000
2843.591460 29.999000 0.040000
2853.486940 29.999000 0.030000
2854.572030 29.999000 0.030000
2862.545860 29.999000 0.037000
2866.560740 29.999000 0.033000
2876.540370 29.999000 0.037000
2882.516210 29.999000 0.040000
2898.502200 29.999000 0.036000
3025.835470 29.999000 0.031000
3175.702360 29.999000 0.035000
3180.626930 29.999000 0.038000
3183.621640 29.999000 0.034000
3185.612750 29.999000 0.035000
3187.640920 29.999000 0.037000
3190.658970 29.999000 0.042000
3540.618350 29.999000 0.041000
3542.751520 29.999000 0.043000
3550.630370 29.999000 0.037000
3552.687320 29.999000 0.056000
3555.680800 29.999000 0.043000
3565.499750 29.999000 0.042000
3569.637000 29.999000 0.035000
3575.611480 29.999000 0.035000
3577.624620 29.999000 0.040000
3584.551390 29.999000 0.041000
3588.604730 29.999000 0.043000
3601.529570 29.999000 0.043000
3603.544980 29.999000 0.040000
3606.549520 29.999000 0.047000
3617.521700 29.999000 0.039000
3890.654580 29.999000 0.037000
3897.706040 29.999000 0.047000
3904.539790 29.999000 0.046000
4233.672200 29.999000 0.029000
4246.605010 29.999000 0.031000
4253.618010 29.999000 0.034000
4255.651760 29.999000 0.033000
4259.677980 29.999000 0.046000
4267.632900 29.999000 0.040000
4269.662860 29.999000 0.034000
4272.603650 29.999000 0.030000
4274.617220 29.999000 0.031000
4277.602490 29.999000 0.031000
4283.668360 29.999000 0.044000
4285.651850 29.999000 0.040000
4289.648680 29.999000 0.033000
4291.652370 29.999000 0.036000
4293.642020 29.999000 0.033000
4295.657890 29.999000 0.032000
4297.649030 29.999000 0.038000
4299.619730 29.999000 0.036000
4301.571520 29.999000 0.037000
4303.585740 29.999000 0.032000
4305.565610 29.999000 0.032000
4307.585880 29.999000 0.035000
4309.634040 29.999000 0.047000
4312.550010 29.999000 0.040000
4315.556760 29.999000 0.032000
4317.618130 29.999000 0.029000
4330.481610 29.999000 0.033000
4592.847120 29.999000 0.035000
4599.711310 29.999000 0.037000
4601.654870 29.999000 0.032000
4603.677930 29.999000 0.036000
4607.679610 29.999000 0.056000
4612.617510 29.999000 0.047000
4616.642980 29.999000 0.030000
4626.561700 29.999000 0.036000
4630.585110 29.999000 0.033000
4632.614490 29.999000 0.036000
4647.730090 29.999000 0.039000
4704.555500 29.999000 0.035000
4729.481030 29.999000 0.038000
5014.581450 29.999000 0.046000
2482.469990 29.999000 0.045000
2494.482200 29.999000 0.032000
2498.515210 29.999000 0.037000
2520.478290 29.999000 0.030000
2521.497130 29.999000 0.041000
2524.502770 29.999000 0.034000
2886.514900 29.999000 0.031000
2893.490530 29.999000 0.036000
2900.497220 29.999000 0.034000
3177.752850 29.999000 0.036000
4597.646040 29.999000 0.032000
4665.669440 29.999000 0.040000
4904.753770 29.999000 0.049000
4932.741330 29.999000 0.056000
4937.648310 29.999000 0.052000
4939.708600 29.999000 0.049000
4946.863200 29.999000 0.052000
4962.644110 29.999000 0.050000
4966.783400 29.999000 0.056000
4968.822000 29.999000 0.053000
4972.611160 29.999000 0.048000
4984.620760 29.999000 0.051000
4993.748400 29.999000 0.049000
5006.740060 29.999000 0.054000
5009.566400 29.999000 0.053000
5019.676330 29.999000 0.056000
5021.688760 29.999000 0.048000
5023.691790 29.999000 0.045000
5031.572020 29.999000 0.043000
5039.512230 29.999000 0.047000
5041.522280 29.999000 0.043000
1913.842420 11.968000 0.045000
1918.777300 11.780000 0.046000
1920.768860 11.702000 0.049000
1922.760070 11.650000 0.041000
1924.820560 11.568000 0.039000
1926.821800 11.451000 0.041000
1928.859530 11.342000 0.044000
1929.867010 11.296000 0.038000
1931.755840 11.202000 0.041000
1933.765440 11.105000 0.042000
1935.848570 10.981000 0.035000
1937.802570 10.875000 0.038000
1939.787170 10.769000 0.035000
1945.850440 10.493000 0.034000
1947.781130 10.468000 0.040000
1949.728520 10.362000 0.039000
1950.760210 10.343000 0.040000
1953.761120 10.197000 0.038000
1954.769570 10.164000 0.035000
1958.756850 10.091000 0.039000
1961.746540 10.037000 0.039000
1963.751880 10.066000 0.040000
1964.756790 10.080000 0.038000
1965.740370 10.082000 0.039000
1966.749040 10.093000 0.037000
1967.753870 10.104000 0.040000
1968.739450 10.119000 0.040000
1971.751550 10.150000 0.043000
1981.726290 10.472000 0.042000
1982.704020 10.505000 0.043000
2025.593090 11.355000 0.043000
2034.585900 11.520000 0.050000
2116.469040 12.514000 0.048000
2125.501920 12.682000 0.050000
2129.504630 12.564000 0.046000
2135.500110 12.496000 0.050000
2442.486210 11.854000 0.032000
2445.563310 12.006000 0.048000
2452.469180 12.032000 0.035000
2459.483120 12.176000 0.034000
2463.466360 12.246000 0.031000
2465.501260 12.240000 0.036000
2467.486530 12.319000 0.030000
2469.482000 12.272000 0.036000
2482.491990 12.319000 0.041000
2499.508330 12.867000 0.039000
2622.847110 12.045000 0.038000
2625.841170 11.958000 0.037000
2629.806080 11.875000 0.040000
2635.804320 11.743000 0.043000
2638.836590 11.711000 0.042000
2641.848620 11.528000 0.035000
2644.842210 11.389000 0.038000
2649.847630 11.057000 0.043000
2651.826330 10.940000 0.036000
2654.861800 10.745000 0.037000
2658.787820 10.462000 0.034000
2660.852170 10.345000 0.043000
2662.810520 10.163000 0.040000
2664.827030 10.070000 0.033000
2666.859350 9.959000 0.037000
2669.814870 9.839000 0.036000
2672.795160 9.730000 0.035000
2674.831210 9.733000 0.034000
2676.796580 9.679000 0.034000
2678.782920 9.653000 0.037000
2680.780630 9.659000 0.035000
2684.750290 9.671000 0.034000
2686.761020 9.710000 0.040000
2688.752160 9.737000 0.036000
2690.758950 9.776000 0.038000
2692.816070 9.824000 0.035000
2694.759160 9.854000 0.035000
2697.732610 9.962000 0.040000
2701.744290 10.036000 0.035000
2703.742760 10.095000 0.035000
2707.734520 10.201000 0.035000
2709.700550 10.247000 0.033000
2711.673790 10.316000 0.035000
2712.811730 10.339000 0.036000
2714.690890 10.405000 0.035000
2717.696290 10.482000 0.036000
2721.727030 10.611000 0.038000
2724.864070 10.657000 0.034000
2726.724600 10.746000 0.041000
2728.713020 10.806000 0.039000
2730.709390 10.833000 0.044000
2732.823760 10.900000 0.039000
2736.659970 10.975000 0.037000
2738.662400 11.081000 0.041000
2740.681380 11.105000 0.041000
2742.593830 11.083000 0.040000
2743.751560 11.178000 0.042000
2749.812020 11.284000 0.043000
2751.596770 11.312000 0.034000
2755.618170 11.393000 0.033000
2756.753520 11.422000 0.033000
2757.840360 11.491000 0.042000
2761.619460 11.605000 0.033000
2763.843450 11.584000 0.046000
2775.652410 11.835000 0.036000
2784.613510 12.075000 0.034000
2785.758360 12.043000 0.039000
2790.763880 12.075000 0.044000
2793.527910 12.260000 0.037000
2808.676040 12.357000 0.041000
2810.558660 12.511000 0.035000
2811.713240 12.430000 0.040000
2813.643800 12.508000 0.044000
2819.546390 12.598000 0.036000
2826.554030 12.575000 0.033000
2831.599180 12.689000 0.035000
2836.552110 12.769000 0.034000
2975.838410 11.897000 0.035000
2978.850030 11.908000 0.037000
2982.835030 11.858000 0.044000
2986.827880 11.773000 0.037000
2989.843930 11.703000 0.037000
2996.841200 11.524000 0.037000
3005.802700 11.119000 0.037000
3008.824910 11.035000 0.036000
3012.797690 10.747000 0.042000
3016.837900 10.566000 0.037000
3019.823050 10.379000 0.045000
3025.794910 9.992000 0.036000
3030.780330 9.756000 0.040000
3033.804330 9.646000 0.036000
3036.816660 9.551000 0.038000
3041.798150 9.485000 0.040000
3043.820740 9.465000 0.037000
3047.759700 9.478000 0.037000
3051.747600 9.457000 0.033000
3053.825450 9.527000 0.039000
3056.776530 9.586000 0.036000
3059.747900 9.661000 0.052000
3061.807240 9.719000 0.034000
3064.744930 9.834000 0.039000
3067.831730 9.980000 0.039000
3069.790790 10.028000 0.040000
3071.778950 10.110000 0.038000
3073.860740 10.178000 0.042000
3076.707960 10.308000 0.037000
3078.759640 10.392000 0.036000
3082.850450 10.525000 0.045000
3089.669630 10.770000 0.037000
3091.736420 10.831000 0.037000
3093.719890 10.919000 0.038000
3097.697280 11.025000 0.037000
3099.743420 11.037000 0.043000
3101.774450 11.164000 0.042000
3103.805770 11.163000 0.043000
3105.782800 11.204000 0.041000
3107.785170 11.303000 0.039000
3109.824130 11.294000 0.040000
3112.609840 11.322000 0.035000
3114.673610 11.447000 0.039000
3116.668740 11.451000 0.037000
3125.641640 11.647000 0.043000
3127.656640 11.751000 0.042000
3129.701640 11.694000 0.040000
3131.717680 11.780000 0.044000
3133.720810 11.794000 0.037000
3153.613540 12.249000 0.040000
3158.678130 12.287000 0.047000
3160.680380 12.390000 0.040000
3163.689930 12.514000 0.043000
3165.693140 12.502000 0.041000
3168.713510 12.440000 0.040000
3177.711800 12.565000 0.035000
3183.607190 12.500000 0.041000
3358.832110 10.931000 0.048000
3387.821530 9.762000 0.040000
3390.824620 9.741000 0.043000
3394.842650 9.738000 0.039000
3397.820130 9.753000 0.035000
3400.813280 9.781000 0.035000
3403.844620 9.836000 0.050000
3406.791180 9.899000 0.048000
3409.795270 9.973000 0.048000
3412.784720 10.058000 0.039000
3415.761930 10.183000 0.039000
3418.752760 10.253000 0.047000
3424.808580 10.474000 0.040000
3426.789320 10.519000 0.039000
3430.851610 10.627000 0.038000
3433.726150 10.704000 0.043000
3436.777090 10.792000 0.041000
3439.766390 10.846000 0.044000
3449.782690 11.152000 0.039000
3452.684790 11.192000 0.039000
3454.734630 11.242000 0.039000
3456.743730 11.236000 0.040000
3458.735600 11.338000 0.046000
3460.750260 11.332000 0.042000
3463.649570 11.384000 0.044000
3465.707170 11.403000 0.041000
3468.687760 11.538000 0.042000
3470.699300 11.541000 0.039000
3472.732050 11.568000 0.036000
3474.743800 11.726000 0.044000
3479.660730 11.753000 0.051000
3481.656630 11.732000 0.040000
3483.672820 11.847000 0.045000
3486.792020 11.845000 0.051000
3489.801500 11.953000 0.044000
3497.828240 11.996000 0.041000
3501.503300 12.111000 0.044000
3506.613540 12.199000 0.042000
3511.686680 12.169000 0.040000
3517.676740 12.371000 0.046000
3521.601800 12.323000 0.043000
3525.625160 12.561000 0.042000
3538.574260 12.677000 0.041000
3714.847330 9.934000 0.048000
3719.838250 9.600000 0.046000
3731.842630 9.134000 0.048000
3735.812200 9.089000 0.046000
3738.858760 9.090000 0.044000
3742.805890 9.099000 0.045000
3746.805780 9.110000 0.052000
3750.804390 9.205000 0.048000
3753.829920 9.260000 0.047000
3756.821970 9.324000 0.045000
3765.819680 9.536000 0.051000
3772.807260 9.716000 0.045000
3775.791810 9.809000 0.046000
3788.808360 10.239000 0.044000
3791.749960 10.343000 0.049000
3793.801420 10.408000 0.043000
3796.740130 10.491000 0.040000
3798.802700 10.619000 0.050000
3804.711410 10.759000 0.047000
3806.778580 10.829000 0.043000
3809.758360 10.912000 0.046000
3811.795590 10.960000 0.041000
3814.690690 11.080000 0.045000
3816.739050 11.100000 0.045000
3818.803490 11.157000 0.046000
3821.668290 11.233000 0.046000
3823.718810 11.305000 0.045000
3825.742340 11.357000 0.046000
3827.809630 11.385000 0.041000
3832.697030 11.508000 0.044000
3834.686780 11.556000 0.043000
3836.703690 11.588000 0.043000
3852.670430 11.923000 0.045000
3856.724760 11.984000 0.048000
3861.569870 12.103000 0.040000
3863.605370 12.144000 0.041000
3865.620750 12.218000 0.043000
3867.666250 12.172000 0.047000
3869.677170 12.256000 0.047000
3871.666030 12.249000 0.041000
3874.749400 12.284000 0.044000
3882.615200 12.361000 0.043000
3886.647500 12.550000 0.044000
3892.616120 12.459000 0.040000
3906.585230 12.728000 0.044000
4089.837770 9.669000 0.040000
4104.803240 9.819000 0.045000
4107.830860 9.885000 0.036000
4126.836770 10.301000 0.036000
4129.820120 10.380000 0.038000
4132.833700 10.495000 0.038000
4135.806260 10.577000 0.041000
4141.782800 10.762000 0.040000
4144.775960 10.869000 0.050000
4151.716870 11.055000 0.036000
4153.818670 11.137000 0.036000
4156.743670 11.189000 0.043000
4158.813020 11.264000 0.041000
4160.828300 11.311000 0.047000
4162.786890 11.350000 0.044000
4164.791130 11.418000 0.046000
4167.739790 11.539000 0.038000
4172.796840 11.615000 0.037000
4175.694930 11.609000 0.044000
4177.840790 11.700000 0.038000
4180.722410 11.713000 0.041000
4182.814160 11.845000 0.039000
4185.672450 11.892000 0.051000
4188.777100 11.919000 0.033000
4190.748740 11.974000 0.038000
4192.738280 12.098000 0.034000
4194.765890 11.989000 0.037000
4200.703080 12.120000 0.033000
4203.706480 12.191000 0.035000
4205.712010 12.335000 0.039000
4208.777740 12.204000 0.042000
4216.672790 12.376000 0.040000
4316.559030 12.828000 0.039000
4330.478540 12.772000 0.036000
4332.501800 12.529000 0.036000
4341.508940 12.489000 0.038000
4344.495540 12.392000 0.040000
4346.503380 12.316000 0.039000
4349.481390 12.388000 0.039000
4352.481410 12.207000 0.034000
4356.478790 12.116000 0.039000
4432.850530 10.094000 0.040000
4436.838810 9.810000 0.039000
4440.842680 9.599000 0.037000
4453.831810 9.396000 0.039000
4457.829650 9.462000 0.043000
4461.818180 9.526000 0.038000
4464.831870 9.611000 0.040000
4468.809560 9.649000 0.041000
4472.836920 9.758000 0.051000
4476.844360 9.848000 0.047000
4479.839660 9.972000 0.038000
4484.846160 10.118000 0.035000
4487.817310 10.209000 0.037000
4491.806310 10.278000 0.043000
4494.816750 10.419000 0.037000
4498.821930 10.536000 0.035000
4501.806880 10.620000 0.038000
4504.796210 10.684000 0.042000
4507.783530 10.809000 0.041000
4510.780360 10.904000 0.040000
4517.753410 11.113000 0.039000
4519.784340 11.179000 0.038000
4522.737130 11.180000 0.035000
4524.794150 11.275000 0.035000
4526.860970 11.346000 0.036000
4529.726570 11.415000 0.035000
4531.782240 11.447000 0.034000
4535.727410 11.533000 0.037000
4537.764530 11.616000 0.033000
4540.695800 11.755000 0.046000
4542.736230 11.609000 0.038000
4546.768130 11.867000 0.040000
4548.759190 11.842000 0.040000
4551.696880 11.818000 0.038000
4553.729720 12.007000 0.037000
4555.757020 11.956000 0.035000
4557.905050 12.022000 0.039000
4560.645320 12.146000 0.035000
4562.697790 12.050000 0.037000
4564.776230 12.039000 0.041000
4566.771990 12.224000 0.038000
4569.616780 12.348000 0.035000
4571.665710 12.127000 0.036000
4573.682520 12.428000 0.038000
4583.749970 12.573000 0.037000
4590.830140 12.506000 0.039000
4666.552690 12.587000 0.040000
4674.575470 12.632000 0.039000
4678.557510 12.538000 0.046000
4693.529710 12.488000 0.048000
4700.499730 12.577000 0.037000
4708.513000 12.511000 0.041000
4711.493180 12.352000 0.046000
4802.845480 9.654000 0.043000
4806.853670 9.708000 0.037000
4815.825510 9.942000 0.047000
4819.852700 10.101000 0.040000
4823.820990 10.222000 0.036000
4827.812110 10.373000 0.035000
4831.810820 10.516000 0.037000
4834.835400 10.561000 0.039000
4838.799520 10.666000 0.039000
4845.847670 10.839000 0.042000
4848.831980 10.932000 0.039000
4851.857020 10.970000 0.039000
4855.834380 11.120000 0.038000
4860.880020 11.264000 0.038000
4863.836200 11.327000 0.039000
4867.786700 11.458000 0.040000
4870.793700 11.504000 0.038000
4876.821400 11.709000 0.040000
4882.756000 11.937000 0.040000
4885.772730 11.913000 0.049000
4888.743210 11.952000 0.048000
4891.733040 12.027000 0.047000
4906.695940 12.343000 0.052000
4908.778650 12.168000 0.053000
4917.669020 12.451000 0.052000
4919.718070 12.447000 0.050000
4926.709620 12.633000 0.050000
5041.515570 12.373000 0.047000
1886.831800 12.453000 0.048000
1907.790310 12.338000 0.044000
1925.827350 11.870000 0.047000
2473.459800 12.291000 0.039000
2491.479120 12.531000 0.043000
2762.729050 11.973000 0.039000
2782.690100 12.170000 0.037000
2787.700380 12.322000 0.038000
2796.520070 12.132000 0.044000
2821.576740 12.302000 0.044000
3144.732680 12.227000 0.039000
3503.598210 12.298000 0.042000
3509.640870 12.290000 0.038000
3762.828950 9.936000 0.051000
3890.625890 12.528000 0.039000
4197.769800 12.226000 0.040000
4213.683190 12.350000 0.039000
4228.821860 12.446000 0.036000
4230.793100 12.358000 0.036000
4254.729650 12.530000 0.039000
4289.638970 12.638000 0.036000
4297.639560 12.552000 0.040000
4303.581810 12.525000 0.034000
4577.851950 12.412000 0.043000
4580.674710 12.461000 0.036000
4597.598830 12.417000 0.034000
4702.507090 12.511000 0.039000
4879.777000 12.168000 0.037000
4895.802750 12.301000 0.050000
5022.493860 12.693000 0.053000
5031.557250 12.482000 0.048000
1877.855220 12.562000 0.052000
1888.832870 12.364000 0.051000
1962.781290 10.029000 0.051000
1977.700210 10.342000 0.047000
1978.736220 10.395000 0.048000
1979.712510 10.401000 0.047000
1980.704080 10.468000 0.048000
1984.702600 10.533000 0.046000
1985.695060 10.571000 0.046000
2053.565350 11.724000 0.049000
2055.547320 11.824000 0.053000
2071.527400 11.938000 0.052000
2083.551100 12.096000 0.051000
3080.780440 10.406000 0.057000
3354.845510 11.135000 0.057000
3422.826490 10.397000 0.048000
3491.823450 11.987000 0.050000
3618.484020 12.580000 0.049000
3727.831670 9.207000 0.057000
3801.721670 10.662000 0.055000
3830.646290 11.446000 0.052000
4681.513610 12.634000 0.044000
4685.522980 12.607000 0.045000
4806.753790 9.742000 0.046000
4899.813300 12.056000 0.057000
4903.820090 12.236000 0.055000
4914.782540 12.413000 0.054000
4929.753960 12.701000 0.058000
4936.777830 12.837000 0.058000
5048.519150 12.400000 0.053000
5067.481840 12.116000 0.056000
5087.478530 11.712000 0.054000
2056.555710 12.173000 0.051000
2086.476460 12.107000 0.053000
2502.501380 12.538000 0.045000
3724.831770 9.837000 0.048000
3769.774770 10.769000 0.055000
3848.644270 12.236000 0.058000
3850.663740 12.189000 0.049000
4687.534750 12.449000 0.044000
2142.481140 29.999000 0.049000
2145.472970 29.999000 0.041000
2511.501200 29.999000 0.054000
2521.475150 29.999000 0.041000
2833.571150 29.999000 0.052000
2839.608080 29.999000 0.043000
2845.528380 29.999000 0.030000
2862.537890 29.999000 0.038000
2866.555470 29.999000 0.039000
2875.504060 29.999000 0.042000
2877.502830 29.999000 0.038000
2885.506760 29.999000 0.041000
3185.598760 29.999000 0.042000
3187.629690 29.999000 0.041000
3515.691370 29.999000 0.038000
3540.614360 29.999000 0.047000
3550.608270 29.999000 0.045000
3555.671870 29.999000 0.039000
3563.550960 29.999000 0.049000
3573.593450 29.999000 0.037000
3608.488790 29.999000 0.044000
3900.522610 29.999000 0.042000
3902.559990 29.999000 0.046000
3904.570660 29.999000 0.046000
3908.583570 29.999000 0.047000
3912.685630 29.999000 0.044000
4227.615880 29.999000 0.033000
4232.793470 29.999000 0.040000
4235.536120 29.999000 0.036000
4237.586470 29.999000 0.042000
4246.570050 29.999000 0.043000
4249.568670 29.999000 0.038000
4269.640440 29.999000 0.041000
4272.586830 29.999000 0.032000
4274.606200 29.999000 0.033000
4277.595890 29.999000 0.035000
4291.642710 29.999000 0.034000
4305.562480 29.999000 0.034000
4575.698530 29.999000 0.039000
4586.744170 29.999000 0.036000
4593.561270 29.999000 0.038000
4595.606310 29.999000 0.034000
4599.621750 29.999000 0.039000
4601.633920 29.999000 0.038000
4603.658630 29.999000 0.039000
4607.665030 29.999000 0.040000
4610.555190 29.999000 0.041000
4612.603460 29.999000 0.049000
4623.691800 29.999000 0.039000
4626.545500 29.999000 0.034000
4630.570410 29.999000 0.036000
4632.601310 29.999000 0.037000
4641.638590 29.999000 0.037000
4643.639260 29.999000 0.042000
4645.648820 29.999000 0.042000
4648.537150 29.999000 0.037000
4650.608200 29.999000 0.058000
4652.629680 29.999000 0.038000
4656.585850 29.999000 0.041000
4658.648410 29.999000 0.044000
4661.536960 29.999000 0.040000
4663.606900 29.999000 0.047000
4672.509370 29.999000 0.038000
4683.517300 29.999000 0.043000
4697.532220 29.999000 0.036000
4704.520040 29.999000 0.044000
2497.489900 29.999000 0.040000
2503.520100 29.999000 0.046000
2526.479650 29.999000 0.042000
2734.672740 29.999000 0.040000
2829.575790 29.999000 0.044000
2834.638500 29.999000 0.057000
2842.532070 29.999000 0.060000
2853.481620 29.999000 0.036000
2854.565930 29.999000 0.032000
2858.567240 29.999000 0.036000
2879.507850 29.999000 0.037000
2883.487820 29.999000 0.035000
3121.645720 29.999000 0.035000
3180.613140 29.999000 0.038000
3219.521810 29.999000 0.035000
3552.672740 29.999000 0.045000
3559.529780 29.999000 0.055000
3561.554860 29.999000 0.038000
3569.633810 29.999000 0.040000
3575.605490 29.999000 0.040000
3578.549740 29.999000 0.044000
3584.537060 29.999000 0.044000
3586.586130 29.999000 0.048000
3589.489130 29.999000 0.045000
3593.548200 29.999000 0.043000
3597.548480 29.999000 0.041000
3601.540600 29.999000 0.048000
3604.496260 29.999000 0.055000
3622.478830 29.999000 0.049000
3894.648240 29.999000 0.035000
3897.696790 29.999000 0.052000
4253.569660 29.999000 0.035000
4257.555530 29.999000 0.039000
4259.579940 29.999000 0.036000
4267.607410 29.999000 0.041000
4283.655390 29.999000 0.045000
4285.642930 29.999000 0.041000
4293.633100 29.999000 0.034000
4295.648940 29.999000 0.035000
4299.609630 29.999000 0.039000
4301.568390 29.999000 0.042000
4307.582720 29.999000 0.039000
4310.594720 29.999000 0.038000
4312.591730 29.999000 0.043000
4334.521890 29.999000 0.035000
4338.527950 29.999000 0.036000
4588.792250 29.999000 0.040000
4616.614070 29.999000 0.036000
4639.606340 29.999000 0.036000
4654.599080 29.999000 0.040000
4921.835100 29.999000 0.052000
4932.712860 29.999000 0.058000
4934.736290 29.999000 0.060000
4938.839150 29.999000 0.055000
4946.682310 29.999000 0.052000
4948.775150 29.999000 0.052000
4953.628740 29.999000 0.060000
4955.635190 29.999000 0.060000
4962.611380 29.999000 0.057000
4966.758560 29.999000 0.057000
4968.793710 29.999000 0.054000
4972.598180 29.999000 0.055000
4984.599770 29.999000 0.052000
4988.653550 29.999000 0.060000
4994.650810 29.999000 0.053000
5006.631520 29.999000 0.056000
5014.577390 29.999000 0.051000
5017.624430 29.999000 0.060000
5024.500340 29.999000 0.050000
5037.508350 29.999000 0.049000
5039.505550 29.999000 0.049000
