2109.626830 14.141000 0.057000
2115.587800 13.260000 0.065000
2116.604040 13.059000 0.058000
2117.605260 13.009000 0.060000
2131.572370 11.818000 0.054000
2156.504620 11.315000 0.063000
2173.548840 11.800000 0.063000
2179.497070 11.886000 0.068000
2184.534640 12.064000 0.077000
2192.504630 12.393000 0.071000
2206.509380 13.157000 0.073000
2442.693470 12.900000 0.066000
2446.693190 12.949000 0.057000
2862.724110 12.780000 0.055000
2866.724760 12.241000 0.045000
2872.571300 11.941000 0.046000
2875.604890 11.788000 0.051000
2877.595600 11.846000 0.049000
2879.596250 11.774000 0.042000
2882.619760 11.867000 0.050000
2884.579890 11.890000 0.046000
2893.602420 11.932000 0.049000
2895.599180 12.018000 0.047000
2897.608150 12.024000 0.050000
2904.630840 12.124000 0.051000
2908.496270 12.208000 0.052000
2910.508770 12.357000 0.046000
2912.525090 12.392000 0.046000
2916.514900 12.467000 0.045000
2918.569990 12.529000 0.048000
2922.537330 12.823000 0.048000
2924.544930 12.958000 0.046000
2927.544040 13.001000 0.044000
2929.545200 13.275000 0.049000
2931.547810 13.288000 0.046000
2933.548530 13.438000 0.044000
2939.507270 13.939000 0.049000
2943.508190 13.667000 0.048000
3087.892100 13.786000 0.047000
3091.882920 13.361000 0.052000
3097.875230 12.833000 0.051000
3101.859090 12.343000 0.056000
3108.832330 11.623000 0.056000
3111.852990 11.461000 0.048000
3114.856160 11.354000 0.045000
3118.851060 11.159000 0.044000
3122.869190 11.120000 0.043000
3129.850270 11.142000 0.047000
3144.775100 11.577000 0.042000
3152.898680 12.093000 0.053000
3154.749230 11.993000 0.042000
3157.877900 12.166000 0.049000
3162.801810 12.447000 0.047000
3164.826020 12.436000 0.050000
3170.763100 12.850000 0.042000
3173.706840 13.017000 0.049000
3176.752290 13.215000 0.043000
3179.681060 13.646000 0.046000
3182.688830 13.587000 0.041000
3184.676020 13.899000 0.051000
3186.694000 13.568000 0.049000
3427.897470 13.666000 0.064000
3431.891630 13.877000 0.054000
3573.620020 13.929000 0.049000
3585.674410 14.007000 0.057000
3590.579120 13.449000 0.058000
3601.711430 12.810000 0.051000
3604.511390 12.622000 0.056000
3616.538360 12.498000 0.054000
3620.629740 12.458000 0.061000
3628.505980 12.259000 0.049000
3630.581540 12.375000 0.060000
3632.587990 12.332000 0.064000
3634.619560 12.380000 0.067000
3637.628990 12.581000 0.061000
3641.588380 12.540000 0.054000
3644.524800 12.654000 0.076000
3648.525420 12.764000 0.056000
3650.555120 12.882000 0.060000
3656.564960 13.217000 0.051000
3658.490610 13.400000 0.053000
3659.537120 13.113000 0.056000
3661.553440 13.488000 0.052000
3663.558890 13.584000 0.054000
3668.495560 14.101000 0.052000
3671.502980 13.820000 0.058000
3812.902170 13.794000 0.054000
3819.880990 13.707000 0.054000
3821.800320 13.431000 0.050000
3821.828550 13.200000 0.050000
3821.858210 13.184000 0.048000
3821.888900 13.506000 0.052000
3822.787710 13.076000 0.051000
3822.845470 13.272000 0.051000
3822.873610 12.783000 0.052000
3822.900930 13.206000 0.051000
3831.861950 12.327000 0.052000
3834.868100 12.250000 0.051000
3847.902110 11.887000 0.066000
3850.838390 11.932000 0.050000
3856.814240 11.832000 0.059000
3859.804560 11.889000 0.058000
3862.793850 11.798000 0.051000
3864.792720 11.786000 0.057000
3866.817060 11.804000 0.078000
3868.809660 11.828000 0.066000
3874.780380 11.810000 0.056000
3880.820590 11.794000 0.050000
3887.760610 11.888000 0.064000
3891.780520 11.852000 0.065000
3893.757410 11.946000 0.049000
3900.758840 12.287000 0.068000
3902.761930 12.406000 0.062000
3906.801360 12.541000 0.073000
3909.707930 12.723000 0.053000
3913.718500 12.979000 0.074000
4353.505880 11.248000 0.054000
4594.798510 11.909000 0.049000
4626.669140 13.026000 0.052000
2195.505140 12.498000 0.079000
2199.495050 12.583000 0.080000
3159.740640 12.257000 0.052000
3608.546520 12.513000 0.080000
3618.639370 12.390000 0.079000
3883.823130 11.860000 0.079000
3904.789470 12.401000 0.085000
1962.894370 29.999000 0.066000
1964.897970 29.999000 0.062000
1966.893860 29.999000 0.064000
1978.891880 29.999000 0.068000
1980.866180 29.999000 0.069000
1982.840210 29.999000 0.071000
2026.843030 29.999000 0.064000
2027.808880 29.999000 0.058000
2030.800060 29.999000 0.062000
2031.811630 29.999000 0.061000
2032.796110 29.999000 0.059000
2033.791830 29.999000 0.066000
2037.764950 29.999000 0.069000
2052.744980 29.999000 0.061000
2053.757740 29.999000 0.073000
2054.754910 29.999000 0.073000
2055.743560 29.999000 0.069000
2056.744720 29.999000 0.066000
2057.740630 29.999000 0.061000
2058.739630 29.999000 0.069000
2061.735040 29.999000 0.075000
2070.722250 29.999000 0.066000
2080.635300 29.999000 0.075000
2081.685170 29.999000 0.066000
2082.694020 29.999000 0.070000
2083.680500 29.999000 0.071000
2085.673940 29.999000 0.066000
2086.686310 29.999000 0.067000
2087.670460 29.999000 0.066000
2088.669330 29.999000 0.062000
2102.626640 29.999000 0.063000
2103.637440 29.999000 0.062000
2104.641300 29.999000 0.062000
2105.633220 29.999000 0.062000
2453.689670 29.999000 0.060000
2464.648610 29.999000 0.065000
2465.647690 29.999000 0.069000
2467.642030 29.999000 0.058000
2468.638920 29.999000 0.062000
2470.592950 29.999000 0.061000
2473.607840 29.999000 0.068000
2489.592850 29.999000 0.066000
2493.581280 29.999000 0.067000
2498.569260 29.999000 0.061000
2499.567360 29.999000 0.058000
2501.546210 29.999000 0.065000
2508.592310 29.999000 0.061000
2511.611680 29.999000 0.065000
2524.627880 29.999000 0.073000
2535.511540 29.999000 0.047000
2544.539200 29.999000 0.067000
2545.581350 29.999000 0.045000
2547.547750 29.999000 0.056000
2552.538980 29.999000 0.071000
2561.490960 29.999000 0.052000
2562.537640 29.999000 0.052000
2564.507040 29.999000 0.053000
2568.510200 29.999000 0.049000
2687.892940 29.999000 0.048000
2702.897630 29.999000 0.050000
2714.865630 29.999000 0.043000
2725.832090 29.999000 0.045000
2732.889120 29.999000 0.045000
2735.836320 29.999000 0.047000
2738.830490 29.999000 0.046000
2740.858060 29.999000 0.045000
2755.792720 29.999000 0.046000
2757.806290 29.999000 0.048000
2760.764940 29.999000 0.045000
2764.788720 29.999000 0.042000
2784.760480 29.999000 0.047000
2786.733720 29.999000 0.047000
2790.751110 29.999000 0.053000
2802.821740 29.999000 0.054000
2810.669480 29.999000 0.046000
2811.851890 29.999000 0.046000
2813.738640 29.999000 0.052000
2820.776240 29.999000 0.046000
2822.775910 29.999000 0.059000
2830.640810 29.999000 0.050000
2834.677690 29.999000 0.052000
2838.812130 29.999000 0.049000
2841.659450 29.999000 0.046000
2843.637180 29.999000 0.057000
2851.627650 29.999000 0.045000
2853.749690 29.999000 0.050000
2936.501840 29.999000 0.054000
2947.510410 29.999000 0.047000
3070.898290 29.999000 0.052000
3074.895960 29.999000 0.055000
3189.721470 29.999000 0.043000
3191.830900 29.999000 0.049000
3266.509100 29.999000 0.055000
3276.554720 29.999000 0.067000
3279.513380 29.999000 0.062000
3292.538240 29.999000 0.051000
3295.506530 29.999000 0.066000
3299.507250 29.999000 0.059000
3444.873930 29.999000 0.063000
3455.858530 29.999000 0.050000
3458.888680 29.999000 0.051000
3468.862100 29.999000 0.048000
3471.887750 29.999000 0.065000
3474.865760 29.999000 0.050000
3477.853580 29.999000 0.068000
3480.842980 29.999000 0.070000
3483.816800 29.999000 0.050000
3487.846670 29.999000 0.047000
3490.883290 29.999000 0.059000
3499.807820 29.999000 0.055000
3502.788780 29.999000 0.074000
3508.829450 29.999000 0.047000
3511.775150 29.999000 0.052000
3517.804190 29.999000 0.050000
3521.759620 29.999000 0.055000
3526.728530 29.999000 0.052000
3528.759370 29.999000 0.059000
3542.691110 29.999000 0.062000
3544.829150 29.999000 0.058000
3547.873620 29.999000 0.056000
3554.775440 29.999000 0.048000
3558.649370 29.999000 0.052000
3562.691830 29.999000 0.076000
3564.673820 29.999000 0.059000
3569.656450 29.999000 0.058000
3575.637370 29.999000 0.057000
3583.617860 29.999000 0.074000
3587.677750 29.999000 0.054000
3674.506090 29.999000 0.054000
3677.499810 29.999000 0.060000
3796.898520 29.999000 0.051000
3804.890960 29.999000 0.051000
3808.900050 29.999000 0.064000
3822.815960 29.999000 0.048000
4247.754460 29.999000 0.050000
4251.796250 29.999000 0.058000
4255.796470 29.999000 0.051000
4258.718190 29.999000 0.058000
4266.775550 29.999000 0.053000
4400.514250 29.999000 0.061000
4984.789080 29.999000 0.057000
3103.876650 12.309000 0.047000
2140.548760 11.333000 0.085000
2835.642020 29.999000 0.038000
3448.881870 29.999000 0.045000
3452.886000 29.999000 0.046000
3112.878780 11.355000 0.034000
3154.776520 11.971000 0.033000
3604.600380 12.486000 0.050000
3618.660380 12.439000 0.060000
3637.635620 12.378000 0.046000
3641.594910 12.314000 0.050000
3643.639370 12.584000 0.049000
3647.567070 12.670000 0.034000
3668.537500 13.514000 0.048000
3820.888070 13.507000 0.043000
3824.877370 12.891000 0.038000
3828.867230 12.651000 0.044000
3832.852700 12.321000 0.044000
3836.853090 12.181000 0.041000
3847.920050 11.913000 0.067000
3850.857060 11.932000 0.066000
3853.848220 11.827000 0.051000
3856.842860 11.843000 0.040000
3864.818630 11.829000 0.049000
3868.828810 11.760000 0.041000
3870.793020 11.747000 0.042000
3874.808940 11.756000 0.040000
3877.788020 11.814000 0.039000
3880.844330 11.803000 0.038000
3887.783100 11.876000 0.055000
3889.901700 11.835000 0.042000
3891.800380 11.916000 0.040000
3896.801280 12.044000 0.051000
3901.773280 12.224000 0.068000
3907.793060 12.682000 0.059000
3913.882600 13.144000 0.062000
4295.713850 14.251000 0.049000
4297.704300 13.923000 0.041000
4299.680340 13.687000 0.059000
4303.676020 13.533000 0.044000
4305.665350 13.386000 0.048000
4307.643390 13.344000 0.052000
4311.652120 12.967000 0.050000
4316.724480 12.532000 0.042000
4319.699650 12.323000 0.050000
4329.600110 11.660000 0.042000
4331.597350 11.693000 0.054000
4333.562820 11.516000 0.040000
4334.741170 11.480000 0.053000
4338.641030 11.326000 0.041000
4340.696210 11.293000 0.052000
4342.689690 11.301000 0.055000
4344.694790 11.175000 0.058000
4346.690120 11.341000 0.052000
4348.696720 11.138000 0.052000
4351.519860 11.225000 0.062000
4353.636570 11.258000 0.041000
4356.523060 11.332000 0.039000
4358.529190 11.354000 0.036000
4360.519120 11.411000 0.045000
4367.499730 11.490000 0.044000
4369.557960 11.649000 0.040000
4371.576800 11.669000 0.055000
4373.589090 12.921000 0.049000
4376.577000 12.133000 0.040000
4378.593370 12.029000 0.042000
4380.619870 12.126000 0.052000
4383.561900 12.370000 0.045000
4385.603330 12.406000 0.037000
4388.494610 12.614000 0.046000
4393.507040 13.000000 0.056000
4400.517510 13.512000 0.045000
4407.510120 13.577000 0.055000
4558.867060 13.706000 0.040000
4566.861280 12.753000 0.044000
4570.855180 12.190000 0.040000
4573.868550 11.927000 0.042000
4576.846250 11.903000 0.041000
4580.832560 11.843000 0.047000
4585.869750 11.850000 0.040000
4588.847330 11.868000 0.038000
4591.839780 11.823000 0.038000
4597.823960 11.905000 0.038000
4600.799350 12.094000 0.039000
4602.820070 12.003000 0.053000
4606.841410 12.128000 0.052000
4611.877910 12.301000 0.049000
4617.785430 12.530000 0.040000
4621.770160 12.791000 0.055000
4623.832080 12.929000 0.056000
4626.693720 13.013000 0.038000
4630.725090 13.416000 0.037000
4632.726200 13.426000 0.038000
4639.753010 14.147000 0.039000
5082.666060 12.057000 0.050000
5085.565240 12.120000 0.049000
5087.597770 12.009000 0.043000
5089.660580 12.096000 0.049000
5092.560950 12.115000 0.043000
5111.552680 12.526000 0.047000
3088.884780 13.473000 0.053000
3620.641250 12.437000 0.080000
3859.823660 11.835000 0.059000
3883.841240 11.818000 0.072000
3903.775080 12.301000 0.071000
3905.805370 12.493000 0.082000
5067.642220 12.544000 0.070000
5097.509950 12.160000 0.053000
5103.534700 12.302000 0.052000
5106.528510 12.333000 0.063000
5131.510600 13.624000 0.049000
1965.901080 29.999000 0.045000
1978.907180 29.999000 0.053000
1980.883860 29.999000 0.046000
1982.871590 29.999000 0.048000
1996.860080 29.999000 0.052000
2008.848220 29.999000 0.065000
2011.813960 29.999000 0.068000
2080.660070 29.999000 0.061000
2093.615540 29.999000 0.065000
2699.900030 29.999000 0.036000
2703.900390 29.999000 0.037000
2707.891090 29.999000 0.039000
2710.885120 29.999000 0.035000
2719.884480 29.999000 0.044000
2726.851880 29.999000 0.044000
2728.910100 29.999000 0.038000
2734.867630 29.999000 0.035000
2736.888450 29.999000 0.036000
2743.887940 29.999000 0.037000
2821.683140 29.999000 0.033000
2855.668150 29.999000 0.056000
3081.884790 29.999000 0.046000
3268.549940 29.999000 0.047000
3274.650080 29.999000 0.042000
3277.594520 29.999000 0.053000
3279.624110 29.999000 0.041000
3431.898870 29.999000 0.042000
3444.893970 29.999000 0.041000
3452.905810 29.999000 0.048000
3455.881510 29.999000 0.045000
3459.864520 29.999000 0.040000
3464.865140 29.999000 0.041000
3468.869950 29.999000 0.039000
3476.870270 29.999000 0.063000
3487.870360 29.999000 0.047000
3495.876070 29.999000 0.058000
3509.841420 29.999000 0.035000
3512.763740 29.999000 0.038000
3524.755420 29.999000 0.043000
3526.801260 29.999000 0.054000
3538.766230 29.999000 0.042000
3550.736490 29.999000 0.047000
3555.757000 29.999000 0.040000
3561.707560 29.999000 0.073000
3563.715000 29.999000 0.051000
3573.679770 29.999000 0.040000
3577.720840 29.999000 0.054000
3806.894300 29.999000 0.046000
3814.888840 29.999000 0.045000
4162.899210 29.999000 0.060000
4167.896280 29.999000 0.057000
4175.895060 29.999000 0.040000
4179.900350 29.999000 0.054000
4183.884970 29.999000 0.050000
4189.894950 29.999000 0.039000
4192.892770 29.999000 0.042000
4196.908400 29.999000 0.045000
4203.896850 29.999000 0.046000
4207.913280 29.999000 0.045000
4212.920170 29.999000 0.044000
4216.865550 29.999000 0.038000
4229.874370 29.999000 0.056000
4231.872950 29.999000 0.057000
4234.808650 29.999000 0.048000
4246.763290 29.999000 0.037000
4256.801700 29.999000 0.042000
4269.719400 29.999000 0.038000
4272.765160 29.999000 0.044000
4274.765440 29.999000 0.038000
4277.708320 29.999000 0.037000
4283.726900 29.999000 0.058000
4285.716950 29.999000 0.064000
4289.713180 29.999000 0.046000
4291.715300 29.999000 0.044000
4293.704060 29.999000 0.049000
4301.670730 29.999000 0.065000
4411.504720 29.999000 0.054000
4539.899960 29.999000 0.046000
4547.888020 29.999000 0.040000
4551.877380 29.999000 0.046000
4641.755660 29.999000 0.038000
4643.751160 29.999000 0.043000
4645.780970 29.999000 0.041000
4647.842970 29.999000 0.044000
4650.677760 29.999000 0.049000
4652.721270 29.999000 0.035000
4654.721910 29.999000 0.039000
4656.710560 29.999000 0.046000
4660.658190 29.999000 0.038000
4666.677630 29.999000 0.044000
4670.667610 29.999000 0.040000
4672.690350 29.999000 0.049000
4678.714010 29.999000 0.069000
4681.640850 29.999000 0.058000
4683.640900 29.999000 0.050000
4685.627440 29.999000 0.047000
4687.626670 29.999000 0.039000
4690.530350 29.999000 0.053000
4697.636220 29.999000 0.039000
4701.632340 29.999000 0.049000
4703.634170 29.999000 0.052000
4705.665710 29.999000 0.039000
4708.618980 29.999000 0.051000
4710.636760 29.999000 0.053000
4715.598870 29.999000 0.041000
4721.526760 29.999000 0.043000
4724.579790 29.999000 0.045000
4726.631820 29.999000 0.048000
4729.614780 29.999000 0.048000
4731.640140 29.999000 0.058000
4736.598670 29.999000 0.035000
4739.590850 29.999000 0.040000
4742.542510 29.999000 0.049000
4748.502120 29.999000 0.066000
4754.532830 29.999000 0.055000
4756.572170 29.999000 0.056000
4759.543020 29.999000 0.057000
4762.538910 29.999000 0.059000
4765.534520 29.999000 0.042000
4768.529100 29.999000 0.060000
4771.510620 29.999000 0.040000
4776.511780 29.999000 0.041000
4780.517450 29.999000 0.052000
4785.507050 29.999000 0.042000
4907.896940 29.999000 0.051000
4917.910080 29.999000 0.046000
4921.901250 29.999000 0.050000
4929.914960 29.999000 0.048000
4940.852340 29.999000 0.053000
4947.863830 29.999000 0.048000
4962.826720 29.999000 0.049000
4967.856300 29.999000 0.075000
4974.793760 29.999000 0.048000
4984.812520 29.999000 0.054000
4988.788070 29.999000 0.048000
4994.783700 29.999000 0.062000
5006.764570 29.999000 0.052000
5009.729210 29.999000 0.050000
5014.728750 29.999000 0.048000
5021.708100 29.999000 0.050000
5023.712870 29.999000 0.047000
5031.685310 29.999000 0.043000
5042.638850 29.999000 0.048000
5048.718540 29.999000 0.050000
