1914.867870 10.208000 0.038000
1918.865190 10.362000 0.038000
1921.857140 10.478000 0.036000
1931.839740 11.067000 0.036000
1935.810830 11.430000 0.036000
1938.840000 11.666000 0.035000
1958.829310 13.327000 0.041000
1963.899350 13.584000 0.044000
2052.629360 14.111000 0.039000
2053.664570 14.348000 0.035000
2054.660960 14.576000 0.035000
2055.647270 14.295000 0.042000
2056.644330 14.137000 0.034000
2058.641450 13.961000 0.039000
2061.669300 13.758000 0.040000
2068.617990 13.148000 0.035000
2070.615430 13.018000 0.038000
2081.587390 11.906000 0.032000
2082.607590 11.737000 0.034000
2085.576320 11.594000 0.035000
2087.577460 11.448000 0.037000
2088.584140 11.390000 0.036000
2094.586310 11.065000 0.037000
2102.537400 10.987000 0.039000
2103.561620 11.039000 0.035000
2104.552360 11.002000 0.034000
2105.542440 11.042000 0.040000
2109.564180 11.073000 0.035000
2115.504010 11.135000 0.036000
2116.514170 11.120000 0.041000
2117.517490 11.143000 0.036000
2124.488810 11.127000 0.035000
2128.485390 11.038000 0.033000
2132.514540 11.022000 0.031000
2136.509180 11.526000 0.034000
2141.511870 11.140000 0.032000
2143.510440 11.175000 0.035000
2491.494830 13.860000 0.046000
2494.508790 13.437000 0.041000
2520.532760 11.085000 0.034000
2521.542210 11.007000 0.031000
2524.538020 10.751000 0.043000
2526.565580 10.655000 0.045000
2696.820630 14.440000 0.029000
2699.801430 13.786000 0.029000
2701.841130 13.636000 0.040000
2704.827310 13.883000 0.033000
2706.820660 13.866000 0.030000
2714.794870 13.408000 0.035000
2717.814530 13.173000 0.029000
2722.865070 12.809000 0.029000
2724.782590 12.729000 0.030000
2726.783840 12.493000 0.036000
2728.778190 12.199000 0.033000
2730.782680 11.990000 0.028000
2733.772030 11.639000 0.037000
2735.773220 11.445000 0.037000
2737.744530 11.262000 0.038000
2739.759430 11.032000 0.032000
2743.720410 10.731000 0.029000
2744.833350 10.630000 0.033000
2749.794340 10.478000 0.028000
2751.709020 10.421000 0.032000
2754.714410 10.399000 0.037000
2755.874740 10.428000 0.028000
2757.714280 10.462000 0.033000
2759.756690 10.447000 0.038000
2761.700940 10.414000 0.030000
2763.690530 10.435000 0.036000
2766.738990 10.430000 0.036000
2782.699120 10.625000 0.042000
2783.899310 10.672000 0.035000
2785.731750 10.702000 0.028000
2787.683670 10.744000 0.032000
2790.711970 10.850000 0.028000
2794.612990 11.033000 0.041000
2804.645320 11.484000 0.030000
2808.647360 11.690000 0.027000
2809.791820 11.726000 0.029000
2811.669120 11.815000 0.029000
2812.765110 11.897000 0.029000
2816.796010 12.131000 0.034000
2820.541610 12.349000 0.031000
2826.601170 12.957000 0.033000
2832.567410 13.076000 0.032000
2836.724860 13.377000 0.035000
2840.606800 13.433000 0.031000
2845.599190 13.751000 0.029000
2851.507000 13.777000 0.031000
2853.638650 13.864000 0.035000
2860.678400 14.427000 0.032000
2866.602520 15.012000 0.031000
2900.516740 14.488000 0.028000
2904.508620 14.375000 0.035000
2906.504350 14.203000 0.027000
2909.507780 13.997000 0.028000
2915.492420 13.462000 0.030000
2923.497940 13.187000 0.030000
2927.494730 12.816000 0.029000
3032.857990 12.023000 0.033000
3036.850950 12.427000 0.029000
3042.857000 12.771000 0.030000
3060.828900 14.243000 0.030000
3142.753530 14.130000 0.030000
3146.609900 13.856000 0.031000
3152.854930 13.452000 0.031000
3154.614320 13.249000 0.029000
3160.669070 12.734000 0.034000
3163.678790 12.539000 0.028000
3165.673070 12.285000 0.030000
3168.695280 12.006000 0.030000
3170.824690 11.752000 0.034000
3176.673790 11.083000 0.031000
3182.572690 10.794000 0.028000
3184.597270 10.729000 0.029000
3187.601470 10.729000 0.030000
3189.785370 10.683000 0.033000
3411.836270 10.641000 0.041000
3414.853540 10.617000 0.034000
3424.855500 10.607000 0.040000
3427.849840 10.718000 0.039000
3430.842920 10.735000 0.032000
3434.813920 10.771000 0.045000
3438.840880 10.897000 0.034000
3442.847790 11.013000 0.034000
3444.837630 11.083000 0.035000
3447.814710 11.200000 0.042000
3457.810070 11.814000 0.039000
3462.740600 12.115000 0.038000
3464.828080 12.284000 0.035000
3467.774750 12.510000 0.032000
3470.753510 12.590000 0.031000
3470.800240 12.822000 0.033000
3473.742430 12.841000 0.033000
3478.727080 13.257000 0.037000
3480.765770 13.349000 0.041000
3489.722450 13.700000 0.031000
3491.746940 14.158000 0.037000
3497.762390 14.293000 0.031000
3500.835910 14.693000 0.040000
3560.676980 14.364000 0.036000
3562.678920 14.255000 0.032000
3564.660770 13.874000 0.032000
3570.546360 13.709000 0.033000
3573.625900 13.669000 0.035000
3575.643200 13.137000 0.034000
3583.514060 12.598000 0.043000
3587.580150 12.346000 0.033000
3589.590700 12.260000 0.036000
3591.665690 12.185000 0.034000
3599.579500 11.643000 0.034000
3601.625320 11.481000 0.039000
3603.628450 11.195000 0.036000
3606.632460 10.830000 0.037000
3616.487760 10.071000 0.037000
3618.585660 10.042000 0.043000
3626.502900 10.060000 0.033000
3629.573340 10.059000 0.038000
3632.501760 10.064000 0.036000
3639.493210 10.099000 0.032000
3642.512490 10.127000 0.037000
3646.511700 10.199000 0.035000
3656.494680 10.537000 0.042000
3790.829850 13.447000 0.036000
3793.858120 13.070000 0.043000
3796.855620 12.767000 0.032000
3800.831460 12.479000 0.043000
3806.829280 11.971000 0.046000
3809.848830 11.838000 0.042000
3812.816270 11.528000 0.045000
3816.869750 11.170000 0.037000
3825.775310 10.410000 0.035000
3831.765120 10.154000 0.032000
3833.816240 10.140000 0.036000
3835.803230 10.145000 0.034000
3837.813540 10.114000 0.037000
3847.777230 10.053000 0.041000
3849.769550 10.059000 0.035000
3851.772720 10.051000 0.034000
3853.831370 10.090000 0.041000
3856.706280 10.078000 0.039000
3858.811320 10.153000 0.035000
3861.680180 10.231000 0.044000
3863.736250 10.274000 0.036000
3865.719960 10.344000 0.032000
3870.907670 10.533000 0.037000
3876.650550 10.795000 0.036000
3881.750040 11.191000 0.035000
3886.668570 11.437000 0.030000
3890.658940 11.707000 0.035000
3892.657680 11.870000 0.035000
3898.651170 12.297000 0.034000
3900.666070 12.436000 0.037000
3902.685290 12.605000 0.031000
3904.708850 12.782000 0.034000
3906.721200 12.939000 0.036000
3908.773210 13.149000 0.038000
3912.720020 13.301000 0.035000
4134.844800 13.663000 0.034000
4203.806600 14.372000 0.034000
4215.814400 13.392000 0.038000
4228.748280 12.700000 0.037000
4230.746020 12.666000 0.038000
4232.743590 12.492000 0.035000
4234.739380 12.420000 0.040000
4246.680190 11.191000 0.035000
4255.707710 10.668000 0.034000
4257.709360 10.629000 0.040000
4266.690020 10.362000 0.037000
4273.799060 10.359000 0.036000
4276.584440 10.307000 0.035000
4284.763170 10.230000 0.034000
4290.728870 10.291000 0.038000
4292.687380 10.289000 0.033000
4294.688450 10.382000 0.034000
4296.692570 10.380000 0.045000
4298.697760 10.417000 0.041000
4302.637470 10.525000 0.037000
4308.525160 10.823000 0.040000
4310.619690 10.957000 0.034000
4312.616700 11.108000 0.039000
4315.622660 11.276000 0.036000
4329.490230 12.258000 0.037000
4339.520250 12.872000 0.038000
4343.580120 13.207000 0.040000
4345.593630 13.331000 0.037000
4347.594380 13.501000 0.042000
4354.570320 14.211000 0.033000
4357.490030 13.854000 0.033000
4508.841400 10.616000 0.034000
4519.868510 11.090000 0.038000
4527.822270 11.707000 0.041000
4530.849190 11.843000 0.034000
4538.846170 12.499000 0.037000
4541.821560 12.614000 0.031000
4559.769620 13.638000 0.039000
4561.837990 14.263000 0.037000
4644.632060 13.746000 0.036000
4650.698990 13.271000 0.035000
4652.703240 13.210000 0.034000
4654.687500 12.942000 0.039000
4656.663080 12.945000 0.042000
4663.550400 12.637000 0.035000
4664.736540 12.852000 0.036000
4666.733500 12.618000 0.040000
4672.696650 11.765000 0.036000
4679.492390 10.958000 0.035000
4682.484940 10.696000 0.036000
4684.490600 10.578000 0.033000
4690.481000 10.349000 0.040000
4697.573090 10.290000 0.034000
4701.579680 10.256000 0.037000
4703.584760 10.273000 0.036000
4705.615890 10.258000 0.037000
4708.583990 10.263000 0.039000
4720.517590 10.382000 0.041000
4722.552930 10.335000 0.044000
4729.516770 10.677000 0.037000
4737.513870 11.148000 0.036000
4754.491440 12.440000 0.044000
4863.859920 13.511000 0.034000
4867.873580 13.177000 0.036000
4871.856550 12.774000 0.044000
4876.866270 12.621000 0.035000
4882.836790 12.070000 0.042000
4892.823890 10.909000 0.040000
1923.865000 10.576000 0.055000
1925.859770 10.724000 0.052000
1926.883580 10.754000 0.045000
1949.814180 12.590000 0.061000
1950.859940 12.557000 0.054000
1962.773090 13.438000 0.050000
2057.638680 14.209000 0.043000
2079.577920 12.006000 0.049000
2083.587400 11.680000 0.051000
2508.596220 12.347000 0.054000
2510.549550 12.248000 0.051000
2511.606130 12.026000 0.051000
2540.516610 10.319000 0.053000
2842.594390 13.513000 0.047000
3407.836940 10.765000 0.046000
3418.827060 10.613000 0.052000
3475.830440 13.301000 0.040000
3585.572430 12.391000 0.051000
3620.591830 10.051000 0.050000
3783.874860 13.776000 0.046000
3803.842850 12.317000 0.043000
3822.788140 10.570000 0.050000
3872.795590 10.622000 0.048000
4286.734500 10.262000 0.044000
4300.591700 10.530000 0.045000
4317.674650 11.443000 0.044000
4500.847780 10.444000 0.043000
4693.572630 10.294000 0.052000
4710.600960 10.208000 0.053000
4726.524000 10.583000 0.044000
4731.533780 10.810000 0.044000
4745.492030 11.760000 0.049000
4885.874300 11.706000 0.046000
4888.853570 11.325000 0.048000
4901.889280 10.278000 0.049000
4908.881520 10.036000 0.044000
4914.857090 9.946000 0.049000
4917.817680 9.968000 0.042000
4920.787840 9.995000 0.043000
4924.824910 10.046000 0.045000
4928.809950 10.145000 0.048000
4931.758370 10.238000 0.043000
4938.735740 10.631000 0.044000
4940.799240 10.527000 0.047000
4946.711850 10.877000 0.042000
4951.735460 11.253000 0.044000
4966.696320 12.456000 0.047000
4968.746420 12.773000 0.041000
4984.671690 13.900000 0.048000
5083.589350 13.077000 0.048000
5086.504460 12.835000 0.050000
5088.561720 12.794000 0.049000
5103.517160 11.701000 0.051000
5109.508350 11.384000 0.051000
1965.794820 29.999000 0.044000
1967.803860 29.999000 0.044000
1971.898690 29.999000 0.046000
1976.871470 29.999000 0.046000
1978.818930 29.999000 0.048000
1979.830170 29.999000 0.055000
1980.766120 29.999000 0.054000
1981.792260 29.999000 0.048000
1984.888610 29.999000 0.051000
1985.811140 29.999000 0.050000
1994.688140 29.999000 0.049000
1995.787360 29.999000 0.056000
1997.792990 29.999000 0.051000
1998.781000 29.999000 0.054000
2000.777820 29.999000 0.053000
2014.711610 29.999000 0.054000
2016.733020 29.999000 0.053000
2019.726480 29.999000 0.059000
2025.724660 29.999000 0.033000
2026.721150 29.999000 0.031000
2027.709480 29.999000 0.033000
2030.694920 29.999000 0.035000
2031.707430 29.999000 0.033000
2032.694460 29.999000 0.032000
2033.688730 29.999000 0.030000
2440.602290 29.999000 0.033000
2441.603290 29.999000 0.038000
2442.604100 29.999000 0.038000
2443.592640 29.999000 0.035000
2444.595300 29.999000 0.034000
2452.561930 29.999000 0.040000
2454.576380 29.999000 0.041000
2456.562990 29.999000 0.037000
2463.578590 29.999000 0.032000
2465.553660 29.999000 0.039000
2466.545380 29.999000 0.036000
2467.547980 29.999000 0.035000
2468.558260 29.999000 0.036000
2469.543540 29.999000 0.046000
2470.551970 29.999000 0.040000
2473.528870 29.999000 0.041000
2481.500510 29.999000 0.046000
2504.587070 29.999000 0.059000
2651.868600 29.999000 0.032000
2664.844130 29.999000 0.030000
2668.860540 29.999000 0.043000
2672.849430 29.999000 0.033000
2678.832470 29.999000 0.028000
2681.832990 29.999000 0.029000
2683.849530 29.999000 0.030000
2686.817650 29.999000 0.040000
2688.870360 29.999000 0.029000
2690.869650 29.999000 0.031000
2859.556580 29.999000 0.036000
2862.602260 29.999000 0.034000
2868.653560 29.999000 0.032000
2876.529340 29.999000 0.029000
2878.525760 29.999000 0.031000
2882.509710 29.999000 0.029000
2886.591990 29.999000 0.034000
2893.589780 29.999000 0.030000
2896.525130 29.999000 0.029000
2898.521820 29.999000 0.028000
3064.823830 29.999000 0.032000
3068.807650 29.999000 0.031000
3071.832500 29.999000 0.031000
3074.864960 29.999000 0.032000
3078.888360 29.999000 0.030000
3081.825530 29.999000 0.031000
3085.867020 29.999000 0.035000
3088.798990 29.999000 0.055000
3091.784080 29.999000 0.030000
3096.836500 29.999000 0.032000
3098.812190 29.999000 0.029000
3100.821710 29.999000 0.030000
3105.819610 29.999000 0.032000
3107.825470 29.999000 0.032000
3110.747400 29.999000 0.032000
3112.793930 29.999000 0.035000
3114.833290 29.999000 0.030000
3118.739780 29.999000 0.031000
3122.731770 29.999000 0.030000
3124.784360 29.999000 0.030000
3126.741580 29.999000 0.031000
3128.721060 29.999000 0.032000
3132.747650 29.999000 0.034000
3134.745530 29.999000 0.047000
3482.760640 29.999000 0.045000
3506.710120 29.999000 0.033000
3509.708200 29.999000 0.034000
3511.743680 29.999000 0.032000
3515.744860 29.999000 0.033000
3517.738510 29.999000 0.031000
3523.675440 29.999000 0.039000
3525.702750 29.999000 0.045000
3529.776130 29.999000 0.045000
3543.625550 29.999000 0.033000
3550.586730 29.999000 0.036000
3552.661500 29.999000 0.036000
3555.657090 29.999000 0.038000
3558.669760 29.999000 0.039000
3742.864230 29.999000 0.036000
3751.868840 29.999000 0.036000
3755.861300 29.999000 0.036000
3762.873600 29.999000 0.045000
3766.883150 29.999000 0.033000
3774.844930 29.999000 0.037000
4160.853550 29.999000 0.033000
4178.825640 29.999000 0.041000
4181.808310 29.999000 0.048000
4184.798170 29.999000 0.050000
4188.808500 29.999000 0.036000
4190.842640 29.999000 0.035000
4192.800040 29.999000 0.038000
4194.793130 29.999000 0.041000
4200.746350 29.999000 0.035000
4205.783180 29.999000 0.033000
4208.872990 29.999000 0.041000
4212.873000 29.999000 0.041000
4226.850750 29.999000 0.047000
4341.575020 29.999000 0.037000
4349.591590 29.999000 0.038000
4351.590220 29.999000 0.037000
4363.480750 29.999000 0.035000
4365.535090 29.999000 0.043000
4369.511730 29.999000 0.038000
4371.526160 29.999000 0.036000
4375.514150 29.999000 0.034000
4377.522580 29.999000 0.035000
4380.510910 29.999000 0.037000
4383.502110 29.999000 0.034000
4547.790940 29.999000 0.036000
4564.769540 29.999000 0.034000
4567.745090 29.999000 0.038000
4570.742300 29.999000 0.034000
4572.764440 29.999000 0.038000
4574.754340 29.999000 0.034000
4576.756500 29.999000 0.042000
4582.720920 29.999000 0.038000
4585.763420 29.999000 0.036000
4587.802020 29.999000 0.039000
4590.699200 29.999000 0.038000
4592.744680 29.999000 0.036000
4594.747190 29.999000 0.033000
4596.757280 29.999000 0.036000
4599.671440 29.999000 0.037000
4601.718620 29.999000 0.034000
4603.728630 29.999000 0.035000
4609.598690 29.999000 0.034000
4616.817110 29.999000 0.035000
4620.622620 29.999000 0.039000
4622.784780 29.999000 0.041000
4630.683960 29.999000 0.034000
4640.623360 29.999000 0.037000
4642.613340 29.999000 0.033000
4646.620660 29.999000 0.042000
4993.727720 29.999000 0.043000
5006.620620 29.999000 0.052000
5024.557050 29.999000 0.041000
5029.560740 29.999000 0.047000
5038.530910 29.999000 0.053000
5040.524340 29.999000 0.048000
5047.508780 29.999000 0.050000
5049.555280 29.999000 0.048000
5066.557970 29.999000 0.053000
2782.491220 10.616000 0.045000
3397.870380 11.231000 0.041000
3400.856290 11.077000 0.041000
4125.863910 13.500000 0.045000
4129.860800 13.589000 0.039000
4137.857890 13.847000 0.039000
4145.843850 14.283000 0.039000
4203.818270 14.349000 0.042000
4208.889700 14.647000 0.043000
4213.786790 13.475000 0.038000
4216.784520 13.206000 0.037000
4228.790960 12.737000 0.039000
4230.785340 12.577000 0.035000
4232.785750 12.427000 0.035000
4234.828950 12.372000 0.034000
4257.714520 10.622000 0.039000
4315.642060 11.146000 0.045000
4492.868270 10.451000 0.038000
4500.866440 10.498000 0.043000
4504.865110 10.521000 0.040000
4508.858460 10.644000 0.036000
4520.829430 11.154000 0.042000
4527.830260 11.731000 0.043000
4530.869070 11.848000 0.035000
4535.870990 12.306000 0.043000
4538.852120 12.425000 0.038000
4541.838430 12.807000 0.037000
4547.803910 13.208000 0.039000
4554.856720 13.538000 0.043000
4557.785230 13.794000 0.037000
4560.773850 13.999000 0.037000
4563.777230 14.254000 0.037000
4565.829720 14.098000 0.041000
4570.815480 14.205000 0.036000
4572.780710 13.900000 0.037000
4640.755710 14.636000 0.038000
4642.735040 14.362000 0.037000
4644.755520 14.038000 0.044000
4647.549800 13.820000 0.046000
4649.596850 13.109000 0.045000
4653.644930 13.102000 0.037000
4655.583880 13.189000 0.045000
4664.739230 12.499000 0.037000
4666.743780 12.397000 0.039000
4672.702820 11.806000 0.038000
4869.858790 13.200000 0.044000
4882.840080 12.022000 0.035000
4892.852720 10.902000 0.041000
4926.837340 10.146000 0.047000
3450.842190 11.304000 0.044000
3453.755070 11.519000 0.048000
4516.857500 11.038000 0.048000
2040.742210 29.999000 0.040000
3462.757450 29.999000 0.036000
3473.755810 29.999000 0.036000
3495.756920 29.999000 0.048000
3756.866720 29.999000 0.038000
3763.870720 29.999000 0.045000
3767.864310 29.999000 0.037000
3772.861690 29.999000 0.034000
3775.868120 29.999000 0.042000
3793.885260 29.999000 0.043000
3825.794130 29.999000 0.036000
3861.783890 29.999000 0.036000
4133.850980 29.999000 0.036000
4151.839990 29.999000 0.038000
4154.862340 29.999000 0.041000
4161.826660 29.999000 0.040000
4164.880370 29.999000 0.043000
4167.860860 29.999000 0.034000
4172.859540 29.999000 0.041000
4181.817050 29.999000 0.043000
4184.806670 29.999000 0.046000
4192.805750 29.999000 0.037000
4194.807340 29.999000 0.042000
4200.767050 29.999000 0.034000
4205.802490 29.999000 0.035000
4246.690770 29.999000 0.037000
4269.694110 29.999000 0.036000
4291.642440 29.999000 0.046000
4574.771660 29.999000 0.040000
4576.781190 29.999000 0.038000
4585.774120 29.999000 0.044000
4587.832670 29.999000 0.042000
4592.825240 29.999000 0.038000
4594.761680 29.999000 0.036000
4596.780320 29.999000 0.039000
4599.688630 29.999000 0.037000
4601.721290 29.999000 0.036000
4603.731260 29.999000 0.035000
4609.649230 29.999000 0.038000
4611.697190 29.999000 0.038000
4615.846650 29.999000 0.040000
4617.705570 29.999000 0.054000
4623.671170 29.999000 0.040000
4627.629330 29.999000 0.040000
4629.610740 29.999000 0.035000
4630.784830 29.999000 0.041000
4705.637420 29.999000 0.044000
4865.865090 29.999000 0.039000
4885.878270 29.999000 0.047000
