3449.877310 13.437000 0.056000
2117.573030 13.832000 0.060000
2141.541260 14.118000 0.065000
2140.513710 14.164000 0.084000
2151.493870 29.999000 0.063000
2135.552560 29.999000 0.059000
2143.494450 29.999000 0.059000
2144.520440 29.999000 0.066000
3453.802790 29.999000 0.049000
4153.883240 13.063000 0.054000
4157.880110 13.134000 0.047000
4916.879510 13.053000 0.048000
4947.824850 12.827000 0.050000
2490.606690 13.235000 0.055000
2853.744710 12.822000 0.034000
3056.891960 13.942000 0.036000
4142.890180 13.927000 0.040000
4931.834990 12.793000 0.049000
4938.907420 12.780000 0.055000
2770.821380 13.997000 0.054000
4161.872090 12.801000 0.077000
2690.885520 29.999000 0.038000
2726.806130 29.999000 0.036000
2728.855260 29.999000 0.037000
2894.701560 29.999000 0.040000
4670.735930 29.999000 0.051000
2719.855760 29.999000 0.041000
2763.784540 29.999000 0.036000
2775.829680 29.999000 0.037000
4884.889060 29.999000 0.047000
4888.878610 29.999000 0.055000
4905.861410 29.999000 0.052000
2025.759740 13.494000 0.058000
2032.760860 13.137000 0.060000
2033.758750 13.075000 0.060000
2083.649110 12.209000 0.061000
2109.601740 13.641000 0.054000
2116.576640 13.796000 0.060000
2124.551460 14.062000 0.061000
2133.551420 14.485000 0.060000
2441.665610 12.117000 0.041000
2443.659410 12.126000 0.032000
2444.652220 12.162000 0.035000
2446.666270 12.110000 0.034000
2452.625710 12.218000 0.049000
2459.612820 12.119000 0.048000
2463.640630 12.247000 0.036000
2464.619020 12.240000 0.035000
2465.620430 12.310000 0.036000
2466.607530 12.414000 0.032000
2467.612440 12.291000 0.038000
2470.537200 12.345000 0.040000
2474.622500 12.658000 0.045000
2482.595890 13.067000 0.055000
2497.557870 14.402000 0.037000
2521.655670 14.019000 0.052000
2760.758370 14.094000 0.049000
2786.692230 13.616000 0.047000
2787.854650 13.627000 0.052000
2791.659460 13.698000 0.046000
2808.709760 13.078000 0.046000
2810.632950 12.899000 0.050000
2813.709120 12.618000 0.050000
2820.704520 12.289000 0.038000
2826.735530 12.084000 0.034000
2830.612630 12.043000 0.044000
2835.626830 12.114000 0.039000
2838.628470 12.147000 0.037000
2840.683150 12.203000 0.041000
2845.672920 12.424000 0.036000
2851.586700 12.636000 0.033000
2855.620880 12.916000 0.040000
2861.568260 13.327000 0.038000
2867.736390 13.768000 0.050000
2874.722860 13.845000 0.050000
3055.817170 13.604000 0.052000
3059.855940 13.661000 0.049000
3180.760540 13.542000 0.054000
3183.742810 13.478000 0.049000
3191.749470 12.880000 0.067000
3404.884030 11.819000 0.070000
3410.883090 11.957000 0.060000
3414.881780 12.051000 0.048000
3422.868900 12.427000 0.056000
3426.862420 12.516000 0.053000
3446.885370 13.489000 0.049000
3574.785470 13.400000 0.050000
3576.786620 13.241000 0.056000
3593.556610 12.955000 0.047000
3599.594620 12.891000 0.044000
3603.663850 12.929000 0.053000
3606.663200 12.925000 0.058000
3616.497670 13.161000 0.054000
3618.601790 13.222000 0.056000
3628.491320 13.485000 0.045000
3630.572050 13.543000 0.049000
3632.579190 13.416000 0.050000
3634.607250 13.528000 0.055000
3637.619230 13.936000 0.043000
3767.877720 12.967000 0.052000
3774.886550 12.690000 0.053000
3791.875720 12.115000 0.053000
3795.877090 12.150000 0.056000
3803.865260 12.424000 0.068000
3806.874550 12.445000 0.057000
3810.865340 12.546000 0.063000
3814.850630 12.597000 0.066000
3819.832480 13.066000 0.066000
3822.864440 13.057000 0.055000
3825.859610 13.028000 0.050000
3829.818930 13.232000 0.048000
3832.837830 13.408000 0.070000
3835.833260 13.433000 0.055000
4152.886310 13.310000 0.053000
4156.881580 12.871000 0.068000
4164.860270 12.615000 0.066000
4168.862800 12.543000 0.055000
4174.850560 12.417000 0.046000
4177.874100 12.608000 0.046000
4181.838640 12.445000 0.052000
4188.878810 12.352000 0.041000
4191.833910 12.564000 0.043000
4194.811120 12.767000 0.052000
4202.849950 12.934000 0.045000
4205.809040 12.797000 0.043000
4213.853930 13.313000 0.043000
4216.851650 13.368000 0.041000
4234.850700 13.681000 0.050000
4255.754470 13.983000 0.041000
4310.601570 13.569000 0.045000
4312.598600 13.526000 0.054000
4315.601130 13.513000 0.037000
4317.658190 13.489000 0.038000
4329.535020 13.329000 0.045000
4331.536980 13.138000 0.040000
4333.533330 13.228000 0.050000
4338.514340 13.065000 0.038000
4340.575790 12.868000 0.046000
4342.580470 12.716000 0.046000
4344.577460 12.544000 0.050000
4346.579940 12.329000 0.047000
4348.581590 12.151000 0.045000
4350.576760 11.990000 0.053000
4352.588990 11.857000 0.037000
4355.578060 11.644000 0.046000
4357.588030 11.733000 0.042000
4359.552130 11.636000 0.043000
4365.497960 11.653000 0.047000
4368.573140 11.639000 0.044000
4372.598640 11.734000 0.052000
4375.603340 11.851000 0.044000
4378.505010 11.958000 0.052000
4380.560090 12.000000 0.051000
4383.532950 12.074000 0.041000
4386.518110 12.166000 0.038000
4392.497140 12.422000 0.050000
4400.504620 13.142000 0.050000
4409.514080 13.458000 0.063000
4522.877090 14.072000 0.045000
4547.835240 13.595000 0.049000
4551.839690 13.499000 0.054000
4559.851230 13.005000 0.039000
4562.862300 13.091000 0.048000
4565.878660 12.861000 0.048000
4568.846870 12.872000 0.053000
4571.809410 12.833000 0.043000
4574.772500 12.890000 0.051000
4576.833650 13.103000 0.055000
4586.862750 13.366000 0.043000
4589.800610 13.112000 0.042000
4592.769770 13.367000 0.045000
4595.770960 13.500000 0.040000
4597.858330 13.390000 0.042000
4610.781420 13.740000 0.044000
4701.556810 13.910000 0.041000
4733.614410 13.417000 0.064000
4737.595960 13.607000 0.042000
4753.519200 13.063000 0.059000
4755.566890 12.815000 0.062000
4758.539820 12.626000 0.057000
4761.529170 12.744000 0.058000
4764.526060 12.752000 0.060000
4767.522180 12.790000 0.071000
4892.853290 14.198000 0.063000
4946.798310 12.555000 0.059000
4952.774600 12.815000 0.055000
4954.827800 12.771000 0.053000
4967.838820 12.802000 0.066000
5104.593670 13.019000 0.053000
1947.883740 14.038000 0.060000
2103.612440 14.217000 0.065000
2117.575500 13.979000 0.060000
2125.567300 13.926000 0.059000
2180.522320 14.024000 0.057000
2194.512580 14.179000 0.067000
2498.545970 13.948000 0.042000
2510.530660 14.354000 0.063000
2519.653660 14.524000 0.048000
2545.552850 14.292000 0.054000
2701.843530 14.206000 0.049000
2713.867420 14.490000 0.046000
2754.809760 14.216000 0.050000
2784.731450 13.679000 0.044000
2811.815720 12.865000 0.053000
2866.678940 13.509000 0.048000
2876.640200 14.272000 0.053000
2878.630410 13.646000 0.050000
2917.590140 13.837000 0.048000
3067.896810 13.767000 0.046000
3075.861160 13.985000 0.047000
3086.898610 14.285000 0.049000
3162.703430 13.875000 0.045000
3164.733690 14.214000 0.046000
3167.751730 13.856000 0.044000
3521.734670 14.443000 0.057000
3908.830210 14.148000 0.057000
4247.705130 13.729000 0.039000
4302.662540 13.982000 0.041000
4606.779770 13.560000 0.048000
4681.665010 14.148000 0.056000
4707.683750 14.237000 0.065000
4740.582410 13.304000 0.043000
4884.863440 14.128000 0.067000
2087.638990 12.446000 0.075000
2782.776360 13.754000 0.059000
3551.744810 13.989000 0.074000
3601.664520 12.967000 0.074000
4160.876530 12.732000 0.078000
4184.885180 12.338000 0.064000
4730.602370 13.948000 0.074000
4747.513940 13.126000 0.076000
4774.499890 12.665000 0.075000
4919.881150 13.049000 0.062000
4928.890620 12.723000 0.057000
4931.856460 12.560000 0.067000
4940.818120 12.635000 0.059000
4949.798310 12.702000 0.066000
4984.749610 13.380000 0.064000
4988.731320 13.312000 0.058000
5006.700440 13.662000 0.055000
5093.600490 13.909000 0.062000
5107.554950 12.976000 0.062000
5116.522010 12.352000 0.067000
5123.544530 11.938000 0.068000
2486.571320 13.248000 0.059000
1954.859210 29.999000 0.053000
1963.866870 29.999000 0.042000
1967.865000 29.999000 0.043000
1979.846050 29.999000 0.053000
1980.825050 29.999000 0.052000
2130.567890 29.999000 0.055000
2134.544940 29.999000 0.065000
2156.483390 29.999000 0.061000
2164.492100 29.999000 0.047000
2172.482510 29.999000 0.050000
2184.524580 29.999000 0.063000
2188.502710 29.999000 0.054000
2191.509580 29.999000 0.066000
2481.558570 29.999000 0.058000
2493.560260 29.999000 0.052000
2495.567360 29.999000 0.044000
2511.592330 29.999000 0.042000
2543.512370 29.999000 0.056000
2547.535270 29.999000 0.057000
2552.524260 29.999000 0.062000
2560.489780 29.999000 0.053000
2561.518280 29.999000 0.057000
2564.522320 29.999000 0.052000
2678.873120 29.999000 0.048000
2706.866530 29.999000 0.047000
2711.830900 29.999000 0.046000
2725.786820 29.999000 0.050000
2736.813160 29.999000 0.045000
2738.829160 29.999000 0.047000
2740.807500 29.999000 0.047000
2742.808400 29.999000 0.049000
2756.770090 29.999000 0.045000
2758.808780 29.999000 0.042000
2764.747500 29.999000 0.044000
2768.832070 29.999000 0.051000
2795.743520 29.999000 0.046000
2862.678140 29.999000 0.044000
2872.525580 29.999000 0.040000
2883.559840 29.999000 0.048000
2888.495220 29.999000 0.045000
2892.495970 29.999000 0.061000
2897.616940 29.999000 0.054000
2906.635440 29.999000 0.045000
2910.503200 29.999000 0.053000
2916.490190 29.999000 0.055000
2921.589270 29.999000 0.050000
2928.577310 29.999000 0.050000
2931.512750 29.999000 0.050000
2947.507110 29.999000 0.051000
3057.824220 29.999000 0.054000
3080.852280 29.999000 0.050000
3099.833360 29.999000 0.049000
3107.891340 29.999000 0.045000
3110.830030 29.999000 0.049000
3113.808020 29.999000 0.047000
3116.796170 29.999000 0.048000
3144.753450 29.999000 0.046000
3171.853240 29.999000 0.059000
3278.608640 29.999000 0.055000
3292.534500 29.999000 0.049000
3469.842120 29.999000 0.053000
3475.825950 29.999000 0.058000
3481.789400 29.999000 0.066000
3491.889920 29.999000 0.076000
3502.750370 29.999000 0.053000
3504.789850 29.999000 0.055000
3525.834000 29.999000 0.077000
3528.687160 29.999000 0.060000
3530.729380 29.999000 0.061000
3643.620260 29.999000 0.045000
3654.493710 29.999000 0.064000
3656.544680 29.999000 0.051000
3659.520890 29.999000 0.048000
3663.543060 29.999000 0.052000
3670.503030 29.999000 0.049000
3673.510260 29.999000 0.055000
3676.507380 29.999000 0.058000
3852.845250 29.999000 0.064000
3858.777070 29.999000 0.070000
3860.843280 29.999000 0.048000
3862.831730 29.999000 0.053000
3866.762190 29.999000 0.065000
3868.785160 29.999000 0.056000
3872.799880 29.999000 0.059000
3882.714170 29.999000 0.057000
3886.757240 29.999000 0.051000
3892.727660 29.999000 0.050000
3894.719760 29.999000 0.038000
3906.764190 29.999000 0.057000
1950.869340 29.999000 0.067000
1955.857200 29.999000 0.044000
1961.886500 29.999000 0.045000
1965.862440 29.999000 0.039000
1978.811970 29.999000 0.053000
1981.840120 29.999000 0.048000
1982.803770 29.999000 0.051000
1994.788660 29.999000 0.056000
1997.802470 29.999000 0.058000
2115.571630 29.999000 0.054000
2142.517250 29.999000 0.066000
2178.484170 29.999000 0.045000
2460.643390 29.999000 0.034000
2489.560350 29.999000 0.045000
2494.563460 29.999000 0.049000
2499.539510 29.999000 0.034000
2508.570560 29.999000 0.044000
2512.651390 29.999000 0.054000
2524.613380 29.999000 0.061000
2544.491660 29.999000 0.065000
2568.538530 29.999000 0.052000
2688.872900 29.999000 0.053000
2693.863570 29.999000 0.048000
2698.856800 29.999000 0.051000
2704.845660 29.999000 0.050000
2717.847580 29.999000 0.047000
2720.817800 29.999000 0.048000
2729.832670 29.999000 0.052000
2732.869270 29.999000 0.048000
2734.839910 29.999000 0.045000
2899.601380 29.999000 0.056000
2904.640020 29.999000 0.057000
2923.579800 29.999000 0.051000
2933.522110 29.999000 0.049000
2935.523390 29.999000 0.052000
2937.522440 29.999000 0.052000
2943.502830 29.999000 0.051000
2951.508000 29.999000 0.050000
3054.884190 29.999000 0.047000
3090.836580 29.999000 0.052000
3096.912840 29.999000 0.048000
3102.858790 29.999000 0.052000
3114.719110 29.999000 0.056000
3125.750380 29.999000 0.049000
3127.747930 29.999000 0.052000
3129.790930 29.999000 0.063000
3130.881560 29.999000 0.049000
3152.862280 29.999000 0.048000
3154.701840 29.999000 0.046000
3169.720320 29.999000 0.048000
3178.661490 29.999000 0.048000
3298.504180 29.999000 0.044000
3443.875030 29.999000 0.064000
3456.840810 29.999000 0.063000
3463.816540 29.999000 0.073000
3466.850650 29.999000 0.047000
3472.863910 29.999000 0.057000
3478.787560 29.999000 0.071000
3483.820580 29.999000 0.058000
3489.866520 29.999000 0.050000
3499.784270 29.999000 0.060000
3510.824680 29.999000 0.043000
3512.730380 29.999000 0.043000
3517.775010 29.999000 0.055000
3547.752840 29.999000 0.070000
3556.617340 29.999000 0.052000
3561.665210 29.999000 0.058000
3563.633910 29.999000 0.057000
3641.575760 29.999000 0.046000
3647.556670 29.999000 0.039000
3661.539240 29.999000 0.052000
3666.544970 29.999000 0.052000
3847.855400 29.999000 0.065000
3900.726290 29.999000 0.053000
3902.733480 29.999000 0.049000
3904.761830 29.999000 0.052000
4228.825310 29.999000 0.039000
4230.809790 29.999000 0.044000
4232.812920 29.999000 0.043000
4245.720140 29.999000 0.050000
4250.829860 29.999000 0.042000
4258.680060 29.999000 0.040000
4266.722750 29.999000 0.048000
4268.726600 29.999000 0.048000
4272.655190 29.999000 0.038000
4274.689900 29.999000 0.037000
4277.665240 29.999000 0.037000
4282.680260 29.999000 0.051000
4284.683810 29.999000 0.047000
4286.677630 29.999000 0.048000
4290.676410 29.999000 0.038000
4292.650720 29.999000 0.038000
4294.658760 29.999000 0.045000
4296.648370 29.999000 0.044000
4298.653740 29.999000 0.040000
4304.610340 29.999000 0.039000
4494.880170 29.999000 0.042000
4504.883770 29.999000 0.051000
4508.884910 29.999000 0.065000
4518.874740 29.999000 0.048000
4529.858350 29.999000 0.045000
4533.878400 29.999000 0.049000
4537.843700 29.999000 0.043000
4540.867880 29.999000 0.051000
4583.851770 29.999000 0.037000
4602.775820 29.999000 0.046000
4612.782790 29.999000 0.059000
4616.783590 29.999000 0.040000
4622.737510 29.999000 0.044000
4627.715470 29.999000 0.054000
4629.700800 29.999000 0.041000
4631.714670 29.999000 0.045000
4633.693970 29.999000 0.050000
4640.657530 29.999000 0.049000
4642.688130 29.999000 0.041000
4644.710630 29.999000 0.048000
4646.719720 29.999000 0.051000
4648.763000 29.999000 0.051000
4650.824200 29.999000 0.057000
4653.609710 29.999000 0.040000
4655.645850 29.999000 0.043000
4657.682440 29.999000 0.051000
4660.633770 29.999000 0.050000
4665.630480 29.999000 0.044000
4670.722560 29.999000 0.050000
4672.735120 29.999000 0.056000
4683.664330 29.999000 0.064000
4685.647900 29.999000 0.053000
4687.607670 29.999000 0.051000
4693.545400 29.999000 0.042000
4697.546890 29.999000 0.037000
4703.560970 29.999000 0.061000
4705.597190 29.999000 0.060000
4710.567860 29.999000 0.068000
4720.527580 29.999000 0.058000
4722.579580 29.999000 0.067000
4725.601960 29.999000 0.069000
4728.559750 29.999000 0.055000
4916.839570 29.999000 0.057000
5002.697360 29.999000 0.052000
5014.664450 29.999000 0.053000
5021.811480 29.999000 0.063000
5023.812400 29.999000 0.050000
5029.626980 29.999000 0.050000
5038.597590 29.999000 0.055000
5042.588710 29.999000 0.053000
5047.588120 29.999000 0.056000
5048.756040 29.999000 0.052000
5067.555020 29.999000 0.050000
5084.616290 29.999000 0.053000
5089.543900 29.999000 0.064000
