2081.559740 13.824000 0.062000
2085.553080 13.948000 0.053000
2087.553440 13.586000 0.061000
2088.549680 13.826000 0.066000
2102.507240 13.177000 0.060000
2104.508460 13.098000 0.055000
2106.508400 12.984000 0.059000
2115.478300 12.322000 0.051000
2117.487200 12.256000 0.054000
2124.481060 12.124000 0.048000
2128.509390 12.034000 0.054000
2130.544570 12.102000 0.059000
2132.538400 11.987000 0.054000
2136.533120 12.137000 0.053000
2144.512600 12.179000 0.058000
2440.574420 11.759000 0.033000
2441.577750 11.799000 0.036000
2443.569360 11.908000 0.032000
2452.531760 12.237000 0.044000
2456.535110 12.523000 0.034000
2459.530510 12.422000 0.042000
2464.530280 12.856000 0.031000
2467.531240 13.090000 0.026000
2469.490290 13.132000 0.032000
2470.518510 13.179000 0.029000
2679.805360 14.033000 0.047000
2690.820520 13.374000 0.041000
2693.833880 13.463000 0.040000
2699.766560 13.114000 0.040000
2707.777780 12.862000 0.041000
2709.772540 12.561000 0.038000
2711.762490 12.510000 0.040000
2715.752760 12.283000 0.041000
2721.753540 11.961000 0.041000
2723.760550 11.956000 0.039000
2725.738220 11.972000 0.036000
2727.760240 11.884000 0.038000
2731.851760 11.833000 0.046000
2734.707980 11.884000 0.039000
2736.717680 11.876000 0.038000
2738.733840 11.911000 0.039000
2740.741380 11.980000 0.039000
2742.680660 12.014000 0.038000
2743.824030 12.061000 0.041000
2749.834340 12.055000 0.047000
2751.658300 12.164000 0.042000
2755.680860 12.343000 0.037000
2757.654800 12.301000 0.038000
2759.717920 12.369000 0.039000
2761.650560 12.437000 0.037000
2764.706570 12.596000 0.039000
2766.813540 12.565000 0.045000
2770.677790 12.739000 0.036000
2775.727690 13.291000 0.038000
2782.781300 13.302000 0.041000
2784.658360 13.595000 0.038000
2785.783470 13.657000 0.045000
2787.734920 13.562000 0.045000
2794.610070 14.239000 0.047000
3007.851190 13.282000 0.040000
3011.859030 12.963000 0.042000
3017.866860 12.609000 0.041000
3031.833760 12.182000 0.039000
3035.827350 12.218000 0.041000
3041.854060 12.252000 0.039000
3055.809750 12.943000 0.051000
3061.827470 13.003000 0.033000
3064.819690 13.212000 0.040000
3068.762820 13.360000 0.039000
3071.782370 13.474000 0.041000
3077.789810 13.593000 0.038000
3584.570490 13.994000 0.037000
3591.528160 13.945000 0.048000
3603.564340 13.249000 0.036000
3606.568510 13.135000 0.041000
3617.557480 12.198000 0.046000
3620.492220 12.003000 0.056000
3624.556390 11.838000 0.038000
3629.519620 11.539000 0.039000
3632.490780 11.579000 0.055000
3635.482380 11.409000 0.050000
3641.490930 11.629000 0.043000
3644.488930 11.611000 0.051000
3651.486470 11.889000 0.048000
3903.669760 13.971000 0.048000
3905.666380 13.780000 0.048000
3907.669480 14.014000 0.062000
3909.773950 13.633000 0.045000
3913.751550 13.121000 0.061000
3981.547010 13.757000 0.048000
4235.714650 11.786000 0.050000
4246.664150 11.855000 0.039000
4253.669890 12.127000 0.038000
4255.702110 12.045000 0.036000
4269.733420 12.510000 0.035000
4272.695390 12.610000 0.034000
4274.697740 12.683000 0.038000
4283.716990 12.970000 0.057000
4285.680890 13.014000 0.058000
4291.676650 13.427000 0.037000
4293.664760 13.424000 0.046000
4299.646130 13.702000 0.065000
4301.600340 14.002000 0.052000
4569.828940 12.511000 0.053000
4579.761980 13.078000 0.037000
4587.901340 13.470000 0.035000
4611.790660 13.918000 0.041000
2052.597430 14.612000 0.083000
2053.639430 14.465000 0.075000
2067.593550 14.353000 0.075000
2068.585860 14.349000 0.080000
2069.595160 14.193000 0.080000
2070.583330 14.279000 0.077000
2079.547880 14.054000 0.081000
2083.543480 13.899000 0.068000
2086.554960 13.727000 0.076000
2093.514310 13.635000 0.070000
2094.538330 13.766000 0.071000
2134.539450 12.179000 0.067000
2142.530120 12.144000 0.070000
2173.495850 13.396000 0.071000
1914.836110 29.999000 0.058000
1919.845110 29.999000 0.054000
1925.821470 29.999000 0.073000
1926.866310 29.999000 0.048000
1929.819160 29.999000 0.044000
1930.887410 29.999000 0.045000
1932.817450 29.999000 0.044000
1936.840250 29.999000 0.039000
1938.844000 29.999000 0.039000
1940.845830 29.999000 0.041000
1946.790180 29.999000 0.061000
1948.821310 29.999000 0.051000
1950.777820 29.999000 0.076000
1953.789840 29.999000 0.039000
1954.807200 29.999000 0.046000
1955.821810 29.999000 0.037000
1958.869080 29.999000 0.044000
1961.818200 29.999000 0.042000
1963.770120 29.999000 0.040000
1964.838810 29.999000 0.041000
1965.888830 29.999000 0.036000
1967.767440 29.999000 0.040000
1976.845110 29.999000 0.047000
1978.743060 29.999000 0.052000
1979.752360 29.999000 0.055000
1980.737050 29.999000 0.057000
1982.753770 29.999000 0.044000
1984.766630 29.999000 0.054000
1985.771160 29.999000 0.048000
1993.801930 29.999000 0.057000
1995.704370 29.999000 0.049000
1996.748480 29.999000 0.059000
1997.747090 29.999000 0.056000
1998.740190 29.999000 0.063000
2000.738470 29.999000 0.061000
2008.674890 29.999000 0.069000
2009.714030 29.999000 0.065000
2016.694790 29.999000 0.067000
2025.665700 29.999000 0.066000
2026.679190 29.999000 0.069000
2027.668930 29.999000 0.076000
2030.661040 29.999000 0.068000
2031.672480 29.999000 0.067000
2033.650320 29.999000 0.062000
2037.657790 29.999000 0.069000
2054.635800 29.999000 0.065000
2055.613060 29.999000 0.084000
2056.619050 29.999000 0.077000
2057.605260 29.999000 0.073000
2058.611720 29.999000 0.080000
2062.590760 29.999000 0.079000
2473.498220 29.999000 0.035000
2476.488580 29.999000 0.058000
2481.477030 29.999000 0.040000
2488.469620 29.999000 0.064000
2490.504760 29.999000 0.036000
2493.514210 29.999000 0.038000
2495.533370 29.999000 0.048000
2499.495580 29.999000 0.030000
2501.498370 29.999000 0.059000
2502.546400 29.999000 0.048000
2503.555520 29.999000 0.046000
2508.521410 29.999000 0.032000
2511.555010 29.999000 0.043000
2520.517620 29.999000 0.040000
2521.532240 29.999000 0.049000
2524.528110 29.999000 0.057000
2529.520460 29.999000 0.063000
2635.856820 29.999000 0.044000
2639.859620 29.999000 0.044000
2643.850870 29.999000 0.041000
2650.850350 29.999000 0.040000
2653.843330 29.999000 0.042000
2658.828060 29.999000 0.037000
2661.828900 29.999000 0.046000
2663.836200 29.999000 0.042000
2666.832700 29.999000 0.039000
2670.824080 29.999000 0.038000
2673.844960 29.999000 0.039000
2676.833390 29.999000 0.038000
2684.837550 29.999000 0.037000
2688.847490 29.999000 0.040000
2791.536620 29.999000 0.041000
2808.773360 29.999000 0.045000
2810.603930 29.999000 0.039000
2811.762890 29.999000 0.042000
2813.682460 29.999000 0.045000
2819.618260 29.999000 0.034000
2821.624480 29.999000 0.046000
2826.617370 29.999000 0.031000
2830.532720 29.999000 0.028000
2831.655080 29.999000 0.032000
2832.723780 29.999000 0.038000
2834.593090 29.999000 0.035000
2835.699920 29.999000 0.036000
2838.690690 29.999000 0.037000
2853.514070 29.999000 0.028000
2854.600520 29.999000 0.032000
2858.592210 29.999000 0.030000
2859.649900 29.999000 0.038000
2861.623740 29.999000 0.038000
2866.596850 29.999000 0.038000
2874.606420 29.999000 0.037000
2876.599170 29.999000 0.040000
2878.598460 29.999000 0.051000
2882.554330 29.999000 0.055000
2885.502240 29.999000 0.039000
2888.545950 29.999000 0.040000
2893.520790 29.999000 0.043000
2895.531160 29.999000 0.043000
2905.522340 29.999000 0.036000
2909.492830 29.999000 0.046000
3082.776180 29.999000 0.047000
3086.811800 29.999000 0.041000
3089.756960 29.999000 0.037000
3091.808080 29.999000 0.039000
3096.804250 29.999000 0.036000
3098.787110 29.999000 0.039000
3100.786660 29.999000 0.039000
3103.780840 29.999000 0.041000
3105.768370 29.999000 0.037000
3107.772970 29.999000 0.036000
3109.780300 29.999000 0.035000
3112.685220 29.999000 0.037000
3114.752520 29.999000 0.038000
3116.773660 29.999000 0.038000
3125.713950 29.999000 0.039000
3127.695180 29.999000 0.041000
3130.606560 29.999000 0.042000
3132.697110 29.999000 0.039000
3142.714350 29.999000 0.039000
3145.714270 29.999000 0.037000
3153.712840 29.999000 0.038000
3156.595130 29.999000 0.039000
3158.734860 29.999000 0.044000
3160.753960 29.999000 0.045000
3163.756710 29.999000 0.039000
3168.790500 29.999000 0.036000
3171.733850 29.999000 0.042000
3175.729300 29.999000 0.039000
3178.559780 29.999000 0.039000
3180.671180 29.999000 0.048000
3183.643800 29.999000 0.040000
3186.559710 29.999000 0.040000
3189.582330 29.999000 0.039000
3191.707990 29.999000 0.042000
3397.832660 29.999000 0.048000
3402.825390 29.999000 0.043000
3405.844950 29.999000 0.043000
3408.856540 29.999000 0.051000
3412.815100 29.999000 0.058000
3415.837700 29.999000 0.069000
3418.874700 29.999000 0.053000
3421.850630 29.999000 0.059000
3424.833990 29.999000 0.045000
3427.823820 29.999000 0.041000
3432.884450 29.999000 0.054000
3436.828550 29.999000 0.046000
3443.811490 29.999000 0.065000
3445.837390 29.999000 0.039000
3448.765820 29.999000 0.086000
3450.826160 29.999000 0.052000
3453.709970 29.999000 0.055000
3455.729560 29.999000 0.055000
3459.809360 29.999000 0.042000
3462.743480 29.999000 0.047000
3464.788480 29.999000 0.044000
3467.738850 29.999000 0.045000
3469.821080 29.999000 0.061000
3472.714230 29.999000 0.039000
3474.760110 29.999000 0.055000
3477.684500 29.999000 0.049000
3479.747670 29.999000 0.044000
3481.734470 29.999000 0.041000
3483.726970 29.999000 0.050000
3487.695180 29.999000 0.059000
3490.722370 29.999000 0.046000
3492.709760 29.999000 0.041000
3496.702490 29.999000 0.043000
3499.705110 29.999000 0.048000
3501.750890 29.999000 0.046000
3503.805330 29.999000 0.051000
3506.842250 29.999000 0.044000
3509.795090 29.999000 0.036000
3512.626510 29.999000 0.036000
3515.813910 29.999000 0.049000
3518.638500 29.999000 0.055000
3521.771090 29.999000 0.059000
3523.729290 29.999000 0.051000
3525.764060 29.999000 0.056000
3530.558210 29.999000 0.049000
3538.631950 29.999000 0.051000
3544.519540 29.999000 0.045000
3547.634900 29.999000 0.046000
3554.649920 29.999000 0.038000
3556.751510 29.999000 0.039000
3559.739280 29.999000 0.044000
3562.478750 29.999000 0.043000
3564.521960 29.999000 0.036000
3569.698200 29.999000 0.044000
3573.611570 29.999000 0.034000
3575.625810 29.999000 0.041000
3577.638870 29.999000 0.054000
3586.605450 29.999000 0.042000
3593.539520 29.999000 0.044000
3601.557760 29.999000 0.057000
3737.857560 29.999000 0.076000
3741.860560 29.999000 0.055000
3746.847960 29.999000 0.049000
3750.852490 29.999000 0.056000
3754.839190 29.999000 0.060000
3757.861740 29.999000 0.063000
3761.835360 29.999000 0.086000
3769.838150 29.999000 0.069000
3773.835920 29.999000 0.062000
3777.823070 29.999000 0.062000
3782.866510 29.999000 0.056000
3789.798640 29.999000 0.044000
3792.823090 29.999000 0.054000
3795.818610 29.999000 0.043000
3798.817440 29.999000 0.081000
3802.767870 29.999000 0.043000
3805.783640 29.999000 0.049000
3808.788690 29.999000 0.047000
3818.757070 29.999000 0.062000
3820.846670 29.999000 0.056000
3823.746690 29.999000 0.057000
3825.800460 29.999000 0.047000
3828.724830 29.999000 0.047000
3830.796720 29.999000 0.056000
3832.777860 29.999000 0.046000
3834.769890 29.999000 0.052000
3836.784080 29.999000 0.060000
3848.741240 29.999000 0.060000
3850.756280 29.999000 0.048000
3852.801610 29.999000 0.044000
3855.670890 29.999000 0.051000
3861.722450 29.999000 0.040000
3863.699590 29.999000 0.049000
3865.692850 29.999000 0.052000
3869.687100 29.999000 0.040000
3871.683020 29.999000 0.045000
3874.764400 29.999000 0.047000
3882.660330 29.999000 0.045000
3886.734510 29.999000 0.044000
3890.720870 29.999000 0.052000
3892.673410 29.999000 0.049000
3897.610750 29.999000 0.050000
3901.669010 29.999000 0.072000
4289.677600 29.999000 0.037000
4295.680640 29.999000 0.044000
4297.670980 29.999000 0.040000
4303.608540 29.999000 0.038000
4306.644520 29.999000 0.040000
4308.656770 29.999000 0.044000
4311.590650 29.999000 0.037000
4316.621090 29.999000 0.039000
4319.628810 29.999000 0.036000
4330.516250 29.999000 0.041000
4334.494960 29.999000 0.037000
4338.497270 29.999000 0.033000
4340.565090 29.999000 0.054000
4342.569770 29.999000 0.054000
4344.566760 29.999000 0.040000
4346.565640 29.999000 0.047000
4348.570930 29.999000 0.061000
4351.499180 29.999000 0.050000
4354.517670 29.999000 0.037000
4356.539880 29.999000 0.040000
4361.499710 29.999000 0.033000
4363.536220 29.999000 0.042000
4368.508280 29.999000 0.044000
4371.490090 29.999000 0.040000
4375.486770 29.999000 0.039000
4378.484230 29.999000 0.059000
4382.486870 29.999000 0.037000
4609.834370 29.999000 0.046000
4622.730110 29.999000 0.057000
4630.668280 29.999000 0.037000
4700.604780 29.999000 0.063000
4743.491600 29.999000 0.045000
4951.831330 29.999000 0.048000
4973.826410 29.999000 0.057000
5098.516390 29.999000 0.064000
1922.857170 14.799000 0.048000
2082.598220 13.967000 0.069000
2083.580330 13.787000 0.066000
2085.569250 13.979000 0.054000
2102.523540 13.247000 0.065000
2103.545550 13.047000 0.062000
2104.545330 13.079000 0.061000
2105.535400 13.503000 0.066000
2106.564400 12.888000 0.055000
2115.499250 12.463000 0.057000
2116.507120 12.412000 0.060000
2117.508260 12.214000 0.060000
2124.477240 12.101000 0.065000
2128.473970 12.111000 0.058000
2130.529510 12.107000 0.057000
2132.521060 12.109000 0.056000
2134.522100 12.187000 0.051000
2136.513510 12.105000 0.054000
2141.513980 12.212000 0.056000
2143.508080 12.243000 0.055000
2145.499320 12.279000 0.060000
2173.484880 13.487000 0.066000
2175.512180 13.304000 0.067000
2179.498670 13.563000 0.051000
2442.590240 11.915000 0.042000
2452.550290 12.284000 0.045000
2454.569300 12.295000 0.040000
2456.553640 12.415000 0.035000
2459.554140 12.564000 0.051000
2463.548430 12.852000 0.043000
2464.549670 12.952000 0.034000
2465.548850 12.894000 0.032000
2467.543200 12.989000 0.033000
2468.542170 13.090000 0.035000
2469.536510 13.193000 0.044000
2470.542430 13.277000 0.036000
2473.521710 13.138000 0.035000
2681.809890 13.838000 0.043000
2685.845180 13.836000 0.040000
2692.848020 13.451000 0.043000
2696.806490 13.530000 0.045000
2696.839980 13.296000 0.038000
2699.799210 13.421000 0.045000
2701.827090 13.154000 0.042000
2710.795880 12.670000 0.043000
2712.784400 12.536000 0.039000
2714.774670 12.412000 0.044000
2717.809880 12.196000 0.042000
2720.716130 11.999000 0.044000
2722.758340 11.983000 0.042000
2724.777960 11.932000 0.038000
2726.779180 11.917000 0.039000
2728.775830 11.839000 0.041000
2730.773370 11.817000 0.041000
2733.767330 11.917000 0.043000
2737.731040 11.892000 0.040000
2739.754670 11.945000 0.042000
2743.717940 12.044000 0.042000
2744.830900 12.069000 0.041000
2749.841330 12.102000 0.050000
2751.689420 12.217000 0.042000
2755.712480 12.280000 0.040000
2757.691050 12.324000 0.041000
2759.747270 12.302000 0.039000
2761.696090 12.376000 0.044000
2763.671930 12.449000 0.040000
2766.729310 12.637000 0.038000
2783.638870 13.385000 0.043000
2784.887380 13.464000 0.045000
2786.622260 13.721000 0.042000
2787.785950 13.510000 0.045000
3032.844980 12.241000 0.045000
3036.836200 12.205000 0.042000
3042.844950 12.268000 0.042000
3052.830920 12.642000 0.041000
3055.858990 12.607000 0.043000
3059.819190 13.003000 0.041000
3066.863890 13.072000 0.041000
3069.833840 13.290000 0.043000
3072.826810 13.651000 0.049000
3075.855620 13.608000 0.039000
3097.743470 14.121000 0.041000
3387.856620 13.934000 0.050000
3403.856950 14.781000 0.049000
3586.547270 14.240000 0.050000
3590.664120 13.936000 0.053000
3593.496470 13.926000 0.050000
3597.575440 13.583000 0.063000
3602.620210 13.317000 0.043000
3609.497110 12.876000 0.049000
3624.562540 11.804000 0.042000
3628.562800 11.608000 0.037000
3631.512760 11.652000 0.045000
3633.532300 11.602000 0.053000
3641.512360 11.634000 0.051000
3644.500130 11.658000 0.060000
3648.514610 11.793000 0.046000
3652.499740 11.935000 0.047000
3659.491660 12.113000 0.044000
3901.693670 13.957000 0.044000
3903.700760 13.764000 0.051000
3905.690730 13.861000 0.053000
3907.692090 13.573000 0.045000
3909.782450 13.446000 0.046000
3913.760160 13.261000 0.046000
3981.553060 13.715000 0.054000
4199.718670 14.133000 0.057000
4202.799660 13.797000 0.043000
4204.818980 13.386000 0.043000
4207.863050 13.260000 0.046000
4213.769790 12.793000 0.041000
4216.758440 12.468000 0.038000
4227.727060 12.083000 0.037000
4229.730710 11.953000 0.038000
4231.738730 11.889000 0.040000
4233.738420 11.929000 0.034000
4235.736240 11.867000 0.043000
4245.631120 11.915000 0.048000
4246.792460 11.899000 0.037000
4250.478760 11.929000 0.041000
4253.725840 12.011000 0.039000
4255.771470 12.046000 0.041000
4258.596610 12.174000 0.036000
4269.747950 12.577000 0.044000
4272.743560 12.655000 0.035000
4274.745150 12.786000 0.036000
4283.722710 13.269000 0.049000
4285.692960 13.335000 0.046000
4289.688920 13.404000 0.037000
4291.688740 13.455000 0.034000
4293.676120 13.650000 0.038000
4295.692760 13.581000 0.054000
4299.659080 13.850000 0.052000
4301.615850 13.520000 0.049000
4303.619720 13.988000 0.037000
4307.529010 14.129000 0.043000
4309.629990 13.863000 0.048000
4315.508220 14.467000 0.037000
4317.576160 14.437000 0.036000
4482.870800 14.064000 0.052000
4499.858870 13.676000 0.062000
4503.852280 13.373000 0.043000
4507.830710 12.985000 0.046000
4519.849270 12.091000 0.041000
4522.855550 11.932000 0.036000
4526.885150 11.748000 0.048000
4529.857820 11.679000 0.066000
4532.840490 11.700000 0.040000
4536.811830 11.646000 0.037000
4539.826480 11.647000 0.045000
4542.812380 11.664000 0.047000
4545.796970 11.799000 0.056000
4547.854690 11.865000 0.055000
4550.787300 12.037000 0.047000
4558.898550 12.147000 0.039000
4561.766460 12.303000 0.046000
4564.751870 12.344000 0.040000
4566.823970 12.396000 0.042000
4569.747980 12.565000 0.040000
4571.765730 12.748000 0.040000
4573.762450 12.699000 0.041000
4575.758940 12.922000 0.044000
4580.770110 13.170000 0.044000
4585.708600 13.312000 0.034000
4589.851090 13.363000 0.039000
4594.727990 13.641000 0.037000
4596.739080 13.669000 0.036000
4599.648170 14.061000 0.045000
4601.700140 13.721000 0.042000
4607.759360 14.189000 0.043000
4847.857650 12.025000 0.045000
4862.866390 12.293000 0.052000
4867.848860 12.480000 0.050000
4870.865060 12.680000 0.049000
4875.881360 12.914000 0.051000
4881.852110 12.957000 0.045000
4884.852800 13.190000 0.050000
4891.832600 13.645000 0.062000
2069.611190 14.402000 0.077000
2079.561830 14.002000 0.084000
2086.572320 14.039000 0.074000
2087.569690 13.749000 0.081000
2088.565880 13.850000 0.070000
2093.526150 13.687000 0.077000
2094.554760 13.603000 0.071000
2156.556280 12.593000 0.068000
3062.848550 12.764000 0.054000
3583.681440 14.288000 0.080000
3620.495620 11.995000 0.076000
4281.713300 13.284000 0.052000
4516.836410 12.335000 0.057000
4755.493660 15.015000 0.073000
4887.885720 13.261000 0.064000
5110.511440 13.803000 0.068000
1920.866290 29.999000 0.052000
1924.851240 29.999000 0.045000
1926.840460 29.999000 0.059000
1929.839650 29.999000 0.047000
1931.842240 29.999000 0.045000
1933.836220 29.999000 0.046000
1936.821000 29.999000 0.044000
1938.876470 29.999000 0.039000
1946.830270 29.999000 0.050000
1948.859610 29.999000 0.047000
1953.804980 29.999000 0.039000
1954.820060 29.999000 0.047000
1958.891150 29.999000 0.044000
1962.759240 29.999000 0.047000
1963.889860 29.999000 0.042000
1965.785610 29.999000 0.038000
1966.869350 29.999000 0.038000
1968.789030 29.999000 0.048000
1976.866980 29.999000 0.049000
1979.821110 29.999000 0.054000
1980.750310 29.999000 0.064000
1981.773520 29.999000 0.047000
1982.762150 29.999000 0.045000
1984.772890 29.999000 0.048000
1985.788530 29.999000 0.048000
1985.901790 29.999000 0.055000
1993.833310 29.999000 0.059000
1995.750420 29.999000 0.053000
1996.772670 29.999000 0.061000
1997.776900 29.999000 0.058000
1998.759890 29.999000 0.066000
2000.763480 29.999000 0.061000
2016.728320 29.999000 0.066000
2025.681170 29.999000 0.059000
2026.705930 29.999000 0.061000
2027.704730 29.999000 0.072000
2030.692410 29.999000 0.066000
2031.692540 29.999000 0.064000
2032.680680 29.999000 0.063000
2033.674910 29.999000 0.055000
2037.664480 29.999000 0.071000
2040.673380 29.999000 0.084000
2052.626790 29.999000 0.079000
2053.655270 29.999000 0.073000
2054.651640 29.999000 0.079000
2055.635680 29.999000 0.083000
2056.639500 29.999000 0.074000
2057.623390 29.999000 0.072000
2058.629880 29.999000 0.078000
2067.609890 29.999000 0.075000
2068.608650 29.999000 0.080000
2070.601670 29.999000 0.075000
2481.493490 29.999000 0.046000
2483.503770 29.999000 0.044000
2487.619200 29.999000 0.065000
2490.485210 29.999000 0.051000
2493.494670 29.999000 0.050000
2495.520570 29.999000 0.051000
2497.514410 29.999000 0.040000
2499.482730 29.999000 0.030000
2503.481660 29.999000 0.041000
2508.506220 29.999000 0.031000
2512.565020 29.999000 0.035000
2519.593430 29.999000 0.053000
2544.510490 29.999000 0.062000
2548.507900 29.999000 0.048000
2658.846600 29.999000 0.039000
2661.849070 29.999000 0.044000
2663.855270 29.999000 0.044000
2672.838060 29.999000 0.044000
2678.810880 29.999000 0.046000
2791.568350 29.999000 0.045000
2794.656330 29.999000 0.049000
2804.631160 29.999000 0.042000
2809.617880 29.999000 0.042000
2810.761780 29.999000 0.045000
2812.595820 29.999000 0.039000
2813.764180 29.999000 0.047000
2821.531250 29.999000 0.034000
2832.679350 29.999000 0.039000
2834.579620 29.999000 0.035000
2835.674760 29.999000 0.036000
2838.660110 29.999000 0.037000
2840.707880 29.999000 0.038000
2842.681870 29.999000 0.051000
2845.699150 29.999000 0.034000
2853.522060 29.999000 0.032000
2854.609250 29.999000 0.032000
2858.665050 29.999000 0.037000
2860.615260 29.999000 0.038000
2866.625970 29.999000 0.043000
2868.658170 29.999000 0.045000
2874.541680 29.999000 0.052000
2876.548300 29.999000 0.048000
2878.547140 29.999000 0.043000
2882.524010 29.999000 0.052000
2886.498880 29.999000 0.044000
2893.526180 29.999000 0.050000
2895.534130 29.999000 0.045000
2897.548450 29.999000 0.055000
2908.535760 29.999000 0.043000
3078.817870 29.999000 0.042000
3081.807550 29.999000 0.045000
3085.877260 29.999000 0.041000
3088.791430 29.999000 0.044000
3090.872310 29.999000 0.045000
3093.860450 29.999000 0.041000
3099.786640 29.999000 0.046000
3101.828160 29.999000 0.042000
3104.809310 29.999000 0.041000
3106.802490 29.999000 0.041000
3108.812110 29.999000 0.040000
3111.736180 29.999000 0.043000
3113.789050 29.999000 0.040000
3115.794290 29.999000 0.041000
3118.879960 29.999000 0.043000
3122.723830 29.999000 0.040000
3124.773420 29.999000 0.040000
3126.736180 29.999000 0.042000
3130.736560 29.999000 0.042000
3132.775530 29.999000 0.044000
3134.771210 29.999000 0.054000
3142.784660 29.999000 0.041000
3146.599370 29.999000 0.041000
3153.734230 29.999000 0.048000
3156.609060 29.999000 0.040000
3159.661880 29.999000 0.045000
3162.672410 29.999000 0.043000
3164.686890 29.999000 0.040000
3169.683880 29.999000 0.044000
3171.831500 29.999000 0.047000
3175.809030 29.999000 0.040000
3178.575760 29.999000 0.041000
3180.682320 29.999000 0.043000
3183.660400 29.999000 0.041000
3187.582680 29.999000 0.042000
3189.765840 29.999000 0.045000
3391.856990 29.999000 0.049000
3395.877100 29.999000 0.058000
3399.842420 29.999000 0.058000
3406.874700 29.999000 0.053000
3410.844760 29.999000 0.069000
3413.858130 29.999000 0.062000
3417.830990 29.999000 0.052000
3420.865860 29.999000 0.072000
3423.866240 29.999000 0.049000
3426.827060 29.999000 0.056000
3434.800000 29.999000 0.090000
3438.838370 29.999000 0.049000
3442.836630 29.999000 0.053000
3444.834960 29.999000 0.074000
3447.805100 29.999000 0.069000
3450.791340 29.999000 0.058000
3453.735640 29.999000 0.060000
3455.763310 29.999000 0.049000
3457.780270 29.999000 0.062000
3461.733030 29.999000 0.074000
3463.823620 29.999000 0.057000
3466.756820 29.999000 0.047000
3469.788650 29.999000 0.044000
3472.742700 29.999000 0.044000
3474.794690 29.999000 0.049000
3477.732260 29.999000 0.058000
3479.770820 29.999000 0.055000
3481.757640 29.999000 0.044000
3483.753650 29.999000 0.047000
3487.762590 29.999000 0.054000
3490.754420 29.999000 0.051000
3492.750160 29.999000 0.074000
3496.745490 29.999000 0.039000
3499.744300 29.999000 0.044000
3501.788120 29.999000 0.050000
3508.749500 29.999000 0.031000
3510.804830 29.999000 0.039000
3512.674310 29.999000 0.051000
3516.665950 29.999000 0.044000
3521.796740 29.999000 0.044000
3523.742570 29.999000 0.051000
3525.821000 29.999000 0.047000
3530.590380 29.999000 0.052000
3530.739870 29.999000 0.048000
3530.790580 29.999000 0.070000
3530.793030 29.999000 0.047000
3530.795620 29.999000 0.048000
3530.798140 29.999000 0.093000
3530.800810 29.999000 0.052000
3530.828420 29.999000 0.059000
3530.830860 29.999000 0.054000
3530.834170 29.999000 0.057000
3530.837510 29.999000 0.048000
3530.839890 29.999000 0.048000
3530.842590 29.999000 0.045000
3530.845090 29.999000 0.049000
3530.847650 29.999000 0.046000
3530.850160 29.999000 0.048000
3530.852670 29.999000 0.047000
3530.855200 29.999000 0.048000
3530.857710 29.999000 0.052000
3530.860940 29.999000 0.052000
3530.863520 29.999000 0.048000
3530.866120 29.999000 0.043000
3530.868550 29.999000 0.078000
3530.871120 29.999000 0.050000
3530.873620 29.999000 0.052000
3533.675960 29.999000 0.061000
3538.644890 29.999000 0.059000
3542.612600 29.999000 0.048000
3544.719740 29.999000 0.045000
3547.772110 29.999000 0.045000
3551.765730 29.999000 0.065000
3554.732050 29.999000 0.037000
3558.588860 29.999000 0.048000
3562.587130 29.999000 0.090000
3564.565680 29.999000 0.040000
3570.600980 29.999000 0.052000
3573.656630 29.999000 0.046000
3575.674470 29.999000 0.042000
3748.860370 29.999000 0.078000
3752.860480 29.999000 0.057000
3756.863630 29.999000 0.059000
3762.856280 29.999000 0.049000
3770.835620 29.999000 0.063000
3774.828650 29.999000 0.069000
3783.869080 29.999000 0.045000
3789.822360 29.999000 0.054000
3795.870660 29.999000 0.046000
3798.868670 29.999000 0.051000
3802.824390 29.999000 0.058000
3805.837240 29.999000 0.049000
3808.835550 29.999000 0.049000
3811.810630 29.999000 0.065000
3815.892250 29.999000 0.059000
3818.796520 29.999000 0.071000
3824.780790 29.999000 0.060000
3827.773490 29.999000 0.060000
3830.765870 29.999000 0.060000
3832.850820 29.999000 0.049000
3834.790280 29.999000 0.048000
3836.824940 29.999000 0.048000
3848.770190 29.999000 0.078000
3850.781810 29.999000 0.065000
3855.697020 29.999000 0.067000
3859.760490 29.999000 0.044000
3861.757990 29.999000 0.042000
3863.730990 29.999000 0.044000
3865.713050 29.999000 0.049000
3870.713590 29.999000 0.043000
3872.711000 29.999000 0.047000
3875.791340 29.999000 0.059000
3879.647950 29.999000 0.052000
3881.679570 29.999000 0.044000
3886.795800 29.999000 0.064000
3891.589280 29.999000 0.049000
3893.632600 29.999000 0.045000
3897.640280 29.999000 0.047000
3899.650380 29.999000 0.051000
4126.868250 29.999000 0.046000
4134.842550 29.999000 0.060000
4144.835660 29.999000 0.072000
4153.820250 29.999000 0.047000
4156.850750 29.999000 0.067000
4159.879600 29.999000 0.043000
4162.864910 29.999000 0.047000
4165.837660 29.999000 0.078000
4172.826610 29.999000 0.058000
4178.823170 29.999000 0.056000
4181.796290 29.999000 0.044000
4184.783940 29.999000 0.046000
4188.800300 29.999000 0.036000
4190.824270 29.999000 0.052000
4192.790240 29.999000 0.042000
4194.790540 29.999000 0.039000
4311.676730 29.999000 0.041000
4330.525060 29.999000 0.051000
4336.528120 29.999000 0.036000
4339.625260 29.999000 0.048000
4341.624290 29.999000 0.038000
4344.506840 29.999000 0.044000
4346.515390 29.999000 0.040000
4348.538530 29.999000 0.057000
4350.542090 29.999000 0.046000
4352.556220 29.999000 0.034000
4355.559700 29.999000 0.036000
4357.569030 29.999000 0.036000
4362.498430 29.999000 0.039000
4364.540720 29.999000 0.035000
4368.533780 29.999000 0.040000
4371.505280 29.999000 0.041000
4375.500360 29.999000 0.040000
4377.508810 29.999000 0.045000
4380.498230 29.999000 0.046000
4383.491810 29.999000 0.040000
4389.488680 29.999000 0.044000
4487.861140 29.999000 0.047000
4491.863140 29.999000 0.051000
4587.750740 29.999000 0.055000
4603.718380 29.999000 0.038000
4610.628160 29.999000 0.051000
4612.676960 29.999000 0.041000
4616.822440 29.999000 0.044000
4620.619850 29.999000 0.040000
4622.781980 29.999000 0.046000
4626.799100 29.999000 0.046000
4630.673950 29.999000 0.039000
4639.670410 29.999000 0.041000
4641.689100 29.999000 0.050000
4643.684890 29.999000 0.051000
4645.691360 29.999000 0.050000
4647.755400 29.999000 0.072000
4649.742950 29.999000 0.072000
4652.554330 29.999000 0.041000
4654.557990 29.999000 0.045000
4656.561300 29.999000 0.047000
4658.640860 29.999000 0.043000
4662.545370 29.999000 0.049000
4664.567300 29.999000 0.039000
4666.608540 29.999000 0.038000
4670.574400 29.999000 0.039000
4672.600870 29.999000 0.066000
4678.641960 29.999000 0.047000
4681.558740 29.999000 0.046000
4683.557070 29.999000 0.043000
4685.541890 29.999000 0.045000
4691.623800 29.999000 0.061000
4697.561290 29.999000 0.041000
4701.568490 29.999000 0.045000
4703.573010 29.999000 0.062000
4705.606110 29.999000 0.050000
4708.581360 29.999000 0.068000
4710.598390 29.999000 0.068000
4721.541200 29.999000 0.062000
4725.526360 29.999000 0.073000
4730.541670 29.999000 0.077000
4734.531550 29.999000 0.057000
4739.511260 29.999000 0.043000
4744.492240 29.999000 0.060000
4904.837170 29.999000 0.057000
4907.884040 29.999000 0.060000
4916.758940 29.999000 0.053000
4918.841850 29.999000 0.051000
4921.776180 29.999000 0.055000
4929.822270 29.999000 0.050000
4932.778850 29.999000 0.052000
4935.796810 29.999000 0.057000
4938.726360 29.999000 0.061000
4940.784110 29.999000 0.054000
4945.816470 29.999000 0.050000
4948.720360 29.999000 0.057000
4951.704360 29.999000 0.063000
4955.731630 29.999000 0.049000
4962.723760 29.999000 0.056000
4967.733660 29.999000 0.053000
4969.746910 29.999000 0.049000
4972.830540 29.999000 0.054000
4975.632510 29.999000 0.057000
4985.650640 29.999000 0.049000
4989.836240 29.999000 0.064000
4991.804570 29.999000 0.051000
4994.832060 29.999000 0.058000
5006.797250 29.999000 0.063000
5009.580010 29.999000 0.052000
5012.615020 29.999000 0.062000
5017.571140 29.999000 0.051000
5021.665890 29.999000 0.061000
5023.667160 29.999000 0.043000
5025.677230 29.999000 0.050000
5031.662530 29.999000 0.043000
5037.563930 29.999000 0.045000
5039.559910 29.999000 0.047000
5047.698400 29.999000 0.051000
5057.589050 29.999000 0.067000
5063.601330 29.999000 0.051000
5071.591010 29.999000 0.067000
5075.591600 29.999000 0.057000
5084.572150 29.999000 0.054000
5087.500370 29.999000 0.053000
5089.552630 29.999000 0.056000
5092.526760 29.999000 0.053000
5099.504940 29.999000 0.059000
