1954.841460 12.894000 0.044000
2156.516820 10.381000 0.041000
2164.504770 10.195000 0.039000
2168.557860 10.100000 0.046000
2172.497490 10.042000 0.042000
2177.481230 10.028000 0.045000
2179.527990 10.003000 0.046000
2184.537500 9.961000 0.046000
2188.523010 9.991000 0.046000
2192.512270 10.012000 0.046000
2196.506720 10.036000 0.051000
3436.877810 12.288000 0.042000
3448.867170 12.087000 0.041000
3452.839440 11.903000 0.038000
3455.785670 11.944000 0.049000
3473.804430 11.695000 0.043000
3481.759330 11.900000 0.046000
3506.804580 11.689000 0.037000
3509.783330 11.719000 0.036000
3603.708090 10.564000 0.037000
3759.876560 12.464000 0.047000
3772.876210 12.776000 0.041000
3790.854710 13.020000 0.045000
3797.883660 13.152000 0.039000
3809.850180 13.053000 0.046000
3818.804870 13.072000 0.042000
3824.836640 13.213000 0.042000
3830.825380 13.020000 0.048000
3833.796750 12.945000 0.044000
3836.804030 13.058000 0.044000
3848.828700 13.086000 0.046000
3853.815880 12.856000 0.041000
3858.829480 12.545000 0.042000
3861.735580 12.598000 0.040000
3871.774820 12.407000 0.042000
3880.739080 12.340000 0.040000
3887.707850 12.235000 0.040000
3893.694460 12.158000 0.038000
4136.866420 11.298000 0.042000
4140.861470 11.341000 0.039000
4146.864360 11.413000 0.041000
4151.860110 11.468000 0.040000
4162.834390 11.581000 0.046000
4173.876940 11.702000 0.038000
4176.860240 11.725000 0.041000
4179.867440 11.829000 0.040000
4182.866780 11.771000 0.042000
4185.868290 11.982000 0.039000
4189.808070 11.860000 0.037000
4191.882090 11.875000 0.037000
4193.881460 12.020000 0.037000
4200.796150 12.096000 0.035000
4203.853180 12.118000 0.038000
4207.806350 12.147000 0.040000
4213.832310 12.231000 0.040000
4216.821660 12.265000 0.038000
4227.796490 12.427000 0.037000
4229.799820 12.461000 0.035000
4231.798930 12.495000 0.037000
4233.808880 12.437000 0.038000
4235.845020 12.551000 0.035000
4238.701240 12.425000 0.036000
4254.725400 12.903000 0.037000
4256.872120 12.742000 0.036000
4259.658380 12.883000 0.046000
4269.769550 12.907000 0.037000
4290.670040 12.926000 0.035000
4292.633310 12.973000 0.036000
4319.649050 12.647000 0.034000
4338.691620 12.307000 0.040000
4501.871190 10.317000 0.041000
4505.870140 10.347000 0.042000
4520.877030 10.310000 0.046000
4528.843730 10.406000 0.044000
4535.891740 10.437000 0.038000
4538.879990 10.438000 0.039000
4545.898710 10.520000 0.041000
4548.865690 10.565000 0.039000
4551.850660 10.596000 0.044000
4554.898310 10.628000 0.039000
4557.837230 10.688000 0.041000
4560.820810 10.708000 0.035000
4563.813130 10.731000 0.035000
4566.811330 10.730000 0.039000
4571.851640 10.843000 0.035000
4573.807660 10.842000 0.039000
4575.800520 10.896000 0.042000
4583.780290 10.951000 0.035000
4586.809540 10.999000 0.036000
4589.740410 11.081000 0.040000
4592.730720 11.095000 0.038000
4594.786000 11.093000 0.034000
4596.815260 11.166000 0.035000
4599.723990 11.217000 0.039000
4601.761560 11.221000 0.036000
4603.762350 11.224000 0.036000
4609.752690 11.307000 0.036000
4611.746270 11.362000 0.039000
4616.830380 11.474000 0.041000
4622.840870 11.564000 0.041000
4627.665790 11.726000 0.037000
4629.645100 11.620000 0.036000
4631.663220 11.842000 0.036000
4638.851840 11.760000 0.039000
4640.831790 11.789000 0.038000
4642.830600 11.904000 0.037000
4645.599420 11.858000 0.037000
4647.649680 11.909000 0.039000
4649.691630 11.931000 0.044000
4651.720040 11.980000 0.037000
4653.732200 12.041000 0.038000
4655.625210 12.045000 0.036000
4657.664160 12.141000 0.040000
4663.797200 12.162000 0.050000
4665.773820 12.137000 0.042000
4669.561490 12.190000 0.037000
4671.636330 12.323000 0.035000
4677.661400 12.331000 0.036000
4679.662290 12.407000 0.038000
4701.672810 12.679000 0.037000
4703.676160 12.794000 0.038000
4869.878470 11.548000 0.042000
4877.859100 11.467000 0.041000
4883.852000 11.544000 0.038000
4891.851290 11.422000 0.052000
4926.877250 10.439000 0.045000
4967.767480 10.058000 0.047000
4969.801010 10.099000 0.048000
5006.807070 10.558000 0.048000
5014.636770 10.695000 0.045000
5022.622930 10.808000 0.048000
5024.623390 10.801000 0.046000
2040.784550 12.862000 0.050000
4155.854030 11.576000 0.052000
4158.864780 11.554000 0.050000
4165.868270 11.695000 0.053000
4245.685680 12.552000 0.049000
4887.848880 11.453000 0.054000
4906.743940 11.183000 0.051000
4936.853930 10.163000 0.052000
4946.772400 10.075000 0.051000
4954.732570 10.054000 0.055000
3464.890610 29.999000 0.040000
3470.820260 29.999000 0.039000
3483.791220 29.999000 0.044000
3512.668900 29.999000 0.038000
3821.842630 29.999000 0.044000
4298.640720 29.999000 0.038000
4674.547820 29.999000 0.036000
4682.643230 29.999000 0.045000
4975.748100 29.999000 0.049000
4985.690720 29.999000 0.048000
2782.735350 11.399000 0.051000
1939.880390 12.828000 0.042000
1953.838570 12.786000 0.044000
1955.848810 12.890000 0.044000
1961.864000 12.883000 0.051000
1963.846440 12.807000 0.043000
1965.839840 12.814000 0.042000
1967.839380 12.839000 0.046000
1977.773790 12.827000 0.048000
1981.808490 12.812000 0.050000
1982.778820 12.720000 0.051000
1984.791570 12.682000 0.051000
1985.834280 12.614000 0.051000
1994.763420 12.509000 0.053000
2025.736780 12.196000 0.038000
2027.759640 12.133000 0.039000
2030.751100 12.051000 0.040000
2032.742600 12.090000 0.038000
2033.740440 12.049000 0.040000
2085.625700 11.439000 0.041000
2102.578460 11.419000 0.043000
2103.595940 11.407000 0.046000
2104.595850 11.383000 0.042000
2105.588210 11.406000 0.044000
2109.585190 11.355000 0.041000
2115.552170 11.239000 0.042000
2116.560130 11.241000 0.045000
2117.558980 11.275000 0.044000
2124.535000 11.160000 0.043000
2125.553010 11.071000 0.041000
2128.534220 11.008000 0.042000
2130.560460 10.989000 0.043000
2132.549820 10.947000 0.042000
2133.534590 10.900000 0.042000
2140.508690 10.748000 0.044000
2441.649190 12.646000 0.035000
2443.640860 12.535000 0.038000
2446.649800 12.595000 0.040000
2452.609240 12.551000 0.052000
2454.621770 12.546000 0.051000
2460.631330 12.439000 0.038000
2463.601260 12.360000 0.042000
2464.602460 12.414000 0.039000
2465.603870 12.366000 0.042000
2466.599930 12.366000 0.044000
2467.598120 12.304000 0.035000
2468.595070 12.316000 0.035000
2469.591510 12.260000 0.044000
2473.549980 12.223000 0.044000
2481.546500 11.882000 0.051000
2482.582930 12.006000 0.051000
2486.556980 11.990000 0.050000
2489.548210 11.925000 0.049000
2491.547620 11.919000 0.051000
2493.545990 11.859000 0.045000
2494.551520 11.850000 0.048000
2495.553080 11.757000 0.045000
2497.548090 11.787000 0.043000
2498.536270 11.831000 0.042000
2499.531980 11.794000 0.041000
2502.567220 11.786000 0.042000
2503.571920 11.760000 0.045000
2508.672810 11.740000 0.038000
2510.647660 11.715000 0.043000
2520.545930 11.461000 0.035000
2521.555350 11.530000 0.037000
2524.551190 11.534000 0.052000
2526.588470 11.691000 0.042000
2535.514790 11.389000 0.040000
2543.622320 11.328000 0.042000
2544.545050 11.335000 0.045000
2545.589480 11.319000 0.037000
2549.555760 11.305000 0.041000
2552.542430 11.303000 0.047000
2558.533150 11.178000 0.041000
2559.546380 11.164000 0.039000
2560.560840 11.202000 0.040000
2561.563510 11.286000 0.038000
2563.539700 11.257000 0.039000
2566.540910 11.209000 0.040000
2578.500190 11.123000 0.043000
2663.868650 10.034000 0.042000
2678.871560 10.162000 0.038000
2685.850540 10.231000 0.037000
2688.849910 10.244000 0.036000
2692.862600 10.328000 0.042000
2694.855610 10.292000 0.039000
2697.883830 10.361000 0.037000
2703.830330 10.441000 0.038000
2706.823670 10.477000 0.036000
2710.849890 10.514000 0.038000
2714.839120 10.617000 0.036000
2719.823640 10.660000 0.037000
2721.833660 10.702000 0.041000
2723.839170 10.682000 0.038000
2725.838010 10.725000 0.037000
2727.830580 10.765000 0.042000
2729.820370 10.759000 0.039000
2732.843690 10.822000 0.039000
2734.799080 10.845000 0.038000
2736.798110 10.866000 0.043000
2738.815590 10.897000 0.039000
2740.798480 10.918000 0.038000
2742.790560 10.890000 0.042000
2744.781460 10.933000 0.041000
2747.873030 11.058000 0.042000
2751.695740 11.046000 0.037000
2755.761460 11.092000 0.041000
2757.774290 11.076000 0.040000
2759.825880 11.157000 0.039000
2761.774570 11.191000 0.042000
2763.762060 11.163000 0.042000
2770.776140 11.353000 0.051000
2775.787850 11.306000 0.043000
2782.768560 11.448000 0.041000
2784.715060 11.470000 0.037000
2786.668040 11.485000 0.039000
2787.813560 11.551000 0.037000
2791.640680 11.580000 0.042000
2802.835370 11.864000 0.048000
2804.677410 11.828000 0.040000
2808.711380 11.832000 0.037000
2810.620790 11.870000 0.039000
2811.796010 11.906000 0.038000
2820.699130 11.973000 0.034000
2826.793320 12.024000 0.035000
2830.597970 12.116000 0.038000
2831.733480 12.201000 0.036000
2832.773930 12.240000 0.037000
2834.616300 12.050000 0.044000
2838.723050 12.322000 0.035000
2840.760450 12.293000 0.040000
2845.741340 12.446000 0.036000
2851.580970 12.418000 0.036000
2853.711560 12.467000 0.037000
2855.617850 12.568000 0.036000
2858.668850 12.468000 0.042000
2860.619100 12.579000 0.044000
2861.711210 12.566000 0.036000
2865.747970 12.766000 0.047000
2867.619150 12.860000 0.038000
2874.712300 12.790000 0.036000
2878.627520 12.918000 0.039000
2883.552120 12.950000 0.034000
2885.539900 12.916000 0.038000
2893.596380 13.009000 0.037000
2895.590820 13.098000 0.035000
2897.602120 13.038000 0.037000
2904.624870 13.088000 0.045000
2906.627770 13.128000 0.036000
2910.498280 12.953000 0.035000
2912.519240 13.045000 0.038000
2915.545530 12.860000 0.035000
2917.573360 13.034000 0.035000
2921.570790 12.804000 0.037000
2923.569870 12.910000 0.036000
2930.562120 12.872000 0.037000
2932.560430 12.913000 0.037000
2934.557420 12.867000 0.034000
2940.502550 12.690000 0.043000
2942.506370 12.725000 0.035000
2945.527400 12.737000 0.039000
2950.500710 12.815000 0.039000
2954.503180 12.688000 0.037000
3053.874220 11.519000 0.036000
3057.893300 11.419000 0.035000
3061.894620 11.405000 0.037000
3066.883410 11.246000 0.034000
3069.863700 11.181000 0.041000
3077.821890 10.856000 0.036000
3080.878240 10.782000 0.048000
3086.878330 10.544000 0.034000
3089.890760 10.411000 0.036000
3092.859120 10.371000 0.038000
3096.905560 10.335000 0.033000
3099.820290 10.289000 0.036000
3105.880610 10.262000 0.036000
3108.805050 10.248000 0.035000
3111.795960 10.253000 0.035000
3114.786020 10.258000 0.034000
3116.853550 10.271000 0.035000
3122.798960 10.310000 0.035000
3124.853010 10.311000 0.034000
3126.828280 10.333000 0.036000
3128.814870 10.343000 0.036000
3130.823670 10.351000 0.036000
3141.814210 10.367000 0.038000
3144.852390 10.417000 0.034000
3152.922740 10.473000 0.045000
3154.682040 10.449000 0.033000
3157.803300 10.510000 0.043000
3159.708360 10.510000 0.045000
3162.765120 10.520000 0.034000
3164.792390 10.562000 0.036000
3169.814540 10.570000 0.035000
3172.785230 10.634000 0.041000
3176.640570 10.618000 0.035000
3178.784850 10.654000 0.043000
3182.625260 10.685000 0.035000
3184.636520 10.691000 0.036000
3187.535990 10.735000 0.043000
3189.761270 10.801000 0.038000
3294.541410 12.264000 0.049000
3404.869600 13.130000 0.045000
3408.870180 12.834000 0.048000
3416.863520 12.615000 0.036000
3430.863270 12.347000 0.037000
3436.892050 12.152000 0.040000
3443.849700 12.136000 0.039000
3446.859880 12.093000 0.037000
3455.824630 11.995000 0.044000
3457.879650 11.943000 0.045000
3462.811460 11.823000 0.041000
3465.827000 11.849000 0.039000
3468.833870 11.867000 0.037000
3471.807060 11.852000 0.037000
3474.810560 11.733000 0.039000
3481.817660 11.846000 0.037000
3487.794520 11.790000 0.045000
3492.821500 11.870000 0.041000
3508.807930 11.754000 0.036000
3512.714090 11.697000 0.035000
3516.766750 11.621000 0.042000
3520.704440 11.571000 0.045000
3522.732110 11.503000 0.040000
3524.761650 11.476000 0.046000
3526.782960 11.428000 0.043000
3528.823870 11.365000 0.040000
3537.732880 11.155000 0.047000
3544.743440 10.987000 0.041000
3547.790050 10.877000 0.036000
3554.738910 10.747000 0.036000
3556.837670 10.698000 0.038000
3564.617710 10.596000 0.037000
3570.611090 10.533000 0.036000
3573.660400 10.503000 0.039000
3575.678290 10.495000 0.037000
3583.585570 10.484000 0.043000
3585.642670 10.511000 0.039000
3587.663050 10.520000 0.039000
3589.710030 10.521000 0.044000
3592.537200 10.499000 0.041000
3599.607730 10.535000 0.039000
3601.668920 10.567000 0.039000
3603.668300 10.588000 0.037000
3616.552310 10.712000 0.045000
3618.660940 10.683000 0.042000
3625.612120 10.721000 0.042000
3628.597480 10.997000 0.039000
3631.522390 10.829000 0.039000
3633.542910 10.858000 0.040000
3639.568420 10.885000 0.036000
3642.572430 10.900000 0.040000
3644.594700 10.928000 0.047000
3650.576750 10.976000 0.036000
3653.524760 10.980000 0.041000
3658.528270 11.035000 0.039000
3660.553050 11.072000 0.039000
3669.532740 11.168000 0.034000
3672.513890 11.204000 0.041000
3680.501410 11.313000 0.041000
3774.869710 12.815000 0.045000
3790.860640 13.065000 0.045000
3794.871820 13.084000 0.046000
3797.889450 13.036000 0.046000
3802.874840 12.978000 0.048000
3806.838720 13.011000 0.042000
3809.870030 13.193000 0.041000
3820.858070 13.074000 0.042000
3823.883800 13.000000 0.047000
3826.882150 13.019000 0.040000
3829.838880 12.968000 0.042000
3849.853340 12.904000 0.041000
3852.776230 12.864000 0.038000
3860.819300 12.728000 0.039000
3864.741880 12.610000 0.039000
3866.733610 12.629000 0.037000
3871.786690 12.456000 0.039000
3877.708430 12.351000 0.040000
3880.759250 12.302000 0.037000
3883.697300 12.316000 0.038000
3887.714120 12.254000 0.039000
3891.730760 12.195000 0.037000
3893.699960 12.121000 0.036000
3898.740630 12.120000 0.039000
3900.805270 12.079000 0.038000
3902.790100 12.007000 0.035000
3913.700830 12.055000 0.042000
3981.507010 11.463000 0.044000
4162.849010 11.607000 0.041000
4166.847300 11.616000 0.046000
4187.877530 11.827000 0.042000
4190.838180 11.904000 0.036000
4197.820680 12.146000 0.044000
4202.825930 12.113000 0.037000
4212.847710 12.235000 0.040000
4232.800930 12.497000 0.036000
4234.840890 12.597000 0.036000
4245.687620 13.097000 0.047000
4247.679280 12.772000 0.040000
4250.757770 12.713000 0.037000
4256.670140 12.654000 0.035000
4258.745090 12.839000 0.035000
4266.783510 12.739000 0.037000
4272.689290 12.868000 0.036000
4274.679910 12.790000 0.036000
4283.664930 13.160000 0.037000
4284.811710 12.801000 0.044000
4292.759370 12.979000 0.042000
4296.783310 12.786000 0.041000
4298.773280 12.793000 0.050000
4300.739720 12.937000 0.040000
4302.771600 12.899000 0.038000
4304.634310 12.829000 0.039000
4308.591380 12.808000 0.041000
4310.667540 12.822000 0.037000
4315.663780 12.656000 0.036000
4319.558140 12.653000 0.037000
4329.550530 12.602000 0.041000
4331.549000 12.494000 0.035000
4333.536690 12.452000 0.036000
4336.570460 12.417000 0.038000
4338.720130 12.299000 0.044000
4341.545910 12.391000 0.038000
4343.556650 12.390000 0.040000
4345.575220 12.219000 0.036000
4347.577300 12.198000 0.037000
4349.575170 12.244000 0.042000
4351.577900 12.236000 0.039000
4353.670050 12.768000 0.034000
4356.510840 12.047000 0.038000
4358.517600 11.977000 0.039000
4360.503400 11.977000 0.040000
4363.514220 11.981000 0.033000
4365.557520 11.801000 0.038000
4368.611630 11.775000 0.037000
4376.545560 11.688000 0.036000
4378.568920 11.661000 0.040000
4383.551980 11.612000 0.037000
4386.533450 11.541000 0.035000
4392.522590 11.538000 0.040000
4400.518740 11.446000 0.040000
4407.512300 11.986000 0.039000
4411.506900 11.393000 0.037000
4517.892960 10.361000 0.040000
4521.857200 10.343000 0.037000
4524.878160 10.366000 0.036000
4543.822970 10.475000 0.040000
4561.826480 10.740000 0.038000
4567.804890 10.739000 0.038000
4570.797140 10.833000 0.037000
4574.800500 10.880000 0.041000
4576.827020 10.917000 0.040000
4583.801520 10.947000 0.036000
4589.764510 11.229000 0.038000
4597.725160 11.163000 0.036000
4602.734290 11.215000 0.040000
4606.751580 11.314000 0.042000
4609.703660 11.376000 0.037000
4615.819010 11.461000 0.039000
4617.727280 11.429000 0.037000
4623.732180 11.552000 0.036000
4627.695690 11.649000 0.035000
4631.685290 11.698000 0.036000
4633.662940 11.689000 0.039000
4638.744500 11.773000 0.038000
4640.711330 11.825000 0.038000
4642.684840 11.815000 0.035000
4644.704330 11.869000 0.037000
4653.588260 11.937000 0.035000
4655.622530 12.085000 0.037000
4657.661410 11.967000 0.039000
4660.612420 12.385000 0.044000
4663.620240 12.199000 0.039000
4666.759940 12.333000 0.038000
4672.711420 12.294000 0.041000
4681.658720 12.569000 0.041000
4683.658130 12.394000 0.043000
4685.639090 12.570000 0.039000
4687.594450 12.557000 0.041000
4690.545830 12.576000 0.034000
4697.640160 12.556000 0.036000
4701.632960 12.841000 0.039000
4703.634790 12.851000 0.041000
4705.666280 12.833000 0.042000
4715.610040 12.834000 0.042000
4720.559540 12.899000 0.039000
4728.578430 12.704000 0.043000
4733.625640 13.046000 0.043000
4738.516720 13.076000 0.038000
4741.509780 12.980000 0.037000
4745.509630 13.070000 0.045000
4750.567260 12.761000 0.047000
4753.557460 13.000000 0.041000
4756.533920 12.919000 0.046000
4759.525720 12.752000 0.044000
4762.524610 12.712000 0.039000
4765.520220 12.708000 0.038000
4768.515570 12.626000 0.038000
4772.498470 12.708000 0.037000
4776.516670 12.542000 0.044000
4904.880610 11.444000 0.044000
4916.811320 10.780000 0.051000
4919.849980 10.711000 0.047000
4937.796100 10.157000 0.047000
4939.863900 10.124000 0.046000
4946.775200 10.076000 0.049000
4951.789170 10.027000 0.046000
4954.747310 10.029000 0.048000
4967.807680 10.083000 0.047000
4969.871680 10.074000 0.046000
4975.760150 10.174000 0.047000
5006.692990 10.525000 0.051000
5012.695800 10.661000 0.046000
5014.643830 10.679000 0.047000
5021.734360 10.800000 0.048000
5023.739700 10.778000 0.045000
5031.606930 10.913000 0.044000
5042.581180 10.983000 0.048000
5048.774630 11.051000 0.049000
5075.635110 11.445000 0.049000
5083.621800 11.510000 0.050000
5087.640330 11.541000 0.049000
5092.622890 11.648000 0.045000
1949.865790 14.164000 0.043000
2031.757730 12.416000 0.042000
2876.632300 13.442000 0.038000
2886.678970 13.282000 0.037000
3477.798710 14.376000 0.043000
3496.805450 12.202000 0.040000
3835.814480 13.484000 0.043000
3847.852880 14.495000 0.045000
3874.875960 13.092000 0.041000
3909.697940 12.201000 0.042000
1979.791850 12.707000 0.056000
1980.800330 12.705000 0.054000
1995.830830 12.687000 0.058000
2008.736920 12.262000 0.056000
2037.700750 11.877000 0.044000
2052.702230 11.639000 0.045000
2054.705360 12.029000 0.049000
2055.693850 11.594000 0.045000
2056.695090 11.701000 0.045000
2057.686450 11.612000 0.046000
2058.690060 11.600000 0.045000
2061.684480 11.535000 0.048000
2067.634910 11.476000 0.048000
2068.651220 11.511000 0.045000
2069.667330 11.473000 0.047000
2070.659920 11.471000 0.045000
2081.637200 11.542000 0.043000
2082.650670 11.481000 0.045000
2083.632670 11.491000 0.047000
2086.631640 11.470000 0.044000
2087.622540 11.451000 0.046000
2088.623530 11.460000 0.045000
2094.584210 11.445000 0.048000
2106.594680 11.369000 0.043000
2129.544440 11.003000 0.045000
2131.537040 10.973000 0.043000
2134.553530 10.877000 0.045000
2135.535810 10.889000 0.045000
2490.564300 11.865000 0.054000
2926.568390 13.023000 0.054000
3420.855960 12.489000 0.048000
3427.840390 12.574000 0.051000
3479.861830 11.902000 0.054000
3504.775970 11.765000 0.051000
3510.834480 11.731000 0.055000
3551.774180 10.859000 0.048000
3562.570290 10.632000 0.051000
3620.651200 10.724000 0.049000
3648.558290 10.989000 0.053000
3665.540010 11.151000 0.046000
3675.511710 11.240000 0.047000
3813.828930 13.192000 0.053000
3817.838330 13.012000 0.047000
3832.828790 13.011000 0.046000
3858.757770 12.983000 0.049000
3904.811870 12.079000 0.051000
3906.861700 12.054000 0.049000
4133.873520 11.222000 0.047000
4155.871360 11.585000 0.045000
4158.879420 11.582000 0.047000
4208.807390 12.242000 0.051000
4650.820960 11.978000 0.047000
4678.728800 12.370000 0.051000
4708.619610 12.828000 0.045000
4710.638090 9.826000 0.049000
4725.622120 12.966000 0.053000
4747.543960 13.061000 0.046000
4924.908110 10.487000 0.052000
4928.887460 10.387000 0.050000
4931.825830 10.334000 0.052000
4984.742280 10.250000 0.050000
4988.712920 10.328000 0.050000
4990.757890 10.348000 0.052000
5002.690770 10.473000 0.051000
5019.704060 10.772000 0.050000
5040.594340 11.028000 0.052000
5047.601810 11.103000 0.052000
5067.612780 11.315000 0.054000
5069.610110 11.352000 0.054000
5097.513310 11.726000 0.051000
5099.540000 11.758000 0.051000
5106.499070 11.848000 0.051000
5111.537990 11.883000 0.052000
2016.811420 12.366000 0.058000
2080.564440 11.748000 0.049000
2936.557170 29.999000 0.054000
4269.638760 29.999000 0.042000
2565.526820 29.999000 0.039000
2712.842280 29.999000 0.038000
3483.812250 29.999000 0.044000
3655.545260 29.999000 0.037000
4277.646390 29.999000 0.036000
4312.663620 29.999000 0.045000
4380.597160 29.999000 0.040000
4550.822900 29.999000 0.044000
4722.603710 29.999000 0.046000
4730.617810 29.999000 0.049000
