1929.830120 10.828000 0.062000
1945.801710 11.497000 0.051000
1958.719000 11.949000 0.049000
1961.715380 12.096000 0.048000
1965.713710 12.252000 0.047000
1967.697170 12.402000 0.049000
1971.715780 12.491000 0.062000
2093.535810 8.725000 0.076000
2482.525570 8.040000 0.051000
2489.473060 8.398000 0.050000
2495.479600 8.762000 0.049000
2508.483610 9.544000 0.054000
2722.813620 10.615000 0.067000
2725.861950 10.663000 0.074000
2733.709900 11.044000 0.062000
2734.779090 11.069000 0.068000
2739.813390 11.226000 0.071000
2741.678250 11.286000 0.069000
2742.826660 11.125000 0.074000
2747.733980 11.365000 0.057000
2750.771480 11.457000 0.079000
2752.674040 11.557000 0.064000
2754.771700 11.610000 0.070000
2756.720250 11.717000 0.053000
2757.812140 11.710000 0.059000
2759.663570 11.654000 0.066000
2760.750780 11.775000 0.071000
2766.693430 11.813000 0.066000
2775.649640 11.882000 0.054000
2782.687290 11.794000 0.053000
2784.610680 11.831000 0.062000
2786.601420 11.813000 0.062000
2794.547620 11.743000 0.066000
2808.668000 11.127000 0.071000
2810.553250 11.011000 0.073000
2819.540260 10.301000 0.061000
2821.570980 10.170000 0.063000
2826.547890 9.867000 0.050000
2829.572860 9.680000 0.057000
2831.596250 9.597000 0.061000
2833.568210 9.464000 0.064000
2835.558910 9.393000 0.058000
2838.551250 9.257000 0.062000
2841.565830 9.123000 0.063000
2843.546290 9.045000 0.053000
2853.478760 8.696000 0.054000
2855.529850 8.650000 0.054000
2859.525500 8.498000 0.063000
2861.523900 8.442000 0.062000
2864.519570 8.339000 0.071000
2868.492420 8.192000 0.056000
2875.475890 8.129000 0.075000
2877.481750 8.147000 0.069000
3011.821960 11.396000 0.071000
3015.824140 11.121000 0.053000
3024.865110 10.646000 0.059000
3031.787090 10.257000 0.064000
3037.856800 9.944000 0.072000
3043.811540 9.573000 0.066000
3046.750930 9.376000 0.050000
3049.735890 9.123000 0.048000
3059.789970 8.464000 0.064000
3064.789590 8.322000 0.076000
3067.747130 8.357000 0.059000
3069.747720 8.365000 0.058000
3071.761630 8.393000 0.053000
3073.810020 8.427000 0.056000
3078.714710 8.545000 0.074000
3080.754410 8.650000 0.058000
3082.810410 8.725000 0.069000
3086.741850 8.890000 0.053000
3088.760770 8.973000 0.069000
3090.797060 9.090000 0.068000
3092.741250 9.172000 0.058000
3096.717160 9.333000 0.059000
3098.704920 9.459000 0.063000
3100.728890 9.527000 0.053000
3102.733680 9.653000 0.064000
3104.754640 9.753000 0.069000
3106.752480 9.858000 0.065000
3108.752270 9.976000 0.062000
3110.852800 10.097000 0.068000
3113.565520 10.277000 0.051000
3115.616900 10.354000 0.050000
3118.683320 10.538000 0.063000
3122.597430 10.722000 0.058000
3124.613670 10.857000 0.053000
3126.628460 10.909000 0.056000
3127.742990 10.980000 0.075000
3129.751320 11.037000 0.074000
3131.771790 11.140000 0.071000
3142.582620 11.659000 0.052000
3145.609830 11.731000 0.061000
3153.610380 12.045000 0.054000
3163.686780 12.343000 0.071000
3165.687680 12.528000 0.075000
3169.500800 12.341000 0.061000
3178.588810 12.479000 0.054000
3182.545420 12.340000 0.067000
3184.554290 12.322000 0.067000
3400.833270 11.594000 0.050000
1980.681080 12.304000 0.051000
1978.706580 29.999000 0.056000
3158.674980 29.999000 0.062000
1977.678710 12.498000 0.052000
1978.721390 12.832000 0.056000
1980.679560 12.777000 0.052000
1878.821200 8.450000 0.073000
1884.827940 8.464000 0.066000
1886.809340 8.559000 0.070000
1888.812920 8.581000 0.072000
1899.836710 9.101000 0.062000
1902.813470 9.296000 0.061000
1904.798330 9.419000 0.060000
1906.795790 9.544000 0.060000
1908.785500 9.673000 0.065000
1913.809380 10.004000 0.057000
1915.769330 10.153000 0.063000
1918.733510 10.273000 0.067000
1919.840510 10.356000 0.056000
1921.755710 10.451000 0.058000
1922.839390 10.502000 0.059000
1924.798680 10.547000 0.062000
1925.801120 10.684000 0.059000
1926.797590 10.702000 0.060000
1928.807630 10.806000 0.066000
1929.800610 11.012000 0.051000
1930.836600 10.824000 0.050000
1931.840320 10.924000 0.050000
1933.730070 11.006000 0.053000
1935.827170 11.114000 0.050000
1939.713920 11.265000 0.052000
1945.821330 11.492000 0.047000
1947.726920 11.477000 0.057000
1948.761530 11.676000 0.052000
1949.812120 11.687000 0.055000
1953.743930 11.824000 0.045000
1954.740360 11.845000 0.053000
1955.735490 11.824000 0.049000
1958.712900 12.029000 0.045000
1961.709310 12.067000 0.044000
1962.740990 12.023000 0.047000
1963.729150 12.178000 0.045000
1964.728250 12.236000 0.043000
1965.709860 12.225000 0.043000
1966.712260 12.293000 0.044000
1967.709060 12.237000 0.044000
1968.697520 12.257000 0.046000
1971.732340 12.353000 0.048000
1981.701310 12.292000 0.050000
1982.684690 12.531000 0.047000
1984.674210 12.529000 0.051000
1985.677920 12.543000 0.049000
2030.565140 10.471000 0.075000
2031.570260 10.448000 0.072000
2034.556710 10.275000 0.065000
2053.544140 9.057000 0.073000
2057.485250 8.732000 0.073000
2064.471970 8.336000 0.067000
2067.490150 8.236000 0.069000
2085.493800 8.339000 0.065000
2087.489470 8.409000 0.070000
2094.458170 8.794000 0.074000
2103.503730 9.426000 0.066000
2105.527630 9.621000 0.069000
2232.855300 10.049000 0.061000
2234.840280 9.975000 0.057000
2236.844530 9.879000 0.057000
2239.846780 9.797000 0.058000
2241.831230 9.759000 0.058000
2443.496890 9.653000 0.044000
2453.461090 8.891000 0.048000
2456.471020 8.566000 0.059000
2463.499770 8.042000 0.057000
2465.529740 7.934000 0.042000
2467.512860 7.876000 0.050000
2469.517400 7.828000 0.049000
2473.491110 7.786000 0.047000
2482.529630 8.072000 0.049000
2495.488090 8.751000 0.047000
2502.476880 9.216000 0.044000
2503.495430 9.255000 0.048000
2508.476010 9.603000 0.048000
2622.787000 10.979000 0.055000
2625.807090 10.894000 0.043000
2628.812170 10.724000 0.052000
2637.826960 10.183000 0.038000
2641.791790 9.880000 0.042000
2644.815550 9.699000 0.039000
2649.800070 9.405000 0.041000
2651.797590 9.308000 0.058000
2657.777690 8.847000 0.050000
2659.793180 8.704000 0.056000
2661.826350 8.595000 0.045000
2663.805700 8.522000 0.043000
2665.836570 8.376000 0.081000
2667.817750 8.405000 0.048000
2670.766060 8.346000 0.038000
2675.777360 8.386000 0.042000
2677.756360 8.427000 0.053000
2679.734910 8.483000 0.048000
2681.730420 8.544000 0.052000
2685.731820 8.729000 0.050000
2689.769990 8.937000 0.049000
2691.760690 9.028000 0.052000
2693.789910 9.156000 0.052000
2695.750250 9.252000 0.047000
2698.699630 9.460000 0.044000
2700.751350 9.617000 0.041000
2704.745510 9.774000 0.054000
2706.706080 9.919000 0.043000
2710.668280 10.061000 0.049000
2712.670140 10.134000 0.044000
2714.650810 10.240000 0.049000
2715.824040 10.267000 0.055000
2720.761830 10.489000 0.040000
2723.862140 10.667000 0.057000
2725.695100 10.658000 0.048000
2726.897550 10.742000 0.054000
2728.722890 10.773000 0.049000
2730.673260 10.868000 0.053000
2732.781110 10.889000 0.059000
2734.652400 10.983000 0.047000
2736.633080 10.997000 0.050000
2737.832760 11.063000 0.057000
2741.665130 11.250000 0.043000
2742.815010 11.192000 0.061000
2744.655430 11.325000 0.046000
2747.727370 11.357000 0.050000
2750.764850 11.410000 0.047000
2752.663060 11.560000 0.050000
2754.762940 11.485000 0.045000
2759.661770 11.708000 0.052000
2760.743520 11.607000 0.055000
2762.708180 11.678000 0.055000
2764.675570 11.729000 0.049000
2766.691560 11.779000 0.051000
2782.552600 11.778000 0.041000
2783.702710 11.760000 0.068000
2785.640000 11.772000 0.053000
2787.591740 11.683000 0.045000
2790.617170 11.765000 0.049000
2796.510340 11.655000 0.042000
2805.657290 11.446000 0.062000
2809.657330 11.050000 0.052000
2811.622660 10.851000 0.050000
2813.607480 10.772000 0.054000
2820.613790 10.208000 0.049000
2826.493400 9.877000 0.045000
2829.551980 9.691000 0.046000
2831.583720 9.564000 0.046000
2835.551630 9.360000 0.046000
2838.543940 9.260000 0.046000
2843.535740 9.003000 0.058000
2851.508810 8.741000 0.044000
2854.499920 8.672000 0.042000
2858.500970 8.530000 0.048000
2860.500880 8.454000 0.051000
2862.503990 8.392000 0.051000
2866.503800 8.259000 0.049000
2875.482240 8.120000 0.059000
2878.473650 8.146000 0.048000
2955.859720 11.960000 0.055000
2965.848000 12.207000 0.045000
2971.853080 12.251000 0.050000
2975.831270 12.464000 0.051000
2978.837850 12.416000 0.051000
2981.847560 12.544000 0.045000
2985.818600 12.339000 0.054000
2988.838560 12.047000 0.052000
2991.853020 12.111000 0.048000
2995.805490 11.959000 0.040000
3005.847550 11.648000 0.050000
3008.818210 11.385000 0.059000
3011.827360 11.441000 0.057000
3016.831300 11.045000 0.048000
3019.813570 10.863000 0.059000
3028.854460 10.406000 0.049000
3031.782480 10.271000 0.049000
3034.772910 10.107000 0.041000
3037.862650 9.954000 0.050000
3041.779070 9.711000 0.052000
3043.807250 9.567000 0.057000
3046.744090 9.360000 0.053000
3049.749850 9.110000 0.050000
3052.746330 8.873000 0.050000
3055.723830 8.682000 0.055000
3060.766450 8.431000 0.047000
3062.826410 8.380000 0.061000
3066.717910 8.354000 0.039000
3068.737660 8.355000 0.040000
3070.750650 8.371000 0.042000
3073.666200 8.411000 0.050000
3075.715290 8.476000 0.042000
3077.734140 8.536000 0.054000
3085.764290 8.833000 0.058000
3087.763560 8.893000 0.072000
3089.827510 9.028000 0.053000
3092.628930 9.130000 0.045000
3096.675050 9.342000 0.051000
3098.682390 9.424000 0.051000
3100.716970 9.507000 0.054000
3102.724090 9.638000 0.043000
3104.739550 9.752000 0.050000
3108.739690 9.980000 0.039000
3110.847910 10.076000 0.041000
3113.568570 10.248000 0.053000
3115.619940 10.365000 0.052000
3118.686340 10.523000 0.051000
3122.603160 10.736000 0.047000
3124.619380 10.802000 0.051000
3126.631460 10.871000 0.056000
3127.758640 11.014000 0.062000
3129.762660 11.071000 0.060000
3131.783220 11.131000 0.060000
3134.516120 11.200000 0.053000
3142.590930 11.711000 0.039000
3145.617550 11.733000 0.041000
3153.514260 11.983000 0.046000
3154.702680 12.262000 0.040000
3158.588670 12.214000 0.056000
3160.600240 12.282000 0.044000
3163.606100 12.218000 0.042000
3165.606420 12.374000 0.040000
3168.627770 12.535000 0.048000
3171.618000 12.487000 0.054000
3175.608320 12.293000 0.041000
3177.613340 12.440000 0.045000
3182.636100 12.323000 0.055000
3184.602040 12.358000 0.053000
3187.529530 12.182000 0.056000
3190.566300 12.062000 0.043000
3357.834160 11.888000 0.071000
3386.816400 12.030000 0.075000
3389.799580 12.040000 0.067000
3392.810360 11.907000 0.057000
3396.742020 11.574000 0.067000
3399.779760 11.552000 0.070000
3405.760130 11.355000 0.066000
3408.744410 11.154000 0.066000
3411.738200 10.952000 0.062000
3413.810400 10.845000 0.057000
3416.728050 10.525000 0.068000
3418.785500 10.330000 0.062000
3420.789350 10.107000 0.075000
3422.811120 9.928000 0.069000
3424.775800 9.766000 0.066000
3426.761860 9.597000 0.061000
3430.810090 9.275000 0.045000
3432.821890 9.174000 0.047000
3436.695440 8.903000 0.046000
3439.735380 8.676000 0.061000
3442.852080 8.540000 0.045000
3444.800680 8.412000 0.048000
3446.844030 8.289000 0.054000
3452.644750 8.136000 0.046000
3454.716060 8.091000 0.045000
3456.731820 8.041000 0.059000
3458.721090 8.026000 0.059000
3460.722900 8.036000 0.064000
3462.863180 8.040000 0.066000
3465.604930 8.025000 0.063000
3467.780600 8.034000 0.059000
3470.586900 8.063000 0.046000
3472.640970 8.022000 0.063000
3474.670360 8.098000 0.043000
3476.734150 8.136000 0.052000
3478.702320 8.202000 0.065000
3480.696270 8.275000 0.068000
3482.706630 8.353000 0.055000
3484.745030 8.427000 0.053000
3489.595610 8.703000 0.046000
3491.602490 8.832000 0.072000
3495.599130 9.294000 0.043000
3497.638380 9.366000 0.044000
3504.688410 9.708000 0.065000
3508.694280 10.004000 0.054000
3511.597530 10.184000 0.060000
3515.640870 10.422000 0.062000
3517.632700 10.533000 0.047000
3521.579720 10.742000 0.046000
3523.583830 10.905000 0.068000
3525.605940 10.987000 0.066000
3529.609200 11.177000 0.066000
3538.525790 11.624000 0.059000
3540.597500 11.645000 0.052000
3543.566180 11.833000 0.067000
3554.600790 12.140000 0.062000
3558.529900 12.421000 0.066000
3564.535030 12.509000 0.061000
3569.548240 12.516000 0.059000
3573.551620 12.440000 0.057000
3575.569250 12.518000 0.057000
3578.538360 12.368000 0.063000
3583.516710 12.452000 0.074000
3586.496360 12.300000 0.067000
3588.536610 12.226000 0.071000
3591.487610 12.194000 0.069000
3594.497440 11.886000 0.070000
3600.481660 11.616000 0.064000
3603.478280 11.369000 0.063000
3607.472130 11.111000 0.066000
3702.856160 9.441000 0.069000
3706.857290 9.749000 0.074000
3714.810290 10.297000 0.070000
3718.814540 10.535000 0.075000
3722.812140 10.753000 0.067000
3726.804630 11.071000 0.072000
3734.803080 11.400000 0.077000
3737.821880 11.600000 0.070000
3740.843040 11.644000 0.071000
3744.792080 11.891000 0.076000
3748.773880 12.067000 0.079000
3751.813100 12.270000 0.069000
3754.801720 12.316000 0.071000
3757.817190 12.421000 0.066000
3760.796170 12.344000 0.073000
3763.787210 12.554000 0.084000
3766.773120 12.522000 0.069000
3769.767270 12.390000 0.073000
3772.775620 12.529000 0.071000
3775.767480 12.355000 0.073000
3780.788550 12.228000 0.070000
3783.822140 12.244000 0.073000
3787.846710 11.959000 0.071000
3790.721240 11.727000 0.071000
3795.695270 11.431000 0.068000
3797.753520 11.347000 0.067000
3800.675490 11.156000 0.072000
3802.738740 11.094000 0.072000
3804.757660 11.009000 0.071000
3806.751450 10.971000 0.067000
3809.753080 10.949000 0.070000
3811.790350 10.802000 0.067000
3813.855160 10.773000 0.068000
3816.650130 10.672000 0.073000
3818.709550 10.642000 0.069000
3820.732260 10.593000 0.073000
3824.831000 10.391000 0.066000
3827.626070 10.301000 0.071000
3829.668280 10.202000 0.063000
3831.671750 10.087000 0.068000
3833.666710 9.972000 0.078000
3835.677010 9.864000 0.075000
3837.714540 9.697000 0.071000
3847.702380 9.011000 0.077000
3849.662300 8.891000 0.066000
3851.659700 8.730000 0.066000
3853.700530 8.537000 0.064000
3858.587570 8.209000 0.065000
3860.612480 8.109000 0.072000
3862.582910 8.034000 0.067000
3864.608400 7.992000 0.065000
3866.623330 7.991000 0.068000
3868.662760 7.977000 0.071000
3870.657080 8.055000 0.067000
3872.654460 8.259000 0.070000
3876.611860 8.304000 0.062000
3881.680380 8.539000 0.065000
3886.507310 8.815000 0.060000
3890.541740 9.028000 0.061000
3892.548200 9.142000 0.064000
3894.620160 9.237000 0.055000
3902.491870 9.549000 0.064000
3904.526590 9.648000 0.062000
3906.546560 9.756000 0.067000
3908.547280 9.871000 0.069000
3913.647320 10.076000 0.062000
4103.836670 9.797000 0.050000
4106.816400 10.028000 0.052000
4126.795860 10.854000 0.047000
4129.777320 11.019000 0.045000
4132.768450 11.127000 0.047000
4134.805690 11.751000 0.049000
4136.835930 11.216000 0.051000
4139.749530 11.412000 0.046000
4141.810350 11.453000 0.046000
4144.744820 11.568000 0.050000
4146.811990 11.845000 0.049000
4150.739880 11.893000 0.047000
4152.784020 11.894000 0.046000
4154.822690 11.814000 0.050000
4157.705790 12.208000 0.049000
4159.766170 11.905000 0.044000
4161.769220 12.069000 0.045000
4163.780750 12.170000 0.063000
4165.790880 11.991000 0.055000
4173.769250 12.249000 0.047000
4176.656470 12.268000 0.055000
4179.709290 12.033000 0.047000
4181.722780 12.170000 0.059000
4183.760140 11.988000 0.054000
4185.795320 11.842000 0.051000
4189.643960 11.949000 0.046000
4191.668360 11.854000 0.047000
4193.696770 11.831000 0.050000
4198.763910 11.547000 0.065000
4202.665070 11.401000 0.045000
4204.692060 11.232000 0.046000
4207.709680 11.106000 0.049000
4215.683200 10.702000 0.047000
4226.603650 9.993000 0.080000
4228.622390 9.871000 0.043000
4230.625950 9.736000 0.046000
4232.623480 9.646000 0.051000
4234.627900 9.486000 0.045000
4238.673850 9.135000 0.054000
4245.558650 8.519000 0.071000
4246.734070 8.483000 0.046000
4250.479460 8.240000 0.046000
4254.504900 8.052000 0.050000
4256.593990 8.006000 0.043000
4258.623610 7.934000 0.044000
4267.511520 7.959000 0.046000
4269.541780 8.090000 0.043000
4274.573220 8.171000 0.043000
4277.580310 8.289000 0.050000
4283.602520 8.549000 0.051000
4285.597940 8.644000 0.051000
4289.602030 8.866000 0.047000
4291.606510 8.978000 0.043000
4293.596890 9.110000 0.042000
4295.599930 9.249000 0.044000
4297.596110 9.369000 0.053000
4299.570400 9.525000 0.046000
4301.536510 9.658000 0.053000
4303.566090 9.765000 0.044000
4305.548370 9.923000 0.041000
4308.538810 10.087000 0.061000
4311.537150 10.291000 0.047000
4317.526170 10.631000 0.043000
4329.493060 11.024000 0.061000
4331.496380 11.186000 0.047000
4337.476490 11.364000 0.045000
4430.838460 9.746000 0.054000
4438.837830 9.301000 0.056000
4442.828440 8.854000 0.047000
4455.821010 8.187000 0.052000
4459.815220 8.171000 0.060000
4462.849080 8.018000 0.048000
4465.837470 7.994000 0.057000
4469.800250 8.045000 0.049000
4473.837090 8.187000 0.055000
4477.839150 8.410000 0.049000
4480.821270 8.592000 0.062000
4484.834320 8.807000 0.048000
4487.798100 8.971000 0.048000
4490.791320 9.164000 0.046000
4493.779630 9.327000 0.046000
4497.788530 9.574000 0.046000
4503.754160 9.936000 0.048000
4506.755680 10.334000 0.047000
4508.813460 10.263000 0.047000
4511.734410 10.383000 0.053000
4518.713740 10.666000 0.049000
4520.777370 10.747000 0.051000
4522.823060 10.882000 0.045000
4525.695570 10.951000 0.051000
4527.759810 11.117000 0.049000
4529.824680 11.183000 0.048000
4532.676250 11.317000 0.047000
4535.767130 11.446000 0.049000
4537.768060 11.563000 0.044000
4540.652400 11.720000 0.058000
4542.707240 11.749000 0.051000
4546.734160 12.087000 0.055000
4548.741540 12.012000 0.052000
4551.677960 12.081000 0.046000
4553.711170 12.066000 0.047000
4555.726560 12.223000 0.046000
4557.780160 12.237000 0.046000
4559.820060 12.285000 0.051000
4562.603390 12.404000 0.049000
4564.681640 12.356000 0.045000
4566.670250 12.645000 0.045000
4568.679290 12.550000 0.048000
4570.663530 12.627000 0.044000
4572.634320 12.597000 0.049000
4574.652950 12.422000 0.052000
4576.681590 12.630000 0.052000
4579.797150 12.869000 0.054000
4586.603560 12.580000 0.047000
4588.662110 12.476000 0.050000
4590.738270 12.608000 0.055000
4596.752610 12.129000 0.045000
4599.537040 11.828000 0.049000
4601.582490 11.682000 0.047000
4603.632990 11.522000 0.048000
4607.633790 11.369000 0.053000
4609.692360 11.271000 0.048000
4611.660660 11.096000 0.049000
4616.513140 10.817000 0.044000
4618.557710 10.683000 0.043000
4623.661800 10.279000 0.045000
4626.530360 10.113000 0.044000
4628.550290 9.990000 0.047000
4630.561970 9.870000 0.047000
4632.586820 9.769000 0.046000
4639.521600 9.491000 0.046000
4641.573210 9.373000 0.049000
4643.576640 9.273000 0.053000
4645.586780 9.124000 0.051000
4650.537360 8.935000 0.070000
4654.539520 8.820000 0.052000
4656.551920 8.808000 0.055000
4659.570900 8.715000 0.051000
4664.586510 8.618000 0.052000
4667.532480 8.630000 0.048000
4671.526350 8.671000 0.046000
4677.544740 8.685000 0.053000
4683.471950 8.799000 0.057000
4685.488880 8.907000 0.056000
4687.501960 8.960000 0.055000
4690.510380 9.079000 0.046000
4694.489610 9.350000 0.059000
4698.490890 9.544000 0.055000
4701.479070 9.793000 0.048000
4704.478260 10.035000 0.057000
4771.867940 12.763000 0.049000
4778.864250 12.624000 0.053000
4793.856020 11.726000 0.062000
4805.848800 11.190000 0.051000
4809.841230 10.982000 0.051000
4819.845210 10.553000 0.052000
4822.844740 10.441000 0.047000
4826.805940 10.233000 0.048000
4830.802130 10.159000 0.047000
4834.792430 9.974000 0.049000
4837.819510 9.813000 0.048000
4845.836380 9.283000 0.051000
4848.821170 9.062000 0.053000
4851.806610 8.906000 0.052000
4860.843220 8.262000 0.049000
4863.811810 8.083000 0.050000
4866.806660 7.932000 0.048000
4869.761680 7.864000 0.048000
4872.739430 7.822000 0.055000
4875.808640 7.806000 0.051000
4877.848740 7.876000 0.047000
4883.721580 8.119000 0.047000
4892.699940 8.581000 0.065000
4898.734720 8.910000 0.068000
4902.737710 9.157000 0.071000
4905.715480 9.361000 0.066000
4907.810620 9.517000 0.066000
4917.630530 10.103000 0.070000
4919.698270 10.288000 0.071000
4921.833110 10.360000 0.071000
4926.666310 10.594000 0.071000
4929.734680 10.854000 0.073000
4932.691080 11.030000 0.072000
4934.715340 11.069000 0.075000
4938.817360 11.256000 0.069000
4946.648080 11.650000 0.071000
4948.757490 11.615000 0.065000
4959.622550 11.977000 0.074000
4966.728700 12.128000 0.074000
4972.626540 12.334000 0.066000
4988.635670 12.283000 0.077000
4994.641400 12.068000 0.068000
5014.537880 11.620000 0.078000
5022.574630 11.227000 0.078000
5024.577510 11.343000 0.074000
5042.531960 10.573000 0.075000
5057.475110 9.646000 0.073000
2058.516120 8.665000 0.070000
3822.751000 10.469000 0.073000
3888.540720 8.895000 0.085000
4647.608100 9.045000 0.054000
4662.582510 8.684000 0.061000
2673.754020 29.999000 0.040000
2998.834920 29.999000 0.050000
3079.736220 29.999000 0.037000
3560.546100 29.999000 0.066000
3562.527810 29.999000 0.048000
4168.823000 29.999000 0.049000
4814.813840 29.999000 0.055000
2628.777940 10.744000 0.043000
2635.789510 10.344000 0.054000
2660.788630 8.656000 0.053000
