2116.484980 11.382000 0.025000
3387.834700 9.768000 0.032000
2135.463000 12.122000 0.036000
2454.520520 11.902000 0.025000
2660.822160 10.271000 0.026000
2679.748360 9.453000 0.025000
2649.847480 10.657000 0.051000
2233.857640 29.999000 0.040000
2236.853300 29.999000 0.036000
2240.841630 29.999000 0.040000
2242.847870 29.999000 0.039000
1879.850850 14.316000 0.025000
1887.844600 16.707000 0.027000
1958.761790 12.799000 0.024000
1961.751520 12.742000 0.029000
1963.761600 12.746000 0.028000
1964.761790 12.620000 0.025000
1965.745400 12.595000 0.027000
1967.758890 12.572000 0.029000
2026.612250 9.926000 0.025000
2030.590460 9.779000 0.024000
2032.588410 9.730000 0.025000
2033.589690 9.710000 0.026000
2037.612780 9.618000 0.026000
2052.535700 9.497000 0.024000
2053.558880 9.489000 0.025000
2054.552260 9.497000 0.027000
2056.551680 9.501000 0.026000
2057.536500 9.503000 0.027000
2058.537300 9.478000 0.026000
2064.491020 9.595000 0.033000
2067.510850 9.631000 0.025000
2070.516230 9.720000 0.025000
2083.559220 10.101000 0.026000
2086.495840 10.197000 0.024000
2103.489350 10.856000 0.026000
2117.460630 11.489000 0.025000
2130.477710 12.096000 0.025000
2134.476470 12.071000 0.029000
2440.486050 11.250000 0.022000
2446.572020 11.565000 0.026000
2452.461420 11.703000 0.025000
2459.490790 12.070000 0.025000
2463.473880 12.215000 0.024000
2467.505280 12.379000 0.025000
2623.828060 11.641000 0.022000
2627.846390 11.458000 0.026000
2638.818730 10.985000 0.030000
2645.834800 10.763000 0.024000
2655.836220 10.492000 0.024000
2658.817370 10.374000 0.024000
2665.786450 10.050000 0.026000
2671.790980 9.828000 0.029000
2674.782700 9.689000 0.023000
2678.783110 9.573000 0.026000
2680.785430 9.430000 0.028000
2684.755170 9.279000 0.027000
2686.761360 9.231000 0.025000
2688.757100 9.175000 0.031000
2691.822520 9.075000 0.026000
2694.727770 8.994000 0.022000
2696.793920 8.979000 0.020000
2698.825110 8.959000 0.025000
2700.811920 9.038000 0.025000
2706.759100 9.032000 0.021000
2710.718220 9.131000 0.023000
2712.715920 9.160000 0.023000
2714.695920 9.234000 0.025000
2719.749150 9.414000 0.023000
2721.722900 9.455000 0.022000
2723.697520 9.540000 0.022000
2724.862140 9.603000 0.023000
2726.720380 9.656000 0.020000
2728.706470 9.759000 0.024000
2732.814230 9.918000 0.023000
2734.670620 10.057000 0.023000
2736.664640 10.113000 0.024000
2738.669310 10.220000 0.021000
2740.665520 10.357000 0.022000
2742.598350 10.401000 0.025000
2744.575800 10.462000 0.031000
2747.665530 10.631000 0.025000
2754.663420 10.936000 0.020000
2755.822450 11.009000 0.021000
2757.610030 11.119000 0.020000
2759.640430 11.169000 0.021000
2769.715310 11.572000 0.027000
2775.732010 11.861000 0.023000
2783.580240 12.083000 0.022000
2785.579630 12.157000 0.020000
2790.578050 12.355000 0.034000
2794.561990 12.463000 0.023000
2811.580570 13.603000 0.023000
2977.848070 11.362000 0.030000
2981.849490 11.337000 0.028000
2985.847080 11.176000 0.024000
2989.839160 11.020000 0.022000
3008.848500 10.248000 0.024000
3016.863980 10.055000 0.022000
3025.814780 9.918000 0.020000
3030.798150 10.052000 0.023000
3041.803110 9.749000 0.025000
3043.818340 9.779000 0.027000
3051.801130 9.876000 0.022000
3054.754330 9.952000 0.024000
3057.756200 9.980000 0.028000
3066.746520 10.322000 0.025000
3068.772510 10.396000 0.027000
3070.765130 10.475000 0.025000
3074.782770 10.711000 0.026000
3077.698600 10.778000 0.032000
3079.748740 10.900000 0.022000
3085.774250 11.132000 0.034000
3087.773520 11.339000 0.033000
3089.832040 11.447000 0.025000
3092.666880 11.541000 0.021000
3096.709720 11.814000 0.022000
3098.704840 11.798000 0.025000
3102.699760 12.120000 0.023000
3104.712830 12.186000 0.026000
3106.710660 12.085000 0.028000
3110.722210 12.480000 0.023000
3112.732140 12.426000 0.024000
3114.769430 12.529000 0.021000
3116.804300 12.751000 0.022000
3121.724490 12.811000 0.022000
3357.845100 8.843000 0.025000
3362.854560 8.999000 0.025000
3394.852570 10.026000 0.025000
3397.855670 10.121000 0.026000
3409.789880 10.638000 0.025000
3412.782140 10.795000 0.027000
3418.764710 11.092000 0.029000
3424.808820 11.693000 0.026000
3426.783600 11.386000 0.024000
3430.798760 11.603000 0.025000
3444.754170 12.222000 0.031000
3446.770250 12.342000 0.024000
3453.665990 12.749000 0.031000
3466.700560 13.344000 0.027000
3471.696900 13.320000 0.032000
3489.673670 14.242000 0.025000
3577.535110 13.223000 0.024000
3585.504070 12.977000 0.028000
3587.519210 12.798000 0.025000
3594.493390 12.515000 0.025000
3601.489660 12.157000 0.028000
3608.475150 11.903000 0.028000
3725.853990 10.913000 0.026000
3732.857790 11.228000 0.029000
3736.836250 11.441000 0.027000
3740.820130 11.585000 0.025000
3744.823180 11.894000 0.030000
3754.839490 12.185000 0.031000
3759.794660 12.709000 0.027000
3762.834680 12.789000 0.030000
3765.845260 12.794000 0.034000
3772.825520 12.962000 0.030000
3778.783090 12.998000 0.026000
3791.756160 13.845000 0.030000
3793.809560 13.837000 0.026000
3796.736980 13.781000 0.022000
3874.717190 14.068000 0.026000
3887.536830 13.576000 0.028000
3889.543100 13.506000 0.023000
3896.523980 12.634000 0.027000
3898.553840 12.584000 0.031000
3902.590750 12.320000 0.025000
3904.613730 12.216000 0.026000
3906.629860 12.020000 0.025000
3908.623880 11.915000 0.026000
4091.834790 12.470000 0.029000
4127.822630 14.186000 0.026000
4203.732410 13.528000 0.031000
4205.735050 14.259000 0.031000
4229.678130 13.277000 0.031000
4250.550580 12.371000 0.024000
4254.567750 12.410000 0.026000
4258.634630 12.172000 0.024000
4277.485600 11.745000 0.026000
4281.513370 11.581000 0.025000
4289.545320 11.170000 0.027000
4293.555010 10.944000 0.029000
4297.559760 10.766000 0.027000
4306.543040 10.313000 0.032000
4319.504230 9.931000 0.022000
4332.491460 9.882000 0.025000
4340.475370 9.999000 0.031000
4435.850410 13.741000 0.027000
4442.851200 13.439000 0.027000
4525.741900 14.869000 0.033000
4550.733080 13.369000 0.031000
4552.781750 13.080000 0.030000
4557.659580 12.813000 0.030000
4559.697110 12.832000 0.028000
4561.720490 12.812000 0.025000
4565.796000 12.604000 0.023000
4572.656060 11.939000 0.026000
4577.832120 11.922000 0.030000
4580.664510 11.748000 0.024000
4583.734970 11.679000 0.025000
4586.734570 11.564000 0.025000
4588.780060 11.516000 0.028000
4593.608260 11.396000 0.031000
4595.610870 11.252000 0.026000
4597.603450 11.196000 0.023000
4599.626310 11.046000 0.028000
4609.519680 10.728000 0.029000
4620.590640 10.187000 0.030000
4623.579310 10.010000 0.030000
4644.546060 9.053000 0.026000
4646.545750 9.032000 0.031000
4651.524450 8.997000 0.031000
4653.530040 9.080000 0.024000
4659.547240 9.158000 0.027000
4667.526630 9.062000 0.023000
4671.520390 9.104000 0.026000
4687.486720 9.668000 0.030000
4690.506380 9.740000 0.028000
4699.489390 10.067000 0.024000
4702.473190 10.183000 0.027000
4855.843150 14.084000 0.025000
4865.773910 13.479000 0.032000
4871.783520 12.805000 0.031000
4877.836400 12.653000 0.030000
4883.765200 12.326000 0.025000
1968.744490 12.435000 0.031000
2027.606330 9.882000 0.025000
2031.610360 9.840000 0.024000
2055.543280 9.467000 0.025000
2069.505200 9.992000 0.024000
2079.477000 10.160000 0.028000
2081.589030 10.177000 0.024000
2094.455500 10.528000 0.026000
2105.524620 10.934000 0.027000
2465.513230 12.072000 0.033000
2489.473550 12.897000 0.034000
2676.810670 9.678000 0.021000
2704.782620 9.011000 0.022000
2750.714390 10.975000 0.020000
2762.691350 11.298000 0.030000
2787.555180 12.167000 0.025000
2809.592120 12.866000 0.023000
2821.624280 12.777000 0.023000
3012.824180 10.238000 0.028000
3108.712150 12.103000 0.024000
3125.680150 12.561000 0.022000
3415.775840 10.890000 0.030000
3477.840290 13.170000 0.027000
3570.582220 12.867000 0.028000
3574.556750 12.846000 0.025000
3720.842220 10.800000 0.032000
3748.814740 11.885000 0.028000
3775.797910 12.740000 0.025000
3900.581030 12.215000 0.028000
4233.690230 12.836000 0.023000
4256.628470 12.268000 0.024000
4295.560820 11.275000 0.023000
4538.760840 13.007000 0.028000
4563.751530 12.514000 0.027000
4632.506430 9.533000 0.029000
4639.658450 9.376000 0.025000
4664.574680 9.292000 0.028000
3081.787350 11.102000 0.024000
3406.796190 10.541000 0.033000
3820.676500 14.737000 0.030000
3882.603400 13.571000 0.030000
4106.813550 13.210000 0.028000
4554.803960 13.284000 0.030000
4677.537730 9.331000 0.031000
4568.631340 12.347000 0.026000
4570.668760 12.224000 0.023000
1949.747040 13.449000 0.038000
1950.771970 13.514000 0.038000
2009.674490 11.223000 0.044000
2011.643130 10.972000 0.038000
2014.630460 10.778000 0.038000
2038.611450 9.615000 0.034000
2442.478940 11.361000 0.038000
2469.514440 12.582000 0.035000
2631.852710 11.221000 0.030000
2751.808030 10.843000 0.052000
3059.805300 10.127000 0.050000
3390.839220 9.879000 0.037000
3403.868860 10.377000 0.039000
3422.823960 11.201000 0.046000
3438.742640 11.806000 0.050000
3450.775590 12.631000 0.036000
3457.727420 13.267000 0.038000
3464.646510 13.243000 0.036000
3561.533010 13.866000 0.040000
3604.482500 12.140000 0.040000
3751.843650 12.237000 0.035000
3769.792170 13.029000 0.035000
3798.801940 14.453000 0.037000
4213.761180 14.758000 0.040000
4235.687370 12.940000 0.042000
4270.577600 12.104000 0.046000
4283.549800 11.553000 0.042000
4291.564820 11.037000 0.052000
4299.534020 10.639000 0.044000
4304.513590 10.427000 0.046000
4591.566820 11.383000 0.039000
4606.710980 10.805000 0.039000
4611.595310 10.598000 0.035000
4662.564880 8.960000 0.038000
4694.485400 10.751000 0.041000
4889.748190 12.030000 0.036000
4892.734720 11.890000 0.037000
4908.696320 11.662000 0.036000
4918.666440 11.592000 0.040000
4926.777690 11.527000 0.037000
4936.754990 11.330000 0.045000
4938.816450 11.025000 0.044000
4946.677450 10.754000 0.047000
4948.771720 10.476000 0.039000
4968.560840 9.452000 0.044000
4973.702800 9.427000 0.042000
4975.709080 9.359000 0.041000
4991.604320 9.366000 0.043000
4994.671690 9.381000 0.039000
5014.494520 9.964000 0.046000
5022.556410 10.366000 0.040000
5024.560170 10.473000 0.045000
5032.515620 10.934000 0.047000
5041.482730 11.402000 0.038000
5049.495100 11.996000 0.043000
1971.756590 12.296000 0.042000
1977.700730 12.251000 0.036000
1985.702290 12.052000 0.034000
1994.693240 11.857000 0.030000
1995.708910 11.926000 0.034000
2000.668000 11.651000 0.034000
2797.540660 12.392000 0.035000
3434.894470 11.667000 0.037000
4227.675420 12.754000 0.036000
4309.554980 10.371000 0.040000
4960.657730 9.893000 0.039000
1980.860900 12.391000 0.046000
1993.716270 12.190000 0.037000
1997.678200 12.201000 0.033000
4285.550400 11.490000 0.035000
4648.609500 8.992000 0.045000
1978.736740 12.264000 0.041000
1981.765130 12.239000 0.038000
2016.627780 10.528000 0.040000
3420.816770 11.195000 0.042000
4905.757370 11.666000 0.044000
4932.689410 11.424000 0.045000
5020.552290 10.272000 0.046000
1900.804450 29.999000 0.027000
1903.813920 29.999000 0.025000
1905.822750 29.999000 0.023000
1915.822750 29.999000 0.024000
1953.837060 29.999000 0.029000
1954.776730 29.999000 0.027000
1966.745070 29.999000 0.026000
1984.700840 29.999000 0.034000
2243.852410 29.999000 0.048000
2257.845080 29.999000 0.042000
2495.484450 29.999000 0.042000
2812.649230 29.999000 0.022000
2829.513090 29.999000 0.021000
2876.469080 29.999000 0.026000
3129.628910 29.999000 0.026000
3168.572910 29.999000 0.022000
3479.805380 29.999000 0.053000
3502.775630 29.999000 0.035000
3504.770080 29.999000 0.034000
3817.881330 29.999000 0.028000
3824.793190 29.999000 0.033000
4133.805240 29.999000 0.031000
4136.794870 29.999000 0.028000
4140.855090 29.999000 0.027000
4143.780230 29.999000 0.025000
4158.739860 29.999000 0.027000
4162.774040 29.999000 0.037000
4173.774450 29.999000 0.026000
4183.764550 29.999000 0.030000
4462.838060 29.999000 0.029000
4506.789500 29.999000 0.032000
1907.814460 29.999000 0.023000
1922.785180 29.999000 0.025000
1929.866700 29.999000 0.022000
1947.789710 29.999000 0.025000
1982.709050 29.999000 0.032000
2250.848790 29.999000 0.037000
2262.822330 29.999000 0.053000
2473.480630 29.999000 0.035000
2482.526300 29.999000 0.041000
3146.697340 29.999000 0.021000
3384.808040 29.999000 0.050000
3530.640700 29.999000 0.039000
4152.823250 29.999000 0.036000
4160.793590 29.999000 0.042000
4168.773260 29.999000 0.026000
4179.730640 29.999000 0.034000
4181.741510 29.999000 0.033000
4185.799720 29.999000 0.032000
4189.686860 29.999000 0.039000
4191.698860 29.999000 0.026000
4216.747600 29.999000 0.027000
4454.851610 29.999000 0.034000
4458.843770 29.999000 0.032000
4477.866600 29.999000 0.046000
4485.851310 29.999000 0.048000
4491.833160 29.999000 0.034000
4518.810580 29.999000 0.029000
4522.812740 29.999000 0.025000
4532.814890 29.999000 0.023000
4816.844010 29.999000 0.032000
4824.839250 29.999000 0.024000
4828.837850 29.999000 0.042000
4836.830900 29.999000 0.026000
4843.848000 29.999000 0.029000
4851.800810 29.999000 0.026000
4861.803930 29.999000 0.036000
1876.858730 29.999000 0.031000
1885.841110 29.999000 0.024000
1889.842910 29.999000 0.050000
1933.788130 29.999000 0.023000
1939.799940 29.999000 0.021000
1955.770800 29.999000 0.027000
2248.842970 29.999000 0.037000
2269.841970 29.999000 0.047000
1913.866460 29.999000 0.022000
1918.794790 29.999000 0.025000
1920.793570 29.999000 0.024000
1931.781260 29.999000 0.024000
1935.853810 29.999000 0.023000
1937.800880 29.999000 0.025000
1945.846760 29.999000 0.023000
1996.678360 29.999000 0.034000
1998.674460 29.999000 0.039000
2255.829730 29.999000 0.036000
2500.462850 29.999000 0.036000
2760.726730 29.999000 0.024000
2804.594190 29.999000 0.026000
2819.623660 29.999000 0.022000
2831.571480 29.999000 0.023000
2835.541510 29.999000 0.022000
2838.533740 29.999000 0.022000
2841.550970 29.999000 0.038000
2843.530000 29.999000 0.034000
2859.497890 29.999000 0.022000
2861.500850 29.999000 0.022000
2863.518660 29.999000 0.026000
2868.473930 29.999000 0.024000
2879.469210 29.999000 0.029000
3131.623420 29.999000 0.025000
3133.623620 29.999000 0.023000
3144.635980 29.999000 0.022000
3158.535240 29.999000 0.053000
3160.551330 29.999000 0.024000
3163.562600 29.999000 0.049000
3165.567100 29.999000 0.022000
3171.578700 29.999000 0.023000
3177.485020 29.999000 0.022000
3179.564680 29.999000 0.023000
3184.519120 29.999000 0.023000
3186.606360 29.999000 0.023000
3473.712570 29.999000 0.029000
3475.792340 29.999000 0.035000
3497.704610 29.999000 0.023000
3500.711230 29.999000 0.024000
3512.577040 29.999000 0.024000
3516.637440 29.999000 0.026000
3520.598150 29.999000 0.034000
3522.621530 29.999000 0.031000
3524.630070 29.999000 0.033000
3526.633030 29.999000 0.024000
3528.638700 29.999000 0.030000
3540.491460 29.999000 0.045000
3542.656220 29.999000 0.028000
3552.592630 29.999000 0.041000
3788.792670 29.999000 0.032000
3801.727790 29.999000 0.032000
3804.720130 29.999000 0.027000
3806.764690 29.999000 0.035000
3813.746870 29.999000 0.036000
3815.804610 29.999000 0.027000
3822.718030 29.999000 0.038000
3827.656890 29.999000 0.031000
3829.733220 29.999000 0.034000
3831.702570 29.999000 0.038000
3833.700470 29.999000 0.033000
3835.696610 29.999000 0.033000
3848.703300 29.999000 0.046000
3850.718530 29.999000 0.040000
3852.735000 29.999000 0.022000
3856.804200 29.999000 0.028000
3861.623270 29.999000 0.023000
3867.605940 29.999000 0.033000
3869.606290 29.999000 0.032000
3871.599920 29.999000 0.025000
3880.575160 29.999000 0.050000
4176.688210 29.999000 0.024000
4198.688870 29.999000 0.049000
4200.811350 29.999000 0.024000
4208.822250 29.999000 0.038000
4469.824710 29.999000 0.028000
4473.852140 29.999000 0.038000
4481.839340 29.999000 0.030000
4497.827530 29.999000 0.030000
4503.805640 29.999000 0.026000
4516.808220 29.999000 0.046000
4527.799220 29.999000 0.026000
4530.727120 29.999000 0.028000
4536.720980 29.999000 0.024000
4540.812710 29.999000 0.029000
4542.751390 29.999000 0.031000
4642.535790 29.999000 0.028000
