1930.851450 13.758000 0.039000
1932.866900 13.671000 0.040000
1937.854520 13.458000 0.041000
1940.841330 13.329000 0.042000
1946.868230 13.071000 0.040000
1949.832250 12.805000 0.042000
1953.829790 12.420000 0.042000
1955.838430 12.161000 0.041000
1958.894920 11.986000 0.049000
1965.812590 11.490000 0.040000
1967.812490 11.280000 0.042000
1976.906600 10.743000 0.049000
1981.793800 10.482000 0.047000
1982.768710 10.438000 0.049000
1985.821760 10.320000 0.049000
2025.744570 10.787000 0.044000
2026.731770 10.868000 0.043000
2027.722360 10.881000 0.045000
2030.712340 11.023000 0.044000
2031.720390 11.065000 0.045000
2032.709650 11.087000 0.043000
2033.701660 11.170000 0.040000
2037.678390 11.300000 0.046000
2083.600920 13.286000 0.045000
2085.592070 13.319000 0.043000
2102.544430 13.917000 0.045000
2103.570820 13.687000 0.048000
2104.570690 13.898000 0.043000
2105.558580 13.949000 0.047000
2106.560430 13.967000 0.043000
2109.555440 13.946000 0.044000
2115.522410 14.166000 0.042000
2116.528100 14.095000 0.043000
2117.526930 14.197000 0.042000
2124.500640 14.596000 0.045000
2128.494960 14.776000 0.042000
2132.499340 14.665000 0.044000
2143.486200 14.416000 0.044000
2145.488890 16.180000 0.040000
2547.496770 15.596000 0.038000
2549.489790 14.745000 0.041000
2652.866970 11.065000 0.042000
2659.865050 11.363000 0.041000
2662.864990 11.466000 0.038000
2665.861180 11.621000 0.037000
2670.855390 11.849000 0.038000
2674.840530 12.033000 0.037000
2677.834570 12.284000 0.041000
2681.823180 12.454000 0.036000
2683.872850 12.621000 0.036000
2686.828660 12.654000 0.037000
2689.817420 13.006000 0.044000
2693.772840 13.138000 0.037000
2699.816970 13.573000 0.040000
2702.839160 13.586000 0.038000
2704.838030 13.708000 0.037000
2706.855160 13.975000 0.038000
2712.815270 14.088000 0.037000
2717.834680 14.444000 0.036000
2876.516070 14.265000 0.037000
2878.517120 14.346000 0.036000
2883.522310 14.246000 0.038000
2888.512360 13.780000 0.038000
2893.529220 13.758000 0.046000
2895.537160 13.711000 0.048000
2897.551470 13.340000 0.044000
2905.528240 13.005000 0.038000
2908.544000 12.692000 0.037000
2910.544490 12.551000 0.040000
2915.523190 12.054000 0.036000
2917.551070 11.902000 0.036000
2922.505090 11.341000 0.039000
2924.519370 11.117000 0.038000
2928.500060 10.595000 0.039000
2930.509110 10.356000 0.037000
2932.517560 10.193000 0.036000
2935.504070 10.010000 0.037000
3032.871050 13.839000 0.040000
3036.860700 13.679000 0.036000
3517.771740 14.760000 0.044000
3525.744380 14.706000 0.039000
3538.647720 13.925000 0.041000
3543.640100 13.392000 0.041000
3550.669400 12.901000 0.038000
3555.708750 12.414000 0.038000
3558.715360 12.156000 0.044000
3562.736010 11.825000 0.046000
3564.710590 11.881000 0.039000
3570.619660 11.376000 0.042000
3573.680690 11.246000 0.039000
3575.700150 11.108000 0.038000
3577.721620 11.058000 0.039000
3583.684660 10.889000 0.039000
3586.550510 10.842000 0.047000
3590.667470 10.805000 0.039000
3592.696870 10.803000 0.040000
3599.641470 10.945000 0.038000
3602.492350 10.974000 0.040000
3604.528920 11.019000 0.039000
3608.507500 11.147000 0.040000
3617.568810 11.406000 0.042000
3619.624300 11.451000 0.042000
3621.508910 11.595000 0.049000
3621.514050 11.615000 0.048000
3621.519210 11.580000 0.049000
3621.534380 11.531000 0.043000
3625.616550 11.719000 0.047000
3628.599000 11.745000 0.040000
3631.523880 11.891000 0.046000
3633.544350 11.963000 0.046000
3637.547530 12.198000 0.039000
3641.515690 12.259000 0.038000
3643.554720 12.302000 0.040000
3647.521510 12.502000 0.037000
3652.508420 12.603000 0.041000
3655.526260 12.618000 0.044000
3658.515700 12.832000 0.041000
3661.509230 12.913000 0.046000
3664.502890 13.067000 0.044000
3825.796790 14.496000 0.040000
3828.794270 14.331000 0.043000
3831.785220 14.184000 0.043000
3836.765490 13.371000 0.041000
3848.796890 12.853000 0.049000
3850.812930 12.844000 0.041000
3852.843520 12.741000 0.039000
3859.811210 12.278000 0.039000
3861.791830 12.143000 0.038000
3863.771300 11.954000 0.042000
3865.750810 11.881000 0.039000
3867.752890 11.796000 0.040000
3871.748090 11.506000 0.038000
3874.833530 11.295000 0.041000
3876.504230 11.132000 0.044000
3876.511390 11.183000 0.045000
3876.534080 11.166000 0.047000
3876.632820 11.166000 0.043000
3877.527140 11.135000 0.039000
3877.558760 11.185000 0.043000
3877.588920 11.120000 0.043000
3877.669610 11.099000 0.045000
3880.708200 10.882000 0.038000
3882.754640 10.791000 0.037000
3886.805440 10.549000 0.042000
3891.614010 10.459000 0.036000
3893.661430 10.379000 0.039000
3898.668280 10.308000 0.041000
3900.682300 10.298000 0.043000
3904.732090 10.279000 0.038000
3906.734260 10.278000 0.041000
3908.810180 10.361000 0.041000
3912.729440 10.426000 0.040000
4160.889570 14.463000 0.040000
4164.821570 14.126000 0.041000
4167.856190 13.831000 0.039000
4172.862870 13.527000 0.044000
4181.825130 12.690000 0.040000
4184.815210 12.584000 0.042000
4188.828540 12.300000 0.039000
4191.758110 12.072000 0.037000
4193.827260 12.010000 0.045000
4200.769520 11.545000 0.036000
4203.825890 11.503000 0.036000
4205.812720 11.390000 0.038000
4213.795430 11.074000 0.038000
4216.789610 11.083000 0.037000
4227.755820 11.045000 0.036000
4229.757610 11.078000 0.035000
4231.760910 11.085000 0.038000
4233.760440 11.126000 0.034000
4235.764260 11.167000 0.036000
4238.669140 11.292000 0.039000
4245.657260 11.441000 0.047000
4247.618240 11.525000 0.039000
4253.707210 11.744000 0.039000
4255.730710 11.726000 0.036000
4258.618190 11.820000 0.035000
4269.753450 12.130000 0.037000
4276.596540 12.238000 0.036000
4283.733720 12.564000 0.046000
4285.710520 12.666000 0.039000
4289.705000 12.842000 0.035000
4291.708560 12.826000 0.037000
4293.692970 12.939000 0.044000
4295.706890 13.066000 0.038000
4299.673200 13.286000 0.036000
4301.618970 13.220000 0.040000
4303.622850 13.382000 0.036000
4308.551110 13.407000 0.039000
4310.646750 13.669000 0.035000
4312.646090 13.704000 0.037000
4315.649750 13.991000 0.035000
4492.870510 12.775000 0.036000
4500.873540 12.286000 0.049000
4504.850570 11.956000 0.034000
4508.847950 11.674000 0.040000
4519.874800 10.981000 0.040000
4523.832920 10.866000 0.035000
4527.833000 10.773000 0.040000
4530.855380 10.730000 0.037000
4535.876580 10.702000 0.037000
4538.857360 10.637000 0.037000
4541.841050 10.651000 0.036000
4547.824470 10.725000 0.040000
4550.821380 10.776000 0.041000
4554.869060 10.811000 0.044000
4557.796120 10.838000 0.036000
4560.785600 10.904000 0.036000
4563.783430 10.921000 0.036000
4566.778270 11.041000 0.040000
4569.779370 11.130000 0.037000
4571.784060 11.161000 0.039000
4573.778890 11.203000 0.040000
4575.775640 11.248000 0.039000
4582.737750 11.557000 0.037000
4585.784250 11.773000 0.048000
4588.724600 11.844000 0.037000
4590.783680 11.844000 0.039000
4592.859930 11.944000 0.040000
4595.703430 12.047000 0.036000
4597.740460 12.179000 0.035000
4600.662730 12.317000 0.038000
4602.696020 12.360000 0.040000
4609.621630 12.619000 0.038000
4611.703220 12.688000 0.036000
4616.825040 13.003000 0.037000
4620.647370 13.027000 0.040000
4622.826520 13.069000 0.040000
4627.632310 13.381000 0.041000
4629.617140 13.450000 0.035000
4631.634260 13.463000 0.037000
4638.834170 13.640000 0.039000
4640.821440 13.893000 0.037000
4642.816920 13.776000 0.037000
4645.569170 14.241000 0.039000
4647.607710 14.111000 0.039000
4655.602330 14.292000 0.037000
4850.868950 10.423000 0.043000
4865.868030 10.520000 0.043000
4869.860950 10.643000 0.042000
4877.834690 10.944000 0.038000
4882.846880 11.219000 0.039000
4886.832860 11.371000 0.044000
4890.834360 11.513000 0.046000
4902.895490 11.972000 0.047000
4908.902970 12.154000 0.048000
4916.779000 12.368000 0.045000
4918.869990 12.384000 0.045000
4921.805940 12.481000 0.044000
4926.846590 12.704000 0.044000
4929.845630 12.965000 0.047000
4939.750200 13.136000 0.049000
4947.727210 13.422000 0.045000
4949.813190 13.510000 0.044000
4952.719370 13.853000 0.045000
4954.767980 13.601000 0.046000
1950.884600 12.698000 0.052000
1979.746440 10.567000 0.053000
1980.772140 10.556000 0.058000
1984.904430 10.345000 0.053000
1994.715310 10.097000 0.055000
2016.750490 10.466000 0.059000
2040.695650 11.421000 0.054000
2052.644700 12.053000 0.047000
2053.680250 12.035000 0.046000
2054.674110 12.058000 0.051000
2055.655940 12.113000 0.049000
2056.659720 12.119000 0.049000
2057.651850 12.196000 0.048000
2058.652430 12.234000 0.048000
2059.706220 12.282000 0.050000
2062.595650 12.338000 0.049000
2067.623640 12.671000 0.049000
2068.629100 12.653000 0.051000
2069.633960 12.672000 0.050000
2070.624280 12.712000 0.050000
2071.661320 12.747000 0.056000
2081.603550 13.162000 0.048000
2082.625980 13.072000 0.046000
2086.595710 13.187000 0.048000
2087.591030 13.416000 0.050000
2088.588730 13.336000 0.050000
2094.607610 13.612000 0.050000
2096.569090 13.463000 0.047000
2901.538920 13.308000 0.058000
3552.711700 12.700000 0.049000
3560.718530 12.093000 0.058000
3621.477430 11.476000 0.052000
3621.479840 11.605000 0.057000
3621.483050 11.543000 0.054000
3621.485560 11.467000 0.057000
3621.488060 11.495000 0.059000
3621.490550 11.548000 0.058000
3621.493060 11.467000 0.058000
3621.495580 11.561000 0.056000
3621.498060 11.545000 0.053000
3621.503810 11.520000 0.050000
3876.577250 11.248000 0.049000
4154.853900 14.295000 0.046000
4157.853700 13.961000 0.059000
4178.843110 12.911000 0.056000
4297.697250 13.124000 0.056000
4516.860250 11.095000 0.050000
4932.793720 12.864000 0.052000
4936.836420 12.934000 0.052000
5093.585810 14.095000 0.050000
5110.514520 13.181000 0.050000
2130.512210 29.999000 0.041000
2134.502280 29.999000 0.040000
2141.499040 29.999000 0.040000
2156.534210 29.999000 0.043000
2172.535520 29.999000 0.045000
2176.514730 29.999000 0.053000
2179.503990 29.999000 0.050000
2185.503550 29.999000 0.049000
2190.482630 29.999000 0.048000
2441.616730 29.999000 0.033000
2442.613100 29.999000 0.040000
2452.575490 29.999000 0.051000
2456.576610 29.999000 0.036000
2459.598230 29.999000 0.048000
2463.569300 29.999000 0.039000
2464.570590 29.999000 0.039000
2465.576490 29.999000 0.036000
2468.567580 29.999000 0.035000
2469.564150 29.999000 0.045000
2473.508710 29.999000 0.045000
2481.514450 29.999000 0.046000
2482.540300 29.999000 0.043000
2486.524480 29.999000 0.051000
2489.513320 29.999000 0.046000
2491.509350 29.999000 0.045000
2494.504740 29.999000 0.043000
2508.639380 29.999000 0.053000
2510.610220 29.999000 0.040000
2519.589180 29.999000 0.048000
2520.594580 29.999000 0.037000
2521.604210 29.999000 0.038000
2524.580230 29.999000 0.056000
2535.574870 29.999000 0.043000
2543.499410 29.999000 0.039000
2545.486720 29.999000 0.039000
2552.490650 29.999000 0.052000
2558.483520 29.999000 0.040000
2559.507240 29.999000 0.045000
2564.490610 29.999000 0.047000
2566.491430 29.999000 0.042000
2710.826020 29.999000 0.042000
2714.815340 29.999000 0.040000
2720.765030 29.999000 0.050000
2722.883130 29.999000 0.037000
2724.800030 29.999000 0.042000
2726.799060 29.999000 0.036000
2728.795720 29.999000 0.039000
2730.793390 29.999000 0.038000
2733.787190 29.999000 0.036000
2737.767570 29.999000 0.037000
2739.776920 29.999000 0.043000
2743.746790 29.999000 0.040000
2747.768880 29.999000 0.046000
2750.808980 29.999000 0.039000
2752.740920 29.999000 0.038000
2755.723530 29.999000 0.038000
2757.725000 29.999000 0.039000
2759.776650 29.999000 0.037000
2761.725340 29.999000 0.039000
2763.708210 29.999000 0.038000
2766.789780 29.999000 0.040000
2770.709520 29.999000 0.038000
2782.919720 29.999000 0.037000
2784.697450 29.999000 0.037000
2784.894080 29.999000 0.053000
2785.846460 29.999000 0.040000
2787.774310 29.999000 0.036000
2790.903950 29.999000 0.040000
2794.647300 29.999000 0.037000
2804.668540 29.999000 0.038000
2808.837210 29.999000 0.039000
2810.613810 29.999000 0.039000
2811.791000 29.999000 0.039000
2813.690150 29.999000 0.040000
2821.556690 29.999000 0.038000
2832.585840 29.999000 0.036000
2833.706060 29.999000 0.038000
2838.591070 29.999000 0.036000
2840.647350 29.999000 0.035000
2842.622270 29.999000 0.054000
2845.637690 29.999000 0.034000
2853.527520 29.999000 0.037000
2854.612240 29.999000 0.033000
2859.509740 29.999000 0.038000
2860.669050 29.999000 0.035000
2862.591000 29.999000 0.040000
2866.629000 29.999000 0.037000
2868.663740 29.999000 0.041000
2872.666880 29.999000 0.038000
3042.878630 29.999000 0.040000
3056.844230 29.999000 0.035000
3064.839240 29.999000 0.038000
3074.869340 29.999000 0.038000
3079.801800 29.999000 0.038000
3082.836160 29.999000 0.038000
3086.848810 29.999000 0.036000
3089.818030 29.999000 0.038000
3092.806740 29.999000 0.036000
3096.901500 29.999000 0.035000
3098.837390 29.999000 0.036000
3100.852320 29.999000 0.037000
3103.687730 29.999000 0.048000
3105.847420 29.999000 0.043000
3107.843100 29.999000 0.038000
3110.761580 29.999000 0.037000
3112.822150 29.999000 0.038000
3115.752140 29.999000 0.037000
3118.823480 29.999000 0.034000
3122.751670 29.999000 0.036000
3124.804450 29.999000 0.036000
3126.785060 29.999000 0.037000
3128.742770 29.999000 0.036000
3130.762920 29.999000 0.038000
3132.796100 29.999000 0.039000
3134.801910 29.999000 0.036000
3144.689480 29.999000 0.035000
3146.861520 29.999000 0.037000
3153.742310 29.999000 0.039000
3156.646290 29.999000 0.037000
3160.687760 29.999000 0.041000
3163.697340 29.999000 0.038000
3165.705970 29.999000 0.038000
3168.723930 29.999000 0.036000
3170.835450 29.999000 0.040000
3176.694430 29.999000 0.037000
3184.618620 29.999000 0.035000
3187.624520 29.999000 0.040000
3190.640290 29.999000 0.037000
3391.867550 29.999000 0.035000
3396.873200 29.999000 0.042000
3407.847810 29.999000 0.048000
3411.848730 29.999000 0.047000
3414.864400 29.999000 0.040000
3418.844090 29.999000 0.050000
3422.830660 29.999000 0.049000
3425.839140 29.999000 0.044000
3431.773090 29.999000 0.036000
3434.844450 29.999000 0.042000
3438.847790 29.999000 0.042000
3442.870580 29.999000 0.041000
3445.830880 29.999000 0.043000
3452.810450 29.999000 0.040000
3454.852330 29.999000 0.041000
3457.769410 29.999000 0.045000
3462.762700 29.999000 0.042000
3464.874580 29.999000 0.036000
3467.800090 29.999000 0.038000
3470.779940 29.999000 0.040000
3473.769530 29.999000 0.038000
3476.761430 29.999000 0.041000
3478.783100 29.999000 0.046000
3480.815520 29.999000 0.044000
3489.731050 29.999000 0.039000
3491.776760 29.999000 0.042000
3497.782140 29.999000 0.037000
3501.650320 29.999000 0.043000
3503.744100 29.999000 0.042000
3506.750160 29.999000 0.036000
3509.740380 29.999000 0.038000
3511.804150 29.999000 0.038000
3515.780260 29.999000 0.038000
3521.709480 29.999000 0.048000
3523.714190 29.999000 0.043000
3529.850800 29.999000 0.047000
3757.857670 29.999000 0.040000
3763.859750 29.999000 0.057000
3767.861420 29.999000 0.049000
3772.863840 29.999000 0.046000
3775.876780 29.999000 0.046000
3790.844230 29.999000 0.053000
3793.888160 29.999000 0.048000
3796.857410 29.999000 0.039000
3804.813630 29.999000 0.045000
3808.814750 29.999000 0.050000
3811.877450 29.999000 0.040000
3816.888000 29.999000 0.042000
3819.816410 29.999000 0.057000
3822.804160 29.999000 0.038000
3833.839030 29.999000 0.046000
4128.861520 29.999000 0.050000
4132.853680 29.999000 0.047000
4136.850490 29.999000 0.043000
4139.867520 29.999000 0.039000
4151.837030 29.999000 0.043000
4330.529080 29.999000 0.036000
4336.531370 29.999000 0.036000
4341.631030 29.999000 0.039000
4343.631700 29.999000 0.041000
4345.633180 29.999000 0.039000
4347.637760 29.999000 0.049000
4349.635830 29.999000 0.043000
4352.519290 29.999000 0.032000
4355.526480 29.999000 0.036000
4357.525290 29.999000 0.035000
4363.494460 29.999000 0.036000
4365.548620 29.999000 0.047000
4369.525230 29.999000 0.036000
4371.537150 29.999000 0.038000
4373.551660 29.999000 0.041000
4376.554560 29.999000 0.037000
4379.500300 29.999000 0.034000
4382.501220 29.999000 0.034000
4385.500430 29.999000 0.034000
4651.658690 29.999000 0.039000
4657.643530 29.999000 0.040000
4663.582740 29.999000 0.039000
4664.748570 29.999000 0.042000
4666.748820 29.999000 0.040000
4670.684800 29.999000 0.053000
4672.708230 29.999000 0.039000
4681.655390 29.999000 0.041000
4683.651800 29.999000 0.043000
4685.632580 29.999000 0.049000
4690.496910 29.999000 0.041000
4697.616400 29.999000 0.036000
4701.613220 29.999000 0.038000
4703.619430 29.999000 0.044000
4705.651330 29.999000 0.041000
4708.608020 29.999000 0.044000
4710.625620 29.999000 0.051000
4720.611570 29.999000 0.040000
4724.528780 29.999000 0.040000
4726.586090 29.999000 0.047000
4729.575980 29.999000 0.043000
4733.526310 29.999000 0.042000
4737.538310 29.999000 0.037000
4740.527960 29.999000 0.037000
4745.505750 29.999000 0.046000
4747.540250 29.999000 0.046000
4754.516300 29.999000 0.049000
4757.515150 29.999000 0.045000
4761.501390 29.999000 0.045000
4766.494310 29.999000 0.042000
4966.701720 29.999000 0.049000
4968.752710 29.999000 0.048000
4985.673860 29.999000 0.043000
4987.682720 29.999000 0.049000
4992.854610 29.999000 0.051000
5006.800200 29.999000 0.050000
5009.603070 29.999000 0.047000
5012.635700 29.999000 0.046000
5014.596930 29.999000 0.044000
5022.610250 29.999000 0.047000
5024.614310 29.999000 0.046000
5032.591990 29.999000 0.044000
5037.576600 29.999000 0.042000
5039.563170 29.999000 0.045000
5041.561530 29.999000 0.042000
5047.701610 29.999000 0.050000
5057.592400 29.999000 0.051000
5063.604550 29.999000 0.049000
5072.524670 29.999000 0.051000
5075.631490 29.999000 0.049000
5084.575400 29.999000 0.053000
5089.530590 29.999000 0.050000
1954.835250 12.362000 0.046000
2040.763270 11.429000 0.042000
2156.525170 29.999000 0.046000
3398.872440 29.999000 0.045000
