1984.822940 13.052000 0.049000
1994.806490 12.293000 0.050000
2008.742840 11.287000 0.052000
2025.802320 11.043000 0.043000
2030.788800 11.051000 0.043000
2031.797740 11.118000 0.044000
2032.787040 11.122000 0.042000
2033.775940 11.144000 0.042000
2037.746260 11.212000 0.044000
2085.664670 13.418000 0.047000
2102.619580 14.104000 0.045000
2104.638650 13.882000 0.043000
2106.631510 14.007000 0.045000
2115.622640 14.614000 0.044000
2116.605930 13.942000 0.047000
2130.588490 14.488000 0.042000
2202.518660 13.534000 0.040000
2217.499780 13.150000 0.045000
2440.689870 13.193000 0.036000
2441.690010 13.359000 0.041000
2442.681930 13.057000 0.041000
2443.679290 13.150000 0.034000
2446.683920 13.049000 0.039000
2465.638340 11.869000 0.037000
2467.634920 11.668000 0.035000
2468.629580 11.532000 0.035000
2470.578700 11.297000 0.036000
2473.598390 10.979000 0.039000
2474.649810 10.884000 0.055000
2481.584630 10.528000 0.048000
2482.628040 10.493000 0.041000
2486.589520 10.479000 0.043000
2491.590110 10.430000 0.050000
2493.587720 10.403000 0.038000
2494.588570 10.365000 0.048000
2497.582950 10.395000 0.043000
2498.573380 10.397000 0.039000
2499.571500 10.382000 0.041000
2500.548020 10.460000 0.045000
2501.572930 10.452000 0.035000
2502.582000 10.457000 0.041000
2508.594230 10.591000 0.045000
2511.613580 10.719000 0.044000
2519.666110 10.959000 0.042000
2520.663990 10.971000 0.044000
2521.675770 10.997000 0.042000
2526.646290 11.144000 0.043000
2535.589330 11.557000 0.046000
2540.645020 11.832000 0.046000
2544.641410 12.147000 0.040000
2546.563400 12.248000 0.039000
2548.550110 12.379000 0.039000
2552.573510 12.409000 0.046000
2560.591980 13.184000 0.041000
2561.590120 12.973000 0.042000
2564.539720 13.093000 0.047000
2565.581510 13.271000 0.044000
2683.882650 13.080000 0.040000
2686.884940 12.923000 0.040000
2689.889590 12.764000 0.042000
2694.859130 12.337000 0.043000
2698.871180 12.038000 0.042000
2701.864260 11.855000 0.039000
2704.861190 11.616000 0.039000
2707.854600 11.446000 0.048000
2709.888920 11.324000 0.040000
2712.834170 11.263000 0.039000
2721.866140 11.168000 0.045000
2725.808130 11.147000 0.039000
2727.850270 11.144000 0.041000
2729.848940 11.115000 0.043000
2732.870770 11.114000 0.038000
2735.808150 11.150000 0.040000
2737.842850 11.156000 0.040000
2739.851470 11.213000 0.039000
2741.854420 11.246000 0.040000
2743.837240 11.286000 0.039000
2747.867590 11.312000 0.048000
2755.781350 11.672000 0.039000
2759.878320 11.829000 0.037000
2761.796770 11.920000 0.038000
2763.786610 12.054000 0.037000
2768.847550 12.334000 0.044000
2770.832550 12.402000 0.039000
2783.672690 13.234000 0.043000
2786.731260 13.213000 0.039000
2790.741010 13.325000 0.040000
2872.692770 14.080000 0.039000
2879.688730 14.102000 0.038000
2898.617290 13.864000 0.039000
2906.599610 13.627000 0.041000
2909.621840 13.401000 0.040000
2911.575320 13.257000 0.040000
2916.505460 13.035000 0.045000
2917.597880 12.988000 0.042000
2921.595110 12.705000 0.038000
2923.585120 12.461000 0.041000
2926.583590 12.220000 0.042000
2928.585530 12.019000 0.039000
2930.577870 11.895000 0.040000
2932.576140 11.725000 0.043000
2934.572580 11.662000 0.041000
2943.519630 10.917000 0.046000
2945.539980 10.827000 0.040000
2951.516280 10.716000 0.040000
2954.519950 10.704000 0.039000
2956.546630 10.715000 0.039000
2959.521580 10.746000 0.046000
2961.519980 10.768000 0.040000
2964.513610 10.827000 0.040000
3122.887280 13.706000 0.040000
3127.788630 13.841000 0.045000
3134.850120 13.676000 0.039000
3144.824030 12.777000 0.038000
3153.923090 12.241000 0.040000
3156.747750 12.023000 0.038000
3158.803380 11.879000 0.039000
3162.783720 11.592000 0.038000
3164.810260 11.511000 0.040000
3170.755010 11.278000 0.038000
3173.701690 11.231000 0.043000
3176.729050 11.144000 0.040000
3179.670710 11.112000 0.039000
3182.683340 11.011000 0.039000
3184.667990 10.964000 0.040000
3189.703320 10.884000 0.041000
3191.820150 10.896000 0.045000
3278.626550 13.667000 0.044000
3418.886790 11.081000 0.043000
3426.878190 10.910000 0.040000
3430.872220 10.877000 0.040000
3443.900350 10.838000 0.044000
3447.857730 10.911000 0.045000
3450.880810 10.984000 0.041000
3453.843800 11.067000 0.043000
3456.865930 11.249000 0.039000
3459.874340 11.332000 0.049000
3463.854700 11.553000 0.042000
3466.877290 11.634000 0.051000
3470.830600 11.903000 0.040000
3473.857260 12.047000 0.043000
3487.843350 12.886000 0.044000
3490.880710 13.057000 0.045000
3508.871620 13.685000 0.040000
3517.807400 13.737000 0.039000
3590.590550 14.055000 0.042000
3592.600370 13.875000 0.046000
3599.661080 13.473000 0.040000
3601.698240 13.550000 0.040000
3603.712020 13.262000 0.040000
3607.548590 13.028000 0.039000
3617.601730 12.648000 0.047000
3619.697380 12.379000 0.044000
3622.521280 12.278000 0.047000
3630.638110 11.699000 0.045000
3632.642120 11.508000 0.040000
3637.675700 11.208000 0.046000
3641.607960 11.034000 0.042000
3643.660590 10.945000 0.044000
3647.571370 10.879000 0.038000
3654.513610 10.821000 0.043000
3656.558780 10.836000 0.041000
3658.604130 10.828000 0.042000
3661.523130 10.919000 0.041000
3663.532960 10.907000 0.040000
3665.563350 10.986000 0.040000
3669.553460 11.104000 0.040000
3671.584690 11.128000 0.040000
3677.551530 11.262000 0.040000
3833.906860 13.128000 0.045000
3836.887380 13.053000 0.045000
3851.831600 12.245000 0.045000
3859.859490 11.755000 0.051000
3862.783750 11.521000 0.045000
3864.782580 11.406000 0.042000
3866.808580 11.242000 0.040000
3868.801120 11.160000 0.045000
3872.907030 10.889000 0.040000
3882.745500 10.585000 0.045000
3886.874250 10.536000 0.040000
3891.769480 10.547000 0.039000
3893.768970 10.554000 0.038000
3896.771150 10.654000 0.046000
3900.767980 10.700000 0.045000
3902.767520 10.783000 0.040000
3904.794120 10.816000 0.046000
3906.843710 10.899000 0.042000
3909.716130 10.956000 0.045000
3913.721550 11.073000 0.042000
4153.889400 12.121000 0.040000
4161.878210 12.334000 0.045000
4165.875390 12.715000 0.048000
4174.867200 12.976000 0.042000
4290.706670 13.221000 0.036000
4296.683470 13.335000 0.040000
4298.689510 13.218000 0.040000
4300.661820 13.579000 0.042000
4302.704950 13.128000 0.039000
4304.647440 13.248000 0.038000
4310.634110 12.994000 0.039000
4315.638010 12.651000 0.038000
4317.700990 12.661000 0.044000
4330.583480 11.188000 0.040000
4332.582720 10.982000 0.040000
4339.682340 10.501000 0.039000
4341.693230 10.466000 0.042000
4343.694080 10.359000 0.045000
4345.696480 10.304000 0.045000
4347.694830 10.301000 0.047000
4349.690070 10.282000 0.047000
4351.709710 10.221000 0.047000
4354.607800 10.257000 0.038000
4356.630560 10.249000 0.039000
4358.662770 10.282000 0.039000
4365.515180 10.492000 0.038000
4367.662310 10.593000 0.040000
4372.555420 10.779000 0.044000
4375.585060 10.895000 0.040000
4379.644110 11.073000 0.044000
4381.639170 11.180000 0.045000
4384.541870 11.353000 0.039000
4386.569780 11.449000 0.037000
4388.555070 11.521000 0.039000
4392.518180 11.683000 0.042000
4402.547770 12.343000 0.042000
4407.551130 12.560000 0.039000
4410.554530 12.758000 0.041000
4552.855270 13.006000 0.040000
4557.839110 12.888000 0.041000
4560.868860 12.558000 0.041000
4563.888260 12.484000 0.041000
4567.824350 12.069000 0.038000
4570.871300 11.917000 0.039000
4573.819510 11.773000 0.044000
4576.809040 11.621000 0.043000
4583.881760 11.693000 0.038000
4587.777320 11.532000 0.041000
4590.794610 11.548000 0.041000
4593.795430 11.451000 0.040000
4595.880490 11.529000 0.039000
4602.795460 11.577000 0.043000
4606.819890 11.598000 0.044000
4610.812740 11.702000 0.039000
4616.895220 11.989000 0.044000
4623.703120 12.207000 0.041000
4627.751780 12.440000 0.039000
4629.752910 12.542000 0.039000
4631.765590 12.609000 0.038000
4633.749750 12.859000 0.041000
4638.886310 12.896000 0.048000
4641.669070 13.023000 0.038000
4643.718940 13.367000 0.039000
4645.723800 13.521000 0.041000
4649.793400 13.817000 0.042000
4787.517780 12.630000 0.043000
5012.758300 12.711000 0.054000
5014.706700 12.564000 0.046000
5023.860280 11.857000 0.047000
5037.646170 11.045000 0.052000
5039.630100 10.952000 0.046000
5041.622720 10.859000 0.044000
5047.754100 10.801000 0.049000
5063.652150 10.926000 0.050000
5083.637130 11.573000 0.050000
5087.666940 11.843000 0.051000
5092.631530 12.126000 0.049000
5104.604680 12.750000 0.046000
5111.616440 12.962000 0.051000
1982.816640 12.886000 0.056000
1995.868850 11.950000 0.055000
1999.817290 11.769000 0.057000
2016.771410 11.109000 0.051000
2026.834080 11.055000 0.048000
2027.799550 11.073000 0.046000
2039.784350 11.276000 0.050000
2052.735850 11.631000 0.047000
2054.747930 11.718000 0.050000
2055.732160 11.793000 0.049000
2056.735520 11.816000 0.047000
2057.731420 11.894000 0.050000
2058.732730 11.860000 0.048000
2061.725800 11.996000 0.047000
2064.805550 12.190000 0.054000
2065.704760 12.334000 0.055000
2069.770200 12.428000 0.051000
2070.717510 12.543000 0.047000
2080.621400 13.037000 0.048000
2081.673630 13.135000 0.048000
2086.676760 13.234000 0.046000
2087.663450 13.458000 0.048000
2088.657710 13.587000 0.049000
2093.580780 13.814000 0.047000
2775.843190 12.493000 0.049000
3422.881490 10.984000 0.046000
3453.838600 11.114000 0.056000
3476.849150 12.244000 0.052000
3479.839010 12.615000 0.050000
3634.678510 11.352000 0.050000
3822.879820 13.670000 0.049000
3848.872350 12.489000 0.050000
4157.885470 12.232000 0.056000
4377.611820 11.008000 0.050000
4769.531960 13.451000 0.048000
4776.550420 13.350000 0.047000
4779.546780 13.334000 0.049000
4784.518000 12.904000 0.049000
4884.892500 13.298000 0.051000
4892.882960 13.556000 0.054000
5006.836100 12.773000 0.054000
5009.716440 12.903000 0.054000
5021.843820 11.987000 0.050000
5049.764800 10.822000 0.052000
5057.639930 10.833000 0.050000
5070.718010 11.123000 0.057000
1955.875430 29.999000 0.044000
1962.859620 29.999000 0.049000
1964.867130 29.999000 0.047000
1966.861800 29.999000 0.050000
1978.843810 29.999000 0.054000
1979.868700 29.999000 0.050000
1980.896560 29.999000 0.050000
1981.876190 29.999000 0.048000
2096.696750 29.999000 0.047000
2103.630330 29.999000 0.047000
2105.630560 29.999000 0.048000
2109.628700 29.999000 0.043000
2114.772720 29.999000 0.048000
2117.595850 29.999000 0.047000
2124.565910 29.999000 0.047000
2125.581040 29.999000 0.046000
2128.582570 29.999000 0.045000
2129.581600 29.999000 0.046000
2131.574250 29.999000 0.046000
2132.584570 29.999000 0.046000
2133.576520 29.999000 0.043000
2134.579450 29.999000 0.049000
2135.577920 29.999000 0.046000
2136.575190 29.999000 0.046000
2141.566720 29.999000 0.044000
2142.560970 29.999000 0.046000
2143.556810 29.999000 0.045000
2144.552410 29.999000 0.044000
2145.547940 29.999000 0.044000
2167.489340 29.999000 0.041000
2171.483960 29.999000 0.039000
2173.511120 29.999000 0.038000
2178.482640 29.999000 0.042000
2180.520830 29.999000 0.042000
2184.502560 29.999000 0.040000
2187.518480 29.999000 0.047000
2190.517140 29.999000 0.038000
2192.557630 29.999000 0.052000
2195.490900 29.999000 0.044000
2198.503600 29.999000 0.046000
2205.499530 29.999000 0.048000
2207.532600 29.999000 0.056000
2213.507760 29.999000 0.049000
2804.652100 29.999000 0.044000
2808.844290 29.999000 0.041000
2810.659110 29.999000 0.040000
2811.847060 29.999000 0.038000
2813.733810 29.999000 0.043000
2820.875210 29.999000 0.038000
2829.641500 29.999000 0.055000
2830.736060 29.999000 0.038000
2834.681830 29.999000 0.042000
2836.609140 29.999000 0.042000
2838.804970 29.999000 0.039000
2840.852620 29.999000 0.038000
2845.800400 29.999000 0.038000
2851.833800 29.999000 0.038000
2854.557990 29.999000 0.036000
2856.813480 29.999000 0.038000
2861.601000 29.999000 0.042000
2866.733990 29.999000 0.041000
2875.696910 29.999000 0.039000
2877.669400 29.999000 0.040000
2884.663070 29.999000 0.039000
2888.725310 29.999000 0.040000
2893.559900 29.999000 0.051000
2896.634430 29.999000 0.040000
2900.609470 29.999000 0.040000
2904.596480 29.999000 0.043000
3060.880920 29.999000 0.038000
3064.881380 29.999000 0.040000
3076.864860 29.999000 0.042000
3087.850920 29.999000 0.040000
3090.882870 29.999000 0.042000
3097.810610 29.999000 0.039000
3100.860750 29.999000 0.041000
3103.867910 29.999000 0.040000
3108.814960 29.999000 0.039000
3111.843170 29.999000 0.040000
3114.833540 29.999000 0.040000
3118.845940 29.999000 0.038000
3125.767710 29.999000 0.040000
3129.858200 29.999000 0.045000
3499.804260 29.999000 0.055000
3504.839950 29.999000 0.054000
3511.769200 29.999000 0.039000
3523.809730 29.999000 0.044000
3526.717390 29.999000 0.050000
3528.775470 29.999000 0.045000
3538.741700 29.999000 0.040000
3544.732340 29.999000 0.041000
3547.783850 29.999000 0.043000
3551.772040 29.999000 0.046000
3556.637430 29.999000 0.041000
3559.710820 29.999000 0.052000
3561.750860 29.999000 0.042000
3563.685780 29.999000 0.038000
3572.804880 29.999000 0.042000
3574.822260 29.999000 0.041000
3576.815660 29.999000 0.038000
3583.714340 29.999000 0.043000
3585.749650 29.999000 0.041000
3587.778650 29.999000 0.042000
3792.873580 29.999000 0.053000
3796.880400 29.999000 0.041000
3800.882350 29.999000 0.048000
3804.859180 29.999000 0.049000
3808.857180 29.999000 0.050000
3812.855720 29.999000 0.053000
3819.849930 29.999000 0.048000
3826.848520 29.999000 0.048000
3830.846580 29.999000 0.043000
4177.898480 29.999000 0.048000
4181.863590 29.999000 0.049000
4185.849340 29.999000 0.043000
4189.842960 29.999000 0.040000
4192.826840 29.999000 0.041000
4196.859160 29.999000 0.047000
4202.911680 29.999000 0.040000
4205.864530 29.999000 0.041000
4215.834350 29.999000 0.039000
4228.860620 29.999000 0.037000
4230.839700 29.999000 0.039000
4232.924040 29.999000 0.038000
4235.778670 29.999000 0.040000
4238.768250 29.999000 0.047000
4246.731280 29.999000 0.040000
4250.748440 29.999000 0.040000
4255.783350 29.999000 0.041000
4258.706080 29.999000 0.037000
4272.678770 29.999000 0.038000
4274.728200 29.999000 0.037000
4277.690860 29.999000 0.037000
4282.714690 29.999000 0.042000
4284.714860 29.999000 0.038000
4292.681770 29.999000 0.038000
4294.682730 29.999000 0.044000
4306.632680 29.999000 0.043000
4312.631940 29.999000 0.040000
4519.881130 29.999000 0.044000
4523.882060 29.999000 0.039000
4529.868780 29.999000 0.042000
4533.890440 29.999000 0.042000
4537.867230 29.999000 0.036000
4541.858950 29.999000 0.039000
4548.854910 29.999000 0.040000
4647.764690 29.999000 0.040000
4651.894660 29.999000 0.039000
4654.638960 29.999000 0.039000
4656.678020 29.999000 0.042000
4658.724180 29.999000 0.045000
4661.618540 29.999000 0.043000
4665.666350 29.999000 0.040000
4667.685190 29.999000 0.039000
4672.763430 29.999000 0.040000
4675.770930 29.999000 0.041000
4681.693210 29.999000 0.045000
4683.739140 29.999000 0.038000
4685.669840 29.999000 0.043000
4687.648800 29.999000 0.042000
4693.564680 29.999000 0.042000
4697.599880 29.999000 0.037000
4701.598460 29.999000 0.038000
4703.604590 29.999000 0.040000
4705.636490 29.999000 0.040000
4708.592220 29.999000 0.041000
4710.609120 29.999000 0.045000
4721.601300 29.999000 0.044000
4724.641510 29.999000 0.047000
4726.674400 29.999000 0.048000
4729.648170 29.999000 0.046000
4733.536530 29.999000 0.039000
4736.618650 29.999000 0.043000
4739.611050 29.999000 0.040000
4747.525260 29.999000 0.052000
4752.611480 29.999000 0.048000
4755.534110 29.999000 0.052000
4757.577760 29.999000 0.051000
4760.556210 29.999000 0.046000
4763.553060 29.999000 0.048000
4766.538410 29.999000 0.050000
4774.512680 29.999000 0.049000
4905.871670 29.999000 0.052000
4916.867540 29.999000 0.048000
4920.845070 29.999000 0.057000
4927.901130 29.999000 0.055000
4931.837320 29.999000 0.052000
4938.914870 29.999000 0.056000
4947.830560 29.999000 0.048000
4955.820610 29.999000 0.052000
4961.758090 29.999000 0.052000
4968.766950 29.999000 0.049000
4974.758980 29.999000 0.056000
4985.724250 29.999000 0.048000
4987.735160 29.999000 0.053000
4989.748320 29.999000 0.051000
4992.815570 29.999000 0.050000
2490.629640 10.390000 0.044000
2500.564380 10.429000 0.042000
2703.882340 11.628000 0.036000
2744.848770 11.307000 0.035000
2783.695730 13.125000 0.035000
3452.870850 11.087000 0.036000
2454.685410 12.768000 0.050000
2853.596790 29.999000 0.037000
2894.601380 29.999000 0.038000
