1869.506940 13.033000 0.037000
1939.872580 13.321000 0.039000
2026.798730 14.462000 0.038000
2030.756520 14.200000 0.035000
2032.752500 14.322000 0.035000
2052.709580 13.422000 0.035000
2053.723200 13.541000 0.034000
2054.714940 13.433000 0.035000
2055.703520 13.285000 0.035000
2056.706970 13.527000 0.034000
2057.696030 13.363000 0.034000
2058.699590 13.466000 0.036000
2067.637690 13.083000 0.038000
2068.658600 12.895000 0.033000
2069.672350 13.039000 0.035000
2070.673110 12.936000 0.035000
2080.578660 12.666000 0.035000
2081.646850 12.599000 0.033000
2082.653500 12.591000 0.036000
2085.637490 12.543000 0.034000
2086.632220 12.525000 0.037000
2087.634320 12.462000 0.037000
2088.633100 12.437000 0.033000
2093.551620 12.398000 0.037000
2094.596590 12.340000 0.042000
2104.603430 12.341000 0.035000
2105.601390 12.393000 0.041000
2106.604570 12.394000 0.038000
2109.597330 12.378000 0.034000
2115.553160 12.414000 0.037000
2116.570150 12.394000 0.038000
2117.569040 12.420000 0.035000
2124.545190 12.653000 0.037000
2125.563270 12.589000 0.037000
2128.546790 12.672000 0.038000
2129.559370 12.643000 0.039000
2130.555000 12.689000 0.036000
2132.557970 12.753000 0.038000
2133.554330 12.798000 0.036000
2134.547900 12.853000 0.040000
2135.548990 12.967000 0.039000
2136.550830 13.014000 0.036000
2141.542380 13.221000 0.040000
2142.536600 13.257000 0.039000
2143.537040 13.157000 0.037000
2145.518820 13.290000 0.035000
2151.495290 13.971000 0.035000
2442.656250 12.857000 0.052000
2443.652520 12.875000 0.040000
2445.638430 13.054000 0.046000
2446.659380 12.818000 0.041000
2453.752220 12.621000 0.040000
2460.636600 12.303000 0.045000
2464.612200 12.386000 0.047000
2465.613660 12.271000 0.048000
2466.600700 12.365000 0.051000
2467.605720 12.193000 0.042000
2468.604890 12.296000 0.041000
2470.525580 12.257000 0.049000
2473.560080 12.154000 0.050000
2493.556290 12.008000 0.049000
2499.540250 12.164000 0.046000
2501.552990 12.104000 0.049000
2508.677690 12.162000 0.037000
2510.649400 12.383000 0.044000
2520.602560 12.765000 0.039000
2521.612210 12.844000 0.036000
2526.623890 12.968000 0.038000
2540.671010 13.447000 0.035000
2544.659650 13.464000 0.035000
2546.574360 13.599000 0.035000
2548.568540 13.602000 0.035000
2560.549680 13.986000 0.033000
2562.574930 14.310000 0.034000
2677.860480 11.897000 0.039000
2684.866610 11.706000 0.041000
2690.852280 11.736000 0.047000
2694.833270 11.739000 0.037000
2697.886440 11.868000 0.034000
2700.874070 11.813000 0.044000
2703.837340 11.950000 0.047000
2706.830680 12.062000 0.036000
2710.868200 12.050000 0.049000
2712.853730 12.039000 0.042000
2714.848180 12.276000 0.041000
2719.835070 12.412000 0.044000
2721.838210 12.594000 0.046000
2725.839800 12.497000 0.041000
2729.826630 12.557000 0.043000
2738.821570 12.961000 0.038000
2840.785750 13.590000 0.034000
2845.749730 12.998000 0.035000
2853.720310 12.786000 0.034000
2858.670130 12.525000 0.037000
2859.790200 12.489000 0.035000
2884.721600 11.977000 0.040000
2888.619120 11.990000 0.041000
2892.621440 12.104000 0.037000
2894.573880 12.162000 0.037000
2896.595170 12.151000 0.038000
2898.582870 12.183000 0.036000
2900.577750 12.240000 0.037000
2906.565620 12.499000 0.036000
2909.567430 12.468000 0.037000
2911.538910 12.433000 0.038000
2916.543500 12.836000 0.038000
2924.549290 12.998000 0.041000
3036.881720 13.608000 0.035000
3051.891400 12.657000 0.033000
3055.865760 12.608000 0.035000
3059.859520 12.407000 0.033000
3067.879560 12.180000 0.037000
3074.846990 11.955000 0.035000
3077.884640 11.910000 0.035000
3085.911030 11.924000 0.036000
3088.862950 12.070000 0.039000
3108.880130 11.954000 0.035000
3111.818610 12.042000 0.036000
3114.809310 12.135000 0.034000
3427.843190 13.901000 0.040000
3430.866000 13.807000 0.038000
3433.862630 13.636000 0.044000
3438.894660 13.488000 0.047000
3442.900490 13.297000 0.048000
3452.835560 12.905000 0.041000
3465.850990 12.408000 0.041000
3474.815520 11.935000 0.045000
3477.809560 11.800000 0.042000
3480.797230 11.732000 0.041000
3502.751990 11.986000 0.044000
3508.796640 12.138000 0.041000
3510.826070 12.256000 0.050000
3512.725000 12.343000 0.044000
3516.733160 12.503000 0.047000
3522.751010 12.892000 0.042000
3529.666830 13.475000 0.050000
3652.558310 13.852000 0.037000
3654.564220 13.543000 0.037000
3656.585740 13.402000 0.033000
3659.550340 13.289000 0.034000
3661.568140 13.017000 0.035000
3663.571510 13.167000 0.035000
3665.584180 13.160000 0.034000
3669.568680 13.153000 0.035000
3672.523530 12.991000 0.034000
3675.521480 12.874000 0.034000
3678.513820 12.921000 0.034000
3828.847040 13.336000 0.044000
3832.796750 13.324000 0.043000
3847.864170 12.577000 0.042000
3850.785170 12.360000 0.044000
3852.847190 12.315000 0.043000
3860.833100 12.152000 0.039000
3862.812240 12.079000 0.038000
3864.751380 12.040000 0.042000
3866.753000 12.054000 0.038000
3868.780010 11.927000 0.041000
3870.770910 11.922000 0.040000
3872.780720 11.848000 0.038000
3879.728500 11.845000 0.048000
3882.706240 11.723000 0.039000
3886.761910 11.658000 0.035000
3892.728750 11.638000 0.037000
3894.720740 11.596000 0.041000
3897.747320 11.706000 0.042000
3901.861500 11.871000 0.035000
3906.645140 11.983000 0.038000
3908.694180 12.067000 0.038000
4272.647690 12.699000 0.038000
4274.690750 12.492000 0.045000
4277.651280 12.400000 0.042000
4283.677710 12.075000 0.042000
4284.813370 12.040000 0.037000
4300.741610 11.884000 0.044000
4304.648580 11.838000 0.047000
4306.610620 11.726000 0.037000
4310.691700 11.885000 0.036000
4312.717720 11.894000 0.046000
4319.583290 12.217000 0.036000
4329.544750 12.628000 0.043000
4332.637530 12.945000 0.038000
4334.616730 12.892000 0.035000
4514.890470 12.436000 0.040000
4536.859960 13.382000 0.047000
4644.626830 13.082000 0.038000
4650.733250 12.928000 0.035000
4665.718500 12.448000 0.039000
4674.550050 11.982000 0.036000
4682.645670 11.628000 0.038000
4684.654210 11.572000 0.036000
4691.633950 11.383000 0.036000
4694.682210 11.312000 0.039000
4698.639260 11.437000 0.045000
4700.637040 11.429000 0.034000
4702.646720 11.483000 0.035000
4704.641140 11.554000 0.041000
4706.670010 11.552000 0.038000
4709.627280 11.684000 0.040000
4715.544480 11.790000 0.043000
4717.662400 11.830000 0.045000
4720.677560 12.136000 0.037000
4722.683750 12.149000 0.044000
4726.561520 12.403000 0.038000
4729.554210 12.632000 0.037000
4734.628160 12.936000 0.045000
4748.567470 13.753000 0.037000
4881.882110 12.234000 0.036000
4939.807970 13.950000 0.043000
5088.673580 12.450000 0.043000
5092.676300 12.374000 0.044000
5099.528900 12.367000 0.044000
2490.579470 12.036000 0.046000
2723.841020 12.541000 0.039000
2727.832320 12.534000 0.043000
2740.804420 12.687000 0.042000
2855.621350 12.216000 0.043000
2861.644140 12.262000 0.044000
2872.534090 11.923000 0.044000
3092.817790 11.859000 0.034000
2083.642200 12.788000 0.047000
2103.605730 12.381000 0.050000
2489.556270 11.951000 0.051000
2883.564160 11.835000 0.049000
2886.536220 11.809000 0.042000
2904.567200 12.375000 0.059000
3070.867430 12.039000 0.042000
3445.879530 13.205000 0.046000
3482.860530 11.645000 0.051000
3490.831320 11.695000 0.048000
3492.832230 11.678000 0.050000
3504.791300 12.098000 0.058000
3648.568810 13.556000 0.050000
3858.768950 12.227000 0.057000
4686.591400 11.428000 0.051000
4895.906280 11.894000 0.049000
4903.908150 11.861000 0.045000
4918.823040 12.438000 0.050000
5071.586100 13.167000 0.051000
5084.613300 12.731000 0.056000
5097.484340 12.303000 0.050000
1955.851680 29.999000 0.045000
1965.842440 29.999000 0.040000
1977.787810 29.999000 0.051000
1981.815150 29.999000 0.050000
1984.798490 29.999000 0.050000
1995.839720 29.999000 0.056000
2452.621080 29.999000 0.051000
2481.554300 29.999000 0.054000
2486.567160 29.999000 0.046000
2503.573480 29.999000 0.053000
2529.565260 29.999000 0.054000
2553.611080 29.999000 0.064000
2556.521660 29.999000 0.059000
2559.537920 29.999000 0.041000
2563.591280 29.999000 0.038000
2566.563280 29.999000 0.040000
2732.845280 29.999000 0.048000
2736.804920 29.999000 0.041000
2742.799690 29.999000 0.038000
2756.758980 29.999000 0.056000
2757.851730 29.999000 0.041000
2761.846690 29.999000 0.043000
2768.821210 29.999000 0.050000
2784.722500 29.999000 0.047000
2786.680980 29.999000 0.040000
2787.828710 29.999000 0.044000
2791.648090 29.999000 0.046000
2802.786380 29.999000 0.045000
2810.625980 29.999000 0.041000
2820.711650 29.999000 0.043000
2922.541620 29.999000 0.041000
3164.811030 29.999000 0.036000
3182.668200 29.999000 0.043000
3186.670630 29.999000 0.039000
3191.809920 29.999000 0.052000
3403.882820 29.999000 0.039000
3407.879310 29.999000 0.038000
3415.866920 29.999000 0.036000
3423.859870 29.999000 0.045000
3537.743380 29.999000 0.052000
3541.777810 29.999000 0.038000
3543.819030 29.999000 0.053000
3563.637650 29.999000 0.035000
3570.672050 29.999000 0.037000
3577.747840 29.999000 0.038000
3581.810180 29.999000 0.034000
3584.623880 29.999000 0.036000
3586.640170 29.999000 0.036000
3596.613120 29.999000 0.035000
3603.730170 29.999000 0.036000
3607.533600 29.999000 0.035000
3615.500240 29.999000 0.039000
3618.538470 29.999000 0.046000
3625.667420 29.999000 0.041000
3631.542430 29.999000 0.037000
3639.581900 29.999000 0.034000
3774.882110 29.999000 0.046000
3787.897690 29.999000 0.038000
3794.875600 29.999000 0.039000
3809.886570 29.999000 0.043000
3813.841160 29.999000 0.041000
3819.887650 29.999000 0.048000
4363.586070 29.999000 0.034000
4380.569040 29.999000 0.039000
1935.888510 29.999000 0.045000
1945.895450 29.999000 0.047000
1948.871490 29.999000 0.042000
1980.811780 29.999000 0.053000
1997.783670 29.999000 0.056000
2019.789780 29.999000 0.059000
2031.758600 29.999000 0.034000
2059.762810 29.999000 0.048000
2474.615890 29.999000 0.052000
2495.554450 29.999000 0.045000
2498.548910 29.999000 0.050000
2511.701150 29.999000 0.053000
2552.577760 29.999000 0.051000
2558.522150 29.999000 0.038000
2561.551820 29.999000 0.034000
2579.530890 29.999000 0.065000
2754.785080 29.999000 0.043000
2770.790530 29.999000 0.039000
2782.783930 29.999000 0.041000
2804.677950 29.999000 0.041000
2808.711930 29.999000 0.044000
2811.808740 29.999000 0.046000
2834.617110 29.999000 0.043000
2851.594420 29.999000 0.042000
2946.549960 29.999000 0.035000
2950.519950 29.999000 0.040000
3176.713510 29.999000 0.033000
3184.645280 29.999000 0.035000
3411.878470 29.999000 0.041000
3547.649310 29.999000 0.041000
3556.608300 29.999000 0.038000
3573.709300 29.999000 0.037000
3575.723220 29.999000 0.034000
3590.719150 29.999000 0.040000
3592.715210 29.999000 0.049000
3599.742910 29.999000 0.036000
3601.731670 29.999000 0.035000
3620.569180 29.999000 0.038000
3622.612020 29.999000 0.041000
3628.632810 29.999000 0.036000
3633.565750 29.999000 0.037000
3642.587030 29.999000 0.039000
3644.614930 29.999000 0.047000
3766.880340 29.999000 0.035000
3782.889870 29.999000 0.045000
3802.860130 29.999000 0.046000
4190.866200 29.999000 0.048000
4207.826030 29.999000 0.041000
4212.864030 29.999000 0.039000
4226.837000 29.999000 0.045000
4338.619000 29.999000 0.041000
4340.677220 29.999000 0.038000
4342.671490 29.999000 0.037000
4344.674820 29.999000 0.049000
4348.676850 29.999000 0.035000
4350.686000 29.999000 0.039000
4353.548580 29.999000 0.036000
4355.635220 29.999000 0.033000
4357.639230 29.999000 0.037000
4361.620720 29.999000 0.035000
4365.593120 29.999000 0.036000
4368.632730 29.999000 0.037000
4372.637520 29.999000 0.039000
4375.634600 29.999000 0.035000
4378.513980 29.999000 0.035000
4382.618930 29.999000 0.034000
4385.526470 29.999000 0.036000
4387.528880 29.999000 0.036000
4389.527490 29.999000 0.039000
4393.549670 29.999000 0.038000
4402.562420 29.999000 0.037000
4407.499700 29.999000 0.044000
4410.546740 29.999000 0.049000
4419.507570 29.999000 0.042000
4550.837970 29.999000 0.037000
4606.768430 29.999000 0.041000
4615.770650 29.999000 0.047000
4639.830820 29.999000 0.038000
4658.775990 29.999000 0.043000
4731.590470 29.999000 0.049000
4742.491820 29.999000 0.043000
4744.520090 29.999000 0.047000
4746.535600 29.999000 0.038000
4756.588470 29.999000 0.042000
4759.558940 29.999000 0.044000
4762.556340 29.999000 0.045000
4765.549470 29.999000 0.038000
4768.545960 29.999000 0.038000
4771.513180 29.999000 0.043000
4773.548630 29.999000 0.037000
4776.544130 29.999000 0.039000
4782.507430 29.999000 0.051000
4785.516890 29.999000 0.036000
4951.797970 29.999000 0.041000
4975.765200 29.999000 0.044000
4988.724880 29.999000 0.046000
4990.762940 29.999000 0.045000
4992.882820 29.999000 0.047000
5012.874840 29.999000 0.053000
5019.717000 29.999000 0.047000
5031.625430 29.999000 0.051000
5038.608400 29.999000 0.050000
5042.590120 29.999000 0.047000
5047.583000 29.999000 0.047000
5105.617070 29.999000 0.047000
1950.854680 29.999000 0.060000
1961.862220 29.999000 0.052000
1963.851920 29.999000 0.040000
1979.803140 29.999000 0.055000
1982.787670 29.999000 0.053000
1985.836330 29.999000 0.053000
1994.765170 29.999000 0.052000
1998.826170 29.999000 0.047000
2009.756650 29.999000 0.054000
2016.817270 29.999000 0.047000
2025.749190 29.999000 0.034000
2027.760600 29.999000 0.033000
2454.649530 29.999000 0.059000
2482.596190 29.999000 0.048000
2565.548880 29.999000 0.039000
2578.496780 29.999000 0.044000
2747.881220 29.999000 0.041000
2751.708600 29.999000 0.038000
2763.772090 29.999000 0.040000
2835.738120 29.999000 0.045000
2838.736950 29.999000 0.033000
2953.522020 29.999000 0.036000
2956.517500 29.999000 0.037000
3040.887700 29.999000 0.036000
3129.777790 29.999000 0.051000
3179.625840 29.999000 0.049000
3561.669740 29.999000 0.036000
4346.671730 29.999000 0.036000
4959.823030 29.999000 0.047000
2040.703040 14.124000 0.044000
2156.480270 13.938000 0.037000
3455.774080 12.840000 0.038000
3464.816850 12.448000 0.039000
3470.816090 12.125000 0.033000
3473.800160 11.940000 0.044000
3476.790180 11.833000 0.043000
3491.876560 11.681000 0.037000
3499.745860 11.833000 0.041000
3508.766960 12.071000 0.033000
3512.693820 12.175000 0.040000
3521.827420 12.733000 0.037000
3524.659670 12.577000 0.046000
3528.731510 13.079000 0.039000
3831.818060 13.107000 0.038000
3834.785670 13.080000 0.038000
3836.861330 12.859000 0.040000
3849.826470 12.485000 0.036000
3852.756890 12.440000 0.035000
3858.742770 12.238000 0.040000
3860.804130 12.088000 0.038000
3862.721680 12.054000 0.040000
3866.710200 11.943000 0.038000
3868.759660 11.955000 0.041000
3870.762880 11.898000 0.038000
3872.760910 11.868000 0.037000
3881.739960 11.705000 0.039000
3886.736750 11.661000 0.035000
3892.714510 11.638000 0.037000
3894.703040 11.502000 0.039000
3901.859600 11.763000 0.036000
3903.899920 11.852000 0.040000
4128.875590 13.160000 0.037000
4132.869820 13.086000 0.040000
4228.785270 13.375000 0.035000
4230.786360 13.198000 0.037000
4232.786810 13.307000 0.036000
4246.721430 13.060000 0.040000
4256.655710 12.869000 0.038000
4258.711410 13.047000 0.034000
4273.813950 12.478000 0.034000
4290.644600 11.810000 0.037000
4292.623060 11.769000 0.034000
4298.630560 11.731000 0.037000
4330.741670 12.701000 0.037000
4332.631720 12.696000 0.034000
4486.876860 12.377000 0.038000
4497.880120 12.229000 0.036000
4501.862870 12.305000 0.039000
4505.858560 12.459000 0.039000
4518.824640 12.401000 0.038000
4521.861250 12.617000 0.035000
4524.876010 12.601000 0.035000
4527.865700 12.801000 0.033000
4530.889680 13.020000 0.034000
4535.888270 13.221000 0.036000
4542.819950 13.598000 0.037000
4641.883190 13.201000 0.039000
4644.596670 12.958000 0.037000
4648.672650 13.063000 0.036000
4650.719700 12.942000 0.034000
4656.686640 12.725000 0.035000
4661.588510 12.603000 0.034000
4663.669280 12.515000 0.035000
4669.553720 12.144000 0.039000
4671.628790 12.181000 0.036000
4677.643040 11.816000 0.038000
4679.655640 11.667000 0.035000
4682.636460 11.611000 0.038000
4690.599720 11.425000 0.034000
4697.649210 11.404000 0.035000
4701.640350 11.450000 0.037000
4703.643870 11.501000 0.041000
4853.874470 12.861000 0.040000
4857.879370 12.776000 0.041000
4875.891400 12.411000 0.041000
4879.855740 12.255000 0.035000
4883.849730 12.346000 0.037000
4891.845330 11.990000 0.043000
4917.849520 12.290000 0.042000
5092.625290 12.374000 0.044000
3480.849460 11.716000 0.045000
4340.668710 13.350000 0.042000
4342.662980 13.350000 0.047000
4849.872440 13.035000 0.041000
3457.826190 12.641000 0.041000
3478.825070 11.715000 0.041000
3486.775150 11.508000 0.049000
3504.707960 12.096000 0.053000
3855.743870 12.222000 0.058000
3879.704610 11.668000 0.057000
4478.870660 12.347000 0.045000
4482.874140 12.432000 0.041000
4491.879790 12.285000 0.041000
4646.646680 13.017000 0.041000
4654.732940 12.994000 0.054000
4705.668360 11.556000 0.048000
4710.640240 11.722000 0.049000
4861.881050 12.737000 0.048000
4866.885410 12.526000 0.039000
4870.851710 12.565000 0.046000
4887.841960 11.986000 0.051000
4901.908090 11.889000 0.048000
4931.811550 13.085000 0.046000
4936.783670 13.484000 0.047000
2164.500470 29.999000 0.035000
2168.546860 29.999000 0.038000
2180.526680 29.999000 0.042000
2184.529060 29.999000 0.043000
2188.509530 29.999000 0.054000
2191.518880 29.999000 0.043000
2195.487990 29.999000 0.048000
2203.498360 29.999000 0.051000
3387.873410 29.999000 0.040000
3391.874050 29.999000 0.044000
3442.877810 29.999000 0.040000
3526.709330 29.999000 0.046000
3547.617930 29.999000 0.036000
3575.780900 29.999000 0.038000
3749.871200 29.999000 0.042000
3760.872420 29.999000 0.040000
3769.886310 29.999000 0.043000
3773.876530 29.999000 0.039000
3788.899420 29.999000 0.045000
3791.888820 29.999000 0.042000
3795.832020 29.999000 0.039000
3798.881540 29.999000 0.038000
3802.846130 29.999000 0.043000
3816.847380 29.999000 0.044000
3822.838080 29.999000 0.038000
3825.841460 29.999000 0.043000
3828.828080 29.999000 0.038000
3864.724040 29.999000 0.042000
4234.830780 29.999000 0.034000
4304.585900 29.999000 0.037000
4334.602270 29.999000 0.037000
4355.626570 29.999000 0.036000
4357.631170 29.999000 0.037000
4595.800690 29.999000 0.036000
4597.775180 29.999000 0.035000
4627.678660 29.999000 0.036000
4724.620640 29.999000 0.042000
4975.752430 29.999000 0.049000
4984.725730 29.999000 0.049000
4988.709380 29.999000 0.046000
5012.864180 29.999000 0.052000
5014.763860 29.999000 0.042000
5019.714940 29.999000 0.046000
2172.486610 29.999000 0.039000
2198.512230 29.999000 0.047000
2207.516100 29.999000 0.047000
3396.880690 29.999000 0.042000
3404.859110 29.999000 0.041000
3438.867150 29.999000 0.039000
3590.752470 29.999000 0.036000
3596.726690 29.999000 0.037000
3628.629990 29.999000 0.039000
3753.874690 29.999000 0.049000
3809.840960 29.999000 0.043000
3813.819630 29.999000 0.042000
3819.885530 29.999000 0.039000
4136.863790 29.999000 0.040000
4140.855650 29.999000 0.043000
4143.868830 29.999000 0.041000
4153.838250 29.999000 0.036000
4157.833140 29.999000 0.042000
4161.837020 29.999000 0.037000
4164.887070 29.999000 0.042000
4167.874130 29.999000 0.038000
4174.818490 29.999000 0.036000
4177.857250 29.999000 0.041000
4180.852780 29.999000 0.041000
4183.844630 29.999000 0.046000
4187.854660 29.999000 0.045000
4190.815680 29.999000 0.035000
4192.833410 29.999000 0.036000
4194.836580 29.999000 0.036000
4198.764780 29.999000 0.047000
4204.849840 29.999000 0.037000
4208.800450 29.999000 0.038000
4215.831880 29.999000 0.037000
4250.718220 29.999000 0.036000
4253.871270 29.999000 0.042000
4344.667080 29.999000 0.043000
4350.677370 29.999000 0.039000
4359.658540 29.999000 0.036000
4361.615150 29.999000 0.037000
4363.579510 29.999000 0.036000
4368.626810 29.999000 0.036000
4538.864720 29.999000 0.042000
4545.871130 29.999000 0.038000
4548.838150 29.999000 0.038000
4551.846800 29.999000 0.046000
4554.836310 29.999000 0.041000
4557.827340 29.999000 0.035000
4560.816670 29.999000 0.033000
4563.808940 29.999000 0.034000
4566.797000 29.999000 0.039000
4571.853930 29.999000 0.034000
4573.814000 29.999000 0.038000
4575.812030 29.999000 0.039000
4582.768700 29.999000 0.036000
4593.729950 29.999000 0.036000
4602.726740 29.999000 0.036000
4606.743040 29.999000 0.039000
4609.688830 29.999000 0.036000
4611.735780 29.999000 0.036000
4617.720310 29.999000 0.037000
4623.717970 29.999000 0.037000
4629.652810 29.999000 0.035000
4631.673970 29.999000 0.035000
4633.659280 29.999000 0.037000
4639.834040 29.999000 0.037000
4652.745350 29.999000 0.034000
4658.734400 29.999000 0.043000
4665.715640 29.999000 0.036000
4715.547610 29.999000 0.040000
4845.870910 29.999000 0.038000
4920.893930 29.999000 0.045000
4928.877970 29.999000 0.045000
4938.851150 29.999000 0.045000
4947.759250 29.999000 0.042000
4952.818130 29.999000 0.049000
4954.803950 29.999000 0.046000
4959.795710 29.999000 0.046000
4962.728680 29.999000 0.045000
4967.793180 29.999000 0.043000
4969.839030 29.999000 0.042000
4973.649460 29.999000 0.052000
5021.747970 29.999000 0.047000
5023.755610 29.999000 0.045000
5031.597320 29.999000 0.052000
5038.581120 29.999000 0.049000
5042.566190 29.999000 0.047000
5048.742860 29.999000 0.045000
5087.642700 29.999000 0.055000
2173.528810 14.104000 0.038000
2185.554110 14.406000 0.039000
2193.565580 14.134000 0.037000
2198.508260 14.540000 0.045000
2204.520560 14.418000 0.041000
3821.832470 13.716000 0.036000
4595.787410 14.372000 0.036000
3453.820510 12.746000 0.045000
3456.855100 12.702000 0.040000
3459.826060 12.680000 0.033000
3463.832120 12.496000 0.036000
3466.859320 12.330000 0.038000
3473.814240 11.955000 0.033000
3481.860240 11.693000 0.038000
3502.770520 12.017000 0.040000
3508.825010 12.110000 0.037000
3511.759180 12.264000 0.037000
3827.875860 13.510000 0.038000
3830.878690 13.366000 0.037000
3833.866660 13.047000 0.038000
3836.850590 12.969000 0.038000
3850.820060 12.700000 0.036000
3853.804610 12.274000 0.034000
3859.790850 12.163000 0.035000
3862.736310 12.125000 0.037000
3866.771680 12.051000 0.035000
3870.773710 12.014000 0.037000
3872.817730 11.881000 0.035000
3876.705020 11.844000 0.035000
3882.733060 11.752000 0.038000
3886.785420 11.704000 0.035000
3891.691500 11.638000 0.035000
3893.750150 11.646000 0.035000
3896.748800 11.678000 0.048000
3900.833370 11.761000 0.035000
4140.890410 13.466000 0.033000
4230.823630 13.708000 0.035000
4232.890990 13.439000 0.031000
4235.771400 13.348000 0.035000
4238.759260 12.953000 0.041000
4247.729460 13.098000 0.035000
4254.671380 13.123000 0.042000
4256.851350 12.914000 0.033000
4272.731430 12.652000 0.035000
4274.733290 12.632000 0.035000
4277.682950 12.481000 0.036000
4292.683510 11.800000 0.042000
4296.688140 11.728000 0.034000
4298.694170 11.763000 0.039000
4304.642780 11.834000 0.033000
4315.721200 12.137000 0.039000
4330.772890 12.871000 0.034000
4332.661910 12.941000 0.033000
4497.882330 12.311000 0.035000
4501.886130 12.163000 0.042000
4506.887230 12.231000 0.038000
4518.886330 12.420000 0.036000
4522.900040 12.619000 0.033000
4526.864650 12.771000 0.039000
4535.903720 13.606000 0.046000
4640.662700 13.169000 0.036000
4642.707470 13.228000 0.040000
4644.728680 13.110000 0.037000
4646.802140 13.120000 0.039000
4649.635390 12.878000 0.035000
4651.695760 13.006000 0.038000
4653.695580 12.892000 0.033000
4657.718210 12.786000 0.035000
4660.692220 12.562000 0.033000
4662.692000 12.381000 0.036000
4664.685540 12.380000 0.037000
4666.701800 12.352000 0.034000
4672.576760 12.144000 0.033000
4674.827410 11.941000 0.038000
4681.605060 11.695000 0.039000
4683.605440 11.522000 0.037000
4685.597590 11.593000 0.038000
4687.587230 11.482000 0.032000
4691.612030 11.451000 0.035000
4694.667740 11.444000 0.035000
4701.732210 11.501000 0.034000
4703.743380 11.535000 0.035000
4706.629120 11.551000 0.046000
4867.888480 12.671000 0.039000
4871.889400 12.435000 0.040000
4876.890040 12.297000 0.038000
4880.892840 12.284000 0.040000
4916.854560 12.216000 0.040000
4937.835190 13.233000 0.040000
5071.635320 13.252000 0.039000
5088.687150 12.524000 0.039000
5092.679150 12.388000 0.044000
2191.494310 14.981000 0.045000
2213.496760 14.493000 0.057000
3450.825990 14.154000 0.050000
3504.824190 12.036000 0.052000
4136.887620 13.661000 0.043000
4269.675140 12.774000 0.049000
4290.711760 11.788000 0.048000
4539.849080 13.405000 0.043000
4861.884120 12.614000 0.041000
4884.886850 12.164000 0.043000
4892.877840 11.938000 0.042000
4898.907180 11.838000 0.044000
4920.832530 12.415000 0.044000
2167.481930 29.999000 0.036000
2171.481140 29.999000 0.038000
2183.490420 29.999000 0.038000
2188.531280 29.999000 0.052000
2195.556520 29.999000 0.038000
2202.514170 29.999000 0.051000
2206.527920 29.999000 0.049000
2221.498780 29.999000 0.055000
2226.520170 29.999000 0.048000
2232.505440 29.999000 0.054000
3414.885050 29.999000 0.037000
3418.882820 29.999000 0.041000
3476.840320 29.999000 0.038000
3574.859270 29.999000 0.035000
3765.878210 29.999000 0.035000
3772.885380 29.999000 0.042000
3793.870550 29.999000 0.043000
3809.854980 29.999000 0.037000
3813.843330 29.999000 0.034000
3824.870160 29.999000 0.037000
4153.873960 29.999000 0.042000
4161.861730 29.999000 0.036000
4202.887010 29.999000 0.042000
4213.904340 29.999000 0.035000
4284.735050 29.999000 0.035000
4566.906750 29.999000 0.039000
4569.897840 29.999000 0.034000
4578.861640 29.999000 0.038000
4583.829880 29.999000 0.034000
4586.870470 29.999000 0.039000
4602.788570 29.999000 0.037000
4606.798080 29.999000 0.038000
4611.813910 29.999000 0.035000
4615.815240 29.999000 0.037000
4617.742690 29.999000 0.039000
4623.791250 29.999000 0.035000
4627.754580 29.999000 0.034000
4629.732950 29.999000 0.034000
4631.746770 29.999000 0.034000
4633.732500 29.999000 0.037000
4637.765690 29.999000 0.040000
4709.565000 29.999000 0.039000
4722.686660 29.999000 0.044000
4728.640450 29.999000 0.042000
4743.566570 29.999000 0.037000
2179.515300 29.999000 0.037000
2216.513820 29.999000 0.060000
2236.507620 29.999000 0.052000
3406.885370 29.999000 0.034000
3479.835130 29.999000 0.037000
3521.748870 29.999000 0.038000
3523.784640 29.999000 0.044000
3528.703190 29.999000 0.038000
3539.744170 29.999000 0.045000
3789.880410 29.999000 0.038000
3797.862200 29.999000 0.033000
3817.849450 29.999000 0.044000
3856.794030 29.999000 0.038000
3864.760930 29.999000 0.035000
3868.792050 29.999000 0.039000
3903.680380 29.999000 0.035000
4132.878380 29.999000 0.042000
4143.887210 29.999000 0.049000
4157.863370 29.999000 0.057000
4173.899830 29.999000 0.036000
4177.847590 29.999000 0.042000
4185.832710 29.999000 0.042000
4189.827660 29.999000 0.035000
4192.815450 29.999000 0.039000
4196.850210 29.999000 0.043000
4205.848940 29.999000 0.044000
4228.810390 29.999000 0.039000
4282.734350 29.999000 0.037000
4354.688350 29.999000 0.032000
4367.669720 29.999000 0.036000
4514.895050 29.999000 0.036000
4546.896930 29.999000 0.037000
4550.846170 29.999000 0.039000
4554.828000 29.999000 0.038000
4557.879500 29.999000 0.035000
4560.862150 29.999000 0.033000
4563.870200 29.999000 0.037000
4572.809550 29.999000 0.036000
4575.802290 29.999000 0.040000
4589.820060 29.999000 0.034000
4592.802370 29.999000 0.033000
4609.769990 29.999000 0.036000
4655.683190 29.999000 0.034000
4940.846000 29.999000 0.038000
4947.817660 29.999000 0.039000
4962.785440 29.999000 0.039000
4967.826000 29.999000 0.043000
4984.784260 29.999000 0.041000
4988.751450 29.999000 0.042000
4990.774330 29.999000 0.043000
5009.852280 29.999000 0.048000
5012.886720 29.999000 0.051000
5014.775390 29.999000 0.042000
5021.753960 29.999000 0.042000
5023.760990 29.999000 0.040000
5031.656790 29.999000 0.040000
5040.634950 29.999000 0.044000
5048.791010 29.999000 0.043000
