3393.848510 12.512000 0.047000
1902.852640 13.895000 0.058000
1904.854490 14.047000 0.075000
1906.855780 14.033000 0.060000
2051.653450 14.064000 0.058000
2053.548620 13.912000 0.066000
2056.607970 13.707000 0.054000
2057.598630 13.657000 0.069000
2067.584520 13.164000 0.067000
2068.579110 13.178000 0.067000
2070.569830 12.993000 0.073000
2081.540740 12.671000 0.063000
2085.539400 12.626000 0.050000
2086.545790 12.759000 0.064000
2088.535960 12.731000 0.068000
2093.507330 12.540000 0.071000
2094.529070 12.578000 0.068000
2102.493360 12.501000 0.061000
2104.494530 12.423000 0.041000
2106.496730 12.511000 0.049000
2115.468780 12.518000 0.055000
2124.569870 12.581000 0.070000
2129.466380 12.606000 0.054000
2133.513250 12.817000 0.046000
2135.528170 12.867000 0.056000
2141.528480 12.949000 0.042000
2144.472740 13.230000 0.050000
2158.489770 14.120000 0.055000
2635.854720 12.872000 0.035000
2641.856930 12.950000 0.038000
2645.846420 13.119000 0.037000
2650.843450 13.126000 0.037000
2653.841400 13.297000 0.036000
2657.853130 13.394000 0.038000
2660.823530 13.610000 0.037000
2673.840940 14.207000 0.036000
2676.824450 14.179000 0.036000
2813.670630 14.232000 0.037000
2820.607800 14.108000 0.037000
2822.652070 13.901000 0.041000
2831.669360 13.592000 0.039000
2840.578670 13.096000 0.035000
2845.567500 12.912000 0.039000
2851.498670 12.744000 0.033000
2853.627240 12.556000 0.036000
2858.483760 12.409000 0.038000
2861.580920 12.276000 0.036000
2865.527340 12.171000 0.041000
2867.567310 12.131000 0.038000
2872.482350 12.247000 0.040000
2877.537710 12.261000 0.036000
2879.540400 12.264000 0.033000
2885.478210 12.418000 0.035000
2888.543020 12.493000 0.035000
2893.480390 12.591000 0.037000
2895.500120 12.732000 0.034000
2898.496600 12.820000 0.034000
2900.491570 12.998000 0.035000
2904.485710 13.047000 0.036000
2906.488990 13.187000 0.033000
3085.849970 13.702000 0.034000
3088.736210 14.125000 0.038000
3093.727000 13.663000 0.033000
3097.726520 13.179000 0.034000
3099.764630 12.913000 0.040000
3103.917110 12.730000 0.040000
3106.699520 12.644000 0.035000
3108.745980 12.688000 0.034000
3110.851720 12.608000 0.033000
3115.729880 12.397000 0.032000
3122.688970 12.132000 0.035000
3124.727620 12.137000 0.035000
3126.682640 12.148000 0.034000
3128.674120 12.193000 0.040000
3131.690640 12.262000 0.038000
3133.693870 12.291000 0.035000
3153.628330 13.125000 0.034000
3158.687570 13.141000 0.039000
3163.714650 13.612000 0.035000
3385.846270 12.514000 0.069000
3397.827500 12.708000 0.059000
3406.812370 13.107000 0.043000
3409.845260 13.154000 0.040000
3412.856260 13.648000 0.040000
3415.857240 13.524000 0.040000
3418.870010 13.870000 0.061000
3424.811510 14.201000 0.040000
3585.559120 14.027000 0.058000
3587.567650 14.093000 0.042000
3589.577840 13.863000 0.039000
3596.554100 13.652000 0.057000
3602.549450 13.313000 0.038000
3604.562910 13.134000 0.039000
3608.536320 12.971000 0.043000
3615.527510 12.653000 0.040000
3619.482900 12.640000 0.038000
3626.498860 12.245000 0.040000
3630.499700 12.252000 0.055000
3633.497390 12.204000 0.052000
3639.480980 12.134000 0.052000
3834.742070 14.131000 0.062000
3847.720310 13.971000 0.050000
3851.719550 13.843000 0.058000
3853.773340 13.471000 0.050000
3856.648620 13.580000 0.065000
3862.673970 13.044000 0.064000
3864.671100 12.880000 0.041000
3866.667950 12.955000 0.043000
3869.672880 12.788000 0.044000
3871.661740 12.587000 0.048000
3874.745150 12.521000 0.040000
3882.583580 12.318000 0.059000
3886.619550 12.217000 0.043000
3890.608540 12.238000 0.042000
3892.609340 12.291000 0.041000
3901.660660 12.371000 0.038000
3903.663860 12.437000 0.039000
3905.661230 12.485000 0.049000
3907.660960 12.463000 0.048000
4106.845150 13.776000 0.042000
4125.831170 12.884000 0.048000
4128.858310 12.930000 0.055000
4132.830660 12.695000 0.060000
4143.808150 12.362000 0.054000
4146.849870 12.266000 0.071000
4150.857500 12.154000 0.071000
4153.835590 12.219000 0.054000
4156.835750 12.398000 0.052000
4159.809900 12.295000 0.046000
4162.789950 12.304000 0.039000
4165.785310 12.374000 0.040000
4174.739620 12.668000 0.070000
4184.828670 13.255000 0.047000
4190.801100 13.637000 0.043000
4192.774010 13.415000 0.045000
4200.740560 14.223000 0.042000
4203.751620 14.297000 0.047000
4205.751560 14.300000 0.040000
4354.524790 14.617000 0.045000
4361.483410 14.026000 0.040000
4365.491630 13.716000 0.044000
4592.686980 14.339000 0.046000
4602.653520 14.125000 0.050000
4607.651830 13.722000 0.056000
4609.712680 13.867000 0.066000
4611.678880 13.889000 0.048000
4615.784710 13.653000 0.047000
4617.682190 13.388000 0.045000
4623.632580 13.016000 0.039000
4627.591690 12.835000 0.039000
4629.580890 12.768000 0.038000
4638.712610 12.686000 0.055000
4640.678020 12.359000 0.053000
4642.641910 12.409000 0.057000
4644.660460 12.272000 0.050000
4648.678690 12.131000 0.067000
4650.723750 12.179000 0.048000
4653.501740 12.128000 0.037000
4655.506140 12.223000 0.039000
4661.502140 12.400000 0.042000
4663.563770 12.315000 0.062000
4665.647510 12.520000 0.054000
4667.605890 12.511000 0.046000
4671.586220 12.720000 0.047000
4679.603150 12.999000 0.056000
4682.592900 12.932000 0.065000
4697.498590 13.836000 0.041000
4699.520980 13.755000 0.056000
4701.526750 13.891000 0.052000
4716.489910 14.263000 0.051000
4845.869130 14.066000 0.051000
4857.833550 14.203000 0.056000
4861.872340 13.831000 0.048000
4872.867930 13.375000 0.047000
4876.755760 13.222000 0.047000
4883.836000 12.681000 0.050000
3443.788280 14.804000 0.057000
3459.792870 14.663000 0.040000
3489.791870 14.875000 0.073000
3517.632000 15.138000 0.051000
3528.740270 14.946000 0.045000
3561.631030 14.790000 0.054000
3773.833860 14.394000 0.053000
4230.701900 15.684000 0.051000
4502.817830 15.271000 0.052000
4531.789700 15.649000 0.056000
4833.857610 14.410000 0.042000
4837.847440 15.277000 0.065000
4188.762350 13.432000 0.043000
4579.747470 14.183000 0.044000
4691.545420 13.422000 0.066000
2054.613400 13.780000 0.078000
2059.618090 13.661000 0.066000
2069.579400 13.178000 0.078000
2083.534310 12.845000 0.074000
2842.576800 13.061000 0.050000
2875.543750 12.184000 0.042000
3118.796140 12.169000 0.045000
3389.848340 12.396000 0.066000
3421.829580 13.970000 0.061000
3583.507350 14.332000 0.085000
3823.725880 14.940000 0.066000
3849.719250 13.605000 0.081000
3858.714280 13.279000 0.064000
3888.631450 12.288000 0.049000
3899.624120 12.511000 0.058000
4135.879780 12.614000 0.079000
4176.830740 12.757000 0.074000
4179.813600 12.798000 0.075000
4182.757900 13.133000 0.064000
4646.652770 12.461000 0.060000
4865.854230 13.791000 0.047000
4886.824330 12.424000 0.066000
4892.799570 12.187000 0.054000
4901.819870 12.181000 0.053000
4907.827690 12.229000 0.045000
4917.778970 12.380000 0.051000
4924.812410 12.572000 0.075000
4928.753290 12.784000 0.061000
4936.802580 12.922000 0.086000
4938.871250 13.004000 0.048000
4946.862020 13.653000 0.065000
4949.656200 13.784000 0.051000
4951.817060 13.913000 0.056000
4955.695670 13.943000 0.054000
3501.583390 15.137000 0.077000
3559.622340 14.930000 0.079000
4545.814830 14.202000 0.043000
1919.836080 29.999000 0.056000
1928.833250 29.999000 0.064000
1940.794500 29.999000 0.048000
1966.856800 29.999000 0.048000
1981.705870 29.999000 0.055000
1985.756000 29.999000 0.056000
1998.734030 29.999000 0.070000
2026.672880 29.999000 0.061000
2440.565320 29.999000 0.038000
2444.558300 29.999000 0.038000
2454.538870 29.999000 0.040000
2459.521240 29.999000 0.049000
2464.504760 29.999000 0.043000
2502.494600 29.999000 0.053000
2524.485510 29.999000 0.057000
2526.513400 29.999000 0.056000
2535.476560 29.999000 0.051000
2688.831740 29.999000 0.036000
2705.767600 29.999000 0.035000
2709.756450 29.999000 0.035000
2713.746310 29.999000 0.033000
2715.736860 29.999000 0.036000
2717.831870 29.999000 0.038000
2721.813450 29.999000 0.038000
2723.752020 29.999000 0.039000
2725.731980 29.999000 0.040000
2736.711370 29.999000 0.035000
2740.732800 29.999000 0.035000
2770.663780 29.999000 0.034000
2808.744000 29.999000 0.045000
3011.851620 29.999000 0.040000
3042.818640 29.999000 0.036000
3055.794200 29.999000 0.035000
3055.855160 29.999000 0.037000
3079.767180 29.999000 0.036000
3090.795390 29.999000 0.036000
3160.703050 29.999000 0.038000
3168.746090 29.999000 0.042000
3175.692690 29.999000 0.035000
3180.619700 29.999000 0.039000
3191.689190 29.999000 0.059000
3462.724670 29.999000 0.049000
3466.811630 29.999000 0.065000
3474.699920 29.999000 0.045000
3497.818000 29.999000 0.044000
3503.670780 29.999000 0.046000
3526.733880 29.999000 0.050000
3537.690520 29.999000 0.048000
3543.741540 29.999000 0.043000
3554.600070 29.999000 0.054000
3745.849370 29.999000 0.043000
3749.841340 29.999000 0.071000
3753.835330 29.999000 0.074000
3757.801170 29.999000 0.042000
3761.825140 29.999000 0.075000
3765.827730 29.999000 0.080000
3769.836020 29.999000 0.064000
3777.821160 29.999000 0.059000
3781.829420 29.999000 0.071000
3787.891190 29.999000 0.060000
3790.824060 29.999000 0.060000
3793.804380 29.999000 0.048000
3799.806050 29.999000 0.063000
3802.814210 29.999000 0.086000
3804.839410 29.999000 0.049000
3810.777040 29.999000 0.055000
3815.817520 29.999000 0.060000
3818.736240 29.999000 0.084000
3820.809420 29.999000 0.043000
3825.778910 29.999000 0.057000
3828.715090 29.999000 0.059000
3830.788340 29.999000 0.062000
3832.758980 29.999000 0.046000
4197.773710 29.999000 0.055000
4228.703420 29.999000 0.043000
4458.859320 29.999000 0.048000
4465.856620 29.999000 0.050000
4473.864540 29.999000 0.050000
4479.844710 29.999000 0.071000
4485.865670 29.999000 0.048000
4490.854630 29.999000 0.053000
4498.865370 29.999000 0.053000
4505.846870 29.999000 0.052000
4516.785650 29.999000 0.049000
4518.836080 29.999000 0.045000
4521.818830 29.999000 0.042000
4525.870060 29.999000 0.043000
4528.803670 29.999000 0.042000
4535.794880 29.999000 0.042000
4543.754940 29.999000 0.046000
4547.799960 29.999000 0.052000
4557.729450 29.999000 0.045000
4562.706160 29.999000 0.049000
4564.783720 29.999000 0.043000
4567.689510 29.999000 0.045000
4571.740530 29.999000 0.042000
4590.637210 29.999000 0.048000
4703.535510 29.999000 0.042000
4705.560110 29.999000 0.049000
4708.559060 29.999000 0.066000
4734.483680 29.999000 0.077000
4821.858740 29.999000 0.044000
4853.830110 29.999000 0.073000
1929.886970 29.999000 0.048000
1931.814930 29.999000 0.049000
1933.820500 29.999000 0.044000
1958.792170 29.999000 0.050000
1963.754480 29.999000 0.049000
1965.861310 29.999000 0.047000
1976.836820 29.999000 0.055000
1979.717830 29.999000 0.061000
1982.835260 29.999000 0.055000
1993.786820 29.999000 0.062000
1994.803500 29.999000 0.060000
1995.776940 29.999000 0.065000
1997.734130 29.999000 0.060000
2011.656150 29.999000 0.067000
2014.685220 29.999000 0.071000
2025.693200 29.999000 0.056000
2032.653870 29.999000 0.056000
2033.634910 29.999000 0.056000
2452.520270 29.999000 0.046000
2466.500830 29.999000 0.042000
2476.474070 29.999000 0.057000
2490.510960 29.999000 0.046000
2493.520500 29.999000 0.051000
2510.519390 29.999000 0.066000
2512.498730 29.999000 0.045000
2684.828890 29.999000 0.032000
2707.773910 29.999000 0.037000
2738.723020 29.999000 0.034000
2745.718520 29.999000 0.047000
2749.773740 29.999000 0.033000
2751.654240 29.999000 0.040000
2755.665450 29.999000 0.031000
2759.697840 29.999000 0.034000
2761.637190 29.999000 0.032000
2764.690920 29.999000 0.034000
2775.708920 29.999000 0.032000
2782.639660 29.999000 0.035000
2783.764830 29.999000 0.050000
2785.684180 29.999000 0.037000
2787.635130 29.999000 0.034000
2796.542520 29.999000 0.037000
3007.846500 29.999000 0.037000
3017.864800 29.999000 0.035000
3038.887000 29.999000 0.041000
3051.878440 29.999000 0.037000
3061.812820 29.999000 0.034000
3068.757590 29.999000 0.036000
3073.778870 29.999000 0.034000
3081.842250 29.999000 0.033000
3165.723780 29.999000 0.035000
3171.704550 29.999000 0.037000
3189.560670 29.999000 0.037000
3402.791340 29.999000 0.088000
3432.864960 29.999000 0.059000
3436.808580 29.999000 0.042000
3445.803820 29.999000 0.051000
3447.837590 29.999000 0.057000
3450.755630 29.999000 0.056000
3453.697740 29.999000 0.074000
3464.779730 29.999000 0.043000
3469.774910 29.999000 0.040000
3471.822180 29.999000 0.043000
3478.745070 29.999000 0.056000
3480.733700 29.999000 0.053000
3482.726330 29.999000 0.054000
3486.787750 29.999000 0.069000
3515.640170 29.999000 0.038000
3520.754590 29.999000 0.066000
3522.689540 29.999000 0.050000
3547.584250 29.999000 0.067000
3556.632370 29.999000 0.043000
3563.602740 29.999000 0.045000
3569.572150 29.999000 0.038000
3571.636840 29.999000 0.043000
3574.640790 29.999000 0.043000
3576.650660 29.999000 0.039000
3578.653170 29.999000 0.046000
3600.542510 29.999000 0.044000
3796.799520 29.999000 0.046000
3807.874170 29.999000 0.048000
3836.745170 29.999000 0.048000
4208.841510 29.999000 0.074000
4212.843140 29.999000 0.043000
4215.775330 29.999000 0.041000
4232.700710 29.999000 0.041000
4234.692990 29.999000 0.043000
4238.754650 29.999000 0.042000
4245.616510 29.999000 0.047000
4246.781210 29.999000 0.049000
4253.609450 29.999000 0.049000
4257.639520 29.999000 0.040000
4259.670130 29.999000 0.045000
4273.729790 29.999000 0.038000
4281.535830 29.999000 0.044000
4283.570310 29.999000 0.056000
4285.570130 29.999000 0.060000
4291.580070 29.999000 0.046000
4293.573690 29.999000 0.057000
4295.576930 29.999000 0.042000
4297.576690 29.999000 0.042000
4299.550930 29.999000 0.042000
4301.518270 29.999000 0.062000
4306.625800 29.999000 0.041000
4308.650760 29.999000 0.060000
4311.587690 29.999000 0.042000
4316.618090 29.999000 0.042000
4319.625790 29.999000 0.048000
4329.483730 29.999000 0.052000
4334.474310 29.999000 0.040000
4338.477000 29.999000 0.041000
4340.544800 29.999000 0.041000
4342.548960 29.999000 0.048000
4344.551280 29.999000 0.051000
4346.550200 29.999000 0.064000
4349.491870 29.999000 0.054000
4351.533860 29.999000 0.044000
4537.839000 29.999000 0.056000
4540.772440 29.999000 0.049000
4552.798410 29.999000 0.041000
4554.819010 29.999000 0.046000
4559.800380 29.999000 0.047000
4569.823440 29.999000 0.046000
4573.734360 29.999000 0.043000
4575.729510 29.999000 0.040000
4582.710420 29.999000 0.050000
4587.796860 29.999000 0.048000
4594.688970 29.999000 0.039000
4600.657120 29.999000 0.044000
4720.511030 29.999000 0.045000
4724.495670 29.999000 0.070000
4730.489560 29.999000 0.077000
1921.829840 29.999000 0.048000
1925.819610 29.999000 0.058000
1926.862210 29.999000 0.048000
1935.764520 29.999000 0.045000
1937.832770 29.999000 0.043000
1946.778470 29.999000 0.059000
1948.806470 29.999000 0.050000
1950.773890 29.999000 0.081000
1953.788190 29.999000 0.047000
1968.744460 29.999000 0.048000
1977.779360 29.999000 0.056000
1984.765050 29.999000 0.067000
1996.741330 29.999000 0.065000
2000.723290 29.999000 0.065000
2027.664880 29.999000 0.061000
2031.668380 29.999000 0.063000
2037.690790 29.999000 0.052000
2040.640100 29.999000 0.076000
2443.555720 29.999000 0.040000
2456.516730 29.999000 0.041000
2468.495180 29.999000 0.041000
2470.490490 29.999000 0.046000
2481.465270 29.999000 0.050000
2503.515580 29.999000 0.052000
2529.495990 29.999000 0.070000
2663.820560 29.999000 0.038000
2670.848050 29.999000 0.037000
2679.794150 29.999000 0.050000
2686.846910 29.999000 0.034000
2690.808630 29.999000 0.037000
2693.885560 29.999000 0.038000
2699.762480 29.999000 0.041000
2701.781340 29.999000 0.036000
2703.786590 29.999000 0.033000
2711.748710 29.999000 0.040000
2727.749390 29.999000 0.034000
2731.845470 29.999000 0.040000
2734.692440 29.999000 0.033000
2742.668980 29.999000 0.036000
2743.814970 29.999000 0.034000
2757.643820 29.999000 0.033000
2766.806900 29.999000 0.042000
2776.806920 29.999000 0.039000
2791.762350 29.999000 0.036000
2804.741680 29.999000 0.045000
2810.594700 29.999000 0.035000
2811.741470 29.999000 0.035000
2830.548770 29.999000 0.037000
2833.642980 29.999000 0.049000
3030.869560 29.999000 0.044000
3034.835950 29.999000 0.036000
3064.812610 29.999000 0.039000
3070.841310 29.999000 0.036000
3476.810920 29.999000 0.056000
3491.813040 29.999000 0.059000
3509.685040 29.999000 0.045000
3727.859130 29.999000 0.041000
3737.855230 29.999000 0.056000
3983.504490 29.999000 0.062000
4289.563580 29.999000 0.048000
4585.758480 29.999000 0.043000
4828.861600 29.999000 0.056000
4966.650730 29.999000 0.053000
4968.700950 29.999000 0.050000
4984.607960 29.999000 0.047000
4991.617480 29.999000 0.045000
4994.682200 29.999000 0.044000
5021.610680 29.999000 0.055000
5023.613160 29.999000 0.049000
5047.502160 29.999000 0.065000
5049.548570 29.999000 0.065000
5071.485910 29.999000 0.061000
5075.542630 29.999000 0.064000
5084.518150 29.999000 0.065000
5087.488680 29.999000 0.064000
5090.484590 29.999000 0.053000
5093.484700 29.999000 0.057000
