2635.802260 12.644000 0.050000
2649.827170 11.790000 0.039000
2660.817750 11.605000 0.034000
3187.606730 13.752000 0.033000
3190.626990 13.156000 0.034000
3510.774510 12.064000 0.039000
2763.833430 29.999000 0.034000
2791.733740 29.999000 0.034000
2842.513090 29.999000 0.045000
2845.509360 29.999000 0.037000
2851.511660 29.999000 0.035000
2854.502750 29.999000 0.039000
2858.503770 29.999000 0.036000
2860.503670 29.999000 0.036000
2862.506790 29.999000 0.037000
2866.506550 29.999000 0.037000
2875.484930 29.999000 0.038000
2877.486050 29.999000 0.036000
2879.495560 29.999000 0.032000
2883.484840 29.999000 0.033000
3107.783200 29.999000 0.035000
3109.793660 29.999000 0.031000
3144.730360 29.999000 0.032000
3158.648910 29.999000 0.034000
3160.647770 29.999000 0.037000
3163.655740 29.999000 0.032000
3165.657140 29.999000 0.035000
3168.680790 29.999000 0.032000
3171.666050 29.999000 0.037000
3175.653520 29.999000 0.032000
3180.594580 29.999000 0.035000
3183.596520 29.999000 0.032000
3185.590390 29.999000 0.033000
3618.474850 29.999000 0.058000
3910.660590 29.999000 0.055000
3981.485600 29.999000 0.072000
4266.700420 29.999000 0.045000
1907.820180 13.897000 0.047000
1915.827890 14.410000 0.057000
2085.506490 12.724000 0.053000
2105.487750 11.764000 0.059000
2117.504110 11.854000 0.060000
2125.488280 11.952000 0.054000
2135.474440 12.082000 0.054000
2638.856920 12.419000 0.046000
2642.824060 12.243000 0.043000
2645.837690 12.030000 0.040000
2652.791850 11.602000 0.044000
2655.838910 11.608000 0.042000
2661.797450 11.540000 0.040000
2671.807400 11.631000 0.042000
2674.808210 11.716000 0.043000
2677.769310 11.766000 0.041000
2681.785470 11.848000 0.042000
2683.776050 11.893000 0.042000
2685.768800 11.917000 0.042000
2691.771350 12.079000 0.045000
2693.846260 12.110000 0.045000
2695.795260 12.134000 0.043000
2700.816340 12.209000 0.044000
2704.791520 12.300000 0.050000
2706.777510 12.434000 0.043000
2710.738840 12.667000 0.042000
2717.719750 12.797000 0.042000
2720.670460 12.781000 0.043000
2725.719980 13.113000 0.044000
2727.728090 13.169000 0.043000
2733.860140 13.411000 0.046000
2743.780840 13.978000 0.046000
2975.847960 12.444000 0.041000
2983.853250 12.808000 0.049000
2987.847500 12.996000 0.043000
2990.854310 13.236000 0.043000
2994.837770 13.514000 0.045000
3190.630210 13.236000 0.044000
3472.775640 13.928000 0.040000
3474.857690 13.620000 0.042000
3477.639440 13.454000 0.053000
3479.678450 13.172000 0.046000
3481.675090 12.893000 0.049000
3491.830690 12.306000 0.048000
3497.831420 12.205000 0.044000
3501.528560 12.206000 0.054000
3509.657720 12.103000 0.042000
3515.697580 12.098000 0.043000
3517.679960 12.087000 0.059000
3544.723650 12.690000 0.043000
3550.546270 12.888000 0.045000
3555.641360 13.147000 0.058000
3564.592670 13.379000 0.040000
3569.558380 13.676000 0.041000
3574.637570 13.976000 0.040000
3758.824320 13.152000 0.051000
3761.838940 12.960000 0.048000
3768.790990 13.005000 0.050000
3772.783660 12.185000 0.054000
3775.807740 12.044000 0.047000
3790.773820 11.808000 0.054000
3793.753610 11.673000 0.044000
3795.837710 11.823000 0.048000
3807.843090 11.821000 0.044000
3810.729380 11.801000 0.045000
3812.783250 11.947000 0.047000
3815.704440 11.991000 0.048000
3827.677980 12.334000 0.054000
3829.742780 12.405000 0.047000
3831.792230 12.474000 0.060000
3833.725980 12.498000 0.047000
3835.719010 12.705000 0.045000
3847.724670 13.223000 0.058000
3849.680760 13.167000 0.048000
3851.680330 13.309000 0.058000
3860.646680 13.749000 0.058000
3864.641330 13.924000 0.043000
4136.826520 13.649000 0.060000
4139.814020 14.055000 0.046000
4329.499040 12.197000 0.042000
4331.506230 12.075000 0.038000
4333.514260 11.827000 0.039000
4340.526120 11.430000 0.045000
4345.486590 11.328000 0.057000
4347.508810 11.276000 0.044000
4349.514120 11.242000 0.044000
4352.496640 11.243000 0.036000
4356.483480 11.275000 0.042000
4359.479070 11.231000 0.040000
4615.791700 13.154000 0.040000
4617.683810 13.210000 0.040000
4623.634070 12.980000 0.047000
4627.571520 12.932000 0.038000
4629.561880 12.861000 0.045000
4631.604300 12.881000 0.045000
4640.679750 12.556000 0.054000
4642.657010 12.622000 0.041000
4649.557950 12.743000 0.049000
4651.597070 12.668000 0.053000
4653.612120 12.775000 0.041000
4655.556530 12.828000 0.046000
4657.612530 12.773000 0.045000
4660.586340 12.848000 0.056000
4664.649720 13.256000 0.056000
4671.553700 13.254000 0.049000
4677.578850 13.270000 0.054000
4690.563070 13.946000 0.057000
4894.806090 12.768000 0.051000
4898.811680 12.912000 0.055000
4902.806500 12.265000 0.050000
4908.714250 12.061000 0.057000
4914.762900 11.951000 0.051000
4917.696210 11.829000 0.053000
4919.746760 11.779000 0.048000
4928.718450 11.764000 0.049000
4937.787670 11.875000 0.053000
4939.858220 11.937000 0.053000
4955.704050 12.376000 0.052000
4962.628220 12.692000 0.051000
4972.608940 13.111000 0.052000
1900.819860 13.426000 0.060000
1913.860320 14.134000 0.053000
1924.829480 14.501000 0.045000
2129.490940 12.085000 0.058000
2132.471670 12.080000 0.057000
2441.528100 13.374000 0.037000
2443.525320 13.420000 0.036000
2464.515350 14.003000 0.035000
2466.520510 14.196000 0.041000
2520.519390 14.893000 0.040000
2623.834440 14.007000 0.043000
2635.820440 12.606000 0.043000
2649.863570 11.827000 0.047000
2658.817650 11.556000 0.040000
2663.825800 11.579000 0.043000
2665.851950 11.606000 0.045000
2679.782800 11.823000 0.043000
2689.778550 12.007000 0.045000
2698.759230 12.153000 0.042000
2712.731940 12.571000 0.046000
2714.721150 12.643000 0.041000
2722.710880 13.055000 0.050000
2723.874100 12.951000 0.047000
2731.826530 13.425000 0.052000
2735.732160 13.543000 0.044000
2737.684820 13.693000 0.045000
2740.713800 13.748000 0.042000
2742.623260 13.724000 0.042000
2760.654110 14.294000 0.045000
2979.848280 12.689000 0.042000
2998.828640 13.956000 0.042000
3483.675980 12.955000 0.049000
3511.693020 12.057000 0.044000
3539.582030 12.359000 0.041000
3558.649120 13.330000 0.054000
3560.652200 13.387000 0.047000
3562.661320 13.414000 0.054000
3571.633560 13.666000 0.042000
3577.552140 14.168000 0.048000
3804.790390 11.804000 0.049000
3817.760760 12.000000 0.044000
3837.737770 12.727000 0.042000
3853.718340 13.311000 0.041000
3862.635020 13.891000 0.043000
3872.689470 14.414000 0.044000
3875.774060 14.184000 0.046000
4127.828610 13.320000 0.048000
4142.807950 14.284000 0.056000
4145.796010 14.187000 0.054000
4311.576870 13.970000 0.037000
4316.609780 13.975000 0.042000
4337.514980 11.589000 0.038000
4342.536020 11.434000 0.050000
4601.615990 14.603000 0.041000
4611.672470 13.752000 0.039000
4633.619960 12.836000 0.047000
4638.714310 12.674000 0.057000
4667.560620 13.129000 0.043000
4679.586630 13.498000 0.054000
4684.547980 13.772000 0.056000
4686.534040 13.962000 0.058000
4935.725460 11.814000 0.049000
4951.824790 12.332000 0.052000
4966.761770 12.814000 0.052000
1903.821820 13.592000 0.075000
2079.501620 13.427000 0.083000
2083.508460 12.922000 0.071000
2087.474590 12.548000 0.066000
2103.456550 11.772000 0.065000
2115.609530 11.907000 0.068000
3489.805490 12.447000 0.062000
3503.628790 12.202000 0.077000
3525.628210 12.196000 0.076000
3552.640090 12.887000 0.054000
3752.807880 13.843000 0.078000
3778.808470 11.971000 0.071000
3802.710430 11.728000 0.073000
3822.695040 12.192000 0.064000
4106.823810 12.207000 0.064000
4646.679010 12.609000 0.075000
4662.651190 12.866000 0.076000
4682.570800 13.470000 0.064000
4890.771560 13.153000 0.057000
4905.732670 12.225000 0.062000
4931.659770 11.739000 0.053000
4947.619310 12.172000 0.052000
4949.665540 12.021000 0.052000
4964.666830 13.312000 0.052000
4988.641940 13.924000 0.054000
1905.823670 14.356000 0.069000
2057.561470 15.556000 0.083000
2068.546360 14.727000 0.083000
2069.551220 14.527000 0.081000
2070.539450 14.759000 0.083000
2093.474860 12.010000 0.081000
2142.469600 12.218000 0.062000
2144.514190 12.284000 0.061000
3529.628870 12.583000 0.091000
3755.834630 13.383000 0.062000
3764.838820 12.615000 0.088000
3787.851960 11.767000 0.061000
3819.800920 12.190000 0.062000
3858.612230 13.576000 0.063000
4133.847040 13.545000 0.071000
4644.677350 12.580000 0.062000
1918.799850 29.999000 0.057000
1922.792550 29.999000 0.052000
1926.844590 29.999000 0.049000
1928.873460 29.999000 0.045000
1930.778980 29.999000 0.041000
1931.878830 29.999000 0.039000
1935.854700 29.999000 0.037000
1937.814850 29.999000 0.045000
1958.775130 29.999000 0.046000
1961.767040 29.999000 0.043000
1963.817170 29.999000 0.038000
1965.764230 29.999000 0.038000
1968.778380 29.999000 0.042000
1976.805010 29.999000 0.048000
1977.726100 29.999000 0.054000
1980.714910 29.999000 0.059000
1981.735710 29.999000 0.050000
1982.720310 29.999000 0.044000
1985.715810 29.999000 0.049000
2027.627820 29.999000 0.068000
2030.611990 29.999000 0.064000
2032.614580 29.999000 0.062000
2034.597720 29.999000 0.064000
2037.621150 29.999000 0.081000
2038.624410 29.999000 0.078000
2052.558150 29.999000 0.081000
2055.563650 29.999000 0.084000
2056.573090 29.999000 0.081000
2058.562370 29.999000 0.085000
2064.542710 29.999000 0.080000
2067.534910 29.999000 0.082000
2071.543700 29.999000 0.073000
2454.494950 29.999000 0.038000
2468.519400 29.999000 0.037000
2470.503470 29.999000 0.039000
2482.480740 29.999000 0.048000
2494.513800 29.999000 0.039000
2501.504300 29.999000 0.060000
2502.552340 29.999000 0.056000
2512.543640 29.999000 0.041000
2535.481520 29.999000 0.054000
2738.848260 29.999000 0.050000
2749.779940 29.999000 0.053000
2755.630260 29.999000 0.039000
2756.793330 29.999000 0.040000
2763.630460 29.999000 0.039000
2764.726650 29.999000 0.046000
2766.733450 29.999000 0.046000
2783.739200 29.999000 0.044000
2790.648060 29.999000 0.045000
2791.744250 29.999000 0.049000
2794.673800 29.999000 0.050000
2812.571100 29.999000 0.043000
2830.543250 29.999000 0.032000
2833.637480 29.999000 0.048000
2859.579270 29.999000 0.036000
2868.499600 29.999000 0.042000
2895.483910 29.999000 0.043000
3009.857660 29.999000 0.041000
3019.837620 29.999000 0.044000
3025.817850 29.999000 0.041000
3034.790160 29.999000 0.042000
3042.788450 29.999000 0.041000
3057.780030 29.999000 0.041000
3062.768380 29.999000 0.047000
3068.811580 29.999000 0.040000
3070.802020 29.999000 0.041000
3075.799970 29.999000 0.040000
3077.842850 29.999000 0.042000
3080.728940 29.999000 0.043000
3082.781790 29.999000 0.040000
3086.764870 29.999000 0.038000
3088.802320 29.999000 0.044000
3090.820750 29.999000 0.058000
3093.680910 29.999000 0.038000
3097.710370 29.999000 0.041000
3101.777630 29.999000 0.043000
3103.808950 29.999000 0.044000
3114.687150 29.999000 0.040000
3121.665310 29.999000 0.036000
3129.712980 29.999000 0.043000
3131.732000 29.999000 0.043000
3144.783250 29.999000 0.038000
3158.668190 29.999000 0.044000
3160.664760 29.999000 0.046000
3177.692640 29.999000 0.037000
3180.600300 29.999000 0.045000
3185.593580 29.999000 0.042000
3394.856010 29.999000 0.054000
3397.859880 29.999000 0.046000
3400.827640 29.999000 0.049000
3410.835490 29.999000 0.058000
3413.799420 29.999000 0.055000
3416.799270 29.999000 0.046000
3422.780010 29.999000 0.075000
3424.848480 29.999000 0.045000
3431.755390 29.999000 0.055000
3433.814390 29.999000 0.050000
3438.765890 29.999000 0.049000
3444.779660 29.999000 0.044000
3446.791030 29.999000 0.046000
3448.813660 29.999000 0.052000
3450.803780 29.999000 0.059000
3460.785480 29.999000 0.040000
3463.679430 29.999000 0.050000
3465.727540 29.999000 0.046000
3470.728600 29.999000 0.040000
3521.605110 29.999000 0.060000
3585.581680 29.999000 0.082000
3600.485210 29.999000 0.045000
3602.514440 29.999000 0.043000
3619.488280 29.999000 0.050000
3628.498680 29.999000 0.041000
3705.847020 29.999000 0.043000
3720.843950 29.999000 0.061000
3724.855090 29.999000 0.058000
3728.828200 29.999000 0.082000
3736.838180 29.999000 0.076000
3740.821940 29.999000 0.073000
3748.818840 29.999000 0.056000
3887.685120 29.999000 0.055000
3889.695530 29.999000 0.052000
3896.660060 29.999000 0.052000
3898.696000 29.999000 0.051000
3900.707680 29.999000 0.049000
3902.722600 29.999000 0.047000
3905.490740 29.999000 0.062000
3907.514890 29.999000 0.056000
3913.707780 29.999000 0.057000
4154.846840 29.999000 0.059000
4191.678850 29.999000 0.042000
4196.776290 29.999000 0.049000
4199.658990 29.999000 0.050000
4202.714030 29.999000 0.040000
4204.738520 29.999000 0.050000
4207.763050 29.999000 0.046000
4215.697300 29.999000 0.036000
4228.667220 29.999000 0.039000
4230.665670 29.999000 0.038000
4232.664970 29.999000 0.042000
4234.661940 29.999000 0.039000
4238.732070 29.999000 0.040000
4246.683970 29.999000 0.037000
4250.526620 29.999000 0.037000
4253.732370 29.999000 0.043000
4268.673210 29.999000 0.052000
4274.542950 29.999000 0.037000
4278.631380 29.999000 0.039000
4282.634760 29.999000 0.075000
4284.641470 29.999000 0.072000
4290.634650 29.999000 0.035000
4292.595670 29.999000 0.035000
4298.606450 29.999000 0.051000
4300.555730 29.999000 0.053000
4302.609540 29.999000 0.058000
4306.568260 29.999000 0.041000
4308.610600 29.999000 0.072000
4501.837630 29.999000 0.045000
4504.822380 29.999000 0.039000
4519.819770 29.999000 0.043000
4524.829890 29.999000 0.040000
4535.840520 29.999000 0.044000
4538.725170 29.999000 0.048000
4540.784870 29.999000 0.045000
4543.704640 29.999000 0.054000
4545.762240 29.999000 0.044000
4547.769180 29.999000 0.042000
4550.696150 29.999000 0.044000
4552.756420 29.999000 0.039000
4554.777960 29.999000 0.042000
4559.677540 29.999000 0.038000
4561.729390 29.999000 0.041000
4563.766100 29.999000 0.044000
4565.805490 29.999000 0.040000
4568.646130 29.999000 0.046000
4570.708080 29.999000 0.038000
4572.682300 29.999000 0.036000
4574.683130 29.999000 0.042000
4576.706690 29.999000 0.041000
4579.807680 29.999000 0.043000
4586.656190 29.999000 0.036000
4588.691670 29.999000 0.044000
4590.764120 29.999000 0.047000
4592.842190 29.999000 0.045000
4596.800980 29.999000 0.040000
4599.567960 29.999000 0.046000
4603.647810 29.999000 0.039000
4607.648220 29.999000 0.041000
4609.709040 29.999000 0.043000
4698.534610 29.999000 0.056000
4700.541460 29.999000 0.059000
4703.493000 29.999000 0.056000
4705.511350 29.999000 0.063000
4709.504050 29.999000 0.054000
4716.492660 29.999000 0.052000
4721.494990 29.999000 0.059000
4725.488550 29.999000 0.079000
4865.793660 29.999000 0.066000
1920.798560 29.999000 0.066000
1925.845560 29.999000 0.060000
1933.795150 29.999000 0.041000
1939.810700 29.999000 0.038000
1945.875950 29.999000 0.037000
1947.810480 29.999000 0.043000
1950.842670 29.999000 0.058000
1953.770300 29.999000 0.040000
1955.788600 29.999000 0.038000
1962.828570 29.999000 0.042000
1964.791390 29.999000 0.038000
1966.767580 29.999000 0.039000
1971.785060 29.999000 0.047000
1979.736720 29.999000 0.058000
1984.721130 29.999000 0.050000
1993.734470 29.999000 0.061000
1995.771770 29.999000 0.062000
1996.692050 29.999000 0.060000
1997.694140 29.999000 0.059000
1998.690460 29.999000 0.064000
2000.683210 29.999000 0.061000
2025.614090 29.999000 0.061000
2026.633690 29.999000 0.062000
2033.602360 29.999000 0.061000
2053.584220 29.999000 0.072000
2054.591990 29.999000 0.082000
2452.485410 29.999000 0.033000
2490.537930 29.999000 0.043000
2497.473800 29.999000 0.039000
2499.501460 29.999000 0.044000
2500.507320 29.999000 0.054000
2503.559260 29.999000 0.053000
2524.476270 29.999000 0.062000
2526.489180 29.999000 0.054000
2745.708480 29.999000 0.043000
2751.607470 29.999000 0.044000
2758.791110 29.999000 0.046000
2761.814660 29.999000 0.045000
2782.596320 29.999000 0.044000
2785.664400 29.999000 0.042000
2787.622640 29.999000 0.040000
2804.742970 29.999000 0.045000
2809.525230 29.999000 0.042000
2810.654500 29.999000 0.047000
2820.634890 29.999000 0.038000
2822.668650 29.999000 0.053000
2831.658550 29.999000 0.041000
2840.575650 29.999000 0.037000
2851.514580 29.999000 0.034000
2854.505660 29.999000 0.034000
2858.506670 29.999000 0.035000
2861.582890 29.999000 0.039000
2865.532170 29.999000 0.046000
2877.549300 29.999000 0.042000
2884.496520 29.999000 0.046000
2886.511860 29.999000 0.041000
3012.845610 29.999000 0.043000
3016.857220 29.999000 0.041000
3030.798560 29.999000 0.041000
3038.872320 29.999000 0.051000
3051.783380 29.999000 0.042000
3054.787360 29.999000 0.043000
3059.838570 29.999000 0.039000
3066.781860 29.999000 0.041000
3073.752240 29.999000 0.040000
3099.748890 29.999000 0.044000
3105.789640 29.999000 0.045000
3107.791200 29.999000 0.042000
3109.833110 29.999000 0.047000
3112.636980 29.999000 0.041000
3116.690990 29.999000 0.038000
3125.658090 29.999000 0.046000
3127.668000 29.999000 0.043000
3133.735020 29.999000 0.045000
3153.587980 29.999000 0.039000
3155.619570 29.999000 0.042000
3163.674410 29.999000 0.040000
3165.668610 29.999000 0.044000
3168.690820 29.999000 0.042000
3171.679620 29.999000 0.047000
3175.667180 29.999000 0.041000
3183.599750 29.999000 0.043000
3187.610740 29.999000 0.048000
3356.853440 29.999000 0.063000
3404.837140 29.999000 0.054000
3407.822360 29.999000 0.045000
3419.787800 29.999000 0.068000
3426.815570 29.999000 0.044000
3442.761860 29.999000 0.045000
3454.760200 29.999000 0.042000
3456.762730 29.999000 0.057000
3458.776140 29.999000 0.050000
3468.713380 29.999000 0.043000
3583.528870 29.999000 0.064000
3587.586230 29.999000 0.051000
3589.596920 29.999000 0.055000
3592.505020 29.999000 0.079000
3594.559950 29.999000 0.070000
3604.543410 29.999000 0.046000
3608.518740 29.999000 0.045000
3616.497110 29.999000 0.045000
3716.846320 29.999000 0.062000
3732.860850 29.999000 0.072000
3744.826600 29.999000 0.055000
3866.653570 29.999000 0.040000
3868.696040 29.999000 0.047000
3870.692100 29.999000 0.061000
3881.630320 29.999000 0.049000
3883.719640 29.999000 0.081000
3891.585330 29.999000 0.040000
3893.593530 29.999000 0.047000
3909.722980 29.999000 0.060000
3981.488530 29.999000 0.050000
4149.806190 29.999000 0.048000
4152.774150 29.999000 0.042000
4160.753370 29.999000 0.040000
4162.814280 29.999000 0.059000
4167.748800 29.999000 0.053000
4172.809990 29.999000 0.054000
4175.720380 29.999000 0.059000
4180.792310 29.999000 0.049000
4183.700290 29.999000 0.054000
4185.750190 29.999000 0.056000
4188.890800 29.999000 0.036000
4193.721060 29.999000 0.048000
4255.773670 29.999000 0.044000
4258.497110 29.999000 0.035000
4266.707620 29.999000 0.051000
4296.601850 29.999000 0.058000
4304.551350 29.999000 0.036000
4436.846840 29.999000 0.044000
4440.854050 29.999000 0.059000
4455.843410 29.999000 0.061000
4459.834410 29.999000 0.061000
4463.839790 29.999000 0.042000
4467.821590 29.999000 0.053000
4471.841520 29.999000 0.056000
4477.853680 29.999000 0.052000
4480.846740 29.999000 0.058000
4484.874100 29.999000 0.045000
4487.848230 29.999000 0.050000
4491.821380 29.999000 0.043000
4494.845300 29.999000 0.040000
4498.841430 29.999000 0.042000
4507.808920 29.999000 0.047000
4510.803020 29.999000 0.067000
4514.828830 29.999000 0.055000
4517.789350 29.999000 0.047000
4522.768500 29.999000 0.039000
4527.761810 29.999000 0.067000
4529.827530 29.999000 0.041000
4532.754100 29.999000 0.036000
4594.768650 29.999000 0.038000
4694.534600 29.999000 0.063000
4800.854840 29.999000 0.049000
4809.855640 29.999000 0.048000
4816.845610 29.999000 0.045000
4820.832340 29.999000 0.053000
4824.834590 29.999000 0.071000
4828.833010 29.999000 0.066000
4836.825920 29.999000 0.064000
4844.850180 29.999000 0.058000
4848.810360 29.999000 0.044000
4851.859450 29.999000 0.042000
4855.853620 29.999000 0.047000
4861.814460 29.999000 0.073000
4868.823710 29.999000 0.048000
4871.811870 29.999000 0.048000
4875.820440 29.999000 0.046000
4881.796080 29.999000 0.045000
4884.785910 29.999000 0.045000
4993.743120 29.999000 0.052000
5021.520610 29.999000 0.053000
5023.522970 29.999000 0.053000
5029.574820 29.999000 0.057000
5042.538240 29.999000 0.049000
5047.527330 29.999000 0.057000
5085.486390 29.999000 0.053000
