1899.852890 13.743000 0.062000
1904.805460 13.905000 0.068000
1906.800650 13.706000 0.066000
1908.792670 13.544000 0.066000
1913.823190 13.292000 0.065000
1915.781310 13.154000 0.070000
1918.741070 12.856000 0.072000
1919.859410 12.789000 0.066000
1921.760890 12.664000 0.066000
1922.873920 12.460000 0.064000
1924.812900 12.368000 0.067000
1926.809280 12.218000 0.066000
1928.821930 11.970000 0.065000
1929.836030 11.923000 0.064000
1932.810740 11.672000 0.063000
1933.861460 11.918000 0.064000
1935.833850 11.593000 0.062000
1937.753440 11.431000 0.063000
1939.727760 11.426000 0.063000
1945.806740 11.403000 0.067000
1947.740550 11.394000 0.065000
1948.782450 11.406000 0.066000
1953.736690 11.358000 0.066000
1955.749600 11.329000 0.064000
1958.731550 11.331000 0.069000
1961.723480 11.326000 0.067000
1963.720810 11.314000 0.067000
1964.722140 11.344000 0.066000
1965.719550 11.302000 0.067000
1966.725580 11.389000 0.067000
1967.707500 11.378000 0.068000
1968.711750 11.337000 0.070000
2025.566780 12.638000 0.069000
2027.584980 12.679000 0.075000
2033.565410 12.897000 0.074000
2034.563730 12.805000 0.072000
2082.470600 13.727000 0.076000
2085.491340 13.680000 0.071000
2087.491430 14.021000 0.076000
2094.462390 13.903000 0.070000
2103.505540 14.180000 0.072000
2106.478340 14.402000 0.073000
2130.483000 14.435000 0.073000
2441.496700 12.628000 0.063000
2443.494510 12.806000 0.062000
2445.505540 12.775000 0.062000
2466.461920 13.349000 0.065000
2468.529450 13.267000 0.065000
2499.467880 13.465000 0.069000
2698.803010 14.146000 0.060000
2700.794390 13.916000 0.060000
2704.750790 13.320000 0.062000
2706.720480 13.154000 0.060000
2712.668530 12.633000 0.062000
2714.662800 12.407000 0.062000
2717.670390 12.236000 0.061000
2721.698770 12.001000 0.063000
2722.820090 12.057000 0.061000
2725.882630 11.914000 0.063000
2727.712900 11.919000 0.060000
2733.713360 11.863000 0.062000
2734.782550 11.949000 0.063000
2736.649700 11.900000 0.062000
2738.631550 12.047000 0.062000
2739.829090 11.997000 0.064000
2741.681630 12.013000 0.061000
2742.830020 12.079000 0.061000
2744.662730 12.191000 0.062000
2747.737270 12.234000 0.060000
2750.774710 12.256000 0.059000
2754.774860 12.349000 0.062000
2756.723380 12.301000 0.060000
2759.666650 12.344000 0.060000
2760.753830 12.343000 0.066000
2764.680390 12.302000 0.060000
2775.704790 12.283000 0.062000
2783.551300 12.262000 0.065000
2785.553080 12.212000 0.061000
2786.650180 12.270000 0.062000
2791.702180 12.216000 0.059000
2809.572740 12.431000 0.064000
2811.566510 12.589000 0.061000
2812.646680 12.411000 0.059000
2819.600180 12.498000 0.061000
2821.609680 12.501000 0.061000
2826.587240 12.587000 0.061000
2831.604840 12.670000 0.060000
2838.554910 12.840000 0.059000
2855.533220 13.092000 0.058000
2867.480980 13.461000 0.060000
2875.486200 13.624000 0.066000
2878.475250 13.566000 0.057000
3073.677620 14.062000 0.059000
3075.729130 13.872000 0.060000
3085.793660 13.905000 0.060000
3087.795140 13.713000 0.062000
3092.676140 13.314000 0.061000
3096.665680 12.800000 0.059000
3098.677910 12.550000 0.060000
3102.706490 12.078000 0.058000
3104.719580 11.954000 0.061000
3106.719720 11.804000 0.057000
3108.721970 11.629000 0.059000
3112.744440 11.489000 0.059000
3114.776370 11.429000 0.059000
3116.822130 11.424000 0.059000
3121.681200 11.876000 0.058000
3125.660590 11.495000 0.059000
3127.670390 11.608000 0.062000
3129.715310 11.517000 0.060000
3131.734270 11.575000 0.059000
3133.737240 11.625000 0.060000
3145.556190 11.762000 0.056000
3153.689510 11.819000 0.058000
3156.568960 11.890000 0.059000
3159.580590 11.888000 0.062000
3162.593480 11.968000 0.058000
3164.616170 11.998000 0.057000
3167.614230 11.938000 0.059000
3169.647520 12.039000 0.060000
3176.640440 12.126000 0.059000
3179.540470 12.212000 0.059000
3182.608480 12.216000 0.058000
3184.580020 12.189000 0.058000
3187.524140 12.217000 0.056000
3190.557110 12.220000 0.059000
3470.735850 14.215000 0.058000
3497.777460 13.532000 0.059000
3501.497230 13.479000 0.059000
3503.560100 13.135000 0.062000
3506.595520 12.855000 0.058000
3509.637470 12.565000 0.058000
3511.683080 12.505000 0.063000
3515.712870 12.342000 0.062000
3517.701600 12.244000 0.067000
3538.597310 12.048000 0.058000
3540.629670 12.015000 0.063000
3547.569930 11.974000 0.065000
3561.515650 12.047000 0.065000
3563.527710 12.124000 0.063000
3570.559690 12.154000 0.067000
3574.549490 12.192000 0.063000
3577.533020 12.223000 0.064000
3585.492890 12.224000 0.063000
3587.517390 12.274000 0.061000
3593.481740 12.387000 0.065000
3601.488070 12.361000 0.063000
3608.473530 12.400000 0.064000
3718.817870 13.669000 0.062000
3852.690350 14.112000 0.072000
3861.608190 13.895000 0.060000
3863.602260 14.237000 0.070000
3865.617560 13.892000 0.070000
3882.620150 13.666000 0.071000
3886.668980 13.337000 0.075000
3890.639190 13.055000 0.061000
3894.650130 12.784000 0.060000
3898.519380 12.401000 0.063000
3902.585230 12.099000 0.061000
3904.608370 11.999000 0.068000
4103.845960 13.659000 0.067000
4292.560770 13.123000 0.058000
4294.569040 12.908000 0.058000
4296.563830 12.716000 0.067000
4298.568500 12.283000 0.059000
4300.520260 12.102000 0.069000
4303.551160 11.803000 0.065000
4305.537390 11.574000 0.064000
4307.563840 11.456000 0.071000
4311.517800 11.299000 0.060000
4317.511900 11.270000 0.071000
4331.482410 11.376000 0.060000
4340.473930 11.377000 0.060000
4430.843810 13.112000 0.065000
4438.843790 13.200000 0.065000
4442.835410 13.445000 0.067000
4460.802650 13.480000 0.063000
4464.796000 13.499000 0.063000
4700.470440 13.744000 0.066000
4794.852330 12.792000 0.059000
4809.844570 13.181000 0.061000
4819.847820 13.050000 0.059000
4822.848130 13.409000 0.057000
4826.808590 13.325000 0.066000
4830.805680 13.408000 0.062000
4837.827230 13.493000 0.060000
4863.781430 13.919000 0.062000
4866.809660 14.216000 0.063000
1870.842330 14.793000 0.087000
1872.846980 14.328000 0.082000
1925.808300 12.426000 0.066000
1931.732370 11.787000 0.079000
1949.814960 11.476000 0.072000
1950.731680 11.398000 0.080000
1962.750610 11.378000 0.072000
1971.726300 11.322000 0.070000
1977.683850 11.528000 0.079000
1981.709080 11.517000 0.074000
1982.676330 11.490000 0.072000
1984.681620 11.700000 0.076000
1985.671780 11.661000 0.076000
1993.670040 11.822000 0.082000
1994.656280 11.948000 0.083000
2026.588660 12.584000 0.083000
2030.558380 12.797000 0.081000
2031.575060 12.699000 0.081000
2032.573860 12.728000 0.084000
2038.568850 13.086000 0.087000
2053.532600 13.323000 0.086000
2055.489010 13.184000 0.093000
2056.530580 13.284000 0.087000
2057.519910 13.444000 0.087000
2059.486540 13.355000 0.088000
2062.503960 13.161000 0.084000
2068.485370 13.500000 0.087000
2070.474520 13.617000 0.080000
2079.465460 13.510000 0.086000
2096.490260 14.082000 0.073000
2453.463040 12.865000 0.071000
2460.469270 13.330000 0.070000
2489.490270 13.332000 0.077000
2710.682660 12.846000 0.063000
2757.815250 12.287000 0.066000
2790.498810 12.127000 0.071000
2804.575110 12.378000 0.063000
2843.549850 12.904000 0.068000
3477.631100 14.495000 0.093000
3523.618100 12.195000 0.082000
3529.639970 12.074000 0.083000
3543.598680 11.957000 0.075000
3590.507560 12.275000 0.078000
3702.847230 14.135000 0.078000
3850.680070 14.382000 0.093000
3892.618120 12.761000 0.073000
3900.549600 12.157000 0.084000
3906.624490 11.789000 0.079000
3908.618640 11.623000 0.078000
1876.836490 29.999000 0.076000
1878.828140 29.999000 0.073000
1884.834860 29.999000 0.074000
1886.811620 29.999000 0.076000
1888.815220 29.999000 0.086000
1902.820580 29.999000 0.070000
2116.487610 29.999000 0.065000
2250.809740 29.999000 0.074000
2456.472970 29.999000 0.071000
2476.478740 29.999000 0.073000
2483.461210 29.999000 0.070000
2506.465490 29.999000 0.077000
2622.803430 29.999000 0.062000
2625.809510 29.999000 0.063000
2628.814580 29.999000 0.050000
2635.777440 29.999000 0.066000
2638.814230 29.999000 0.063000
2641.828930 29.999000 0.064000
2644.825110 29.999000 0.064000
2649.809680 29.999000 0.054000
2651.804860 29.999000 0.062000
2659.807340 29.999000 0.062000
2661.822320 29.999000 0.061000
2663.815680 29.999000 0.061000
2665.821160 29.999000 0.062000
2667.839440 29.999000 0.060000
2670.780500 29.999000 0.061000
2672.831730 29.999000 0.063000
2674.821530 29.999000 0.061000
2676.779850 29.999000 0.061000
2678.768610 29.999000 0.060000
2680.764180 29.999000 0.062000
2684.718200 29.999000 0.062000
2686.746770 29.999000 0.063000
2690.744480 29.999000 0.063000
2692.803950 29.999000 0.065000
2694.735820 29.999000 0.061000
2696.766950 29.999000 0.060000
2962.852110 29.999000 0.060000
2971.847830 29.999000 0.059000
2975.826050 29.999000 0.060000
2978.840330 29.999000 0.062000
2982.819960 29.999000 0.064000
2986.813070 29.999000 0.061000
2989.834420 29.999000 0.057000
2992.833690 29.999000 0.062000
2995.833120 29.999000 0.059000
3003.819950 29.999000 0.058000
3007.770740 29.999000 0.058000
3010.818980 29.999000 0.058000
3013.817450 29.999000 0.061000
3017.782190 29.999000 0.059000
3025.774360 29.999000 0.060000
3029.853890 29.999000 0.064000
3032.787170 29.999000 0.061000
3035.775440 29.999000 0.061000
3039.857060 29.999000 0.062000
3042.769670 29.999000 0.063000
3045.748470 29.999000 0.060000
3049.703290 29.999000 0.058000
3052.734420 29.999000 0.061000
3062.829600 29.999000 0.064000
3066.705650 29.999000 0.061000
3068.743920 29.999000 0.060000
3070.753920 29.999000 0.059000
3079.752580 29.999000 0.060000
3081.791180 29.999000 0.066000
3090.628650 29.999000 0.068000
3355.822820 29.999000 0.075000
3389.824950 29.999000 0.065000
3396.756340 29.999000 0.062000
3399.777810 29.999000 0.063000
3402.804010 29.999000 0.068000
3405.765730 29.999000 0.065000
3408.752590 29.999000 0.075000
3411.750450 29.999000 0.065000
3414.734470 29.999000 0.060000
3416.810970 29.999000 0.065000
3419.727070 29.999000 0.067000
3421.775250 29.999000 0.079000
3425.772470 29.999000 0.074000
3431.781850 29.999000 0.063000
3438.718360 29.999000 0.067000
3442.697180 29.999000 0.057000
3446.723440 29.999000 0.060000
3455.679850 29.999000 0.067000
3457.679670 29.999000 0.067000
3459.677840 29.999000 0.062000
3461.690140 29.999000 0.059000
3463.752880 29.999000 0.063000
3465.791510 29.999000 0.058000
3468.719760 29.999000 0.072000
3472.781890 29.999000 0.069000
3475.587680 29.999000 0.069000
3479.627370 29.999000 0.070000
3481.627740 29.999000 0.061000
3483.649480 29.999000 0.070000
3486.772810 29.999000 0.064000
3489.782720 29.999000 0.063000
3491.773450 29.999000 0.067000
3706.839230 29.999000 0.069000
3714.816020 29.999000 0.081000
3722.819240 29.999000 0.059000
3726.810060 29.999000 0.060000
3730.846070 29.999000 0.083000
3734.815100 29.999000 0.071000
3741.848520 29.999000 0.069000
3744.845110 29.999000 0.067000
3748.783530 29.999000 0.071000
3751.816010 29.999000 0.063000
3754.813970 29.999000 0.063000
3757.809610 29.999000 0.073000
3760.794140 29.999000 0.066000
3766.832100 29.999000 0.065000
3769.788030 29.999000 0.092000
3772.773670 29.999000 0.063000
3775.753710 29.999000 0.062000
3778.749880 29.999000 0.085000
3780.802860 29.999000 0.062000
3783.842770 29.999000 0.062000
3788.780450 29.999000 0.062000
3791.721800 29.999000 0.089000
3793.760860 29.999000 0.066000
3795.813380 29.999000 0.070000
3798.698740 29.999000 0.093000
3800.751690 29.999000 0.071000
3803.688920 29.999000 0.075000
3805.726840 29.999000 0.074000
3808.718160 29.999000 0.064000
3810.789680 29.999000 0.068000
3813.650460 29.999000 0.074000
3815.699460 29.999000 0.064000
3817.708870 29.999000 0.068000
3819.763570 29.999000 0.065000
3822.636920 29.999000 0.087000
3824.693190 29.999000 0.059000
3826.702390 29.999000 0.059000
3828.735370 29.999000 0.067000
3831.601880 29.999000 0.061000
3833.655830 29.999000 0.071000
3835.669250 29.999000 0.069000
3837.705990 29.999000 0.064000
3848.662170 29.999000 0.069000
3856.738500 29.999000 0.062000
3867.660140 29.999000 0.063000
3869.668530 29.999000 0.061000
3871.657260 29.999000 0.063000
3874.740610 29.999000 0.061000
4089.814210 29.999000 0.086000
4106.842360 29.999000 0.066000
4126.789810 29.999000 0.060000
4129.775470 29.999000 0.065000
4132.775450 29.999000 0.094000
4135.763700 29.999000 0.071000
4137.802140 29.999000 0.077000
4139.859390 29.999000 0.059000
4142.749450 29.999000 0.060000
4145.734950 29.999000 0.065000
4151.689980 29.999000 0.076000
4153.779730 29.999000 0.063000
4155.829410 29.999000 0.074000
4158.711490 29.999000 0.076000
4160.757290 29.999000 0.056000
4162.749910 29.999000 0.062000
4164.762110 29.999000 0.068000
4167.722390 29.999000 0.080000
4172.782500 29.999000 0.068000
4175.656950 29.999000 0.076000
4177.776940 29.999000 0.064000
4180.686100 29.999000 0.061000
4182.712470 29.999000 0.069000
4184.734260 29.999000 0.065000
4187.834780 29.999000 0.061000
4190.626270 29.999000 0.060000
4192.666980 29.999000 0.063000
4194.700010 29.999000 0.058000
4197.693850 29.999000 0.060000
4200.649880 29.999000 0.058000
4203.655750 29.999000 0.065000
4205.662380 29.999000 0.069000
4208.729440 29.999000 0.067000
4213.722590 29.999000 0.061000
4216.709810 29.999000 0.068000
4227.618690 29.999000 0.059000
4229.626170 29.999000 0.065000
4231.634630 29.999000 0.072000
4233.633060 29.999000 0.058000
4235.631350 29.999000 0.081000
4237.647300 29.999000 0.065000
4246.566460 29.999000 0.066000
4249.565000 29.999000 0.060000
4253.622340 29.999000 0.067000
4255.656000 29.999000 0.058000
4257.653990 29.999000 0.060000
4273.610730 29.999000 0.058000
4276.540330 29.999000 0.059000
4278.589730 29.999000 0.060000
4282.590300 29.999000 0.064000
4284.600630 29.999000 0.062000
4290.596470 29.999000 0.057000
4448.822580 29.999000 0.073000
4452.822940 29.999000 0.073000
4456.812740 29.999000 0.072000
4467.828270 29.999000 0.069000
4470.820690 29.999000 0.063000
4474.856340 29.999000 0.066000
4478.782130 29.999000 0.061000
4481.851340 29.999000 0.068000
4485.826020 29.999000 0.064000
4488.800780 29.999000 0.060000
4491.813720 29.999000 0.061000
4494.773590 29.999000 0.060000
4498.788770 29.999000 0.063000
4501.781660 29.999000 0.063000
4504.763710 29.999000 0.057000
4507.750400 29.999000 0.062000
4510.737920 29.999000 0.063000
4516.752660 29.999000 0.066000
4518.779510 29.999000 0.064000
4520.847780 29.999000 0.062000
4523.708480 29.999000 0.058000
4525.763240 29.999000 0.067000
4528.689470 29.999000 0.063000
4530.760890 29.999000 0.060000
4536.730830 29.999000 0.059000
4538.770860 29.999000 0.058000
4540.822200 29.999000 0.065000
4542.731750 29.999000 0.066000
4546.752860 29.999000 0.078000
4548.748600 29.999000 0.061000
4551.688980 29.999000 0.058000
4553.721650 29.999000 0.060000
4555.748750 29.999000 0.070000
4557.823240 29.999000 0.059000
4560.605700 29.999000 0.058000
4562.656570 29.999000 0.062000
4564.723050 29.999000 0.057000
4566.740690 29.999000 0.062000
4570.818560 29.999000 0.065000
4572.660740 29.999000 0.060000
4574.669230 29.999000 0.062000
4576.698330 29.999000 0.066000
4579.805060 29.999000 0.063000
4583.569370 29.999000 0.061000
4586.594940 29.999000 0.060000
4588.653050 29.999000 0.067000
4590.721960 29.999000 0.066000
4592.711970 29.999000 0.079000
4594.720670 29.999000 0.060000
4596.730570 29.999000 0.058000
4599.544820 29.999000 0.061000
4601.588380 29.999000 0.062000
4603.638150 29.999000 0.063000
4607.639600 29.999000 0.060000
4609.705600 29.999000 0.070000
4611.668970 29.999000 0.070000
4616.680660 29.999000 0.062000
4618.694870 29.999000 0.073000
4622.651520 29.999000 0.062000
4627.530260 29.999000 0.076000
4629.539780 29.999000 0.064000
4631.584550 29.999000 0.059000
4633.603420 29.999000 0.067000
4639.641100 29.999000 0.062000
4642.533070 29.999000 0.065000
4644.542600 29.999000 0.070000
4646.542980 29.999000 0.081000
4648.606820 29.999000 0.073000
4651.521930 29.999000 0.077000
4653.527580 29.999000 0.066000
4655.510620 29.999000 0.058000
4657.559190 29.999000 0.080000
4659.600500 29.999000 0.059000
4663.498890 29.999000 0.087000
4666.515160 29.999000 0.067000
4670.511620 29.999000 0.061000
4672.544670 29.999000 0.074000
4677.487460 29.999000 0.076000
4679.511370 29.999000 0.073000
4682.498590 29.999000 0.081000
4684.504620 29.999000 0.084000
4686.506210 29.999000 0.080000
4703.471200 29.999000 0.068000
4805.851270 29.999000 0.065000
4814.833530 29.999000 0.061000
4834.796000 29.999000 0.067000
4845.840040 29.999000 0.067000
4848.824860 29.999000 0.062000
4851.846830 29.999000 0.064000
4855.825420 29.999000 0.062000
4860.826900 29.999000 0.060000
4869.789150 29.999000 0.067000
4872.755590 29.999000 0.062000
4875.830660 29.999000 0.066000
4881.730100 29.999000 0.066000
4884.724650 29.999000 0.058000
4892.804410 29.999000 0.084000
4904.693540 29.999000 0.065000
4906.739850 29.999000 0.069000
4918.622430 29.999000 0.070000
4920.805750 29.999000 0.080000
4926.731850 29.999000 0.064000
4929.771850 29.999000 0.068000
4946.718530 29.999000 0.084000
4948.795060 29.999000 0.087000
4962.633710 29.999000 0.068000
4969.670350 29.999000 0.062000
4972.709710 29.999000 0.064000
4985.544060 29.999000 0.064000
4989.652540 29.999000 0.066000
4991.663730 29.999000 0.065000
5015.590050 29.999000 0.070000
5021.570780 29.999000 0.071000
5023.572620 29.999000 0.068000
5037.538850 29.999000 0.073000
5039.531750 29.999000 0.072000
5041.538450 29.999000 0.067000
2454.523500 13.071000 0.036000
2719.801560 12.113000 0.037000
2724.726770 11.996000 0.033000
4090.825010 14.033000 0.074000
4107.833920 14.034000 0.036000
4229.631900 14.584000 0.051000
4438.848470 13.496000 0.044000
4442.845590 13.425000 0.039000
4453.837860 13.696000 0.052000
4457.835890 13.535000 0.063000
4468.815910 13.908000 0.053000
4498.825560 14.270000 0.047000
4701.487710 13.493000 0.037000
4704.480480 13.571000 0.076000
4708.483570 13.166000 0.069000
4711.476300 12.954000 0.047000
4802.841970 12.982000 0.042000
4807.848630 12.929000 0.050000
4815.837290 12.964000 0.060000
4824.819080 13.319000 0.060000
4836.808730 13.811000 0.043000
4839.839330 13.846000 0.055000
4842.832760 13.774000 0.047000
4846.797260 13.792000 0.041000
4852.840640 14.017000 0.037000
4856.828640 14.113000 0.040000
4863.840650 14.133000 0.048000
4869.806680 13.710000 0.051000
4875.842670 13.925000 0.041000
4828.812950 13.615000 0.069000
2622.839920 29.999000 0.033000
3053.814130 29.999000 0.040000
3358.844630 29.999000 0.076000
3449.770840 29.999000 0.093000
3452.667290 29.999000 0.054000
3765.805120 29.999000 0.059000
4104.801360 29.999000 0.053000
4126.827110 29.999000 0.040000
4129.824400 29.999000 0.038000
4132.812100 29.999000 0.066000
4135.794990 29.999000 0.064000
4141.775080 29.999000 0.043000
4143.878710 29.999000 0.044000
4150.779460 29.999000 0.047000
4152.831240 29.999000 0.036000
4155.738490 29.999000 0.092000
4158.735140 29.999000 0.053000
4160.786450 29.999000 0.035000
4162.782230 29.999000 0.042000
4164.789270 29.999000 0.043000
4167.732190 29.999000 0.042000
4172.788840 29.999000 0.046000
4175.687430 29.999000 0.039000
4177.802250 29.999000 0.049000
4180.720520 29.999000 0.046000
4182.812250 29.999000 0.046000
4185.667300 29.999000 0.038000
4188.734700 29.999000 0.033000
4190.738670 29.999000 0.034000
4192.728130 29.999000 0.036000
4197.756160 29.999000 0.048000
4200.695250 29.999000 0.033000
4203.694840 29.999000 0.038000
4205.700350 29.999000 0.042000
4213.728180 29.999000 0.066000
4216.718560 29.999000 0.055000
4227.624410 29.999000 0.042000
4231.640400 29.999000 0.055000
4461.823760 29.999000 0.044000
4480.835960 29.999000 0.073000
4484.841080 29.999000 0.043000
4487.827300 29.999000 0.042000
4491.789720 29.999000 0.043000
4494.820260 29.999000 0.038000
4504.793960 29.999000 0.049000
4507.779780 29.999000 0.043000
4510.771920 29.999000 0.040000
4517.744900 29.999000 0.039000
4519.782390 29.999000 0.069000
4522.734240 29.999000 0.035000
4524.788750 29.999000 0.038000
4526.849950 29.999000 0.041000
4529.720690 29.999000 0.041000
4531.770790 29.999000 0.046000
4535.722830 29.999000 0.041000
4537.757350 29.999000 0.041000
4539.813650 29.999000 0.072000
4541.778730 29.999000 0.041000
4543.819810 29.999000 0.046000
4545.744350 29.999000 0.051000
4547.761470 29.999000 0.047000
4550.657740 29.999000 0.054000
4552.736690 29.999000 0.045000
4554.764410 29.999000 0.038000
4559.645700 29.999000 0.041000
4561.688980 29.999000 0.035000
4563.727290 29.999000 0.041000
4565.776570 29.999000 0.036000
4567.833550 29.999000 0.040000
4570.618850 29.999000 0.036000
4572.644200 29.999000 0.042000
4574.660240 29.999000 0.038000
4588.673280 29.999000 0.039000
4593.558740 29.999000 0.036000
4595.596160 29.999000 0.035000
4597.587610 29.999000 0.047000
4599.612430 29.999000 0.042000
4601.618400 29.999000 0.050000
4607.669500 29.999000 0.049000
4610.552120 29.999000 0.060000
4612.600420 29.999000 0.041000
4616.733200 29.999000 0.039000
4629.543890 29.999000 0.045000
4639.644460 29.999000 0.046000
4641.669370 29.999000 0.038000
4643.666280 29.999000 0.051000
4645.671970 29.999000 0.059000
4648.542070 29.999000 0.093000
4652.638110 29.999000 0.051000
4654.607190 29.999000 0.046000
4656.588620 29.999000 0.052000
4659.576180 29.999000 0.033000
4662.588770 29.999000 0.074000
4664.598050 29.999000 0.049000
4667.537620 29.999000 0.032000
4671.531430 29.999000 0.039000
4677.554270 29.999000 0.041000
4679.563870 29.999000 0.053000
4682.544130 29.999000 0.064000
4684.541440 29.999000 0.062000
4686.523750 29.999000 0.067000
4691.532720 29.999000 0.065000
4698.528260 29.999000 0.056000
4820.818440 29.999000 0.047000
4849.826970 29.999000 0.039000
4860.860910 29.999000 0.044000
4866.854730 29.999000 0.042000
4872.778780 29.999000 0.038000
4881.758300 29.999000 0.045000
4884.744740 29.999000 0.039000
4887.780560 29.999000 0.052000
4890.737600 29.999000 0.066000
4894.742810 29.999000 0.051000
4904.707430 29.999000 0.054000
4906.761380 29.999000 0.051000
4918.659560 29.999000 0.042000
4926.745780 29.999000 0.052000
4937.612340 29.999000 0.054000
4946.725540 29.999000 0.069000
4948.801350 29.999000 0.058000
4960.616820 29.999000 0.054000
4967.669210 29.999000 0.046000
4969.682620 29.999000 0.042000
4985.550930 29.999000 0.076000
5013.577760 29.999000 0.049000
5015.593310 29.999000 0.062000
5021.573990 29.999000 0.048000
5023.575930 29.999000 0.049000
5037.545400 29.999000 0.058000
5039.534960 29.999000 0.057000
5041.541660 29.999000 0.051000
5048.548950 29.999000 0.047000
5064.497150 29.999000 0.072000
1954.752790 11.379000 0.048000
2222.859330 29.999000 0.057000
2227.847350 29.999000 0.062000
2229.856800 29.999000 0.056000
2233.841850 29.999000 0.050000
2235.850190 29.999000 0.058000
2237.847770 29.999000 0.051000
2240.830310 29.999000 0.050000
2244.830580 29.999000 0.060000
2248.803500 29.999000 0.054000
2250.819340 29.999000 0.062000
2252.811950 29.999000 0.059000
2255.820890 29.999000 0.058000
2257.820470 29.999000 0.059000
3389.831250 29.999000 0.051000
3448.710850 29.999000 0.051000
3450.700370 29.999000 0.067000
3453.641220 29.999000 0.086000
1954.760160 11.398000 0.043000
2054.545370 13.222000 0.074000
1880.843240 29.999000 0.064000
2247.861200 29.999000 0.071000
2249.839470 29.999000 0.053000
2251.832660 29.999000 0.063000
2255.843340 29.999000 0.058000
2257.833470 29.999000 0.067000
3363.834870 29.999000 0.079000
3387.794220 29.999000 0.056000
3390.817220 29.999000 0.059000
3400.794680 29.999000 0.050000
