3506.866170 12.035000 0.041000
3509.856670 11.831000 0.043000
3512.799520 11.792000 0.044000
3824.900220 13.491000 0.045000
4246.776180 13.492000 0.046000
4256.821520 12.322000 0.050000
4276.731680 11.603000 0.057000
4290.743400 12.031000 0.048000
4292.733020 12.062000 0.052000
4547.901870 11.967000 0.045000
4551.899630 11.947000 0.044000
4558.884220 12.327000 0.043000
4562.894270 12.586000 0.057000
4566.898140 12.923000 0.040000
4570.883760 13.126000 0.041000
4574.856020 13.403000 0.048000
5014.744270 12.217000 0.048000
2040.757780 12.072000 0.074000
3808.907370 12.557000 0.044000
4253.891280 12.652000 0.057000
5022.731040 12.033000 0.056000
5024.735350 12.118000 0.054000
5035.715670 12.350000 0.065000
5040.666820 12.656000 0.057000
2185.558440 29.999000 0.064000
2188.537750 29.999000 0.073000
2194.503890 29.999000 0.074000
2197.516230 29.999000 0.067000
2201.499590 29.999000 0.073000
2207.510850 29.999000 0.075000
3453.894350 29.999000 0.052000
3468.878250 29.999000 0.046000
3487.896620 29.999000 0.047000
3496.887690 29.999000 0.059000
3820.910320 29.999000 0.040000
3861.902110 29.999000 0.058000
3871.836620 29.999000 0.081000
3886.828970 29.999000 0.045000
3889.781080 29.999000 0.039000
3891.813180 29.999000 0.041000
3893.810010 29.999000 0.042000
3896.803180 29.999000 0.052000
4180.903430 29.999000 0.047000
4190.901020 29.999000 0.048000
4194.876990 29.999000 0.047000
4204.875160 29.999000 0.045000
4216.896500 29.999000 0.045000
4229.893310 29.999000 0.049000
4234.879460 29.999000 0.061000
4298.728460 29.999000 0.059000
4304.684990 29.999000 0.041000
4585.921630 29.999000 0.045000
4588.872260 29.999000 0.049000
4594.863660 29.999000 0.041000
4597.843300 29.999000 0.043000
4602.852700 29.999000 0.047000
4606.856510 29.999000 0.050000
4609.817790 29.999000 0.044000
4617.819120 29.999000 0.046000
4623.849580 29.999000 0.045000
4626.719190 29.999000 0.060000
4630.742260 29.999000 0.042000
4632.743720 29.999000 0.045000
4641.780390 29.999000 0.049000
4643.771210 29.999000 0.056000
4645.815170 29.999000 0.046000
4648.705290 29.999000 0.060000
4652.764940 29.999000 0.042000
4654.752850 29.999000 0.045000
4656.720370 29.999000 0.074000
4660.678060 29.999000 0.044000
4666.776870 29.999000 0.044000
4670.691940 29.999000 0.057000
4672.715730 29.999000 0.039000
4681.663350 29.999000 0.051000
4683.662830 29.999000 0.042000
4685.643920 29.999000 0.056000
4687.641120 29.999000 0.065000
4701.694470 29.999000 0.049000
4703.699290 29.999000 0.050000
4934.884440 29.999000 0.051000
4941.874620 29.999000 0.051000
4945.871000 29.999000 0.050000
4949.851710 29.999000 0.051000
4952.863950 29.999000 0.048000
4955.835140 29.999000 0.047000
4962.843740 29.999000 0.047000
4967.880050 29.999000 0.054000
4984.818650 29.999000 0.068000
4990.803180 29.999000 0.047000
2544.571310 12.070000 0.047000
2468.689820 29.999000 0.042000
2490.642990 29.999000 0.047000
2727.880680 29.999000 0.038000
2947.568510 29.999000 0.040000
2025.828120 11.361000 0.049000
2031.855990 11.613000 0.049000
2052.788920 12.623000 0.046000
2053.802540 12.671000 0.053000
2054.794440 12.774000 0.064000
2055.785250 12.756000 0.059000
2056.786460 12.762000 0.051000
2057.780590 12.760000 0.050000
2058.781490 12.972000 0.058000
2061.796140 13.059000 0.064000
2065.754710 13.234000 0.051000
2080.680110 13.972000 0.063000
2082.742590 14.131000 0.056000
2086.720450 14.074000 0.053000
2087.708380 14.638000 0.055000
2088.714200 14.419000 0.063000
2093.642590 14.810000 0.065000
2497.611370 13.352000 0.047000
2498.608570 13.187000 0.043000
2499.597620 13.171000 0.046000
2501.596910 12.867000 0.046000
2503.601620 12.762000 0.046000
2543.634240 12.065000 0.046000
2545.606030 12.161000 0.042000
2562.495330 12.821000 0.035000
2563.556020 12.955000 0.038000
2566.520340 12.979000 0.048000
2740.846950 13.949000 0.033000
2743.852250 13.534000 0.034000
2747.905170 13.053000 0.037000
2754.865010 12.450000 0.033000
2756.892060 12.427000 0.037000
2758.884880 12.269000 0.029000
2760.882180 12.084000 0.038000
2764.838270 11.889000 0.032000
2765.811790 11.863000 0.031000
2782.862180 11.914000 0.034000
2790.806570 12.273000 0.037000
2802.827940 12.678000 0.046000
2804.728570 12.987000 0.035000
2808.806950 13.217000 0.045000
2812.713120 13.540000 0.032000
2815.834430 13.507000 0.036000
2819.762840 13.516000 0.036000
2821.736230 13.921000 0.033000
2830.680600 14.257000 0.034000
3076.905630 13.929000 0.044000
3266.683250 12.246000 0.039000
3268.671960 12.256000 0.044000
3273.518400 12.083000 0.054000
3275.635640 12.222000 0.050000
3278.555460 12.124000 0.046000
3280.583350 12.150000 0.048000
3296.593960 12.454000 0.058000
3500.851000 12.793000 0.041000
3503.845530 12.319000 0.038000
3506.868830 11.965000 0.042000
3509.881550 11.841000 0.037000
3522.745830 11.721000 0.043000
3524.819980 11.799000 0.042000
3530.768960 11.925000 0.069000
3550.764610 12.671000 0.044000
3553.724750 12.881000 0.043000
3555.845220 12.907000 0.050000
3559.693830 13.156000 0.038000
3563.785140 13.480000 0.054000
3568.861350 13.757000 0.038000
3570.690440 13.493000 0.052000
3575.740690 14.177000 0.051000
3577.765360 14.477000 0.041000
3582.797410 14.196000 0.070000
3587.611050 14.912000 0.046000
3806.899020 12.647000 0.043000
3811.904540 12.810000 0.038000
3815.901500 12.936000 0.042000
3820.907910 13.004000 0.035000
3828.885100 13.686000 0.059000
3832.869110 13.581000 0.035000
4258.741170 12.425000 0.042000
4269.812850 11.714000 0.045000
4273.749210 11.622000 0.040000
4276.736820 11.617000 0.050000
4278.722850 11.655000 0.033000
4286.746530 11.967000 0.052000
4290.741240 11.945000 0.043000
4298.742010 12.455000 0.052000
4302.733100 12.661000 0.046000
4304.664700 12.707000 0.048000
4306.671640 12.605000 0.041000
4311.737880 12.781000 0.054000
4317.616240 13.520000 0.037000
4331.610710 13.866000 0.050000
4541.898770 11.674000 0.035000
4545.899010 11.835000 0.042000
4566.880410 12.726000 0.042000
4570.873360 13.058000 0.037000
4573.911170 13.134000 0.040000
4754.586780 13.710000 0.057000
4760.537620 13.108000 0.042000
4763.536250 12.646000 0.036000
4766.522050 12.442000 0.049000
4769.518840 12.138000 0.052000
4779.542220 11.857000 0.041000
4784.508200 11.939000 0.061000
4787.515480 11.946000 0.065000
5006.786000 13.085000 0.054000
5014.746960 12.231000 0.048000
5031.698480 12.265000 0.043000
4292.725640 12.240000 0.043000
4314.784490 13.091000 0.046000
4757.543390 13.184000 0.054000
1996.882520 11.491000 0.058000
2037.808730 11.836000 0.068000
2039.780780 11.894000 0.066000
2540.556210 12.059000 0.063000
2552.600430 12.617000 0.054000
3294.555740 12.437000 0.076000
3537.788370 12.138000 0.057000
3561.734590 13.409000 0.081000
3584.802190 14.079000 0.060000
4253.794850 12.689000 0.060000
4284.748170 11.815000 0.073000
4300.694570 12.286000 0.071000
5012.798650 12.455000 0.061000
5017.721500 11.969000 0.050000
5022.728750 12.070000 0.052000
5024.733070 12.259000 0.060000
5040.669560 12.469000 0.056000
5042.659690 12.379000 0.044000
5067.652790 13.576000 0.056000
5071.655350 13.621000 0.045000
1981.890640 29.999000 0.054000
1984.893280 29.999000 0.056000
2000.876860 29.999000 0.055000
2102.667310 29.999000 0.056000
2115.660010 29.999000 0.047000
2116.638430 29.999000 0.046000
2128.599660 29.999000 0.047000
2135.601740 29.999000 0.037000
2136.601250 29.999000 0.050000
2143.585400 29.999000 0.048000
2444.726250 29.999000 0.041000
2446.735710 29.999000 0.050000
2464.687020 29.999000 0.047000
2465.688530 29.999000 0.047000
2466.674550 29.999000 0.047000
2467.678330 29.999000 0.048000
2470.636350 29.999000 0.045000
2474.677600 29.999000 0.048000
2486.633540 29.999000 0.054000
2491.629490 29.999000 0.065000
2495.618610 29.999000 0.049000
2710.901160 29.999000 0.032000
2730.874090 29.999000 0.033000
2734.852630 29.999000 0.036000
2737.857450 29.999000 0.032000
2835.721500 29.999000 0.033000
2838.712500 29.999000 0.031000
2872.610560 29.999000 0.036000
2875.631900 29.999000 0.034000
2877.620040 29.999000 0.038000
2892.561100 29.999000 0.038000
2893.662180 29.999000 0.032000
2917.517070 29.999000 0.034000
2921.516390 29.999000 0.037000
2928.536430 29.999000 0.035000
2930.544770 29.999000 0.034000
2945.508750 29.999000 0.037000
2947.565380 29.999000 0.039000
2953.532700 29.999000 0.045000
2956.527790 29.999000 0.041000
2958.531660 29.999000 0.030000
2961.508500 29.999000 0.036000
2964.509780 29.999000 0.036000
3089.898520 29.999000 0.050000
3098.879580 29.999000 0.035000
3105.885810 29.999000 0.041000
3118.902420 29.999000 0.042000
3146.794110 29.999000 0.033000
3152.902830 29.999000 0.040000
3157.903460 29.999000 0.037000
3172.777290 29.999000 0.046000
3176.741460 29.999000 0.034000
3182.732350 29.999000 0.033000
3190.743790 29.999000 0.038000
3446.901400 29.999000 0.039000
3454.886560 29.999000 0.050000
3480.890080 29.999000 0.052000
3491.914850 29.999000 0.061000
3573.730180 29.999000 0.039000
3589.654090 29.999000 0.055000
3603.626950 29.999000 0.047000
3606.631000 29.999000 0.045000
3618.694150 29.999000 0.056000
3620.671790 29.999000 0.066000
3624.572620 29.999000 0.045000
3630.650180 29.999000 0.055000
3635.565390 29.999000 0.069000
3644.535090 29.999000 0.079000
3647.645990 29.999000 0.037000
3650.518130 29.999000 0.041000
3656.505670 29.999000 0.071000
3660.592950 29.999000 0.055000
3663.517200 29.999000 0.037000
3669.544140 29.999000 0.035000
3671.574570 29.999000 0.035000
3824.897870 29.999000 0.039000
3836.870240 29.999000 0.043000
3849.859710 29.999000 0.042000
3855.867310 29.999000 0.040000
3858.854230 29.999000 0.053000
3861.842690 29.999000 0.042000
3863.867870 29.999000 0.045000
3865.886040 29.999000 0.036000
3867.857190 29.999000 0.039000
3869.830050 29.999000 0.040000
3871.810660 29.999000 0.069000
3875.829820 29.999000 0.041000
3882.808440 29.999000 0.048000
3886.837000 29.999000 0.047000
3889.778820 29.999000 0.042000
3891.802490 29.999000 0.045000
3901.798600 29.999000 0.056000
3903.809530 29.999000 0.051000
3905.840490 29.999000 0.077000
3908.737170 29.999000 0.039000
4208.910250 29.999000 0.067000
1998.874660 29.999000 0.058000
2017.871780 29.999000 0.069000
2083.720660 29.999000 0.061000
2103.680340 29.999000 0.051000
2104.682710 29.999000 0.047000
2105.667320 29.999000 0.054000
2117.638740 29.999000 0.048000
2129.616580 29.999000 0.050000
2130.612200 29.999000 0.052000
2131.607060 29.999000 0.051000
2132.610630 29.999000 0.044000
2133.607040 29.999000 0.050000
2140.588080 29.999000 0.057000
2141.590640 29.999000 0.045000
2144.578650 29.999000 0.043000
2145.571930 29.999000 0.043000
2443.733270 29.999000 0.043000
2445.719490 29.999000 0.040000
2473.651120 29.999000 0.047000
2481.628380 29.999000 0.059000
2482.653710 29.999000 0.054000
2493.618240 29.999000 0.049000
2494.616950 29.999000 0.061000
2578.523440 29.999000 0.038000
2707.897440 29.999000 0.036000
2826.784710 29.999000 0.047000
2832.647640 29.999000 0.033000
2851.672670 29.999000 0.031000
2853.793880 29.999000 0.035000
2858.725980 29.999000 0.035000
2867.584300 29.999000 0.034000
2879.620730 29.999000 0.030000
2884.608970 29.999000 0.039000
2885.643790 29.999000 0.031000
2895.636410 29.999000 0.034000
2897.647910 29.999000 0.037000
2906.661780 29.999000 0.030000
2909.656980 29.999000 0.033000
2911.617510 29.999000 0.035000
2923.525780 29.999000 0.033000
2926.530880 29.999000 0.032000
2932.545540 29.999000 0.037000
2934.541060 29.999000 0.038000
2939.547070 29.999000 0.043000
2950.548730 29.999000 0.036000
3109.880170 29.999000 0.039000
3113.868620 29.999000 0.037000
3125.870480 29.999000 0.035000
3142.816510 29.999000 0.045000
3154.803070 29.999000 0.031000
3163.821130 29.999000 0.034000
3169.745400 29.999000 0.044000
3179.727550 29.999000 0.035000
3458.884570 29.999000 0.037000
3465.880320 29.999000 0.039000
3469.878170 29.999000 0.040000
3473.873330 29.999000 0.055000
3477.866320 29.999000 0.043000
3483.899120 29.999000 0.045000
3591.711090 29.999000 0.042000
3594.592740 29.999000 0.059000
3597.638260 29.999000 0.046000
3601.623320 29.999000 0.070000
3616.582560 29.999000 0.043000
3628.573040 29.999000 0.037000
3632.652500 29.999000 0.040000
3641.623020 29.999000 0.040000
3658.575370 29.999000 0.055000
3665.554490 29.999000 0.082000
3674.557830 29.999000 0.053000
3677.541620 29.999000 0.062000
3852.877370 29.999000 0.036000
3893.812830 29.999000 0.038000
3912.761010 29.999000 0.059000
4190.888000 29.999000 0.039000
4203.915780 29.999000 0.041000
4296.733330 29.999000 0.060000
4329.620830 29.999000 0.051000
4333.579010 29.999000 0.033000
4334.772790 29.999000 0.048000
4339.598940 29.999000 0.052000
4341.598980 29.999000 0.052000
4343.605970 29.999000 0.063000
4345.611900 29.999000 0.060000
4347.613420 29.999000 0.054000
4349.612350 29.999000 0.061000
4351.611840 29.999000 0.060000
4353.693770 29.999000 0.050000
4356.531330 29.999000 0.035000
4358.541710 29.999000 0.040000
4362.572370 29.999000 0.039000
4367.524420 29.999000 0.049000
4369.572230 29.999000 0.044000
4371.590260 29.999000 0.041000
4373.602570 29.999000 0.055000
4376.593820 29.999000 0.037000
4378.609100 29.999000 0.061000
4380.639360 29.999000 0.045000
4383.568470 29.999000 0.035000
4385.609120 29.999000 0.036000
4387.618890 29.999000 0.049000
4389.580360 29.999000 0.041000
4403.531470 29.999000 0.054000
4407.532410 29.999000 0.057000
4410.549940 29.999000 0.068000
4576.893320 29.999000 0.040000
4588.863800 29.999000 0.037000
4591.861420 29.999000 0.040000
4602.856190 29.999000 0.060000
4606.862050 29.999000 0.063000
4616.849810 29.999000 0.045000
4623.776130 29.999000 0.040000
4627.795480 29.999000 0.039000
4633.774030 29.999000 0.043000
4639.838200 29.999000 0.035000
4644.707720 29.999000 0.040000
4648.813760 29.999000 0.044000
4651.688990 29.999000 0.040000
4657.756930 29.999000 0.060000
4661.641660 29.999000 0.042000
4663.698000 29.999000 0.065000
4667.699080 29.999000 0.037000
4672.772820 29.999000 0.045000
4675.779620 29.999000 0.038000
4678.796150 29.999000 0.059000
4681.708300 29.999000 0.041000
4683.759710 29.999000 0.047000
4685.678700 29.999000 0.038000
4687.662690 29.999000 0.039000
4694.626090 29.999000 0.043000
4697.717880 29.999000 0.038000
4701.692150 29.999000 0.038000
4703.696030 29.999000 0.042000
4705.752970 29.999000 0.047000
4708.650540 29.999000 0.047000
4710.667490 29.999000 0.048000
4715.602090 29.999000 0.043000
4722.548220 29.999000 0.044000
4725.575210 29.999000 0.063000
4728.537620 29.999000 0.038000
4730.578570 29.999000 0.054000
4733.594000 29.999000 0.044000
4737.582650 29.999000 0.039000
4740.571580 29.999000 0.037000
4743.537210 29.999000 0.035000
4776.515880 29.999000 0.066000
4919.896210 29.999000 0.039000
4945.860930 29.999000 0.041000
4948.885470 29.999000 0.043000
4951.880070 29.999000 0.048000
4954.866550 29.999000 0.052000
4959.901880 29.999000 0.045000
4962.850600 29.999000 0.041000
4967.877050 29.999000 0.063000
4974.817480 29.999000 0.055000
4984.831470 29.999000 0.049000
4988.807150 29.999000 0.047000
4990.798450 29.999000 0.053000
5082.669230 29.999000 0.050000
5084.702150 29.999000 0.052000
5087.537560 29.999000 0.044000
5089.590780 29.999000 0.044000
5093.649320 29.999000 0.047000
5097.661420 29.999000 0.051000
5111.563460 29.999000 0.040000
5124.588230 29.999000 0.062000
5131.513970 29.999000 0.067000
5144.538260 29.999000 0.058000
