1954.760160 13.555000 0.038000
3387.794220 10.404000 0.039000
3390.817220 10.447000 0.041000
3400.794680 10.509000 0.039000
2054.545370 12.102000 0.040000
2240.855550 13.083000 0.056000
2243.838620 12.975000 0.056000
2247.861200 12.415000 0.059000
2249.839470 12.052000 0.046000
2251.832660 11.881000 0.053000
2255.843340 11.287000 0.049000
2257.833470 11.076000 0.054000
3363.834870 11.547000 0.044000
1880.843240 29.999000 0.035000
2628.814580 12.838000 0.034000
2649.809680 13.811000 0.035000
2635.777440 13.374000 0.051000
1953.753310 13.131000 0.043000
1955.767170 13.307000 0.039000
1958.751390 13.301000 0.044000
1961.743360 12.824000 0.045000
1962.770910 12.716000 0.049000
1963.757930 12.712000 0.046000
1964.748940 12.814000 0.042000
1965.737230 12.671000 0.041000
1966.741400 12.394000 0.042000
1967.748500 12.412000 0.044000
1968.729330 12.301000 0.043000
1981.725400 11.578000 0.051000
1982.698680 11.531000 0.049000
1984.697200 11.486000 0.044000
1985.698660 11.455000 0.047000
1994.680300 11.407000 0.051000
2025.585060 10.942000 0.035000
2026.604710 11.205000 0.038000
2030.580770 10.924000 0.041000
2031.605130 11.002000 0.039000
2032.589960 10.984000 0.041000
2033.584540 11.240000 0.039000
2034.579980 11.022000 0.039000
2037.605440 11.080000 0.043000
2038.599580 11.126000 0.041000
2052.526480 11.693000 0.045000
2053.554120 11.705000 0.043000
2055.538610 11.808000 0.044000
2056.544750 11.894000 0.044000
2057.540840 11.933000 0.043000
2058.541680 11.995000 0.044000
2062.534330 12.185000 0.049000
2064.526480 12.304000 0.043000
2067.504240 12.439000 0.045000
2068.530090 12.497000 0.043000
2070.486570 12.642000 0.041000
2078.477580 12.897000 0.049000
2081.477150 13.119000 0.040000
2083.553030 13.231000 0.038000
2086.468760 13.403000 0.043000
2088.493230 13.456000 0.042000
2093.458220 13.827000 0.040000
2103.481170 14.291000 0.035000
2105.509630 14.376000 0.041000
2129.526320 16.270000 0.038000
2622.839920 12.665000 0.035000
2625.839040 12.703000 0.033000
2629.804040 12.970000 0.033000
2638.841640 13.284000 0.035000
2642.805640 13.621000 0.035000
2645.817670 13.791000 0.034000
2651.824780 14.116000 0.033000
2784.650290 14.016000 0.037000
2786.613880 13.967000 0.038000
2791.712830 13.686000 0.037000
2794.557430 13.714000 0.038000
2797.538490 13.257000 0.039000
2804.580560 12.902000 0.041000
2809.578200 12.432000 0.051000
2810.680710 12.156000 0.034000
2812.577390 12.073000 0.033000
2819.606420 11.522000 0.035000
2821.612690 11.415000 0.042000
2826.593490 11.257000 0.035000
2831.607840 11.109000 0.037000
2838.557880 10.995000 0.038000
2843.552810 10.879000 0.043000
2853.505040 10.950000 0.035000
2855.536120 10.959000 0.035000
2861.527790 11.068000 0.038000
2863.534400 11.123000 0.040000
2872.525550 11.422000 0.034000
2876.496460 11.545000 0.034000
2878.497540 11.627000 0.047000
3064.738540 14.595000 0.037000
3073.854730 13.676000 0.035000
3076.706760 13.261000 0.033000
3078.750360 12.703000 0.035000
3082.830630 12.382000 0.033000
3086.805000 12.049000 0.035000
3089.657520 11.833000 0.037000
3091.717070 11.782000 0.041000
3093.710620 11.635000 0.037000
3097.693460 11.373000 0.035000
3099.739590 11.297000 0.035000
3101.768300 11.213000 0.037000
3103.794100 11.179000 0.036000
3105.778880 11.095000 0.036000
3107.781180 11.050000 0.034000
3109.791640 11.045000 0.033000
3112.605850 11.033000 0.032000
3114.669580 11.038000 0.032000
3121.694530 11.087000 0.035000
3125.676800 11.082000 0.034000
3127.678940 11.081000 0.038000
3129.721060 11.148000 0.035000
3131.742330 11.124000 0.035000
3133.745330 11.186000 0.034000
3145.561890 11.312000 0.036000
3153.698400 11.568000 0.032000
3156.572180 11.548000 0.034000
3158.720370 11.640000 0.035000
3164.508460 11.896000 0.032000
3167.522290 12.118000 0.034000
3169.563580 12.136000 0.037000
3176.476700 12.540000 0.035000
3178.599970 12.644000 0.035000
3182.550850 12.838000 0.039000
3184.559630 12.926000 0.035000
3186.628150 13.069000 0.035000
3189.645400 13.476000 0.040000
3358.844630 11.998000 0.047000
3394.838310 10.422000 0.036000
3397.812230 10.476000 0.036000
3400.803280 10.529000 0.040000
3403.819150 10.551000 0.047000
3406.784800 10.803000 0.044000
3409.786080 10.639000 0.043000
3417.757350 10.911000 0.040000
3424.801380 11.294000 0.046000
3430.848060 11.562000 0.040000
3433.716330 11.714000 0.040000
3436.767930 11.833000 0.036000
3439.757220 12.144000 0.041000
3443.705850 12.319000 0.035000
3445.746300 12.474000 0.043000
3447.763000 12.586000 0.035000
3452.667290 12.763000 0.039000
3454.727560 12.918000 0.037000
3456.739990 12.977000 0.036000
3458.729310 13.288000 0.037000
3460.741490 13.340000 0.036000
3463.637080 13.356000 0.037000
3468.685530 13.487000 0.034000
3470.694190 13.884000 0.037000
3479.658470 13.463000 0.043000
3481.651040 13.994000 0.035000
3483.670480 13.937000 0.043000
3708.851480 11.807000 0.039000
3714.852840 12.031000 0.045000
3724.829350 12.384000 0.037000
3727.834550 12.635000 0.050000
3731.855460 12.701000 0.048000
3735.826270 13.096000 0.046000
3739.805600 13.178000 0.037000
3746.847190 13.899000 0.043000
3747.803630 13.482000 0.045000
3747.809060 13.212000 0.037000
3747.811470 13.342000 0.039000
3747.814080 13.767000 0.037000
3747.816580 13.606000 0.037000
3747.819110 13.760000 0.038000
3750.813900 13.419000 0.045000
3753.852050 13.680000 0.042000
3759.848580 13.870000 0.036000
3772.746540 14.021000 0.045000
3788.800840 14.787000 0.038000
3882.631730 15.803000 0.036000
3890.642360 13.912000 0.037000
3894.657930 13.364000 0.036000
3900.528540 12.938000 0.037000
3902.563130 12.807000 0.036000
3904.573810 12.485000 0.034000
3906.591110 12.384000 0.042000
3908.585710 12.258000 0.038000
3913.659440 11.969000 0.037000
4143.878710 14.543000 0.036000
4152.831240 14.130000 0.038000
4158.735140 13.524000 0.039000
4160.786450 13.355000 0.033000
4162.782230 13.073000 0.039000
4164.789270 13.271000 0.039000
4167.732190 12.842000 0.036000
4172.788840 12.529000 0.038000
4175.687430 12.333000 0.040000
4177.802250 12.089000 0.040000
4180.720520 11.685000 0.048000
4182.812250 11.514000 0.040000
4185.667300 11.180000 0.035000
4188.734700 10.892000 0.035000
4190.738670 10.764000 0.036000
4192.728130 10.674000 0.036000
4194.761450 10.615000 0.035000
4197.756160 10.471000 0.039000
4200.695250 10.387000 0.035000
4203.694840 10.268000 0.036000
4205.700350 10.233000 0.038000
4208.769790 10.164000 0.045000
4213.728180 10.074000 0.047000
4216.718560 10.114000 0.042000
4227.624410 10.198000 0.038000
4229.631900 10.213000 0.042000
4231.640400 10.207000 0.045000
4233.638830 10.256000 0.036000
4235.637880 10.309000 0.040000
4237.653130 10.276000 0.043000
4246.594280 10.513000 0.036000
4253.652570 10.760000 0.042000
4255.689950 10.816000 0.038000
4257.691540 10.981000 0.040000
4273.617440 11.848000 0.042000
4276.546790 12.064000 0.045000
4278.592950 12.169000 0.034000
4282.593520 12.376000 0.042000
4284.604630 12.622000 0.036000
4290.599680 12.840000 0.035000
4294.572240 13.123000 0.037000
4296.567010 13.437000 0.037000
4298.575460 13.058000 0.037000
4300.523430 13.192000 0.038000
4302.596360 13.451000 0.038000
4304.540000 13.588000 0.038000
4306.557690 13.675000 0.036000
4312.537970 13.950000 0.041000
4319.511160 14.190000 0.038000
4453.837860 13.848000 0.041000
4457.835890 13.511000 0.045000
4461.823760 13.203000 0.039000
4468.815910 12.224000 0.041000
4477.841540 11.398000 0.038000
4484.841080 11.007000 0.037000
4487.827300 10.916000 0.038000
4491.789720 10.873000 0.041000
4494.820260 10.867000 0.036000
4498.825560 10.927000 0.041000
4501.804750 10.882000 0.039000
4504.793960 10.891000 0.044000
4507.779780 10.964000 0.039000
4510.771920 11.000000 0.039000
4517.744900 11.106000 0.038000
4519.782390 11.158000 0.049000
4522.734240 11.254000 0.037000
4524.788750 11.264000 0.037000
4526.849950 11.277000 0.037000
4529.720690 11.382000 0.037000
4531.770790 11.425000 0.039000
4535.722830 11.510000 0.039000
4537.757350 11.591000 0.038000
4539.813650 11.621000 0.051000
4541.778730 11.738000 0.038000
4545.744350 11.788000 0.043000
4547.761470 11.979000 0.040000
4550.657740 12.147000 0.049000
4552.736690 12.240000 0.038000
4554.764410 12.451000 0.039000
4559.645700 12.796000 0.040000
4561.688980 12.760000 0.036000
4563.727290 13.024000 0.040000
4565.776570 13.308000 0.036000
4567.833550 13.485000 0.037000
4570.618850 13.628000 0.036000
4572.644200 13.416000 0.039000
4574.660240 13.624000 0.045000
4576.689580 13.954000 0.040000
4579.800400 13.991000 0.037000
4802.841970 11.767000 0.038000
4807.848630 11.923000 0.040000
4815.837290 12.055000 0.049000
4820.818440 12.285000 0.038000
4824.819080 12.362000 0.044000
4836.808730 13.190000 0.037000
4839.839330 13.291000 0.039000
4842.832760 13.389000 0.039000
4852.840640 14.247000 0.037000
4856.828640 14.386000 0.037000
5021.573990 12.850000 0.048000
5023.575930 12.600000 0.047000
5037.545400 11.304000 0.051000
5041.541660 11.148000 0.047000
5048.548950 11.092000 0.047000
1971.746210 12.235000 0.053000
1978.728610 11.668000 0.056000
1979.704710 11.611000 0.056000
1980.700990 11.562000 0.053000
1993.708200 11.354000 0.053000
1995.712090 11.421000 0.052000
1996.674820 11.319000 0.054000
1997.667960 11.293000 0.054000
1998.666470 11.284000 0.059000
2011.628420 11.078000 0.059000
2882.492950 11.811000 0.052000
3080.771190 12.548000 0.051000
3160.730770 11.809000 0.046000
3412.778230 10.751000 0.047000
3449.770840 12.883000 0.051000
3477.606840 14.046000 0.048000
3897.702920 12.880000 0.044000
4155.738490 13.999000 0.055000
4480.835960 11.147000 0.052000
4828.812950 12.709000 0.056000
5039.534960 11.187000 0.050000
5064.497150 10.993000 0.056000
1878.841270 29.999000 0.038000
1884.847970 29.999000 0.041000
1888.835100 29.999000 0.041000
1900.787840 29.999000 0.039000
1907.793020 29.999000 0.037000
1913.838370 29.999000 0.036000
1915.801370 29.999000 0.037000
1918.773320 29.999000 0.039000
1924.816760 29.999000 0.039000
1926.820390 29.999000 0.038000
1950.747460 29.999000 0.042000
2116.472520 29.999000 0.041000
2143.466320 29.999000 0.046000
2446.593150 29.999000 0.041000
2463.470210 29.999000 0.039000
2469.499570 29.999000 0.052000
2482.511550 29.999000 0.049000
2491.529480 29.999000 0.056000
2649.829740 29.999000 0.043000
2654.860310 29.999000 0.033000
2658.786410 29.999000 0.035000
2660.850790 29.999000 0.043000
2662.802070 29.999000 0.033000
2664.821010 29.999000 0.032000
2666.855820 29.999000 0.042000
2669.809130 29.999000 0.034000
2674.830060 29.999000 0.034000
2676.788450 29.999000 0.032000
2678.779540 29.999000 0.037000
2680.775060 29.999000 0.035000
2688.748910 29.999000 0.035000
2690.762500 29.999000 0.036000
2692.819620 29.999000 0.038000
2694.751350 29.999000 0.035000
2696.811380 29.999000 0.033000
2698.830550 29.999000 0.036000
2706.750870 29.999000 0.035000
2712.712240 29.999000 0.032000
2714.687730 29.999000 0.033000
2717.690870 29.999000 0.040000
2721.712420 29.999000 0.035000
2727.721970 29.999000 0.033000
2731.811110 29.999000 0.034000
2736.813270 29.999000 0.036000
2740.668910 29.999000 0.035000
2742.588110 29.999000 0.035000
2752.804240 29.999000 0.034000
2755.616850 29.999000 0.030000
2756.752200 29.999000 0.036000
2760.568030 29.999000 0.042000
2761.803410 29.999000 0.040000
2766.712760 29.999000 0.037000
2775.712760 29.999000 0.037000
2790.513020 29.999000 0.036000
2975.843470 29.999000 0.034000
2979.828510 29.999000 0.035000
2983.835170 29.999000 0.041000
2990.836910 29.999000 0.035000
3012.803480 29.999000 0.035000
3016.843470 29.999000 0.033000
3025.806060 29.999000 0.032000
3030.776240 29.999000 0.032000
3041.789260 29.999000 0.035000
3043.819480 29.999000 0.036000
3051.733630 29.999000 0.034000
3061.749560 29.999000 0.033000
3067.778790 29.999000 0.034000
3069.784430 29.999000 0.035000
3414.829870 29.999000 0.035000
3499.564170 29.999000 0.042000
3517.704840 29.999000 0.036000
3529.643160 29.999000 0.036000
3574.552760 29.999000 0.035000
3587.504670 29.999000 0.038000
3592.489300 29.999000 0.043000
3719.849750 29.999000 0.042000
3762.820570 29.999000 0.047000
3768.797990 29.999000 0.046000
3778.778300 29.999000 0.040000
3791.738290 29.999000 0.052000
3793.799300 29.999000 0.036000
3796.731450 29.999000 0.041000
3798.798030 29.999000 0.040000
3801.704920 29.999000 0.037000
3804.715210 29.999000 0.039000
3806.757230 29.999000 0.042000
3809.756210 29.999000 0.047000
3811.793480 29.999000 0.044000
3813.862650 29.999000 0.047000
3816.675750 29.999000 0.045000
3818.726780 29.999000 0.049000
3822.832350 29.999000 0.043000
3825.654330 29.999000 0.041000
3827.697880 29.999000 0.046000
3831.809350 29.999000 0.037000
3833.715410 29.999000 0.047000
3850.689310 29.999000 0.051000
3856.770590 29.999000 0.039000
3861.619290 29.999000 0.036000
3880.605030 29.999000 0.041000
3886.672140 29.999000 0.036000
4129.824400 29.999000 0.038000
4132.812100 29.999000 0.043000
4141.775080 29.999000 0.039000
4292.563970 29.999000 0.036000
4315.544710 29.999000 0.039000
4333.500390 29.999000 0.037000
4337.502930 29.999000 0.040000
4341.492370 29.999000 0.038000
4344.479880 29.999000 0.042000
4347.482050 29.999000 0.040000
4442.845590 29.999000 0.036000
4543.819810 29.999000 0.038000
4586.622150 29.999000 0.036000
4588.673280 29.999000 0.038000
4590.750680 29.999000 0.041000
4593.558740 29.999000 0.036000
4595.596160 29.999000 0.036000
4597.587610 29.999000 0.040000
4599.612430 29.999000 0.038000
4601.618400 29.999000 0.040000
4603.650310 29.999000 0.040000
4607.669500 29.999000 0.040000
4610.552120 29.999000 0.042000
4612.600420 29.999000 0.041000
4616.733200 29.999000 0.038000
4622.688120 29.999000 0.041000
4627.533500 29.999000 0.036000
4629.543890 29.999000 0.039000
4631.589520 29.999000 0.040000
4633.606840 29.999000 0.038000
4641.669370 29.999000 0.036000
4648.542070 29.999000 0.048000
4652.638110 29.999000 0.037000
4677.554270 29.999000 0.037000
4679.563870 29.999000 0.040000
4682.544130 29.999000 0.044000
4684.541440 29.999000 0.043000
4686.523750 29.999000 0.045000
4691.532720 29.999000 0.049000
4698.528260 29.999000 0.045000
4701.487710 29.999000 0.037000
4704.480480 29.999000 0.049000
4708.483570 29.999000 0.046000
4711.476300 29.999000 0.039000
4860.860910 29.999000 0.038000
4872.778780 29.999000 0.038000
1903.797350 29.999000 0.038000
1905.794320 29.999000 0.043000
1920.767340 29.999000 0.043000
1921.869450 29.999000 0.039000
1925.818900 29.999000 0.042000
1928.855870 29.999000 0.036000
1929.856480 29.999000 0.040000
1931.754530 29.999000 0.039000
1933.764160 29.999000 0.037000
1937.786390 29.999000 0.040000
1939.765550 29.999000 0.037000
1945.855430 29.999000 0.041000
1947.772290 29.999000 0.040000
2125.525930 29.999000 0.041000
2133.481940 29.999000 0.038000
2442.483800 29.999000 0.037000
2452.466490 29.999000 0.040000
2454.523500 29.999000 0.041000
2459.484830 29.999000 0.038000
2465.509620 29.999000 0.049000
2467.494810 29.999000 0.040000
2473.468030 29.999000 0.049000
2501.480370 29.999000 0.046000
2672.784570 29.999000 0.037000
2684.744740 29.999000 0.035000
2686.757710 29.999000 0.033000
2700.821940 29.999000 0.033000
2704.785710 29.999000 0.033000
2719.801560 29.999000 0.038000
2722.845150 29.999000 0.036000
2724.726770 29.999000 0.038000
2733.833220 29.999000 0.036000
2735.712110 29.999000 0.033000
2738.679510 29.999000 0.041000
2743.733580 29.999000 0.041000
2745.694780 29.999000 0.040000
2749.829710 29.999000 0.034000
2751.595520 29.999000 0.033000
2764.717700 29.999000 0.038000
2987.832420 29.999000 0.032000
2994.818210 29.999000 0.034000
2997.844420 29.999000 0.032000
3005.805720 29.999000 0.033000
3008.827880 29.999000 0.034000
3019.828670 29.999000 0.037000
3036.802300 29.999000 0.033000
3053.814130 29.999000 0.042000
3056.770090 29.999000 0.032000
3071.775230 29.999000 0.035000
3219.544600 29.999000 0.040000
3472.702550 29.999000 0.034000
3486.790480 29.999000 0.040000
3489.793810 29.999000 0.043000
3491.814890 29.999000 0.038000
3501.600940 29.999000 0.035000
3503.653680 29.999000 0.037000
3506.670420 29.999000 0.046000
3511.700650 29.999000 0.034000
3515.716100 29.999000 0.036000
3538.603320 29.999000 0.037000
3540.632970 29.999000 0.038000
3543.601910 29.999000 0.040000
3550.637470 29.999000 0.036000
3553.652180 29.999000 0.040000
3556.559140 29.999000 0.034000
3559.574810 29.999000 0.043000
3561.594000 29.999000 0.037000
3563.588050 29.999000 0.034000
3570.571400 29.999000 0.037000
3576.580500 29.999000 0.036000
3578.589710 29.999000 0.034000
3584.560570 29.999000 0.037000
3589.531270 29.999000 0.039000
3594.538890 29.999000 0.045000
3602.524740 29.999000 0.037000
3606.486760 29.999000 0.043000
3619.474100 29.999000 0.044000
3747.744890 29.999000 0.038000
3756.825380 29.999000 0.039000
3765.805120 29.999000 0.043000
3775.776130 29.999000 0.042000
3820.779100 29.999000 0.035000
3829.757760 29.999000 0.035000
3835.713530 29.999000 0.045000
3837.735680 29.999000 0.040000
3852.698840 29.999000 0.034000
3859.632840 29.999000 0.047000
3863.611480 29.999000 0.040000
3865.629860 29.999000 0.035000
3867.673050 29.999000 0.050000
3871.672740 29.999000 0.037000
3874.752320 29.999000 0.036000
3877.515940 29.999000 0.037000
4090.825010 29.999000 0.047000
4104.801360 29.999000 0.042000
4107.833920 29.999000 0.033000
4126.827110 29.999000 0.037000
4135.794990 29.999000 0.040000
4150.779460 29.999000 0.037000
4309.576600 29.999000 0.043000
4330.506830 29.999000 0.037000
4351.474220 29.999000 0.042000
4438.848470 29.999000 0.040000
4639.644460 29.999000 0.041000
4643.666280 29.999000 0.041000
4645.671970 29.999000 0.041000
4654.607190 29.999000 0.040000
4656.588620 29.999000 0.040000
4659.576180 29.999000 0.039000
4662.588770 29.999000 0.054000
4664.598050 29.999000 0.043000
4667.537620 29.999000 0.035000
4671.531430 29.999000 0.036000
4846.797260 29.999000 0.039000
4849.826970 29.999000 0.039000
4863.840650 29.999000 0.040000
4866.854730 29.999000 0.037000
4869.806680 29.999000 0.040000
4875.842670 29.999000 0.041000
4881.758300 29.999000 0.038000
4884.744740 29.999000 0.037000
4887.780560 29.999000 0.050000
4890.737600 29.999000 0.054000
4894.742810 29.999000 0.049000
4904.707430 29.999000 0.048000
4906.761380 29.999000 0.045000
4918.659560 29.999000 0.042000
4926.745780 29.999000 0.047000
4937.612340 29.999000 0.049000
4946.725540 29.999000 0.048000
4948.801350 29.999000 0.046000
4960.616820 29.999000 0.048000
4967.669210 29.999000 0.045000
4969.682620 29.999000 0.043000
4972.723800 29.999000 0.046000
4985.550930 29.999000 0.056000
4991.671080 29.999000 0.048000
4994.719040 29.999000 0.048000
5010.524740 29.999000 0.049000
5013.577760 29.999000 0.052000
5015.593310 29.999000 0.052000
