2031.820470 14.565000 0.065000
2053.766600 12.085000 0.067000
2057.747180 11.846000 0.067000
2082.700850 11.891000 0.063000
2086.695650 11.943000 0.063000
2093.594870 11.986000 0.067000
2102.633590 12.232000 0.057000
2103.651150 12.238000 0.061000
2104.650530 12.242000 0.053000
2105.642460 12.202000 0.057000
2109.638370 12.357000 0.047000
2114.766580 12.584000 0.050000
2115.630040 12.619000 0.053000
2116.613360 12.634000 0.062000
2128.563040 13.204000 0.061000
2129.598130 13.140000 0.061000
2130.595970 13.190000 0.058000
2131.584060 13.293000 0.061000
2133.584040 13.387000 0.051000
2134.586960 13.375000 0.066000
2135.583210 13.435000 0.053000
2136.587190 13.641000 0.061000
2141.574240 13.702000 0.061000
2142.566280 13.721000 0.054000
2143.566760 13.765000 0.058000
2144.557750 13.757000 0.057000
2145.555480 13.713000 0.050000
2568.517450 13.991000 0.043000
2814.833630 15.030000 0.045000
2838.686560 13.550000 0.038000
2841.848080 13.061000 0.041000
2851.660610 11.877000 0.035000
2853.784440 11.737000 0.042000
2862.619520 11.476000 0.043000
2866.620050 11.381000 0.044000
2867.707020 11.362000 0.043000
2872.598220 11.365000 0.038000
2875.624380 11.352000 0.043000
2877.612500 11.354000 0.044000
2879.613160 11.387000 0.037000
2884.601340 11.315000 0.041000
2892.591980 11.342000 0.062000
2893.691700 11.401000 0.044000
2895.651770 11.449000 0.042000
2897.660950 11.455000 0.041000
2899.640550 11.519000 0.053000
2909.665100 11.795000 0.041000
2911.625620 11.820000 0.043000
2917.498670 11.968000 0.043000
2921.512790 12.067000 0.043000
2926.525310 12.125000 0.043000
2928.533080 12.172000 0.051000
2930.538970 12.271000 0.044000
2932.539750 12.381000 0.043000
2934.537720 12.448000 0.043000
2939.543720 12.600000 0.044000
2944.516380 12.843000 0.046000
2946.542800 12.846000 0.041000
2949.545540 13.237000 0.042000
2951.553850 13.015000 0.043000
2954.527650 13.498000 0.044000
2957.517360 13.506000 0.040000
3091.864400 14.331000 0.043000
3097.855810 13.724000 0.043000
3101.845980 13.288000 0.045000
3104.877290 13.250000 0.044000
3109.838150 12.931000 0.041000
3112.863610 12.816000 0.040000
3115.853980 12.447000 0.042000
3122.907330 12.031000 0.043000
3125.798270 12.034000 0.049000
3127.826570 11.946000 0.046000
3130.809880 11.823000 0.043000
3142.786130 11.780000 0.044000
3146.747800 11.776000 0.040000
3153.818120 11.763000 0.035000
3156.763190 11.719000 0.044000
3158.818960 11.779000 0.043000
3165.729770 12.001000 0.040000
3168.777930 12.011000 0.042000
3170.869700 12.128000 0.044000
3179.691420 12.454000 0.041000
3182.701940 12.579000 0.042000
3426.893060 10.364000 0.054000
3448.884140 11.358000 0.050000
3452.887850 11.538000 0.046000
3458.878980 11.899000 0.055000
3468.859010 12.404000 0.046000
3472.865100 12.660000 0.045000
3478.838780 13.024000 0.066000
3481.819160 13.075000 0.046000
3508.855540 13.743000 0.036000
3511.782340 13.981000 0.040000
3526.871800 14.465000 0.057000
3628.531280 13.583000 0.041000
3630.598350 13.155000 0.050000
3632.606540 12.727000 0.041000
3634.640150 12.374000 0.043000
3637.643120 12.007000 0.050000
3641.603130 11.390000 0.037000
3643.656260 11.090000 0.054000
3646.649810 10.755000 0.040000
3649.574610 10.607000 0.063000
3657.584620 10.391000 0.047000
3660.527430 10.433000 0.057000
3662.556870 10.383000 0.046000
3664.566340 10.441000 0.045000
3668.547030 10.456000 0.038000
3670.583280 10.545000 0.043000
3673.536640 10.607000 0.055000
3676.529560 10.759000 0.061000
3804.884610 14.316000 0.053000
3880.831810 14.204000 0.043000
3887.778410 13.231000 0.047000
3889.890700 12.989000 0.046000
3891.788810 12.699000 0.046000
3893.801770 12.436000 0.052000
3896.793710 11.947000 0.053000
3901.776080 11.355000 0.059000
3907.795780 10.884000 0.047000
3913.885240 10.831000 0.051000
4179.877560 12.487000 0.055000
4182.904110 12.271000 0.061000
4186.906130 11.970000 0.038000
4190.856670 11.789000 0.047000
4193.865100 11.772000 0.057000
4203.866850 11.632000 0.050000
4207.894710 11.565000 0.052000
4213.916510 11.515000 0.040000
4229.879570 11.523000 0.038000
4231.880790 11.530000 0.050000
4234.800860 11.621000 0.065000
4246.746550 11.858000 0.045000
4250.774940 11.959000 0.042000
4256.810880 12.277000 0.047000
4273.711800 13.402000 0.036000
4276.693940 13.262000 0.042000
4278.704370 13.593000 0.036000
4283.817710 13.814000 0.059000
4285.807760 13.898000 0.059000
4293.786010 14.277000 0.045000
4297.829070 14.358000 0.047000
4299.776930 14.828000 0.053000
4301.680480 14.308000 0.046000
4523.896250 12.079000 0.043000
4531.891150 12.392000 0.042000
4537.894270 12.729000 0.041000
4541.886680 12.883000 0.039000
4545.884580 13.034000 0.050000
4558.850030 13.662000 0.041000
4561.879990 14.036000 0.048000
4565.861340 14.197000 0.040000
4569.841020 14.068000 0.045000
4617.779910 14.781000 0.043000
4703.611780 14.018000 0.054000
4705.643730 14.047000 0.052000
4710.615710 13.011000 0.062000
4715.712960 12.340000 0.041000
4721.529070 11.703000 0.048000
4729.617130 11.474000 0.050000
4734.668850 11.316000 0.052000
4739.498120 11.196000 0.048000
4742.498780 11.008000 0.050000
4748.509430 10.838000 0.063000
4750.619240 10.895000 0.049000
4753.577690 10.756000 0.061000
4755.607050 10.777000 0.055000
4758.565340 10.727000 0.059000
4761.556180 10.782000 0.066000
4764.551290 10.716000 0.050000
4767.547540 10.728000 0.055000
4776.525380 10.759000 0.066000
4778.558330 10.950000 0.057000
4783.514830 11.058000 0.050000
4786.515540 11.181000 0.067000
4793.511840 11.398000 0.051000
4988.777230 12.057000 0.052000
5014.725460 11.126000 0.051000
5023.721510 11.252000 0.047000
5031.691840 11.503000 0.042000
5082.686360 12.545000 0.056000
5087.534150 12.772000 0.051000
5089.586560 12.716000 0.049000
2037.773580 13.764000 0.075000
2052.758250 12.133000 0.073000
2054.761430 11.967000 0.081000
2055.750090 12.025000 0.081000
2056.749030 11.822000 0.076000
2058.746190 11.740000 0.074000
2061.741630 11.701000 0.070000
2064.792090 11.571000 0.060000
2065.711570 11.534000 0.070000
2070.787550 11.600000 0.062000
2080.637560 11.849000 0.078000
2081.694150 11.739000 0.070000
2085.689770 11.958000 0.070000
2087.679550 11.868000 0.069000
2088.676150 11.952000 0.072000
2855.674990 11.690000 0.049000
3173.719620 12.228000 0.054000
3176.784100 12.400000 0.045000
3444.862980 11.103000 0.071000
3455.850370 11.706000 0.072000
3475.876830 12.764000 0.068000
3484.841510 13.271000 0.056000
3491.893910 13.434000 0.078000
3502.807150 13.685000 0.075000
3522.705800 14.457000 0.077000
3619.559900 14.266000 0.083000
3621.614070 14.452000 0.086000
3874.847920 14.520000 0.082000
3877.776330 14.051000 0.074000
3883.833170 13.651000 0.085000
4708.599510 13.331000 0.069000
4724.582210 11.530000 0.070000
4726.634050 11.494000 0.069000
4770.532880 10.722000 0.071000
4975.824000 14.467000 0.067000
4984.823110 12.718000 0.072000
4994.787250 11.406000 0.075000
5006.774240 11.088000 0.056000
5009.726010 11.140000 0.054000
5021.716410 11.259000 0.056000
5042.646210 11.539000 0.052000
5048.633540 11.751000 0.056000
5070.708730 12.191000 0.058000
5084.721810 12.663000 0.057000
5093.645020 13.132000 0.064000
5106.544810 13.759000 0.064000
1962.884720 29.999000 0.047000
1964.892900 29.999000 0.041000
1966.886440 29.999000 0.040000
1978.875440 29.999000 0.050000
1980.848850 29.999000 0.050000
1981.886960 29.999000 0.044000
1982.876420 29.999000 0.048000
1994.837870 29.999000 0.051000
1997.858860 29.999000 0.052000
1999.856290 29.999000 0.065000
2009.815360 29.999000 0.060000
2016.803210 29.999000 0.053000
2025.843090 29.999000 0.049000
2026.851660 29.999000 0.065000
2027.815240 29.999000 0.059000
2030.822370 29.999000 0.056000
2032.802520 29.999000 0.056000
2033.818420 29.999000 0.051000
2167.494640 29.999000 0.051000
2169.611860 29.999000 0.050000
2172.511310 29.999000 0.052000
2179.483950 29.999000 0.058000
2185.559580 29.999000 0.054000
2188.534330 29.999000 0.057000
2191.497270 29.999000 0.052000
2194.498070 29.999000 0.053000
2197.501280 29.999000 0.062000
2201.491420 29.999000 0.056000
2207.500610 29.999000 0.056000
2213.503620 29.999000 0.067000
2216.515900 29.999000 0.072000
2442.700230 29.999000 0.039000
2446.702290 29.999000 0.046000
2453.678450 29.999000 0.056000
2453.762190 29.999000 0.048000
2454.683670 29.999000 0.049000
2464.653310 29.999000 0.034000
2465.661410 29.999000 0.035000
2466.645190 29.999000 0.039000
2467.649030 29.999000 0.030000
2468.648190 29.999000 0.031000
2470.597680 29.999000 0.037000
2473.614840 29.999000 0.036000
2474.657160 29.999000 0.044000
2481.601060 29.999000 0.045000
2482.635460 29.999000 0.043000
2486.606110 29.999000 0.045000
2489.618540 29.999000 0.039000
2490.618630 29.999000 0.052000
2491.597610 29.999000 0.052000
2493.593010 29.999000 0.039000
2494.602850 29.999000 0.047000
2495.595560 29.999000 0.041000
2497.592840 29.999000 0.035000
2498.589890 29.999000 0.032000
2499.579020 29.999000 0.042000
2501.587320 29.999000 0.036000
2502.589590 29.999000 0.047000
2503.589760 29.999000 0.060000
2508.532850 29.999000 0.037000
2511.568740 29.999000 0.039000
2512.626450 29.999000 0.045000
2519.640440 29.999000 0.033000
2520.635750 29.999000 0.045000
2521.642740 29.999000 0.044000
2524.599830 29.999000 0.063000
2526.637740 29.999000 0.048000
2535.551510 29.999000 0.054000
2540.585330 29.999000 0.065000
2544.585660 29.999000 0.055000
2545.630450 29.999000 0.048000
2552.615940 29.999000 0.061000
2562.496500 29.999000 0.050000
2563.559460 29.999000 0.045000
2564.579850 29.999000 0.055000
2694.888480 29.999000 0.042000
2699.886530 29.999000 0.041000
2703.879880 29.999000 0.041000
2706.874380 29.999000 0.042000
2709.871340 29.999000 0.044000
2712.865750 29.999000 0.040000
2717.887960 29.999000 0.044000
2720.870940 29.999000 0.049000
2726.826200 29.999000 0.040000
2728.863550 29.999000 0.041000
2730.891280 29.999000 0.042000
2734.812230 29.999000 0.044000
2736.848800 29.999000 0.041000
2738.859060 29.999000 0.040000
2740.871520 29.999000 0.041000
2742.861600 29.999000 0.041000
2744.853450 29.999000 0.040000
2754.813080 29.999000 0.048000
2756.825550 29.999000 0.038000
2758.848620 29.999000 0.039000
2760.818060 29.999000 0.041000
2764.809510 29.999000 0.039000
2770.841430 29.999000 0.039000
2782.881320 29.999000 0.050000
2783.815420 29.999000 0.044000
2784.771700 29.999000 0.039000
2786.749490 29.999000 0.040000
2790.774620 29.999000 0.042000
2802.884990 29.999000 0.050000
2808.769460 29.999000 0.055000
2810.678590 29.999000 0.041000
2812.670110 29.999000 0.043000
2818.920070 29.999000 0.040000
2821.669030 29.999000 0.037000
2821.753850 29.999000 0.035000
2821.763090 29.999000 0.036000
2821.772370 29.999000 0.036000
2821.781850 29.999000 0.036000
2821.791480 29.999000 0.036000
2821.801120 29.999000 0.043000
2821.810670 29.999000 0.039000
2821.820320 29.999000 0.040000
2821.830120 29.999000 0.040000
2821.840130 29.999000 0.038000
2821.849610 29.999000 0.040000
2821.859130 29.999000 0.039000
2824.665540 29.999000 0.049000
2826.492840 29.999000 0.035000
2826.503360 29.999000 0.036000
2829.482840 29.999000 0.039000
2829.492790 29.999000 0.038000
2829.660590 29.999000 0.035000
2830.763670 29.999000 0.036000
2835.693360 29.999000 0.040000
2964.518510 29.999000 0.042000
3069.892660 29.999000 0.044000
3074.884690 29.999000 0.042000
3082.872120 29.999000 0.043000
3087.875790 29.999000 0.042000
3266.550280 29.999000 0.033000
3272.510110 29.999000 0.064000
3274.621160 29.999000 0.055000
3277.583850 29.999000 0.056000
3538.773130 29.999000 0.045000
3540.771670 29.999000 0.068000
3550.739190 29.999000 0.064000
3552.842960 29.999000 0.048000
3555.759660 29.999000 0.059000
3558.902170 29.999000 0.046000
3561.649060 29.999000 0.056000
3563.689660 29.999000 0.043000
3573.672180 29.999000 0.053000
3575.688280 29.999000 0.060000
3577.713260 29.999000 0.061000
3582.818240 29.999000 0.045000
3584.826730 29.999000 0.050000
3589.621050 29.999000 0.066000
3591.689510 29.999000 0.054000
3594.551840 29.999000 0.046000
3600.612610 29.999000 0.071000
3602.596050 29.999000 0.044000
3604.605360 29.999000 0.049000
3609.536770 29.999000 0.055000
3616.652470 29.999000 0.049000
3793.892220 29.999000 0.046000
3797.893590 29.999000 0.056000
3808.885950 29.999000 0.046000
3812.904300 29.999000 0.058000
3820.858880 29.999000 0.042000
3823.898450 29.999000 0.042000
3827.869030 29.999000 0.071000
3831.847580 29.999000 0.043000
3834.878600 29.999000 0.057000
3848.892150 29.999000 0.064000
3851.857020 29.999000 0.046000
3860.824280 29.999000 0.058000
3863.798870 29.999000 0.057000
3865.817390 29.999000 0.046000
3867.813040 29.999000 0.046000
3869.808640 29.999000 0.046000
4160.889320 29.999000 0.055000
4164.891060 29.999000 0.064000
4168.890310 29.999000 0.064000
4289.800570 29.999000 0.044000
4291.801820 29.999000 0.035000
4295.801940 29.999000 0.057000
4303.684180 29.999000 0.038000
4305.676260 29.999000 0.039000
4307.634260 29.999000 0.049000
4311.657800 29.999000 0.044000
4316.753850 29.999000 0.038000
4319.704490 29.999000 0.049000
4329.662470 29.999000 0.050000
4331.604510 29.999000 0.041000
4332.782820 29.999000 0.064000
4338.574250 29.999000 0.045000
4340.628870 29.999000 0.054000
4342.624070 29.999000 0.042000
4344.620450 29.999000 0.062000
4346.620830 29.999000 0.047000
4348.623240 29.999000 0.056000
4350.627850 29.999000 0.051000
4353.529000 29.999000 0.036000
4355.618700 29.999000 0.046000
4357.622890 29.999000 0.049000
4359.631620 29.999000 0.054000
4367.507980 29.999000 0.043000
4369.563620 29.999000 0.040000
4371.581630 29.999000 0.042000
4373.593870 29.999000 0.048000
4376.585170 29.999000 0.043000
4378.599610 29.999000 0.055000
4380.629070 29.999000 0.044000
4382.637190 29.999000 0.036000
4385.535700 29.999000 0.048000
4387.537890 29.999000 0.052000
4393.515980 29.999000 0.047000
4403.585360 29.999000 0.053000
4408.513140 29.999000 0.041000
4411.548030 29.999000 0.043000
4428.515000 29.999000 0.045000
4572.858780 29.999000 0.050000
4575.842710 29.999000 0.045000
4579.864750 29.999000 0.043000
4585.853260 29.999000 0.036000
4588.837990 29.999000 0.043000
4591.830390 29.999000 0.055000
4594.819040 29.999000 0.040000
4597.803640 29.999000 0.041000
4602.803950 29.999000 0.044000
4606.852730 29.999000 0.063000
4611.828900 29.999000 0.044000
4615.891620 29.999000 0.039000
4623.820810 29.999000 0.049000
4626.671590 29.999000 0.043000
4628.736410 29.999000 0.048000
4632.716010 29.999000 0.042000
4639.755680 29.999000 0.041000
4641.762910 29.999000 0.041000
4643.753830 29.999000 0.051000
4645.784540 29.999000 0.052000
4647.845780 29.999000 0.068000
4650.668590 29.999000 0.049000
4652.707560 29.999000 0.045000
4654.703220 29.999000 0.050000
4656.702420 29.999000 0.068000
4658.785440 29.999000 0.054000
4661.651330 29.999000 0.048000
4666.680140 29.999000 0.045000
4669.840480 29.999000 0.039000
4671.854190 29.999000 0.039000
4674.613390 29.999000 0.040000
4677.691100 29.999000 0.046000
4679.695620 29.999000 0.041000
4682.671450 29.999000 0.043000
4684.680800 29.999000 0.043000
4686.614280 29.999000 0.049000
4697.607170 29.999000 0.035000
4701.604930 29.999000 0.045000
4905.902820 29.999000 0.063000
4917.864340 29.999000 0.061000
4921.857820 29.999000 0.058000
4928.904880 29.999000 0.052000
4932.846130 29.999000 0.063000
4940.822670 29.999000 0.057000
4947.848140 29.999000 0.061000
4962.814330 29.999000 0.065000
4973.745350 29.999000 0.064000
5103.569120 29.999000 0.056000
5110.633190 29.999000 0.062000
5124.546130 29.999000 0.058000
5145.531390 29.999000 0.060000
2500.553500 29.999000 0.053000
2782.824900 29.999000 0.043000
2792.573010 29.999000 0.044000
2792.575240 29.999000 0.044000
2792.577460 29.999000 0.044000
2792.579680 29.999000 0.043000
2792.581900 29.999000 0.043000
2792.584110 29.999000 0.042000
2792.586330 29.999000 0.044000
2792.588550 29.999000 0.044000
2792.590760 29.999000 0.044000
2792.593000 29.999000 0.045000
2792.595210 29.999000 0.044000
2792.597430 29.999000 0.045000
2792.602830 29.999000 0.047000
2792.605060 29.999000 0.046000
2792.607280 29.999000 0.043000
2792.609490 29.999000 0.044000
2792.611710 29.999000 0.047000
2792.613940 29.999000 0.044000
2792.618380 29.999000 0.046000
2792.620600 29.999000 0.045000
2792.622830 29.999000 0.045000
2792.625040 29.999000 0.044000
2792.627260 29.999000 0.044000
2792.629480 29.999000 0.045000
2792.631690 29.999000 0.045000
2792.633910 29.999000 0.044000
2792.638350 29.999000 0.044000
2792.640570 29.999000 0.045000
2792.642790 29.999000 0.043000
2792.645010 29.999000 0.043000
2792.647220 29.999000 0.044000
2792.649450 29.999000 0.043000
2792.651670 29.999000 0.043000
2792.653890 29.999000 0.043000
2792.656100 29.999000 0.042000
2792.658320 29.999000 0.043000
2792.660550 29.999000 0.043000
2792.662770 29.999000 0.043000
2792.664990 29.999000 0.042000
2792.667200 29.999000 0.043000
2792.671650 29.999000 0.042000
2792.673870 29.999000 0.044000
2792.749320 29.999000 0.045000
2793.573830 29.999000 0.056000
2793.576040 29.999000 0.053000
2793.578260 29.999000 0.048000
2793.580490 29.999000 0.050000
2793.582700 29.999000 0.053000
2793.584920 29.999000 0.052000
2793.587140 29.999000 0.052000
2793.593800 29.999000 0.047000
2793.596010 29.999000 0.055000
2793.598230 29.999000 0.053000
2793.604880 29.999000 0.045000
2793.607100 29.999000 0.050000
2793.609320 29.999000 0.049000
2793.611540 29.999000 0.052000
2793.613750 29.999000 0.048000
2793.615970 29.999000 0.049000
2793.618200 29.999000 0.046000
2793.620410 29.999000 0.051000
2793.624850 29.999000 0.052000
2793.895590 29.999000 0.061000
2793.897810 29.999000 0.058000
2793.900030 29.999000 0.049000
2793.902250 29.999000 0.059000
2793.904470 29.999000 0.059000
2793.906690 29.999000 0.062000
2793.908900 29.999000 0.054000
2793.911130 29.999000 0.060000
2793.922230 29.999000 0.060000
2793.928890 29.999000 0.060000
2793.931110 29.999000 0.060000
2793.933340 29.999000 0.054000
2793.935560 29.999000 0.059000
2793.937780 29.999000 0.056000
2793.942250 29.999000 0.056000
2793.944470 29.999000 0.050000
2794.732940 29.999000 0.045000
2794.735150 29.999000 0.048000
2794.737370 29.999000 0.050000
2794.739590 29.999000 0.053000
2794.741800 29.999000 0.052000
2794.744030 29.999000 0.050000
2794.746250 29.999000 0.054000
2794.748470 29.999000 0.045000
2794.750690 29.999000 0.051000
2794.752900 29.999000 0.048000
2794.755130 29.999000 0.057000
2794.757350 29.999000 0.055000
2794.759560 29.999000 0.051000
2794.761780 29.999000 0.055000
2794.764000 29.999000 0.048000
2794.766230 29.999000 0.045000
2794.768440 29.999000 0.047000
2794.770670 29.999000 0.055000
2794.772880 29.999000 0.048000
2794.775100 29.999000 0.052000
2794.777330 29.999000 0.051000
2794.779550 29.999000 0.047000
2794.781760 29.999000 0.053000
2794.783980 29.999000 0.048000
2794.786200 29.999000 0.056000
2794.788430 29.999000 0.046000
2794.790650 29.999000 0.055000
2794.792870 29.999000 0.051000
2794.795080 29.999000 0.047000
2794.797300 29.999000 0.051000
2794.801740 29.999000 0.056000
2794.803960 29.999000 0.048000
2794.806180 29.999000 0.055000
2794.808400 29.999000 0.053000
2794.810630 29.999000 0.051000
2794.812840 29.999000 0.053000
2794.815060 29.999000 0.053000
2794.817280 29.999000 0.055000
2794.819490 29.999000 0.045000
2794.821710 29.999000 0.044000
2794.823940 29.999000 0.050000
2794.826150 29.999000 0.049000
2794.828370 29.999000 0.052000
2794.830590 29.999000 0.049000
2794.832800 29.999000 0.048000
2795.745580 29.999000 0.045000
2795.747800 29.999000 0.047000
2795.750010 29.999000 0.047000
2795.752250 29.999000 0.044000
2795.754460 29.999000 0.044000
2795.756680 29.999000 0.049000
2795.758900 29.999000 0.045000
2795.761110 29.999000 0.048000
2795.763340 29.999000 0.047000
2795.765550 29.999000 0.046000
2795.767780 29.999000 0.053000
2795.769990 29.999000 0.049000
2795.772210 29.999000 0.054000
2795.774440 29.999000 0.046000
2795.778870 29.999000 0.056000
2795.792180 29.999000 0.055000
2795.794390 29.999000 0.055000
2795.796610 29.999000 0.048000
2795.801060 29.999000 0.044000
2795.805490 29.999000 0.043000
2795.807710 29.999000 0.045000
2795.809920 29.999000 0.046000
2795.812140 29.999000 0.049000
2795.814370 29.999000 0.047000
2795.816580 29.999000 0.049000
2795.818800 29.999000 0.050000
2795.821020 29.999000 0.051000
2795.823230 29.999000 0.053000
2795.836560 29.999000 0.049000
2795.843210 29.999000 0.051000
2795.847660 29.999000 0.051000
2795.849880 29.999000 0.049000
2795.852090 29.999000 0.049000
2795.854310 29.999000 0.046000
2795.856530 29.999000 0.048000
2795.858740 29.999000 0.049000
2795.860970 29.999000 0.051000
2795.863190 29.999000 0.050000
2795.865410 29.999000 0.050000
2795.867620 29.999000 0.055000
2795.876500 29.999000 0.055000
2795.878720 29.999000 0.051000
2795.898680 29.999000 0.054000
2795.903120 29.999000 0.053000
2795.905330 29.999000 0.050000
2795.907550 29.999000 0.050000
2795.909780 29.999000 0.047000
2795.911990 29.999000 0.049000
2795.914210 29.999000 0.049000
2796.561470 29.999000 0.046000
2796.563690 29.999000 0.047000
2796.565920 29.999000 0.048000
2796.568130 29.999000 0.047000
2796.572570 29.999000 0.047000
2796.574780 29.999000 0.045000
2796.577000 29.999000 0.047000
2796.579230 29.999000 0.046000
2796.581440 29.999000 0.047000
2796.583660 29.999000 0.048000
2796.585880 29.999000 0.047000
2796.588090 29.999000 0.048000
2796.590310 29.999000 0.047000
2796.592540 29.999000 0.047000
2796.594760 29.999000 0.047000
2796.596980 29.999000 0.047000
2796.599200 29.999000 0.046000
2796.601430 29.999000 0.047000
2796.603640 29.999000 0.049000
2796.605860 29.999000 0.047000
2796.608080 29.999000 0.046000
2796.610290 29.999000 0.048000
2796.612510 29.999000 0.049000
2796.614740 29.999000 0.047000
2796.616960 29.999000 0.048000
2796.619170 29.999000 0.047000
2796.621390 29.999000 0.046000
2796.623610 29.999000 0.047000
2796.625840 29.999000 0.047000
2796.628050 29.999000 0.047000
2796.630270 29.999000 0.047000
2796.632490 29.999000 0.047000
2796.634700 29.999000 0.048000
2796.636930 29.999000 0.047000
2796.639160 29.999000 0.048000
2796.641370 29.999000 0.048000
2796.643590 29.999000 0.049000
2796.645810 29.999000 0.048000
2796.648040 29.999000 0.047000
2796.650260 29.999000 0.047000
2796.652480 29.999000 0.048000
2796.654700 29.999000 0.047000
2796.656910 29.999000 0.046000
2796.659140 29.999000 0.047000
2796.661360 29.999000 0.046000
2796.663570 29.999000 0.046000
2796.665790 29.999000 0.047000
2796.668010 29.999000 0.046000
2796.670230 29.999000 0.047000
2796.672450 29.999000 0.046000
2796.674670 29.999000 0.048000
2796.676890 29.999000 0.047000
2796.679110 29.999000 0.046000
2796.681330 29.999000 0.047000
2796.683550 29.999000 0.046000
2796.685770 29.999000 0.046000
2796.687990 29.999000 0.046000
2796.690210 29.999000 0.046000
2796.692440 29.999000 0.044000
2796.694660 29.999000 0.045000
2796.696880 29.999000 0.043000
2796.699100 29.999000 0.045000
2796.701310 29.999000 0.044000
2796.703540 29.999000 0.043000
2796.705760 29.999000 0.044000
2796.707970 29.999000 0.045000
2796.710190 29.999000 0.046000
2796.714630 29.999000 0.046000
2796.716850 29.999000 0.044000
2796.719070 29.999000 0.046000
2796.721290 29.999000 0.045000
2796.723500 29.999000 0.046000
2796.725730 29.999000 0.045000
2796.727950 29.999000 0.046000
2796.730170 29.999000 0.046000
2796.732380 29.999000 0.046000
2796.734600 29.999000 0.048000
2796.736830 29.999000 0.045000
2796.739040 29.999000 0.050000
2796.741260 29.999000 0.047000
2796.743480 29.999000 0.049000
2796.745690 29.999000 0.046000
2796.747910 29.999000 0.045000
2796.750140 29.999000 0.048000
2796.752350 29.999000 0.045000
2796.754570 29.999000 0.049000
2796.756790 29.999000 0.048000
2796.759000 29.999000 0.046000
2796.761220 29.999000 0.048000
2796.763450 29.999000 0.044000
2796.765670 29.999000 0.050000
2796.767880 29.999000 0.043000
2796.770100 29.999000 0.051000
2796.772320 29.999000 0.047000
2796.774540 29.999000 0.052000
2796.776760 29.999000 0.050000
2796.778970 29.999000 0.050000
2796.781190 29.999000 0.051000
2796.783410 29.999000 0.046000
2796.785640 29.999000 0.050000
2796.787860 29.999000 0.051000
2796.790070 29.999000 0.052000
2796.792290 29.999000 0.049000
2796.794500 29.999000 0.048000
2796.796720 29.999000 0.051000
2796.798950 29.999000 0.047000
2796.803390 29.999000 0.047000
2796.805610 29.999000 0.047000
2796.807820 29.999000 0.048000
2796.810050 29.999000 0.050000
2796.812270 29.999000 0.048000
2796.814480 29.999000 0.045000
2796.816700 29.999000 0.049000
2796.818920 29.999000 0.045000
2796.821130 29.999000 0.048000
2796.823360 29.999000 0.045000
2796.827790 29.999000 0.049000
2796.830010 29.999000 0.048000
2796.832230 29.999000 0.049000
2796.834450 29.999000 0.046000
2796.836670 29.999000 0.049000
2796.838880 29.999000 0.046000
2796.841100 29.999000 0.048000
2796.843320 29.999000 0.048000
2796.845550 29.999000 0.048000
2796.847770 29.999000 0.048000
2796.849980 29.999000 0.047000
2796.852200 29.999000 0.049000
2796.854420 29.999000 0.047000
2796.858860 29.999000 0.048000
2796.861080 29.999000 0.049000
2796.863290 29.999000 0.046000
2796.865510 29.999000 0.048000
2796.867730 29.999000 0.047000
2796.869940 29.999000 0.048000
2796.872170 29.999000 0.049000
2796.874390 29.999000 0.048000
2796.876600 29.999000 0.047000
2796.878820 29.999000 0.045000
2796.881040 29.999000 0.047000
2796.883250 29.999000 0.048000
2796.885480 29.999000 0.046000
2796.887700 29.999000 0.046000
2796.889920 29.999000 0.048000
2796.892140 29.999000 0.049000
2796.894370 29.999000 0.048000
2796.896590 29.999000 0.049000
2796.898800 29.999000 0.048000
2796.901020 29.999000 0.048000
2796.903240 29.999000 0.046000
2796.905460 29.999000 0.047000
2796.907680 29.999000 0.047000
2796.909900 29.999000 0.049000
2796.912110 29.999000 0.046000
2796.916550 29.999000 0.047000
2796.918770 29.999000 0.047000
2796.920990 29.999000 0.049000
2796.923210 29.999000 0.047000
2796.925420 29.999000 0.048000
2796.927640 29.999000 0.048000
2796.929870 29.999000 0.047000
2796.932090 29.999000 0.047000
2796.934300 29.999000 0.048000
2796.936520 29.999000 0.046000
2796.938740 29.999000 0.047000
2796.940950 29.999000 0.046000
2796.943180 29.999000 0.046000
2796.945400 29.999000 0.047000
2797.561440 29.999000 0.047000
2797.563660 29.999000 0.047000
2797.565870 29.999000 0.047000
2797.568100 29.999000 0.047000
2797.570330 29.999000 0.048000
2797.572550 29.999000 0.047000
2797.574760 29.999000 0.048000
2797.576990 29.999000 0.048000
2797.581420 29.999000 0.047000
2797.583640 29.999000 0.048000
2797.585860 29.999000 0.047000
2797.588070 29.999000 0.047000
2797.590300 29.999000 0.047000
2797.592520 29.999000 0.048000
2797.594740 29.999000 0.046000
2797.596960 29.999000 0.046000
2797.599170 29.999000 0.048000
2813.904010 29.999000 0.049000
2813.906240 29.999000 0.050000
2813.908460 29.999000 0.046000
2813.910670 29.999000 0.046000
2813.912890 29.999000 0.046000
2813.917320 29.999000 0.045000
2813.921770 29.999000 0.045000
2813.923980 29.999000 0.046000
2813.928420 29.999000 0.047000
2813.930650 29.999000 0.045000
2813.932870 29.999000 0.044000
2813.935090 29.999000 0.045000
2813.937310 29.999000 0.048000
2813.941760 29.999000 0.055000
2814.516140 29.999000 0.045000
2814.518360 29.999000 0.046000
2814.520590 29.999000 0.046000
2814.522810 29.999000 0.047000
2814.525030 29.999000 0.047000
2814.527250 29.999000 0.047000
2814.529470 29.999000 0.048000
2814.531700 29.999000 0.046000
2814.533910 29.999000 0.047000
2814.536130 29.999000 0.048000
2814.538350 29.999000 0.046000
2814.540560 29.999000 0.047000
2814.542780 29.999000 0.047000
2814.545000 29.999000 0.048000
2814.547220 29.999000 0.046000
2814.549440 29.999000 0.046000
2814.551660 29.999000 0.046000
2814.553880 29.999000 0.047000
2814.556110 29.999000 0.048000
2814.558320 29.999000 0.046000
2814.560540 29.999000 0.047000
2814.562760 29.999000 0.047000
2814.564970 29.999000 0.047000
2814.567190 29.999000 0.048000
2814.569420 29.999000 0.047000
2814.571630 29.999000 0.046000
2814.573850 29.999000 0.046000
2814.576070 29.999000 0.045000
2814.578280 29.999000 0.046000
2814.580510 29.999000 0.048000
2814.582730 29.999000 0.047000
2814.584940 29.999000 0.047000
2814.587160 29.999000 0.047000
2814.589370 29.999000 0.047000
2814.591590 29.999000 0.045000
2814.593820 29.999000 0.046000
2814.596030 29.999000 0.048000
2814.598250 29.999000 0.045000
2814.600470 29.999000 0.045000
2814.602680 29.999000 0.045000
2814.604900 29.999000 0.045000
2814.607130 29.999000 0.044000
2814.609340 29.999000 0.045000
2814.611560 29.999000 0.046000
2814.613780 29.999000 0.045000
2814.616000 29.999000 0.046000
2814.618210 29.999000 0.045000
2814.620440 29.999000 0.046000
2814.624870 29.999000 0.043000
2814.627100 29.999000 0.045000
2814.629310 29.999000 0.045000
2814.631540 29.999000 0.045000
2814.633760 29.999000 0.045000
2814.635970 29.999000 0.045000
2814.638190 29.999000 0.045000
2814.640410 29.999000 0.046000
2814.642640 29.999000 0.046000
2814.644860 29.999000 0.045000
2814.647070 29.999000 0.045000
2814.649290 29.999000 0.044000
2814.651510 29.999000 0.045000
2814.653720 29.999000 0.046000
2814.655950 29.999000 0.046000
2814.658170 29.999000 0.045000
2814.660390 29.999000 0.046000
2814.662610 29.999000 0.047000
2814.664820 29.999000 0.047000
2814.667050 29.999000 0.046000
2814.669260 29.999000 0.044000
2814.671480 29.999000 0.047000
2814.673700 29.999000 0.045000
2814.675910 29.999000 0.048000
2814.678130 29.999000 0.046000
2814.680360 29.999000 0.045000
2814.682580 29.999000 0.048000
2814.684790 29.999000 0.047000
2814.687010 29.999000 0.049000
2814.689230 29.999000 0.044000
2814.691460 29.999000 0.048000
2814.693680 29.999000 0.045000
2814.695890 29.999000 0.051000
2814.698110 29.999000 0.046000
2814.700330 29.999000 0.050000
2814.702540 29.999000 0.049000
2814.704770 29.999000 0.047000
2814.706980 29.999000 0.048000
2814.709200 29.999000 0.050000
2814.711420 29.999000 0.051000
2814.713630 29.999000 0.045000
2814.715850 29.999000 0.053000
2814.718080 29.999000 0.052000
2814.720290 29.999000 0.047000
2814.722520 29.999000 0.056000
2814.724730 29.999000 0.044000
2814.729180 29.999000 0.052000
2814.731390 29.999000 0.052000
2814.733610 29.999000 0.051000
2814.735820 29.999000 0.046000
2814.738040 29.999000 0.051000
2814.740260 29.999000 0.045000
2814.742470 29.999000 0.049000
2814.744700 29.999000 0.043000
2814.746920 29.999000 0.049000
2814.749130 29.999000 0.048000
2814.751350 29.999000 0.051000
2814.753570 29.999000 0.054000
2814.758010 29.999000 0.049000
2814.760230 29.999000 0.045000
2814.762450 29.999000 0.051000
2814.764660 29.999000 0.049000
2814.766880 29.999000 0.051000
2814.769110 29.999000 0.051000
2814.771320 29.999000 0.044000
2814.773540 29.999000 0.053000
2814.775760 29.999000 0.047000
2814.777970 29.999000 0.048000
2814.780200 29.999000 0.048000
2814.782420 29.999000 0.051000
2814.784630 29.999000 0.049000
2814.786850 29.999000 0.047000
2814.789070 29.999000 0.048000
2814.791300 29.999000 0.046000
2814.793510 29.999000 0.047000
2814.795730 29.999000 0.046000
2814.797950 29.999000 0.047000
2814.800160 29.999000 0.048000
2814.802380 29.999000 0.047000
2814.804610 29.999000 0.048000
2814.806830 29.999000 0.047000
2814.809040 29.999000 0.047000
2814.811260 29.999000 0.048000
2814.813480 29.999000 0.047000
2814.817920 29.999000 0.049000
2814.820140 29.999000 0.047000
2814.822360 29.999000 0.045000
2814.829200 29.999000 0.047000
2814.836030 29.999000 0.050000
2814.843160 29.999000 0.047000
2814.850070 29.999000 0.050000
2814.856890 29.999000 0.052000
2814.863830 29.999000 0.047000
2814.871330 29.999000 0.049000
2814.883490 29.999000 0.048000
2814.891070 29.999000 0.051000
2814.904140 29.999000 0.045000
2814.911970 29.999000 0.044000
2814.917560 29.999000 0.047000
2814.925600 29.999000 0.046000
2814.931580 29.999000 0.048000
2814.939800 29.999000 0.055000
2815.756050 29.999000 0.047000
2815.758260 29.999000 0.050000
2815.760490 29.999000 0.044000
2815.762710 29.999000 0.050000
2815.764930 29.999000 0.049000
2815.767150 29.999000 0.051000
2815.771600 29.999000 0.046000
2815.773820 29.999000 0.047000
2815.776030 29.999000 0.046000
2815.778250 29.999000 0.048000
2815.780460 29.999000 0.046000
2815.782690 29.999000 0.047000
2815.784910 29.999000 0.047000
2815.787120 29.999000 0.048000
2815.791560 29.999000 0.044000
2815.793770 29.999000 0.047000
2815.796000 29.999000 0.047000
2815.798220 29.999000 0.047000
2815.800430 29.999000 0.048000
2815.802650 29.999000 0.046000
2815.804880 29.999000 0.047000
2815.809390 29.999000 0.045000
2815.813970 29.999000 0.048000
2815.818670 29.999000 0.043000
2815.823240 29.999000 0.047000
2815.827880 29.999000 0.045000
2815.832600 29.999000 0.044000
2815.837260 29.999000 0.046000
2815.841930 29.999000 0.047000
2815.846520 29.999000 0.044000
2815.851270 29.999000 0.044000
2815.858250 29.999000 0.044000
2815.865230 29.999000 0.044000
2815.879270 29.999000 0.044000
2815.886420 29.999000 0.045000
2815.893610 29.999000 0.045000
2815.903130 29.999000 0.050000
2815.912650 29.999000 0.047000
2815.922710 29.999000 0.046000
2815.932700 29.999000 0.043000
2816.697290 29.999000 0.053000
2816.699490 29.999000 0.059000
2816.703890 29.999000 0.057000
2816.706080 29.999000 0.059000
2816.708270 29.999000 0.061000
2816.710470 29.999000 0.062000
2816.721870 29.999000 0.054000
2816.724070 29.999000 0.059000
2816.726260 29.999000 0.058000
2816.728460 29.999000 0.054000
2816.730680 29.999000 0.056000
2816.732880 29.999000 0.056000
2816.735090 29.999000 0.052000
2816.737290 29.999000 0.059000
2816.739500 29.999000 0.054000
2816.741710 29.999000 0.060000
2816.743910 29.999000 0.054000
2816.746100 29.999000 0.060000
2816.748300 29.999000 0.053000
2816.750490 29.999000 0.060000
2816.752680 29.999000 0.057000
2816.754870 29.999000 0.058000
2816.757070 29.999000 0.059000
2816.759270 29.999000 0.052000
2816.763480 29.999000 0.058000
2816.765680 29.999000 0.057000
2816.767880 29.999000 0.056000
2816.770070 29.999000 0.052000
2816.772270 29.999000 0.055000
2816.775170 29.999000 0.053000
2816.778080 29.999000 0.056000
2816.780980 29.999000 0.054000
2816.783890 29.999000 0.053000
2816.786810 29.999000 0.054000
2816.789710 29.999000 0.050000
2816.794390 29.999000 0.050000
2816.799270 29.999000 0.054000
2816.803730 29.999000 0.051000
2816.808320 29.999000 0.051000
2816.822590 29.999000 0.053000
2816.829900 29.999000 0.051000
2816.837070 29.999000 0.055000
2816.844320 29.999000 0.050000
2816.851480 29.999000 0.051000
2816.860880 29.999000 0.053000
2816.870310 29.999000 0.053000
2816.879810 29.999000 0.052000
2816.889330 29.999000 0.054000
2816.898880 29.999000 0.052000
2816.908220 29.999000 0.052000
2816.917840 29.999000 0.050000
2816.927470 29.999000 0.053000
2816.937090 29.999000 0.051000
2819.505650 29.999000 0.046000
2819.507870 29.999000 0.043000
2819.510100 29.999000 0.044000
2819.512320 29.999000 0.043000
2819.517770 29.999000 0.045000
2819.523840 29.999000 0.045000
2819.529760 29.999000 0.042000
2819.535660 29.999000 0.041000
2819.541410 29.999000 0.041000
2819.546990 29.999000 0.041000
2819.552420 29.999000 0.040000
2819.558060 29.999000 0.045000
2819.563600 29.999000 0.043000
2819.569050 29.999000 0.042000
2819.576670 29.999000 0.040000
2819.584120 29.999000 0.041000
2819.591640 29.999000 0.040000
2819.599590 29.999000 0.041000
2819.607420 29.999000 0.039000
2819.615140 29.999000 0.039000
2819.625290 29.999000 0.039000
2819.635560 29.999000 0.039000
2819.645410 29.999000 0.041000
2819.655110 29.999000 0.043000
2819.664710 29.999000 0.040000
2819.674230 29.999000 0.038000
2819.684100 29.999000 0.039000
2819.694090 29.999000 0.038000
2819.703570 29.999000 0.039000
2819.712810 29.999000 0.038000
2819.721940 29.999000 0.040000
2819.731070 29.999000 0.038000
2819.749410 29.999000 0.038000
2819.758570 29.999000 0.038000
2819.767810 29.999000 0.039000
2819.777050 29.999000 0.039000
2819.786320 29.999000 0.039000
2819.795620 29.999000 0.041000
2819.805040 29.999000 0.039000
2819.814480 29.999000 0.041000
2819.823980 29.999000 0.038000
2819.833490 29.999000 0.041000
2819.843080 29.999000 0.042000
2819.852770 29.999000 0.042000
2819.862700 29.999000 0.043000
2819.872420 29.999000 0.047000
2819.882270 29.999000 0.046000
2819.892100 29.999000 0.045000
2819.901570 29.999000 0.047000
2819.911380 29.999000 0.046000
2819.921340 29.999000 0.053000
2820.505210 29.999000 0.044000
2820.515330 29.999000 0.043000
2820.525450 29.999000 0.043000
2820.535390 29.999000 0.043000
2820.545090 29.999000 0.040000
2820.554650 29.999000 0.043000
2820.564850 29.999000 0.040000
2820.575110 29.999000 0.039000
2820.585300 29.999000 0.039000
2820.595260 29.999000 0.040000
2820.605040 29.999000 0.038000
2820.615240 29.999000 0.039000
2820.625670 29.999000 0.039000
2820.635220 29.999000 0.038000
2820.645130 29.999000 0.038000
2820.654870 29.999000 0.039000
2820.664480 29.999000 0.039000
2820.674180 29.999000 0.037000
2820.683540 29.999000 0.040000
2820.693160 29.999000 0.038000
2820.702380 29.999000 0.039000
2820.711910 29.999000 0.039000
2820.721390 29.999000 0.038000
2820.730730 29.999000 0.039000
2820.740170 29.999000 0.039000
2820.749590 29.999000 0.040000
2820.759760 29.999000 0.038000
2820.769050 29.999000 0.039000
2820.778600 29.999000 0.041000
2820.788360 29.999000 0.040000
2820.798070 29.999000 0.041000
2820.807490 29.999000 0.041000
2820.817120 29.999000 0.043000
2820.826860 29.999000 0.042000
2820.836590 29.999000 0.042000
2822.639670 29.999000 0.050000
2822.649460 29.999000 0.047000
2822.659120 29.999000 0.047000
2822.669100 29.999000 0.044000
2822.679180 29.999000 0.045000
2822.688880 29.999000 0.045000
2822.698670 29.999000 0.046000
2822.708240 29.999000 0.048000
2822.717620 29.999000 0.048000
2822.736140 29.999000 0.050000
2826.513840 29.999000 0.039000
2826.524100 29.999000 0.039000
2826.534090 29.999000 0.038000
2826.544590 29.999000 0.038000
2826.555010 29.999000 0.037000
2826.565080 29.999000 0.038000
2826.575190 29.999000 0.037000
2826.584800 29.999000 0.037000
2826.595010 29.999000 0.037000
2826.604970 29.999000 0.037000
2826.614790 29.999000 0.038000
2826.624550 29.999000 0.042000
2826.635310 29.999000 0.047000
2826.645180 29.999000 0.042000
2826.654460 29.999000 0.047000
2826.693120 29.999000 0.046000
2826.702670 29.999000 0.039000
2826.712310 29.999000 0.037000
2826.721710 29.999000 0.037000
2826.731120 29.999000 0.037000
2826.740510 29.999000 0.036000
2826.749990 29.999000 0.047000
2826.759510 29.999000 0.050000
2826.768700 29.999000 0.037000
2826.778070 29.999000 0.038000
2826.787230 29.999000 0.041000
2826.796720 29.999000 0.038000
2826.806570 29.999000 0.038000
2826.815940 29.999000 0.038000
2826.825310 29.999000 0.036000
2826.834880 29.999000 0.039000
2827.554570 29.999000 0.053000
2827.611460 29.999000 0.047000
2829.513300 29.999000 0.042000
2829.523350 29.999000 0.041000
2829.533310 29.999000 0.042000
2829.543610 29.999000 0.047000
2829.553960 29.999000 0.043000
2829.564150 29.999000 0.039000
2829.574490 29.999000 0.046000
2829.594670 29.999000 0.043000
2829.644230 29.999000 0.044000
2829.653540 29.999000 0.051000
2829.662820 29.999000 0.039000
2829.672030 29.999000 0.049000
2829.690360 29.999000 0.042000
2829.708990 29.999000 0.042000
2829.718250 29.999000 0.046000
2829.727450 29.999000 0.042000
2829.736760 29.999000 0.041000
2829.746120 29.999000 0.054000
2829.755420 29.999000 0.043000
2829.764830 29.999000 0.049000
2829.774280 29.999000 0.040000
2829.783880 29.999000 0.044000
2829.793370 29.999000 0.043000
2829.812550 29.999000 0.042000
2829.822120 29.999000 0.044000
2829.831760 29.999000 0.040000
2829.841410 29.999000 0.043000
2829.851410 29.999000 0.052000
2829.861090 29.999000 0.041000
2829.870820 29.999000 0.038000
2829.880600 29.999000 0.041000
