2025.713020 13.930000 0.060000
2026.743400 14.007000 0.062000
2032.725850 14.066000 0.057000
2033.715550 14.186000 0.052000
2068.690900 13.737000 0.052000
2069.650230 14.264000 0.065000
2189.504910 13.685000 0.066000
2879.554370 14.257000 0.035000
3071.884720 13.676000 0.042000
1932.859660 12.886000 0.044000
1940.863440 12.275000 0.040000
1947.838070 12.319000 0.050000
1953.820420 12.179000 0.039000
1954.839650 12.161000 0.050000
1961.846200 12.240000 0.041000
1963.838120 12.269000 0.039000
1965.826400 12.302000 0.035000
1967.831180 12.421000 0.038000
1977.767660 12.446000 0.047000
1979.788350 12.618000 0.051000
1981.805060 12.818000 0.044000
1985.912830 12.977000 0.054000
1994.738870 13.190000 0.049000
2030.728490 13.822000 0.061000
2031.734190 14.213000 0.058000
2082.633220 13.734000 0.057000
2085.606030 13.626000 0.041000
2102.558400 12.907000 0.052000
2103.575830 12.644000 0.052000
2104.575610 12.674000 0.052000
2105.568080 12.626000 0.060000
2106.574510 12.679000 0.048000
2109.567230 12.575000 0.053000
2115.531810 12.388000 0.046000
2116.539790 12.278000 0.056000
2117.536370 12.507000 0.053000
2124.515920 12.338000 0.052000
2125.541460 12.246000 0.051000
2128.515810 12.259000 0.054000
2130.508050 12.301000 0.059000
2131.541130 12.300000 0.051000
2133.495130 12.254000 0.045000
2156.532100 12.498000 0.059000
2169.507450 12.864000 0.059000
2172.533260 12.974000 0.057000
2177.491740 13.179000 0.054000
2180.497520 13.195000 0.057000
2440.630710 13.639000 0.026000
2442.627140 13.537000 0.028000
2445.606910 13.343000 0.037000
2446.627440 13.285000 0.038000
2452.591730 13.132000 0.044000
2459.559660 12.786000 0.047000
2464.582360 12.449000 0.030000
2465.583730 12.365000 0.032000
2467.578020 12.482000 0.029000
2468.574860 12.280000 0.028000
2469.569100 12.363000 0.036000
2473.520420 12.284000 0.036000
2481.528370 12.522000 0.042000
2482.547570 12.317000 0.054000
2486.536460 12.476000 0.042000
2488.532820 12.048000 0.057000
2491.514260 12.232000 0.044000
2493.525250 12.206000 0.041000
2495.505750 12.220000 0.046000
2497.499680 12.213000 0.040000
2498.533430 12.350000 0.035000
2506.476750 12.879000 0.050000
2508.546290 12.532000 0.037000
2524.494710 13.433000 0.052000
2535.534640 13.561000 0.052000
2700.858290 13.559000 0.042000
2757.752800 14.023000 0.039000
2782.802760 13.116000 0.045000
2784.702480 12.924000 0.038000
2786.642020 12.834000 0.040000
2787.795960 12.805000 0.039000
2791.621040 12.814000 0.042000
2794.697210 12.732000 0.042000
2809.673110 12.190000 0.039000
2810.814750 12.223000 0.043000
2813.794300 12.028000 0.048000
2834.702570 12.250000 0.039000
2836.569810 12.136000 0.032000
2851.638080 12.383000 0.034000
2854.526970 12.665000 0.028000
2860.521340 12.925000 0.031000
2861.691710 13.111000 0.035000
2866.553000 13.338000 0.040000
2867.683830 13.479000 0.042000
2875.562550 13.994000 0.051000
2898.567710 14.169000 0.043000
2909.549040 14.069000 0.043000
3035.872690 13.450000 0.042000
3057.805080 13.959000 0.042000
3060.874950 13.783000 0.038000
3064.863180 14.046000 0.041000
3096.878360 13.788000 0.042000
3108.901320 13.842000 0.038000
3111.783130 13.874000 0.041000
3116.757850 13.777000 0.039000
3122.759770 13.302000 0.038000
3124.812650 13.384000 0.037000
3126.793360 13.309000 0.045000
3128.778740 13.119000 0.038000
3144.813150 12.418000 0.040000
3156.652000 12.386000 0.042000
3163.747170 12.645000 0.042000
3165.770510 12.814000 0.044000
3168.786040 12.672000 0.039000
3175.727880 12.838000 0.041000
3178.597760 13.003000 0.037000
3189.570810 13.376000 0.039000
3191.696260 13.535000 0.047000
3299.502230 13.985000 0.050000
3412.861830 14.138000 0.047000
3454.881780 13.827000 0.042000
3467.823560 13.268000 0.040000
3470.805600 13.233000 0.047000
3473.793270 12.878000 0.038000
3476.788310 12.687000 0.065000
3478.815080 12.639000 0.042000
3480.842420 13.017000 0.058000
3497.823120 12.423000 0.040000
3499.912420 12.309000 0.066000
3499.915700 12.370000 0.053000
3499.918210 12.371000 0.057000
3499.923240 12.303000 0.053000
3499.925760 12.368000 0.065000
3499.928280 12.494000 0.055000
3499.930840 12.324000 0.047000
3499.935050 12.353000 0.064000
3499.937440 12.470000 0.048000
3500.591640 12.432000 0.049000
3500.685500 12.340000 0.060000
3500.714560 12.386000 0.063000
3500.798260 12.345000 0.047000
3500.827240 12.454000 0.059000
3501.559950 12.427000 0.047000
3501.653180 12.341000 0.047000
3501.682930 12.445000 0.061000
3501.690800 13.275000 0.052000
3501.741410 12.477000 0.062000
3502.547790 12.439000 0.049000
3502.578190 12.394000 0.046000
3502.609120 12.431000 0.060000
3502.640150 12.464000 0.051000
3502.736660 12.469000 0.063000
3502.797390 12.345000 0.047000
3503.555070 12.374000 0.045000
3503.584120 12.459000 0.046000
3503.645580 12.435000 0.056000
3503.673390 12.449000 0.055000
3503.759160 12.390000 0.042000
3503.791700 12.645000 0.045000
3503.820870 12.386000 0.048000
3509.755860 12.471000 0.042000
3511.818770 12.395000 0.052000
3524.726160 12.833000 0.062000
3540.509000 13.321000 0.065000
3543.652360 13.228000 0.041000
3555.719320 13.743000 0.041000
3558.727130 13.960000 0.064000
3576.620530 14.115000 0.063000
3587.709780 13.813000 0.042000
3619.542530 14.089000 0.047000
3632.547960 13.677000 0.040000
3639.528610 13.669000 0.036000
3642.534290 13.600000 0.046000
3646.526440 13.519000 0.039000
3653.515340 13.031000 0.045000
3657.515940 12.810000 0.042000
3660.497670 12.778000 0.044000
3668.496420 12.219000 0.051000
3774.861290 13.767000 0.043000
3794.866720 13.143000 0.051000
3797.878860 13.093000 0.047000
3834.830620 11.852000 0.057000
3836.843660 11.951000 0.052000
3850.854660 12.046000 0.049000
3862.717120 12.190000 0.044000
3864.708550 12.202000 0.057000
3871.753500 12.391000 0.042000
3880.727820 12.723000 0.046000
3891.636740 13.359000 0.058000
3893.678870 13.432000 0.050000
3901.704680 13.834000 0.052000
3903.721660 13.650000 0.049000
3905.713590 13.738000 0.062000
4700.586880 13.512000 0.052000
2040.768550 13.881000 0.067000
2054.688070 14.228000 0.071000
3590.547460 14.286000 0.073000
1998.809910 13.129000 0.060000
2052.683140 13.900000 0.073000
2058.668630 14.044000 0.076000
2081.617600 13.750000 0.067000
2087.605010 13.389000 0.068000
2096.585340 13.255000 0.069000
2185.498830 13.502000 0.080000
2194.485920 14.144000 0.069000
2512.626140 12.561000 0.047000
3160.738650 12.783000 0.049000
3489.799620 12.496000 0.073000
3491.821600 12.363000 0.070000
3499.904900 12.316000 0.080000
3499.907370 12.314000 0.074000
3499.909900 12.363000 0.070000
3499.920750 12.391000 0.068000
3500.653330 12.423000 0.073000
3500.741540 12.434000 0.086000
3500.769290 12.370000 0.076000
3500.856800 12.400000 0.084000
3500.887420 12.384000 0.078000
3501.623720 12.463000 0.070000
3501.712640 12.381000 0.071000
3501.770590 12.472000 0.073000
3501.802160 12.276000 0.054000
3502.671060 12.476000 0.071000
3502.702350 12.349000 0.073000
3502.766830 12.469000 0.083000
3502.827560 12.323000 0.074000
3503.614110 12.414000 0.069000
3503.702130 12.439000 0.072000
3503.733880 12.355000 0.077000
3503.761500 12.350000 0.069000
3503.851300 12.329000 0.056000
3520.668780 12.694000 0.084000
3522.698250 12.694000 0.081000
3526.746160 12.787000 0.073000
3528.749260 12.905000 0.088000
3560.734020 13.791000 0.085000
3578.624860 14.041000 0.076000
3802.839720 13.033000 0.076000
3805.877720 12.850000 0.080000
3874.839080 12.598000 0.067000
3882.785760 12.867000 0.086000
1995.816260 29.999000 0.054000
1996.812790 29.999000 0.055000
2016.761980 29.999000 0.052000
2027.736170 29.999000 0.061000
2056.673680 29.999000 0.075000
2059.713420 29.999000 0.060000
2559.490510 29.999000 0.052000
2712.838770 29.999000 0.040000
2736.769530 29.999000 0.040000
2766.822810 29.999000 0.043000
2900.559690 29.999000 0.041000
3043.851020 29.999000 0.042000
3068.840670 29.999000 0.045000
3089.841470 29.999000 0.041000
3092.829890 29.999000 0.035000
3101.802180 29.999000 0.041000
3419.848960 29.999000 0.053000
3442.888950 29.999000 0.048000
3457.796760 29.999000 0.076000
3462.783390 29.999000 0.045000
3516.728870 29.999000 0.052000
3604.526700 29.999000 0.061000
3616.624960 29.999000 0.046000
3907.723210 29.999000 0.039000
1926.878340 29.999000 0.049000
2009.715730 29.999000 0.058000
2014.748760 29.999000 0.060000
2053.694180 29.999000 0.070000
2055.672480 29.999000 0.074000
2057.669520 29.999000 0.058000
2070.638290 29.999000 0.076000
2086.609680 29.999000 0.061000
2526.530110 29.999000 0.051000
2706.810450 29.999000 0.036000
2723.894840 29.999000 0.041000
2725.812810 29.999000 0.040000
2732.804310 29.999000 0.040000
2734.776290 29.999000 0.040000
2738.802070 29.999000 0.038000
2750.822980 29.999000 0.042000
2755.742180 29.999000 0.035000
2759.802030 29.999000 0.040000
2761.739280 29.999000 0.039000
2877.556490 29.999000 0.042000
2892.582080 29.999000 0.049000
2894.558930 29.999000 0.041000
2904.549280 29.999000 0.053000
2906.547610 29.999000 0.043000
2915.513790 29.999000 0.044000
2917.541320 29.999000 0.039000
2922.495610 29.999000 0.043000
2924.514530 29.999000 0.041000
2927.523060 29.999000 0.038000
2930.503780 29.999000 0.041000
2933.497610 29.999000 0.040000
2935.506030 29.999000 0.041000
3053.839430 29.999000 0.042000
3079.823860 29.999000 0.043000
3086.861710 29.999000 0.042000
3098.855220 29.999000 0.041000
3106.846640 29.999000 0.040000
3113.840980 29.999000 0.036000
3270.502510 29.999000 0.039000
3408.862630 29.999000 0.042000
3415.877260 29.999000 0.045000
3423.847340 29.999000 0.088000
3426.855270 29.999000 0.068000
3445.859390 29.999000 0.043000
3464.888060 29.999000 0.068000
3537.761490 29.999000 0.067000
3550.683560 29.999000 0.074000
3552.725050 29.999000 0.077000
3563.537750 29.999000 0.068000
3571.574680 29.999000 0.040000
3583.639060 29.999000 0.068000
3585.701240 29.999000 0.047000
3592.556890 29.999000 0.089000
3599.630230 29.999000 0.039000
3602.489170 29.999000 0.079000
3608.499680 29.999000 0.071000
3626.555110 29.999000 0.035000
3630.539040 29.999000 0.037000
3635.527100 29.999000 0.055000
3909.795210 29.999000 0.046000
3913.769030 29.999000 0.046000
4254.708130 29.999000 0.058000
4256.752210 29.999000 0.042000
4258.814100 29.999000 0.047000
4615.849920 29.999000 0.037000
2030.745210 13.993000 0.052000
2031.754070 13.986000 0.053000
2057.691900 14.294000 0.063000
2068.715890 14.186000 0.063000
2900.565570 14.243000 0.038000
2909.552090 14.080000 0.044000
3193.619230 13.665000 0.062000
3194.518680 13.818000 0.058000
3194.608190 13.712000 0.059000
3194.662790 13.909000 0.064000
3194.714570 13.441000 0.065000
3212.549630 13.939000 0.041000
3212.599640 13.849000 0.051000
3212.614710 13.506000 0.033000
3212.617230 13.752000 0.045000
3212.705460 13.479000 0.041000
3212.755990 13.597000 0.033000
3212.761070 13.714000 0.034000
3298.517010 14.173000 0.030000
3562.574260 13.836000 0.044000
3599.633730 14.362000 0.037000
4292.627950 14.169000 0.035000
4296.629960 14.004000 0.037000
4612.757470 14.144000 0.042000
4729.529850 13.572000 0.054000
3193.638800 11.999000 0.062000
3193.641310 12.651000 0.064000
1937.884940 12.516000 0.042000
1940.884420 12.426000 0.041000
1947.863910 12.254000 0.046000
1953.854830 12.275000 0.038000
1961.870880 12.274000 0.040000
1963.858440 12.310000 0.043000
1967.848610 12.253000 0.039000
1981.820090 12.587000 0.046000
1982.783650 12.640000 0.046000
2025.733090 13.766000 0.054000
2027.753740 13.834000 0.057000
2085.624220 13.652000 0.050000
2086.627900 13.668000 0.060000
2088.622030 13.564000 0.064000
2102.576820 12.819000 0.052000
2103.594300 12.853000 0.055000
2104.594210 12.822000 0.055000
2105.591060 12.807000 0.058000
2106.593000 12.771000 0.048000
2109.587970 12.525000 0.038000
2115.550360 12.408000 0.046000
2116.562820 12.485000 0.051000
2117.557170 12.358000 0.052000
2124.533090 12.285000 0.047000
2125.551080 12.209000 0.046000
2128.532270 12.284000 0.046000
2129.542410 12.287000 0.051000
2130.553880 12.251000 0.048000
2131.535030 12.341000 0.047000
2133.511600 12.311000 0.047000
2156.523720 12.543000 0.060000
2171.498480 13.004000 0.058000
2184.549110 13.470000 0.069000
2193.490930 13.826000 0.072000
2441.652270 13.420000 0.027000
2446.645620 13.180000 0.035000
2454.620190 13.158000 0.033000
2460.629780 12.637000 0.026000
2463.604070 12.502000 0.037000
2464.600850 12.382000 0.033000
2465.602240 12.442000 0.037000
2466.593790 12.399000 0.030000
2467.596480 12.458000 0.028000
2468.593410 12.388000 0.030000
2469.589840 12.337000 0.037000
2473.548290 12.310000 0.037000
2481.549200 12.242000 0.047000
2482.581100 12.259000 0.048000
2486.555120 12.244000 0.048000
2489.546310 12.104000 0.038000
2490.552850 12.279000 0.044000
2493.543970 12.291000 0.044000
2494.547210 12.139000 0.043000
2495.546080 12.209000 0.046000
2497.552850 12.233000 0.031000
2498.529580 12.269000 0.033000
2499.529920 12.267000 0.030000
2501.521460 12.301000 0.050000
2508.558570 12.415000 0.040000
2548.532450 13.841000 0.044000
2683.850330 13.297000 0.041000
2686.857770 13.156000 0.039000
2689.853350 13.222000 0.040000
2697.853380 13.580000 0.036000
2700.883100 13.729000 0.041000
2703.853830 13.732000 0.036000
2714.855650 13.826000 0.035000
2726.847510 14.335000 0.035000
2754.779410 14.025000 0.034000
2763.758330 14.007000 0.037000
2768.798030 13.800000 0.034000
2786.662130 12.912000 0.039000
2787.804960 12.972000 0.040000
2791.648410 12.704000 0.035000
2808.693000 12.294000 0.034000
2809.826740 12.199000 0.044000
2811.699790 12.212000 0.045000
2812.845790 12.148000 0.040000
2816.839350 12.194000 0.048000
2820.569530 12.072000 0.027000
2822.641830 12.024000 0.034000
2836.581560 12.198000 0.029000
2841.645200 12.337000 0.029000
2851.640970 12.667000 0.029000
2853.758650 12.629000 0.031000
2861.544440 12.922000 0.029000
2866.661440 13.575000 0.040000
2867.723980 13.433000 0.038000
2877.566430 13.689000 0.038000
3112.795610 13.602000 0.037000
3118.865910 13.842000 0.032000
3122.797240 13.786000 0.036000
3124.851310 13.730000 0.031000
3128.810700 13.262000 0.037000
3142.891380 12.579000 0.036000
3146.680820 12.407000 0.034000
3153.745240 12.451000 0.036000
3162.670350 12.591000 0.039000
3164.713400 12.699000 0.043000
3167.728100 12.720000 0.034000
3169.702410 12.960000 0.042000
3175.815260 12.776000 0.036000
3178.632280 13.127000 0.034000
3180.730040 13.064000 0.036000
3183.718980 13.007000 0.038000
3192.742930 13.398000 0.068000
3192.745420 13.550000 0.066000
3192.747950 13.634000 0.065000
3193.559460 13.262000 0.045000
3193.604320 13.364000 0.040000
3193.606780 13.350000 0.061000
3193.609260 13.504000 0.039000
3193.611750 13.521000 0.062000
3193.614240 13.549000 0.036000
3193.616730 13.557000 0.037000
3193.621720 13.941000 0.062000
3193.634010 12.226000 0.046000
3193.648830 13.375000 0.042000
3193.651360 13.524000 0.062000
3193.656140 13.593000 0.041000
3193.660710 13.341000 0.064000
3193.663160 13.778000 0.061000
3193.668220 13.798000 0.039000
3193.670720 13.602000 0.061000
3193.673220 13.383000 0.062000
3193.675720 13.461000 0.044000
3193.678250 13.669000 0.040000
3193.680850 13.390000 0.064000
3193.683350 13.406000 0.065000
3193.685830 13.521000 0.064000
3193.693390 13.424000 0.065000
3193.695940 13.495000 0.048000
3193.698440 13.681000 0.065000
3193.700940 13.592000 0.066000
3193.705960 13.442000 0.046000
3193.713230 13.370000 0.065000
3193.715730 13.393000 0.068000
3193.718220 13.571000 0.068000
3193.720720 13.834000 0.068000
3193.723220 13.427000 0.069000
3193.725710 13.591000 0.046000
3193.728210 13.732000 0.066000
3193.738230 13.517000 0.050000
3193.740740 13.561000 0.064000
3193.743290 13.535000 0.051000
3193.745790 13.450000 0.066000
3193.748290 13.722000 0.066000
3193.750820 13.630000 0.065000
3193.760680 13.812000 0.063000
3193.765720 13.677000 0.046000
3193.768230 13.653000 0.067000
3194.493700 13.739000 0.065000
3194.508670 13.471000 0.063000
3194.511170 13.705000 0.046000
3194.516170 13.704000 0.057000
3194.521180 13.471000 0.039000
3194.526200 13.707000 0.062000
3194.528710 13.307000 0.038000
3194.533700 13.535000 0.042000
3194.538700 13.417000 0.061000
3194.541200 13.423000 0.057000
3194.543680 13.833000 0.057000
3194.546200 13.505000 0.039000
3194.548700 13.640000 0.056000
3194.551200 13.496000 0.058000
3194.553690 13.327000 0.058000
3194.556210 13.595000 0.059000
3194.558720 13.585000 0.058000
3194.561240 13.629000 0.058000
3194.563740 13.375000 0.058000
3194.568520 13.695000 0.058000
3194.580800 13.520000 0.058000
3194.583330 13.362000 0.058000
3194.585860 13.592000 0.057000
3194.588360 13.426000 0.057000
3194.595660 13.658000 0.056000
3194.598160 13.405000 0.056000
3194.600680 13.480000 0.059000
3194.603200 13.615000 0.058000
3194.605700 13.821000 0.062000
3194.610690 13.572000 0.058000
3194.613980 13.560000 0.058000
3194.617970 13.189000 0.064000
3194.620500 13.834000 0.060000
3194.623010 13.677000 0.062000
3194.625510 13.724000 0.058000
3194.630510 13.614000 0.059000
3194.633010 13.596000 0.062000
3194.635510 13.409000 0.060000
3194.638000 13.473000 0.062000
3194.640520 13.564000 0.059000
3194.645300 13.770000 0.061000
3194.650300 13.762000 0.063000
3194.652790 13.459000 0.065000
3194.655290 13.771000 0.061000
3194.657790 13.649000 0.064000
3194.660290 13.570000 0.062000
3194.665290 13.751000 0.062000
3194.667800 13.339000 0.066000
3194.672790 13.821000 0.063000
3194.675300 13.554000 0.066000
3194.677800 13.818000 0.062000
3194.680290 13.574000 0.067000
3194.682790 13.555000 0.063000
3194.699650 13.539000 0.067000
3194.707080 13.647000 0.062000
3194.709580 13.478000 0.067000
3194.722070 13.755000 0.069000
3194.724580 13.616000 0.064000
3194.727080 13.520000 0.066000
3194.732100 13.580000 0.065000
3194.737100 13.378000 0.064000
3194.739600 13.665000 0.067000
3194.744600 13.395000 0.065000
3194.747090 13.496000 0.061000
3194.749590 13.364000 0.062000
3194.754610 13.432000 0.062000
3212.492030 14.162000 0.044000
3212.509640 13.634000 0.037000
3212.512140 13.876000 0.031000
3212.514620 13.729000 0.031000
3212.517140 13.788000 0.040000
3212.524650 13.752000 0.038000
3212.534740 14.133000 0.039000
3212.544850 13.936000 0.041000
3212.554430 13.726000 0.033000
3212.556940 13.893000 0.046000
3212.577060 13.808000 0.054000
3212.582120 13.569000 0.043000
3212.587120 13.442000 0.048000
3212.609680 13.802000 0.049000
3212.642480 13.661000 0.033000
3212.644990 13.709000 0.045000
3212.650060 13.930000 0.031000
3212.657600 13.845000 0.040000
3212.660110 13.686000 0.042000
3212.665150 13.967000 0.034000
3212.667680 13.679000 0.031000
3212.680220 13.665000 0.043000
3212.682730 13.928000 0.035000
3212.687790 14.027000 0.047000
3212.690320 14.008000 0.030000
3212.695370 13.806000 0.046000
3212.702920 13.638000 0.032000
3212.712960 13.897000 0.039000
3212.715460 13.924000 0.030000
3212.720490 13.792000 0.041000
3212.723040 13.816000 0.031000
3212.740810 14.198000 0.041000
3212.743350 13.862000 0.033000
3212.745840 13.725000 0.031000
3212.750880 13.846000 0.030000
3212.771320 13.623000 0.031000
3273.594610 14.096000 0.042000
3417.872660 13.920000 0.043000
3446.870520 14.084000 0.040000
3463.799300 13.862000 0.038000
3466.825370 13.592000 0.040000
3469.816960 13.248000 0.043000
3477.857850 12.786000 0.081000
3491.855890 12.412000 0.041000
3499.750920 12.331000 0.040000
3508.839680 12.475000 0.033000
3511.709030 12.466000 0.034000
3516.752440 12.472000 0.044000
3522.729640 12.825000 0.057000
3526.780450 12.713000 0.064000
3537.764150 13.175000 0.055000
3547.745230 13.293000 0.062000
3554.711770 13.594000 0.039000
3556.773410 13.666000 0.040000
3564.611700 13.979000 0.033000
3576.556650 14.035000 0.049000
3578.585800 14.120000 0.048000
3583.642220 14.127000 0.039000
3590.553850 13.992000 0.042000
3629.610500 13.576000 0.039000
3637.593440 13.821000 0.042000
3641.543910 13.703000 0.045000
3643.584470 13.470000 0.044000
3647.539520 13.477000 0.034000
3656.546600 12.948000 0.038000
3659.522730 12.665000 0.043000
3664.535700 12.443000 0.060000
3669.497610 12.195000 0.044000
3672.501530 12.155000 0.041000
3675.500640 12.264000 0.039000
3795.856640 13.069000 0.040000
3806.866760 12.990000 0.040000
3824.845150 12.333000 0.051000
3827.834260 12.249000 0.045000
3851.774540 12.083000 0.044000
3861.748720 12.389000 0.048000
3863.783010 12.274000 0.056000
3865.767830 12.252000 0.038000
3867.770100 12.389000 0.064000
3872.776320 12.479000 0.048000
3881.747420 12.813000 0.039000
3886.751810 12.957000 0.057000
3892.719770 13.437000 0.038000
3894.714120 13.432000 0.036000
3901.721960 13.743000 0.050000
3903.731890 13.908000 0.060000
3909.851300 13.846000 0.051000
4139.878070 13.460000 0.055000
4146.877520 13.076000 0.053000
4151.881550 12.729000 0.040000
4155.877090 12.380000 0.060000
4159.855550 12.335000 0.050000
4174.834820 12.150000 0.055000
4177.864400 12.349000 0.070000
4190.846370 12.309000 0.040000
4193.811370 12.426000 0.044000
4204.854260 12.753000 0.040000
4208.814610 12.910000 0.040000
4213.835790 13.028000 0.039000
4216.833780 13.157000 0.039000
4227.805040 13.621000 0.043000
4229.805010 13.450000 0.051000
4231.804120 13.616000 0.041000
4233.814130 13.798000 0.040000
4235.850270 13.836000 0.046000
4258.657250 14.129000 0.034000
4269.743750 14.348000 0.049000
4290.652670 14.197000 0.035000
4298.635330 13.980000 0.036000
4300.601160 13.917000 0.039000
4302.649470 13.883000 0.040000
4304.592470 13.997000 0.034000
4311.621070 13.870000 0.048000
4316.679590 13.615000 0.037000
4319.662520 13.328000 0.042000
4329.647170 13.113000 0.037000
4331.577810 12.884000 0.040000
4337.501750 12.893000 0.038000
4339.677820 12.851000 0.040000
4342.509870 12.731000 0.049000
4344.523990 12.827000 0.051000
4346.527500 12.807000 0.044000
4348.547690 12.762000 0.047000
4350.552020 12.865000 0.044000
4352.565320 12.710000 0.033000
4355.568800 12.778000 0.040000
4357.579400 12.816000 0.035000
4364.492280 12.840000 0.034000
4367.589900 12.903000 0.037000
4372.532540 12.963000 0.044000
4375.557600 13.056000 0.037000
4377.564620 13.020000 0.044000
4379.578170 13.222000 0.056000
4385.514670 13.176000 0.040000
4392.502470 13.291000 0.042000
4402.498450 13.630000 0.061000
4503.881710 12.075000 0.054000
4507.875970 12.212000 0.057000
4511.873950 12.150000 0.049000
4518.850720 12.056000 0.045000
4521.886010 12.068000 0.042000
4529.849380 12.087000 0.041000
4533.870300 12.198000 0.033000
4537.833330 12.229000 0.043000
4540.863680 12.361000 0.044000
4550.826780 12.716000 0.041000
4559.824460 13.079000 0.042000
4562.831180 13.154000 0.045000
4565.816110 13.358000 0.047000
4568.809160 13.606000 0.048000
4571.775080 13.684000 0.035000
4573.811160 13.670000 0.040000
4583.791300 13.768000 0.039000
4586.821040 13.709000 0.042000
4589.759270 13.929000 0.047000
4594.842540 13.858000 0.038000
4597.720160 14.112000 0.036000
4601.766880 14.097000 0.043000
4610.755630 14.049000 0.055000
4624.835150 14.049000 0.038000
4642.748100 13.895000 0.052000
4644.768980 14.132000 0.058000
4647.598210 14.029000 0.053000
4649.664820 13.868000 0.042000
4653.673090 13.827000 0.036000
4657.656180 13.876000 0.037000
4664.607870 13.525000 0.038000
4666.628950 13.728000 0.036000
4670.596450 13.919000 0.042000
4672.626280 13.743000 0.039000
4675.665500 13.835000 0.041000
4678.662330 13.774000 0.049000
4681.579400 13.752000 0.052000
4683.578410 13.735000 0.036000
4685.558920 13.738000 0.044000
4697.532340 13.610000 0.033000
4701.548080 13.559000 0.038000
4703.555110 13.560000 0.038000
4705.588240 13.441000 0.042000
4720.580180 13.684000 0.052000
4726.537360 13.728000 0.051000
4870.876960 12.683000 0.044000
4883.871910 13.045000 0.047000
1954.862040 12.167000 0.057000
1979.840000 12.508000 0.052000
1980.816690 12.410000 0.051000
1994.773040 13.041000 0.053000
1996.830080 13.115000 0.060000
2096.640730 12.994000 0.057000
2167.478780 12.696000 0.063000
2452.612290 13.201000 0.045000
2826.647200 11.924000 0.042000
3193.549450 13.530000 0.070000
3193.556940 13.685000 0.069000
3193.646310 13.469000 0.052000
3194.476190 13.395000 0.053000
3480.779410 12.679000 0.067000
3524.759180 12.866000 0.075000
3634.556730 13.858000 0.065000
3662.507740 12.551000 0.054000
3791.859490 13.504000 0.068000
3799.851310 13.330000 0.073000
3803.857120 12.918000 0.043000
3813.876990 12.586000 0.067000
3818.824220 12.399000 0.066000
3821.854160 12.474000 0.062000
3830.842300 12.010000 0.065000
3833.807330 12.032000 0.058000
3836.814630 11.931000 0.040000
3853.833260 11.986000 0.072000
3856.757020 12.166000 0.082000
3905.723780 13.855000 0.077000
4166.889160 12.196000 0.052000
4180.868860 12.437000 0.054000
4202.820650 12.641000 0.046000
4546.857080 12.463000 0.065000
4710.564580 13.208000 0.064000
4746.507720 13.980000 0.065000
4767.501820 13.922000 0.065000
4891.870250 13.053000 0.052000
4916.826940 14.024000 0.052000
4919.847240 13.954000 0.053000
4967.831680 14.197000 0.050000
4973.781710 14.029000 0.047000
5012.699850 13.634000 0.046000
5014.641290 13.492000 0.044000
5021.651830 13.304000 0.043000
5023.652620 13.257000 0.047000
5031.604210 13.113000 0.042000
5084.555800 12.909000 0.053000
2033.734560 29.999000 0.047000
2037.638420 29.999000 0.053000
2054.708560 29.999000 0.071000
2056.693770 29.999000 0.069000
2058.688710 29.999000 0.074000
2069.670470 29.999000 0.064000
2560.498060 29.999000 0.044000
2706.835420 29.999000 0.035000
2719.833500 29.999000 0.037000
2724.903390 29.999000 0.037000
2737.806380 29.999000 0.035000
2741.786570 29.999000 0.037000
2751.844630 29.999000 0.037000
2757.833370 29.999000 0.035000
2761.770820 29.999000 0.036000
2872.527290 29.999000 0.041000
2888.510950 29.999000 0.041000
2904.552330 29.999000 0.050000
2929.501450 29.999000 0.037000
2931.517010 29.999000 0.039000
3099.810820 29.999000 0.035000
3115.780930 29.999000 0.037000
3191.739000 29.999000 0.060000
3193.631500 29.999000 0.062000
3193.710740 29.999000 0.048000
3193.753310 29.999000 0.047000
3193.755830 29.999000 0.046000
3193.770730 29.999000 0.045000
3193.778320 29.999000 0.062000
3193.793180 29.999000 0.063000
3194.503670 29.999000 0.043000
3194.593140 29.999000 0.058000
3194.704640 29.999000 0.068000
3194.717060 29.999000 0.068000
3207.668760 29.999000 0.038000
3207.676370 29.999000 0.036000
3207.686500 29.999000 0.040000
3207.694110 29.999000 0.033000
3207.696610 29.999000 0.034000
3212.489600 29.999000 0.039000
3212.497040 29.999000 0.042000
3212.502090 29.999000 0.040000
3212.504600 29.999000 0.036000
3212.519640 29.999000 0.031000
3212.537250 29.999000 0.042000
3212.542330 29.999000 0.032000
3212.559470 29.999000 0.032000
3212.697890 29.999000 0.046000
3212.700400 29.999000 0.043000
3212.717960 29.999000 0.040000
3457.875050 29.999000 0.075000
3571.599780 29.999000 0.035000
3573.784940 29.999000 0.047000
3587.712940 29.999000 0.040000
3603.691140 29.999000 0.036000
3774.884540 29.999000 0.042000
2026.763470 29.999000 0.053000
2080.567510 29.999000 0.068000
2082.649230 29.999000 0.059000
2083.635720 29.999000 0.063000
2087.625550 29.999000 0.062000
2524.602280 29.999000 0.052000
2710.880490 29.999000 0.036000
2739.795680 29.999000 0.039000
2743.784660 29.999000 0.040000
2894.561990 29.999000 0.051000
2898.570780 29.999000 0.047000
2906.550650 29.999000 0.043000
2921.546630 29.999000 0.038000
2933.523660 29.999000 0.037000
3062.859500 29.999000 0.044000
3070.849050 29.999000 0.036000
3074.842000 29.999000 0.036000
3089.881440 29.999000 0.038000
3193.665710 29.999000 0.062000
3193.690890 29.999000 0.046000
3193.703430 29.999000 0.043000
3193.730720 29.999000 0.053000
3193.773240 29.999000 0.043000
3193.788150 29.999000 0.042000
3193.790670 29.999000 0.039000
3194.575800 29.999000 0.058000
3194.578300 29.999000 0.057000
3194.776230 29.999000 0.063000
3194.778740 29.999000 0.060000
3207.666200 29.999000 0.048000
3207.671300 29.999000 0.033000
3207.678900 29.999000 0.041000
3207.681440 29.999000 0.034000
3207.683990 29.999000 0.035000
3212.499570 29.999000 0.030000
3212.507110 29.999000 0.040000
3212.522150 29.999000 0.041000
3212.539790 29.999000 0.039000
3212.564520 29.999000 0.039000
3212.567030 29.999000 0.036000
3212.569530 29.999000 0.029000
3212.572030 29.999000 0.031000
3212.574540 29.999000 0.034000
3212.589640 29.999000 0.036000
3212.592140 29.999000 0.051000
3212.594640 29.999000 0.035000
3212.597150 29.999000 0.053000
3212.602140 29.999000 0.049000
3212.604650 29.999000 0.047000
3212.607150 29.999000 0.033000
3212.622230 29.999000 0.044000
3212.624740 29.999000 0.042000
3212.632380 29.999000 0.044000
3212.634880 29.999000 0.031000
3212.637420 29.999000 0.034000
3212.647490 29.999000 0.042000
3212.652590 29.999000 0.042000
3212.655100 29.999000 0.035000
3212.662620 29.999000 0.041000
3212.670190 29.999000 0.044000
3212.672680 29.999000 0.033000
3212.675180 29.999000 0.045000
3212.677690 29.999000 0.044000
3212.685260 29.999000 0.043000
3212.692820 29.999000 0.035000
3212.707970 29.999000 0.040000
3212.710460 29.999000 0.030000
3212.728110 29.999000 0.038000
3212.733230 29.999000 0.030000
3212.735730 29.999000 0.035000
3212.738280 29.999000 0.042000
3212.748350 29.999000 0.036000
3212.758560 29.999000 0.037000
3212.763600 29.999000 0.033000
3212.766180 29.999000 0.031000
3212.768750 29.999000 0.035000
3279.514390 29.999000 0.056000
3425.851090 29.999000 0.040000
3436.895080 29.999000 0.035000
3455.828420 29.999000 0.042000
3616.628220 29.999000 0.046000
3907.739390 29.999000 0.076000
4238.719120 29.999000 0.044000
4247.674420 29.999000 0.038000
4255.728630 29.999000 0.039000
4272.715690 29.999000 0.038000
4274.704640 29.999000 0.036000
4277.643150 29.999000 0.038000
4282.655830 29.999000 0.042000
4284.660860 29.999000 0.047000
4309.578060 29.999000 0.040000
4603.769330 29.999000 0.035000
4622.717480 29.999000 0.046000
4626.634600 29.999000 0.040000
4630.691290 29.999000 0.035000
4632.691890 29.999000 0.036000
4638.785340 29.999000 0.047000
4640.761420 29.999000 0.046000
4651.671820 29.999000 0.051000
4707.670810 29.999000 0.050000
4722.617560 29.999000 0.049000
4734.589120 29.999000 0.063000
4738.589810 29.999000 0.041000
4748.549820 29.999000 0.065000
4755.519780 29.999000 0.054000
4758.519950 29.999000 0.073000
4761.510160 29.999000 0.043000
4764.507630 29.999000 0.053000
4951.783080 29.999000 0.048000
4954.754410 29.999000 0.052000
2032.745730 29.999000 0.048000
2055.692530 29.999000 0.073000
2061.687640 29.999000 0.058000
2070.658530 29.999000 0.071000
2081.635760 29.999000 0.070000
2712.858710 29.999000 0.037000
2728.824140 29.999000 0.039000
2733.826130 29.999000 0.036000
2747.810750 29.999000 0.041000
2756.746730 29.999000 0.031000
2759.843400 29.999000 0.039000
2879.564310 29.999000 0.032000
2896.583150 29.999000 0.038000
2915.519100 29.999000 0.040000
2923.547950 29.999000 0.044000
2935.524940 29.999000 0.038000
3054.874480 29.999000 0.038000
3066.896790 29.999000 0.036000
3080.840070 29.999000 0.040000
3086.886520 29.999000 0.035000
3092.854610 29.999000 0.036000
3096.898330 29.999000 0.033000
3106.869480 29.999000 0.035000
3109.805590 29.999000 0.037000
3189.646350 29.999000 0.034000
3193.547010 29.999000 0.069000
3193.551950 29.999000 0.065000
3193.624210 29.999000 0.039000
3193.643810 29.999000 0.040000
3193.688360 29.999000 0.053000
3193.733220 29.999000 0.069000
3193.775810 29.999000 0.066000
3193.783100 29.999000 0.061000
3193.785660 29.999000 0.062000
3194.513670 29.999000 0.057000
3194.523700 29.999000 0.046000
3194.571020 29.999000 0.058000
3194.628010 29.999000 0.062000
3194.647800 29.999000 0.063000
3194.670300 29.999000 0.062000
3194.686660 29.999000 0.068000
3194.719580 29.999000 0.068000
3194.729570 29.999000 0.071000
3194.742100 29.999000 0.067000
3194.752090 29.999000 0.063000
3194.760190 29.999000 0.062000
3194.764180 29.999000 0.061000
3194.767460 29.999000 0.062000
3194.771450 29.999000 0.060000
3207.673810 29.999000 0.038000
3207.691570 29.999000 0.041000
3212.532230 29.999000 0.032000
3212.562010 29.999000 0.043000
3212.584620 29.999000 0.031000
3443.860290 29.999000 0.042000
3551.732600 29.999000 0.075000
3585.704440 29.999000 0.044000
3601.689510 29.999000 0.073000
3607.515570 29.999000 0.067000
3621.598520 29.999000 0.064000
3631.608110 29.999000 0.043000
3913.807290 29.999000 0.038000
4946.782720 29.999000 0.049000
2109.581070 12.662000 0.046000
2115.547970 12.470000 0.048000
2116.558190 12.390000 0.055000
2117.554790 12.477000 0.052000
2124.527740 12.376000 0.058000
2125.546430 12.270000 0.051000
2135.512530 12.251000 0.053000
2140.501940 12.370000 0.052000
2142.502610 12.356000 0.043000
2144.494000 12.410000 0.054000
2151.475070 12.482000 0.061000
3641.495660 13.590000 0.038000
3641.525600 13.738000 0.053000
3641.554470 13.438000 0.040000
3641.583760 13.399000 0.038000
3641.614090 13.714000 0.044000
3642.532540 13.449000 0.035000
3642.559990 13.756000 0.040000
3642.589450 13.548000 0.040000
3643.527890 13.464000 0.052000
3643.560440 13.483000 0.038000
3644.488020 13.388000 0.056000
3644.515430 13.534000 0.048000
3644.572010 13.424000 0.054000
3644.604010 13.893000 0.053000
3449.873000 29.999000 0.058000
3453.790660 29.999000 0.060000
3642.618360 29.999000 0.057000
3644.543790 29.999000 0.054000
3501.592270 12.317000 0.057000
3501.936080 12.365000 0.060000
3502.914580 12.342000 0.055000
3448.855470 14.169000 0.083000
3500.915660 12.398000 0.073000
3501.832080 12.477000 0.059000
3502.885230 12.407000 0.092000
3452.824040 29.999000 0.057000
