1903.842280 14.513000 0.067000
1905.855490 14.598000 0.057000
2025.693310 13.836000 0.046000
2027.660470 13.907000 0.047000
2030.642470 13.728000 0.044000
2031.664010 13.600000 0.041000
2032.642760 13.589000 0.042000
2033.628350 13.738000 0.046000
2053.535280 13.148000 0.062000
2054.607220 13.126000 0.069000
2068.575530 13.080000 0.068000
2070.570860 12.735000 0.068000
2081.542130 12.731000 0.057000
2083.535760 12.794000 0.052000
2085.540910 12.713000 0.051000
2086.542850 12.672000 0.065000
2088.537570 12.627000 0.061000
2093.509140 12.636000 0.058000
2102.495500 13.039000 0.057000
2106.494450 13.267000 0.056000
2115.471410 13.407000 0.056000
2117.491640 13.759000 0.053000
2124.555970 13.799000 0.066000
2128.511900 14.037000 0.053000
2130.542640 13.904000 0.057000
2132.536530 14.074000 0.055000
2134.537640 14.217000 0.062000
2136.529060 14.397000 0.055000
2521.530930 13.932000 0.052000
2545.507730 12.869000 0.037000
2548.485050 12.621000 0.042000
2553.487040 12.607000 0.049000
2786.853540 13.404000 0.043000
2791.724470 13.298000 0.040000
2809.639860 12.460000 0.044000
2810.780460 12.346000 0.038000
2812.589810 12.364000 0.043000
2813.758170 12.313000 0.043000
2819.688870 12.254000 0.038000
2821.673440 12.371000 0.042000
2833.657460 12.836000 0.048000
2840.591170 13.049000 0.035000
2845.577980 13.136000 0.035000
2853.559080 13.651000 0.036000
2855.552710 13.802000 0.036000
2860.588330 13.901000 0.033000
3025.866020 14.021000 0.034000
3030.852340 13.606000 0.037000
3034.817480 13.517000 0.037000
3041.833290 13.213000 0.036000
3051.838220 12.741000 0.034000
3054.846150 12.760000 0.034000
3061.795420 12.559000 0.034000
3064.808440 12.664000 0.039000
3070.855580 12.633000 0.037000
3073.774510 12.558000 0.037000
3075.870890 12.507000 0.037000
3078.766290 12.803000 0.037000
3085.815110 12.941000 0.039000
3087.816500 12.920000 0.036000
3090.729580 13.256000 0.038000
3092.796230 13.266000 0.043000
3096.792430 13.295000 0.037000
3098.772660 13.508000 0.037000
3100.770210 13.684000 0.037000
3104.826480 13.728000 0.037000
3106.822320 13.599000 0.035000
3490.813050 14.079000 0.049000
3496.798930 14.101000 0.039000
3502.619520 14.022000 0.046000
3509.605590 13.822000 0.035000
3511.669250 13.706000 0.042000
3515.749600 13.713000 0.041000
3517.743460 13.542000 0.040000
3538.694750 12.425000 0.042000
3540.690990 12.403000 0.051000
3543.667810 12.315000 0.047000
3550.692330 12.166000 0.041000
3559.536650 12.408000 0.054000
3561.564310 12.366000 0.046000
3563.569770 12.508000 0.040000
3570.655610 12.686000 0.039000
3574.585090 12.861000 0.034000
3576.613510 13.024000 0.037000
3578.617880 13.048000 0.048000
3584.613840 13.355000 0.067000
3586.633180 13.367000 0.064000
3591.544020 13.562000 0.055000
3593.546670 13.912000 0.046000
3601.578860 14.174000 0.040000
3603.584760 14.021000 0.037000
3618.525870 14.409000 0.056000
3757.843780 13.894000 0.056000
3769.819280 13.357000 0.059000
3773.810630 13.108000 0.056000
3781.807120 12.635000 0.044000
3788.885940 12.458000 0.047000
3791.829630 12.448000 0.048000
3794.831060 12.269000 0.048000
3797.800590 12.497000 0.047000
3800.796950 12.303000 0.044000
3806.767040 12.420000 0.049000
3809.790650 12.518000 0.047000
3812.759000 12.556000 0.053000
3815.749330 12.577000 0.052000
3817.810370 12.715000 0.044000
3820.733270 12.778000 0.054000
3822.801220 12.977000 0.047000
3825.715300 13.359000 0.045000
3827.791080 13.031000 0.041000
3830.706500 13.210000 0.049000
3832.751490 13.470000 0.053000
3834.743190 13.514000 0.048000
3836.752060 13.505000 0.049000
4227.760310 14.326000 0.038000
4253.749150 13.987000 0.039000
4258.548940 14.202000 0.033000
4268.577720 13.646000 0.048000
4273.641400 13.132000 0.034000
4276.561480 13.062000 0.040000
4278.608500 13.217000 0.034000
4283.747830 12.947000 0.040000
4285.732570 12.883000 0.040000
4289.727090 12.911000 0.038000
4291.728330 12.826000 0.038000
4293.717020 12.865000 0.037000
4296.469420 13.020000 0.036000
4298.505760 13.020000 0.036000
4300.486240 12.937000 0.040000
4304.533590 13.160000 0.034000
4306.552100 13.215000 0.035000
4308.594720 13.091000 0.051000
4310.671660 13.369000 0.044000
4315.671570 13.670000 0.038000
4319.562290 13.571000 0.037000
4330.600880 13.766000 0.050000
4332.599940 13.928000 0.058000
4334.589410 14.010000 0.041000
4352.533890 14.410000 0.035000
4478.851640 13.796000 0.049000
4482.854140 13.992000 0.041000
4486.833050 13.914000 0.040000
4490.831690 13.884000 0.041000
4494.809800 13.599000 0.041000
4498.856200 13.373000 0.044000
4501.848290 13.507000 0.062000
4505.811650 13.121000 0.037000
4508.877300 13.080000 0.036000
4511.860070 12.915000 0.036000
4516.761360 12.581000 0.046000
4518.823100 12.614000 0.035000
4521.813990 12.364000 0.042000
4524.803020 12.410000 0.034000
4526.875870 12.332000 0.038000
4529.790270 12.183000 0.031000
4532.786610 12.196000 0.034000
4536.748580 12.224000 0.034000
4539.758050 12.357000 0.055000
4541.847920 12.392000 0.033000
4546.798710 12.510000 0.038000
4548.800860 12.606000 0.036000
4551.726090 12.767000 0.042000
4555.838770 12.819000 0.036000
4558.714760 13.025000 0.040000
4560.766350 13.013000 0.049000
4563.695220 13.230000 0.038000
4565.762070 13.184000 0.032000
4567.815420 13.518000 0.032000
4570.674690 13.544000 0.033000
4572.713510 13.600000 0.036000
4574.703820 13.604000 0.037000
4576.730290 13.781000 0.036000
4583.665160 13.818000 0.033000
4590.803020 14.121000 0.038000
4595.666080 14.260000 0.033000
4597.669330 14.325000 0.035000
4620.643030 14.303000 0.037000
4740.493890 13.962000 0.035000
4829.848010 14.643000 0.037000
4947.730390 14.309000 0.041000
4949.743270 14.182000 0.047000
4954.625390 14.028000 0.045000
4960.704400 13.513000 0.044000
4962.868940 13.660000 0.046000
4972.758300 13.117000 0.041000
4974.840170 13.233000 0.050000
4985.619240 12.732000 0.044000
4989.690120 12.637000 0.046000
4991.714610 12.726000 0.046000
4994.742930 12.661000 0.042000
5013.610760 12.170000 0.048000
5015.622350 12.222000 0.046000
5018.681940 12.223000 0.054000
5024.691480 12.252000 0.058000
5037.667810 12.620000 0.046000
5039.618360 12.743000 0.048000
5041.599790 12.802000 0.044000
5048.624420 13.322000 0.048000
5071.570820 13.994000 0.063000
2540.505780 13.045000 0.076000
2037.641760 13.504000 0.070000
2040.635880 13.564000 0.073000
2051.649450 13.278000 0.074000
2055.591140 13.213000 0.076000
2056.604060 13.165000 0.078000
2067.585450 12.860000 0.073000
2069.580400 12.823000 0.070000
2079.535560 12.474000 0.073000
2094.526410 12.763000 0.077000
2096.517310 12.814000 0.076000
3525.671980 13.149000 0.078000
3760.858390 13.880000 0.079000
3764.821820 13.819000 0.070000
4302.589820 12.780000 0.051000
4967.693140 13.459000 0.072000
4969.707130 13.332000 0.073000
4987.651640 12.788000 0.048000
5022.686710 12.328000 0.055000
5069.541830 14.340000 0.048000
1914.808340 29.999000 0.059000
1921.813600 29.999000 0.048000
1924.877660 29.999000 0.047000
1925.867870 29.999000 0.046000
1926.864300 29.999000 0.044000
1937.826020 29.999000 0.045000
1946.754080 29.999000 0.056000
1948.792880 29.999000 0.053000
1955.812100 29.999000 0.048000
1963.741560 29.999000 0.051000
1965.810800 29.999000 0.050000
1976.832780 29.999000 0.059000
1977.761010 29.999000 0.059000
1981.747600 29.999000 0.061000
1982.745740 29.999000 0.056000
1993.786990 29.999000 0.066000
1995.675310 29.999000 0.066000
1996.722620 29.999000 0.065000
2000.716630 29.999000 0.069000
2026.668490 29.999000 0.069000
2142.528520 29.999000 0.057000
2441.565360 29.999000 0.046000
2464.506790 29.999000 0.055000
2466.498400 29.999000 0.052000
2473.488290 29.999000 0.062000
2476.486070 29.999000 0.065000
2495.531430 29.999000 0.058000
2499.493740 29.999000 0.043000
2501.496580 29.999000 0.064000
2502.544660 29.999000 0.056000
2511.553490 29.999000 0.055000
2524.526870 29.999000 0.049000
2529.519340 29.999000 0.076000
2639.845680 29.999000 0.036000
2663.810630 29.999000 0.040000
2672.868780 29.999000 0.041000
2684.813940 29.999000 0.036000
2686.815570 29.999000 0.038000
2688.819050 29.999000 0.042000
2693.808780 29.999000 0.038000
2707.760630 29.999000 0.041000
2709.746980 29.999000 0.047000
2711.739350 29.999000 0.049000
2717.827630 29.999000 0.041000
2720.682750 29.999000 0.036000
2724.756380 29.999000 0.043000
2728.762310 29.999000 0.041000
2730.760990 29.999000 0.043000
2733.754880 29.999000 0.045000
2741.700370 29.999000 0.040000
2744.813130 29.999000 0.043000
2750.868710 29.999000 0.043000
2759.698020 29.999000 0.041000
2761.632830 29.999000 0.048000
2770.664090 29.999000 0.040000
2785.625980 29.999000 0.047000
2862.565350 29.999000 0.034000
2867.500480 29.999000 0.043000
2878.565800 29.999000 0.035000
2884.543560 29.999000 0.038000
2885.574250 29.999000 0.035000
2904.511740 29.999000 0.049000
2906.507550 29.999000 0.034000
2909.511110 29.999000 0.037000
2995.851340 29.999000 0.037000
3003.857940 29.999000 0.036000
3007.839220 29.999000 0.039000
3017.822620 29.999000 0.038000
3102.773520 29.999000 0.036000
3108.854740 29.999000 0.034000
3113.725120 29.999000 0.036000
3115.732900 29.999000 0.036000
3126.672760 29.999000 0.039000
3128.669540 29.999000 0.048000
3130.709410 29.999000 0.038000
3158.762560 29.999000 0.038000
3169.514650 29.999000 0.035000
3183.640370 29.999000 0.035000
3190.675000 29.999000 0.064000
3391.848440 29.999000 0.048000
3395.862350 29.999000 0.040000
3411.839270 29.999000 0.044000
3414.843690 29.999000 0.043000
3426.776210 29.999000 0.070000
3431.859070 29.999000 0.053000
3442.791370 29.999000 0.045000
3444.816500 29.999000 0.046000
3447.757920 29.999000 0.039000
3449.817690 29.999000 0.046000
3452.743850 29.999000 0.042000
3454.795570 29.999000 0.039000
3461.714580 29.999000 0.047000
3463.796520 29.999000 0.034000
3478.728940 29.999000 0.041000
3606.586310 29.999000 0.041000
3734.859140 29.999000 0.052000
3738.851140 29.999000 0.052000
3742.849730 29.999000 0.072000
3750.844050 29.999000 0.074000
3850.765850 29.999000 0.044000
3861.711570 29.999000 0.038000
3877.590760 29.999000 0.049000
3896.663270 29.999000 0.052000
3906.749510 29.999000 0.041000
3909.690110 29.999000 0.035000
3913.692190 29.999000 0.047000
4128.821210 29.999000 0.039000
4131.865690 29.999000 0.045000
4141.830230 29.999000 0.035000
4144.860270 29.999000 0.039000
4161.783970 29.999000 0.042000
4173.839480 29.999000 0.037000
4182.740390 29.999000 0.046000
4184.809060 29.999000 0.044000
4188.751270 29.999000 0.033000
4190.791560 29.999000 0.035000
4192.780260 29.999000 0.035000
4194.784500 29.999000 0.042000
4197.808460 29.999000 0.039000
4200.741600 29.999000 0.034000
4203.752690 29.999000 0.035000
4205.752620 29.999000 0.036000
4208.842550 29.999000 0.038000
4215.708440 29.999000 0.038000
4229.762070 29.999000 0.040000
4231.765350 29.999000 0.041000
4233.764830 29.999000 0.032000
4238.596690 29.999000 0.039000
4470.853880 29.999000 0.058000
4586.695080 29.999000 0.037000
4588.745670 29.999000 0.054000
4593.641370 29.999000 0.035000
4599.754030 29.999000 0.035000
4601.677160 29.999000 0.034000
4603.700760 29.999000 0.037000
4607.745800 29.999000 0.046000
4610.577080 29.999000 0.042000
4612.638520 29.999000 0.041000
4617.633900 29.999000 0.040000
4630.664580 29.999000 0.033000
4632.670300 29.999000 0.035000
4639.742720 29.999000 0.037000
4641.741740 29.999000 0.037000
4643.740750 29.999000 0.045000
4645.768930 29.999000 0.060000
4648.574290 29.999000 0.044000
4650.650270 29.999000 0.042000
4652.670280 29.999000 0.035000
4656.628050 29.999000 0.039000
4658.673420 29.999000 0.043000
4661.561410 29.999000 0.046000
4663.639090 29.999000 0.054000
4665.695180 29.999000 0.048000
4671.616050 29.999000 0.036000
4677.629150 29.999000 0.062000
4679.641530 29.999000 0.052000
4682.624030 29.999000 0.066000
4684.607560 29.999000 0.064000
4686.565320 29.999000 0.062000
4690.589880 29.999000 0.056000
4698.574540 29.999000 0.051000
4702.592200 29.999000 0.054000
4704.582190 29.999000 0.063000
4707.582090 29.999000 0.043000
4722.512520 29.999000 0.047000
4726.508580 29.999000 0.062000
4729.501460 29.999000 0.050000
4731.527300 29.999000 0.065000
4743.498760 29.999000 0.047000
1907.851960 29.999000 0.043000
1919.814560 29.999000 0.059000
1929.805440 29.999000 0.048000
1932.800970 29.999000 0.046000
1935.757080 29.999000 0.042000
1939.828810 29.999000 0.045000
1950.761380 29.999000 0.043000
1953.782530 29.999000 0.051000
1958.820350 29.999000 0.059000
1961.803890 29.999000 0.054000
1964.810520 29.999000 0.051000
1966.848180 29.999000 0.053000
1968.733620 29.999000 0.053000
1980.726810 29.999000 0.066000
1984.751730 29.999000 0.064000
1985.749520 29.999000 0.060000
1985.879480 29.999000 0.067000
1997.727490 29.999000 0.063000
1998.720580 29.999000 0.068000
2158.477410 29.999000 0.063000
2173.494940 29.999000 0.070000
2440.561970 29.999000 0.049000
2442.559530 29.999000 0.050000
2443.557000 29.999000 0.049000
2452.521860 29.999000 0.058000
2454.540710 29.999000 0.049000
2456.518470 29.999000 0.052000
2459.518540 29.999000 0.049000
2481.467910 29.999000 0.065000
2490.502660 29.999000 0.046000
2493.512210 29.999000 0.050000
2497.527850 29.999000 0.041000
2503.553800 29.999000 0.060000
2508.519810 29.999000 0.040000
2512.589600 29.999000 0.047000
2624.851690 29.999000 0.037000
2630.848300 29.999000 0.036000
2635.845780 29.999000 0.041000
2643.839500 29.999000 0.037000
2646.843090 29.999000 0.036000
2650.826980 29.999000 0.036000
2657.836780 29.999000 0.039000
2660.802410 29.999000 0.042000
2669.848600 29.999000 0.042000
2677.828430 29.999000 0.042000
2679.837300 29.999000 0.051000
2690.802720 29.999000 0.042000
2696.801710 29.999000 0.042000
2699.749190 29.999000 0.038000
2701.775080 29.999000 0.042000
2703.768770 29.999000 0.044000
2705.761250 29.999000 0.042000
2722.736860 29.999000 0.038000
2726.766910 29.999000 0.041000
2735.753630 29.999000 0.040000
2737.701530 29.999000 0.040000
2739.739790 29.999000 0.039000
2743.680450 29.999000 0.042000
2755.651850 29.999000 0.036000
2757.639390 29.999000 0.044000
2764.695790 29.999000 0.041000
2766.772240 29.999000 0.039000
2775.791930 29.999000 0.038000
2783.618880 29.999000 0.050000
2830.577500 29.999000 0.047000
2874.568060 29.999000 0.046000
2882.538160 29.999000 0.042000
2894.497430 29.999000 0.041000
2896.531040 29.999000 0.039000
2898.524760 29.999000 0.045000
2900.519750 29.999000 0.041000
2912.506130 29.999000 0.037000
3011.841320 29.999000 0.038000
3111.677910 29.999000 0.034000
3122.681620 29.999000 0.033000
3124.720280 29.999000 0.035000
3132.730800 29.999000 0.037000
3134.733240 29.999000 0.035000
3142.743840 29.999000 0.035000
3146.557780 29.999000 0.041000
3154.567060 29.999000 0.032000
3165.810010 29.999000 0.046000
3175.767930 29.999000 0.036000
3178.556230 29.999000 0.036000
3180.667710 29.999000 0.036000
3185.633940 29.999000 0.040000
3187.656900 29.999000 0.039000
3384.853800 29.999000 0.051000
3388.825980 29.999000 0.039000
3399.811310 29.999000 0.044000
3402.853430 29.999000 0.036000
3417.849990 29.999000 0.053000
3434.784010 29.999000 0.056000
3438.796810 29.999000 0.051000
3456.792760 29.999000 0.048000
3458.812160 29.999000 0.038000
3466.713480 29.999000 0.045000
3469.755570 29.999000 0.032000
3471.773570 29.999000 0.032000
3474.678840 29.999000 0.049000
3476.753760 29.999000 0.037000
3482.727640 29.999000 0.052000
3484.761490 29.999000 0.059000
3487.880640 29.999000 0.047000
3597.597540 29.999000 0.076000
3620.548970 29.999000 0.050000
3629.532050 29.999000 0.040000
3632.497300 29.999000 0.050000
3635.489070 29.999000 0.050000
3641.503530 29.999000 0.041000
3644.498510 29.999000 0.050000
3650.486970 29.999000 0.041000
3726.855940 29.999000 0.062000
3754.824430 29.999000 0.047000
3848.753630 29.999000 0.046000
3852.808510 29.999000 0.039000
3859.721390 29.999000 0.039000
3867.699470 29.999000 0.046000
3869.723390 29.999000 0.038000
3871.713870 29.999000 0.045000
3874.803250 29.999000 0.039000
3880.634170 29.999000 0.046000
3882.680050 29.999000 0.044000
3887.619620 29.999000 0.043000
3889.622100 29.999000 0.043000
3891.599740 29.999000 0.043000
3893.602780 29.999000 0.042000
3898.699330 29.999000 0.039000
3900.710470 29.999000 0.044000
3902.725220 29.999000 0.038000
3904.752780 29.999000 0.045000
4104.860450 29.999000 0.054000
4109.865490 29.999000 0.049000
4134.873280 29.999000 0.051000
4152.825320 29.999000 0.035000
4155.820600 29.999000 0.063000
4158.806760 29.999000 0.052000
4164.776930 29.999000 0.056000
4167.784090 29.999000 0.036000
4176.761610 29.999000 0.053000
4179.805930 29.999000 0.036000
4235.784480 29.999000 0.040000
4246.694580 29.999000 0.034000
4250.590890 29.999000 0.037000
4255.789670 29.999000 0.043000
4339.502100 29.999000 0.036000
4341.562310 29.999000 0.036000
4343.564150 29.999000 0.039000
4345.580570 29.999000 0.038000
4348.499520 29.999000 0.044000
4355.536620 29.999000 0.042000
4357.539120 29.999000 0.036000
4359.530390 29.999000 0.040000
4361.529000 29.999000 0.037000
4364.522530 29.999000 0.038000
4369.500690 29.999000 0.041000
4372.495390 29.999000 0.048000
4376.490140 29.999000 0.036000
4380.486260 29.999000 0.042000
4458.853450 29.999000 0.051000
4462.855450 29.999000 0.047000
4466.845690 29.999000 0.050000
4622.814030 29.999000 0.046000
4654.650500 29.999000 0.042000
4669.539650 29.999000 0.036000
4700.578120 29.999000 0.064000
4821.856280 29.999000 0.043000
4833.848010 29.999000 0.040000
4837.836410 29.999000 0.039000
4845.865790 29.999000 0.041000
4849.822460 29.999000 0.038000
4852.858500 29.999000 0.033000
4856.858900 29.999000 0.038000
4861.846080 29.999000 0.054000
4865.835650 29.999000 0.051000
4869.823010 29.999000 0.039000
4872.840310 29.999000 0.042000
4876.833410 29.999000 0.042000
4879.849600 29.999000 0.035000
4882.830090 29.999000 0.035000
4885.828820 29.999000 0.045000
4888.813060 29.999000 0.044000
4891.807400 29.999000 0.044000
4901.805610 29.999000 0.047000
4904.842500 29.999000 0.052000
4907.760860 29.999000 0.048000
4915.808250 29.999000 0.045000
4918.739940 29.999000 0.045000
4921.731280 29.999000 0.049000
4927.857800 29.999000 0.056000
4937.751530 29.999000 0.046000
4939.832300 29.999000 0.047000
4945.659460 29.999000 0.044000
4951.836500 29.999000 0.044000
5085.529980 29.999000 0.049000
5088.525950 29.999000 0.052000
5099.513560 29.999000 0.049000
5111.486430 29.999000 0.046000
2027.613090 13.789000 0.051000
2030.595110 13.803000 0.049000
2032.599890 13.750000 0.057000
2033.592220 13.689000 0.057000
2526.498030 13.808000 0.059000
2635.811230 14.367000 0.044000
2785.595030 13.631000 0.049000
2791.726460 13.350000 0.048000
2794.570970 13.147000 0.046000
2804.626740 12.451000 0.045000
2809.632190 12.310000 0.044000
2811.606690 12.350000 0.045000
2813.591530 12.248000 0.043000
2819.676000 12.938000 0.037000
2821.663080 12.375000 0.041000
2830.574570 12.586000 0.040000
2832.537680 12.753000 0.041000
2834.538910 12.600000 0.038000
2835.647890 12.843000 0.036000
2841.590750 13.251000 0.037000
2843.565840 13.211000 0.040000
2853.553680 13.774000 0.037000
2855.549770 13.907000 0.033000
2859.545960 14.087000 0.039000
3059.827560 12.562000 0.039000
3077.826320 12.607000 0.043000
3088.770010 13.017000 0.042000
3090.804100 13.184000 0.045000
3096.739820 13.088000 0.042000
3098.722010 13.362000 0.042000
3113.680720 13.916000 0.042000
3497.832800 13.612000 0.038000
3517.730010 13.459000 0.045000
3521.630780 13.225000 0.042000
3525.662120 13.106000 0.045000
3538.687310 12.439000 0.047000
3543.657550 12.202000 0.043000
3547.574630 12.174000 0.045000
3554.673850 12.328000 0.038000
3558.550770 12.337000 0.056000
3560.560610 12.424000 0.045000
3562.543470 12.436000 0.045000
3564.544580 12.431000 0.038000
3570.645360 12.594000 0.043000
3574.581930 12.773000 0.037000
3576.609540 12.970000 0.047000
3578.610970 13.134000 0.048000
3584.600030 13.302000 0.042000
3587.514450 13.546000 0.040000
3589.541300 13.342000 0.043000
3593.568980 13.583000 0.042000
3818.827900 12.824000 0.057000
3836.711830 13.648000 0.048000
3871.700240 14.101000 0.045000
4255.749290 13.618000 0.039000
4273.638320 13.166000 0.034000
4284.631060 12.900000 0.042000
4290.625960 13.025000 0.033000
4292.586210 12.946000 0.034000
4296.591700 12.976000 0.041000
4298.597120 13.037000 0.038000
4300.548930 13.245000 0.047000
4302.602810 13.223000 0.038000
4306.561610 12.953000 0.037000
4308.603250 12.858000 0.046000
4311.574870 13.308000 0.040000
4316.607920 13.253000 0.045000
4352.490150 14.090000 0.037000
4358.487380 14.487000 0.035000
2034.587650 13.472000 0.063000
2054.567160 13.627000 0.077000
2056.557720 13.220000 0.072000
2057.551580 13.273000 0.065000
2058.557000 13.136000 0.070000
2069.541550 12.909000 0.069000
2070.529800 12.926000 0.069000
2071.534110 12.839000 0.071000
2079.491090 12.697000 0.074000
2083.499130 12.569000 0.064000
2088.482610 12.642000 0.063000
2783.595500 13.735000 0.061000
3523.635800 13.069000 0.055000
3540.681040 12.242000 0.069000
4974.743900 13.127000 0.052000
4994.739790 12.596000 0.058000
1997.681620 29.999000 0.057000
2000.671470 29.999000 0.060000
2026.619010 29.999000 0.054000
2132.474630 29.999000 0.058000
2243.848280 29.999000 0.060000
2452.476070 29.999000 0.047000
2459.472090 29.999000 0.041000
2482.483410 29.999000 0.050000
2488.497200 29.999000 0.065000
2494.516710 29.999000 0.048000
2499.504450 29.999000 0.041000
2503.562320 29.999000 0.058000
2512.546840 29.999000 0.043000
2520.525420 29.999000 0.042000
2524.482160 29.999000 0.057000
2649.854290 29.999000 0.046000
2660.856300 29.999000 0.044000
2679.766850 29.999000 0.047000
2724.870190 29.999000 0.048000
2749.851680 29.999000 0.046000
2757.847310 29.999000 0.053000
2759.864370 29.999000 0.052000
2762.730810 29.999000 0.048000
2763.860020 29.999000 0.047000
2787.575480 29.999000 0.054000
2861.539150 29.999000 0.039000
2864.535470 29.999000 0.048000
2875.527900 29.999000 0.053000
2877.524410 29.999000 0.042000
2879.527170 29.999000 0.041000
2883.495480 29.999000 0.042000
2885.514420 29.999000 0.045000
2894.494670 29.999000 0.046000
2898.483650 29.999000 0.046000
2900.483880 29.999000 0.045000
3100.736110 29.999000 0.043000
3102.748270 29.999000 0.047000
3104.767050 29.999000 0.044000
3106.764960 29.999000 0.042000
3108.769360 29.999000 0.044000
3115.679880 29.999000 0.042000
3118.719800 29.999000 0.037000
3122.641080 29.999000 0.042000
3124.662720 29.999000 0.039000
3126.646460 29.999000 0.043000
3128.644570 29.999000 0.046000
3130.678840 29.999000 0.044000
3132.684850 29.999000 0.042000
3134.687290 29.999000 0.042000
3142.702130 29.999000 0.040000
3145.701970 29.999000 0.041000
3154.564040 29.999000 0.040000
3156.673510 29.999000 0.045000
3162.520580 29.999000 0.041000
3164.545100 29.999000 0.041000
3166.744160 29.999000 0.049000
3169.511570 29.999000 0.041000
3172.675780 29.999000 0.050000
3176.479580 29.999000 0.042000
3178.602910 29.999000 0.041000
3187.682320 29.999000 0.046000
3191.647010 29.999000 0.072000
3459.739170 29.999000 0.043000
3469.708480 29.999000 0.043000
3473.731580 29.999000 0.036000
3475.806830 29.999000 0.044000
3477.843420 29.999000 0.042000
3489.806750 29.999000 0.044000
3491.831950 29.999000 0.054000
3511.689620 29.999000 0.048000
3515.736530 29.999000 0.039000
3602.545070 29.999000 0.044000
3606.500130 29.999000 0.040000
3618.518260 29.999000 0.044000
3631.485560 29.999000 0.046000
3848.750250 29.999000 0.050000
3850.763220 29.999000 0.047000
3852.805000 29.999000 0.048000
3867.686790 29.999000 0.044000
3869.709770 29.999000 0.044000
3874.790910 29.999000 0.043000
3880.607820 29.999000 0.062000
3882.634470 29.999000 0.050000
3893.570500 29.999000 0.044000
3894.774330 29.999000 0.036000
3897.751720 29.999000 0.046000
3902.569160 29.999000 0.048000
3904.584190 29.999000 0.052000
3906.601630 29.999000 0.041000
3908.597110 29.999000 0.045000
3911.717650 29.999000 0.047000
3983.489050 29.999000 0.056000
4235.759730 29.999000 0.061000
4253.718000 29.999000 0.039000
4330.566280 29.999000 0.043000
4332.566280 29.999000 0.046000
4336.546230 29.999000 0.041000
4340.492830 29.999000 0.038000
4342.518760 29.999000 0.048000
4344.529960 29.999000 0.047000
4347.501530 29.999000 0.041000
4349.507580 29.999000 0.046000
4355.497770 29.999000 0.044000
4360.487120 29.999000 0.040000
4577.859260 29.999000 0.048000
4586.752670 29.999000 0.037000
4588.802210 29.999000 0.041000
4630.752650 29.999000 0.041000
4632.692000 29.999000 0.040000
4951.802880 29.999000 0.051000
4962.834880 29.999000 0.058000
