3373.833510 10.328000 0.035000
2728.680780 13.029000 0.062000
3365.826800 10.030000 0.048000
3382.863350 10.685000 0.046000
2956.833320 29.999000 0.044000
2976.793820 29.999000 0.043000
4247.618750 11.409000 0.034000
4569.710830 12.764000 0.033000
1878.769240 13.531000 0.032000
1884.783250 13.550000 0.031000
1886.752580 13.110000 0.032000
1889.818760 13.758000 0.031000
1899.783640 13.036000 0.028000
1900.857030 12.819000 0.028000
1904.829310 12.726000 0.033000
1906.843700 12.603000 0.028000
1907.784680 12.540000 0.027000
1913.753590 12.194000 0.028000
1914.762380 12.033000 0.028000
1919.687830 11.632000 0.034000
1920.747760 11.598000 0.030000
1921.749040 11.419000 0.030000
1922.745680 11.408000 0.027000
1924.739940 11.251000 0.030000
1925.740770 11.121000 0.040000
1926.735040 11.070000 0.040000
1928.739110 10.888000 0.029000
1929.732900 10.829000 0.029000
1930.728280 10.772000 0.025000
1931.725270 10.665000 0.036000
1932.720670 10.634000 0.027000
1933.720860 10.596000 0.026000
1934.717470 10.533000 0.027000
1936.688490 10.485000 0.027000
1937.756220 10.444000 0.027000
1938.770890 10.440000 0.027000
1940.652020 10.450000 0.026000
1945.722810 10.472000 0.027000
1946.731430 10.483000 0.029000
1948.648230 10.520000 0.031000
1953.679450 10.553000 0.030000
1954.678320 10.605000 0.032000
1955.672170 10.656000 0.029000
1958.656350 10.668000 0.032000
1963.648780 10.818000 0.034000
1964.657740 10.857000 0.033000
1965.646370 10.892000 0.034000
1966.650940 11.044000 0.034000
1967.645540 10.848000 0.035000
2194.862960 10.772000 0.031000
2199.857790 10.544000 0.032000
2212.827450 10.130000 0.038000
2214.819410 10.061000 0.036000
2216.816170 10.066000 0.036000
2224.832250 9.938000 0.032000
2226.802600 9.926000 0.035000
2228.794890 9.943000 0.037000
2230.796010 9.950000 0.036000
2233.766170 10.027000 0.035000
2467.468520 12.793000 0.029000
2470.467220 12.622000 0.034000
2565.859890 12.454000 0.033000
2701.684160 12.891000 0.041000
2721.678730 13.174000 0.040000
2725.822930 13.224000 0.036000
2727.699580 13.272000 0.032000
2731.795360 13.019000 0.034000
2734.558130 12.431000 0.040000
2736.563470 12.816000 0.028000
2737.750640 12.728000 0.031000
2739.682910 12.605000 0.032000
2741.638680 12.530000 0.028000
2744.631390 12.249000 0.032000
2747.682010 12.034000 0.037000
2750.724060 11.787000 0.031000
2752.638230 11.638000 0.027000
2754.731680 11.335000 0.033000
2756.689230 11.233000 0.030000
2760.682110 10.885000 0.032000
2766.636980 10.355000 0.030000
2770.619530 10.061000 0.032000
2784.602570 9.703000 0.031000
2786.593300 9.734000 0.033000
2792.501000 9.809000 0.033000
2804.541670 9.965000 0.037000
2809.539390 10.059000 0.030000
2811.537840 10.093000 0.027000
2813.536340 10.150000 0.030000
2819.521720 10.317000 0.033000
2821.557490 10.426000 0.030000
2826.536260 10.594000 0.027000
2830.517410 10.817000 0.029000
2832.504740 10.907000 0.029000
2834.505990 11.016000 0.030000
2836.506010 11.159000 0.027000
2841.471280 11.381000 0.028000
2854.469450 12.141000 0.028000
3017.819830 13.320000 0.026000
3028.762130 13.084000 0.026000
3031.706340 12.807000 0.032000
3033.752200 12.623000 0.037000
3036.681850 12.572000 0.031000
3040.736980 12.258000 0.032000
3042.831640 12.024000 0.033000
3045.662770 11.723000 0.029000
3051.672450 11.114000 0.029000
3053.751190 10.983000 0.036000
3055.839970 10.840000 0.033000
3058.633580 10.740000 0.033000
3060.683410 10.618000 0.030000
3064.830750 10.544000 0.038000
3068.579210 10.509000 0.031000
3070.655230 10.501000 0.030000
3072.734100 10.488000 0.033000
3074.703690 10.536000 0.033000
3076.728990 10.542000 0.031000
3078.722420 10.592000 0.034000
3082.821110 10.919000 0.030000
3089.553600 10.787000 0.035000
3091.599100 10.824000 0.038000
3093.594470 10.860000 0.029000
3097.596020 10.994000 0.031000
3099.635870 11.022000 0.032000
3101.637730 11.091000 0.032000
3103.636680 11.135000 0.029000
3105.630480 11.200000 0.033000
3107.637960 11.309000 0.029000
3109.643110 11.348000 0.029000
3111.642040 11.472000 0.030000
3113.666580 11.530000 0.031000
3115.660490 11.674000 0.031000
3118.703290 11.830000 0.030000
3122.614680 11.970000 0.033000
3124.625700 12.107000 0.031000
3126.637610 12.262000 0.031000
3128.635860 12.353000 0.033000
3130.669920 12.448000 0.033000
3132.675780 12.512000 0.034000
3134.678270 12.813000 0.030000
3144.527190 13.312000 0.028000
3146.577460 13.266000 0.028000
3155.624980 13.758000 0.035000
3356.805950 9.769000 0.032000
3363.791780 9.971000 0.033000
3387.785460 10.915000 0.035000
3390.712790 11.017000 0.031000
3393.764140 11.184000 0.037000
3396.704900 11.295000 0.035000
3398.767950 11.374000 0.032000
3400.769810 11.501000 0.030000
3405.797660 11.766000 0.032000
3408.667120 11.840000 0.037000
3410.750110 12.097000 0.038000
3412.805470 12.094000 0.033000
3415.645590 12.206000 0.036000
3417.706110 12.477000 0.035000
3419.696160 12.402000 0.037000
3425.719630 12.987000 0.034000
3427.749040 12.967000 0.034000
3431.700060 13.026000 0.032000
3433.732240 13.214000 0.032000
3436.720510 13.246000 0.031000
3439.702590 13.329000 0.027000
3442.808230 13.555000 0.029000
3446.670090 13.469000 0.030000
3556.522920 13.635000 0.030000
3564.487930 13.536000 0.030000
3574.491710 13.347000 0.029000
3657.859260 11.324000 0.031000
3661.859060 11.486000 0.034000
3665.852880 11.444000 0.037000
3671.829350 11.616000 0.032000
3675.820930 11.752000 0.029000
3706.781610 12.910000 0.035000
3713.766220 12.928000 0.033000
3716.805360 12.846000 0.032000
3719.805940 13.712000 0.037000
3726.792910 13.375000 0.033000
3730.803720 13.994000 0.041000
3733.815250 13.782000 0.030000
3745.750680 13.641000 0.032000
3819.667650 14.869000 0.039000
3850.619600 12.797000 0.030000
3852.621570 12.791000 0.038000
3854.625870 12.624000 0.038000
3856.691910 12.522000 0.034000
3861.581610 12.368000 0.030000
3863.579410 12.218000 0.037000
3865.586700 12.127000 0.033000
3867.629160 12.123000 0.035000
3869.626830 12.095000 0.038000
3871.619080 11.972000 0.030000
3875.607400 11.780000 0.032000
3877.662310 11.676000 0.031000
3883.518110 11.290000 0.033000
3887.517680 10.908000 0.038000
3889.527260 10.720000 0.033000
3891.528070 10.582000 0.030000
3893.556410 10.407000 0.032000
3897.526850 10.167000 0.034000
3899.560250 10.058000 0.040000
3901.579380 9.989000 0.032000
3903.602240 9.950000 0.033000
3906.478740 9.872000 0.033000
3908.499250 9.862000 0.032000
4127.767190 13.528000 0.029000
4131.827380 13.291000 0.031000
4134.693050 13.109000 0.030000
4136.744500 13.043000 0.035000
4140.769320 12.789000 0.030000
4142.800030 12.866000 0.030000
4145.667310 12.872000 0.032000
4147.718010 12.628000 0.029000
4153.628380 12.443000 0.028000
4155.683470 12.442000 0.035000
4157.745790 12.271000 0.031000
4159.746410 12.252000 0.029000
4161.715790 12.108000 0.030000
4165.756830 11.785000 0.032000
4168.763170 11.496000 0.029000
4173.733850 11.121000 0.031000
4175.793940 10.976000 0.035000
4180.774240 10.683000 0.038000
4185.610050 10.445000 0.028000
4188.719350 10.386000 0.026000
4190.726830 10.332000 0.028000
4192.715450 10.298000 0.030000
4194.749510 10.298000 0.033000
4197.744190 10.271000 0.034000
4200.662980 10.306000 0.027000
4205.674680 10.336000 0.032000
4208.739340 10.376000 0.037000
4213.666850 10.452000 0.032000
4216.658210 10.516000 0.027000
4227.541300 10.710000 0.028000
4229.559210 10.793000 0.027000
4231.568250 10.855000 0.031000
4233.568150 10.947000 0.025000
4235.569570 11.016000 0.027000
4237.594500 11.103000 0.036000
4246.544800 11.502000 0.026000
4253.547940 11.700000 0.028000
4255.613730 11.864000 0.028000
4257.604740 11.935000 0.037000
4267.588850 12.496000 0.030000
4274.506220 13.249000 0.027000
4277.532750 13.113000 0.028000
4281.535800 13.116000 0.036000
4284.509860 13.546000 0.029000
4410.825040 12.854000 0.029000
4422.825830 12.582000 0.038000
4427.823660 12.409000 0.032000
4430.819960 12.455000 0.032000
4437.810320 12.249000 0.032000
4440.816540 12.198000 0.030000
4448.767410 11.536000 0.029000
4454.814300 10.753000 0.037000
4457.795990 10.398000 0.031000
4460.786520 10.137000 0.032000
4463.772800 9.979000 0.027000
4466.774800 9.883000 0.030000
4469.771040 9.818000 0.032000
4479.745710 9.765000 0.031000
4482.776380 9.784000 0.039000
4485.800510 9.813000 0.029000
4488.714320 9.871000 0.035000
4490.765930 9.904000 0.028000
4492.812800 9.968000 0.028000
4498.775280 10.131000 0.029000
4501.682520 10.236000 0.029000
4503.779330 10.290000 0.035000
4506.667920 10.366000 0.031000
4508.745030 10.472000 0.030000
4511.644460 10.584000 0.034000
4518.765390 10.862000 0.034000
4520.811350 10.959000 0.033000
4523.621630 11.114000 0.032000
4525.679360 11.223000 0.033000
4527.698480 11.278000 0.027000
4529.768250 11.395000 0.028000
4532.618890 11.541000 0.028000
4535.703550 11.778000 0.030000
4537.728220 11.849000 0.027000
4539.727810 12.001000 0.039000
4541.728550 12.062000 0.027000
4543.741260 12.284000 0.034000
4545.719150 12.392000 0.041000
4552.697540 12.468000 0.028000
4554.726520 13.062000 0.036000
4559.572690 12.955000 0.029000
4561.634390 13.175000 0.027000
4563.663270 13.122000 0.028000
4567.751190 13.191000 0.033000
4571.711550 13.727000 0.028000
4573.707190 13.671000 0.037000
4579.688820 13.469000 0.033000
4752.870510 10.439000 0.028000
4756.867950 10.399000 0.031000
4760.869890 10.402000 0.029000
4764.847990 10.384000 0.030000
4768.841990 10.417000 0.028000
4772.831860 10.446000 0.030000
4776.827450 10.482000 0.033000
4780.822410 10.534000 0.034000
4784.814100 10.619000 0.030000
4792.798520 10.811000 0.030000
4796.829840 10.947000 0.032000
4800.779990 11.098000 0.035000
4804.812360 11.216000 0.029000
4807.818980 11.401000 0.028000
4812.824600 11.593000 0.034000
4815.805960 11.757000 0.033000
4819.818970 12.029000 0.029000
4822.792710 12.273000 0.029000
4825.785950 12.374000 0.030000
4828.784620 12.518000 0.030000
4831.776740 12.705000 0.029000
4834.766740 12.893000 0.027000
4837.755000 13.199000 0.036000
4843.737320 13.098000 0.029000
4846.791960 13.408000 0.028000
4849.729590 13.407000 0.030000
4991.591440 13.489000 0.042000
5023.471400 11.229000 0.039000
5125.848510 13.743000 0.040000
2242.760830 10.034000 0.044000
2244.765840 10.058000 0.049000
2248.721160 10.166000 0.045000
2251.753110 10.197000 0.045000
1868.840510 13.670000 0.038000
1870.784940 13.689000 0.041000
1876.772320 13.578000 0.037000
1888.739890 13.374000 0.038000
1903.692510 12.421000 0.036000
1949.695220 10.538000 0.036000
1950.684060 10.532000 0.037000
1968.647490 11.038000 0.038000
1971.708930 11.056000 0.041000
1977.620820 11.442000 0.044000
1980.624660 11.447000 0.045000
1982.616390 11.592000 0.038000
2030.507120 13.501000 0.042000
2201.851160 10.461000 0.048000
2221.837330 9.974000 0.044000
2235.780230 10.046000 0.047000
2237.774760 10.078000 0.041000
2240.752460 10.092000 0.042000
2464.458370 13.091000 0.035000
2775.641580 9.758000 0.044000
2790.464980 9.740000 0.044000
3023.790490 13.113000 0.043000
3385.735540 10.812000 0.035000
3444.658780 13.515000 0.048000
3562.493980 13.865000 0.031000
3653.868670 11.234000 0.045000
3848.588240 13.011000 0.047000
4150.815920 12.498000 0.034000
4163.719570 11.930000 0.035000
4183.556480 10.505000 0.035000
4472.818770 9.799000 0.047000
4476.769650 9.768000 0.046000
4516.730950 10.755000 0.043000
4547.744590 12.369000 0.043000
4550.608390 12.287000 0.045000
4565.720010 13.124000 0.036000
5025.489100 11.024000 0.052000
5032.480530 10.678000 0.046000
5088.906380 11.551000 0.043000
5113.871460 12.720000 0.047000
1978.644320 29.999000 0.043000
1979.627870 29.999000 0.045000
1984.605820 29.999000 0.043000
1985.609450 29.999000 0.044000
2083.483360 29.999000 0.038000
2453.514630 29.999000 0.040000
2578.855920 29.999000 0.042000
2622.727080 29.999000 0.032000
2624.781020 29.999000 0.035000
2630.794180 29.999000 0.049000
2636.849660 29.999000 0.047000
2642.756680 29.999000 0.039000
2658.750690 29.999000 0.034000
2666.752760 29.999000 0.029000
2670.761490 29.999000 0.032000
2676.724580 29.999000 0.028000
2680.708590 29.999000 0.028000
2685.826210 29.999000 0.033000
2695.684520 29.999000 0.041000
2703.680050 29.999000 0.041000
2707.668800 29.999000 0.046000
2711.819490 29.999000 0.050000
2713.687500 29.999000 0.031000
2719.729380 29.999000 0.035000
2722.796510 29.999000 0.032000
2897.900940 29.999000 0.032000
2918.866750 29.999000 0.047000
2933.864750 29.999000 0.033000
2949.845010 29.999000 0.028000
2961.811740 29.999000 0.032000
2964.844840 29.999000 0.038000
2971.803480 29.999000 0.029000
2975.752510 29.999000 0.029000
2980.779280 29.999000 0.028000
2986.806360 29.999000 0.028000
2992.802080 29.999000 0.046000
3007.793900 29.999000 0.027000
3159.498870 29.999000 0.035000
3162.542860 29.999000 0.029000
3164.562140 29.999000 0.032000
3167.569180 29.999000 0.027000
3186.520200 29.999000 0.032000
3452.769900 29.999000 0.033000
3454.778000 29.999000 0.036000
3456.774760 29.999000 0.034000
3458.790620 29.999000 0.032000
3465.582830 29.999000 0.027000
3470.508870 29.999000 0.028000
3474.597970 29.999000 0.030000
3476.663100 29.999000 0.034000
3478.651050 29.999000 0.033000
3482.653720 29.999000 0.033000
3484.691680 29.999000 0.041000
3489.602930 29.999000 0.029000
3491.609790 29.999000 0.038000
3497.645590 29.999000 0.033000
3506.530210 29.999000 0.041000
3511.661260 29.999000 0.030000
3526.537500 29.999000 0.037000
3542.517380 29.999000 0.039000
3736.790430 29.999000 0.030000
3739.772660 29.999000 0.033000
3742.767340 29.999000 0.032000
3754.725280 29.999000 0.035000
3756.789920 29.999000 0.038000
3759.704380 29.999000 0.038000
3770.802050 29.999000 0.040000
3783.707630 29.999000 0.036000
3789.789220 29.999000 0.033000
3794.712350 29.999000 0.037000
3799.609470 29.999000 0.049000
3803.831470 29.999000 0.041000
3810.790880 29.999000 0.040000
3813.575040 29.999000 0.039000
3823.769730 29.999000 0.043000
3826.528820 29.999000 0.032000
3828.580730 29.999000 0.035000
3830.642690 29.999000 0.039000
3832.645220 29.999000 0.035000
3834.638740 29.999000 0.037000
3836.663230 29.999000 0.036000
4090.774440 29.999000 0.045000
4203.667290 29.999000 0.028000
4286.503660 29.999000 0.030000
4291.482710 29.999000 0.028000
4293.494990 29.999000 0.027000
4295.495330 29.999000 0.027000
4297.500010 29.999000 0.033000
4299.489860 29.999000 0.029000
4301.493210 29.999000 0.035000
4305.498000 29.999000 0.030000
4312.475220 29.999000 0.045000
4575.715890 29.999000 0.032000
4582.689440 29.999000 0.033000
4586.542170 29.999000 0.031000
4588.617890 29.999000 0.032000
4590.668340 29.999000 0.034000
4592.649710 29.999000 0.030000
4594.665980 29.999000 0.029000
4596.669530 29.999000 0.029000
4599.520870 29.999000 0.033000
4601.570250 29.999000 0.028000
4603.618770 29.999000 0.030000
4607.620780 29.999000 0.032000
4609.660170 29.999000 0.030000
4611.648480 29.999000 0.029000
4622.607490 29.999000 0.031000
4627.523140 29.999000 0.032000
4629.532000 29.999000 0.031000
4631.578070 29.999000 0.032000
4633.599770 29.999000 0.034000
4642.551590 29.999000 0.031000
4644.558080 29.999000 0.031000
4646.559570 29.999000 0.047000
4649.519260 29.999000 0.044000
4652.501490 29.999000 0.036000
4656.510430 29.999000 0.040000
4663.509420 29.999000 0.045000
4667.466950 29.999000 0.028000
4872.760750 29.999000 0.037000
2062.507260 29.999000 0.045000
2067.481980 29.999000 0.042000
2105.474190 29.999000 0.037000
2440.505080 29.999000 0.027000
2442.502610 29.999000 0.037000
2444.501370 29.999000 0.028000
2627.815360 29.999000 0.029000
2634.810180 29.999000 0.043000
2645.742370 29.999000 0.039000
2647.766390 29.999000 0.045000
2650.738020 29.999000 0.040000
2655.737400 29.999000 0.042000
2662.763740 29.999000 0.028000
2664.748220 29.999000 0.038000
2672.750350 29.999000 0.036000
2674.738170 29.999000 0.043000
2678.706490 29.999000 0.042000
2684.660080 29.999000 0.033000
2689.695250 29.999000 0.043000
2697.690800 29.999000 0.042000
2699.686090 29.999000 0.039000
2705.672430 29.999000 0.042000
2710.630940 29.999000 0.033000
2714.790260 29.999000 0.030000
2717.659530 29.999000 0.046000
2724.681660 29.999000 0.035000
2912.881230 29.999000 0.029000
2926.878030 29.999000 0.031000
2930.853080 29.999000 0.027000
2940.840110 29.999000 0.032000
2943.844960 29.999000 0.029000
2946.832310 29.999000 0.028000
2954.823250 29.999000 0.033000
2957.832350 29.999000 0.041000
2967.827040 29.999000 0.029000
2977.800790 29.999000 0.038000
2983.802800 29.999000 0.033000
2989.806680 29.999000 0.034000
2995.787030 29.999000 0.036000
2998.785560 29.999000 0.031000
3012.757880 29.999000 0.040000
3015.810250 29.999000 0.031000
3153.601370 29.999000 0.031000
3169.610810 29.999000 0.030000
3177.471120 29.999000 0.032000
3179.558410 29.999000 0.029000
3183.558630 29.999000 0.031000
3403.762440 29.999000 0.044000
3450.647320 29.999000 0.030000
3460.804720 29.999000 0.033000
3463.527290 29.999000 0.034000
3467.752110 29.999000 0.027000
3472.556670 29.999000 0.032000
3480.646310 29.999000 0.039000
3495.606400 29.999000 0.028000
3502.671240 29.999000 0.041000
3509.596180 29.999000 0.025000
3522.478510 29.999000 0.043000
3528.543560 29.999000 0.040000
3530.540430 29.999000 0.031000
3538.561300 29.999000 0.030000
3544.573670 29.999000 0.034000
3560.492550 29.999000 0.034000
3748.738860 29.999000 0.038000
3751.726610 29.999000 0.037000
3762.692960 29.999000 0.043000
3765.694700 29.999000 0.036000
3768.681800 29.999000 0.038000
3773.675740 29.999000 0.035000
3775.725420 29.999000 0.035000
3780.657490 29.999000 0.036000
3787.740290 29.999000 0.034000
3792.660390 29.999000 0.036000
3796.803200 29.999000 0.031000
3801.654430 29.999000 0.033000
3805.730940 29.999000 0.033000
3808.722220 29.999000 0.036000
3815.623230 29.999000 0.038000
3817.651410 29.999000 0.035000
3821.735230 29.999000 0.040000
4103.815180 29.999000 0.031000
4106.759290 29.999000 0.035000
4109.815690 29.999000 0.030000
4125.714240 29.999000 0.031000
4129.759750 29.999000 0.029000
4373.894930 29.999000 0.037000
4378.881630 29.999000 0.043000
4383.874450 29.999000 0.031000
4391.854700 29.999000 0.046000
4406.859720 29.999000 0.042000
4616.602240 29.999000 0.029000
4654.499880 29.999000 0.034000
4852.725850 29.999000 0.031000
4855.762880 29.999000 0.029000
4858.710740 29.999000 0.038000
4861.765890 29.999000 0.035000
4867.767120 29.999000 0.034000
4870.691840 29.999000 0.031000
4875.730020 29.999000 0.046000
4877.756240 29.999000 0.038000
4883.646620 29.999000 0.030000
4886.680280 29.999000 0.053000
4888.776550 29.999000 0.041000
4894.706470 29.999000 0.037000
4899.776240 29.999000 0.050000
4903.778530 29.999000 0.047000
4905.834430 29.999000 0.050000
4908.612610 29.999000 0.046000
4914.737270 29.999000 0.044000
4917.551090 29.999000 0.043000
4919.642490 29.999000 0.038000
4921.801780 29.999000 0.048000
4926.581520 29.999000 0.046000
4929.683790 29.999000 0.048000
4936.564540 29.999000 0.046000
4938.612810 29.999000 0.048000
4945.680060 29.999000 0.045000
4947.739100 29.999000 0.048000
4952.651570 29.999000 0.041000
4954.609350 29.999000 0.045000
4959.685550 29.999000 0.049000
4962.597090 29.999000 0.045000
4967.623710 29.999000 0.051000
4973.597100 29.999000 0.052000
4975.648390 29.999000 0.042000
4984.584220 29.999000 0.046000
5131.844030 29.999000 0.038000
5146.840410 29.999000 0.038000
5165.820590 29.999000 0.041000
