1954.793020 12.896000 0.050000
1962.843120 12.531000 0.054000
1965.773850 12.527000 0.047000
1982.734010 12.582000 0.054000
2466.516280 13.494000 0.045000
2468.510730 13.564000 0.047000
2503.530840 11.935000 0.047000
2512.504880 12.124000 0.049000
2545.485050 13.348000 0.033000
2731.833580 14.074000 0.037000
2734.652720 13.940000 0.033000
2736.699460 13.872000 0.032000
2738.708790 13.766000 0.032000
2740.720840 13.701000 0.033000
2742.634840 13.550000 0.034000
2743.790650 13.441000 0.037000
2749.834320 13.278000 0.045000
2751.617640 13.134000 0.030000
2755.644350 13.117000 0.033000
2756.823220 12.959000 0.030000
2758.802930 12.930000 0.032000
2761.841870 12.833000 0.040000
2763.630920 12.781000 0.038000
2764.727140 12.701000 0.043000
2766.738820 12.556000 0.035000
2784.658480 11.983000 0.033000
2785.783630 11.982000 0.045000
2787.735100 12.009000 0.030000
2794.568400 12.103000 0.032000
2812.582330 12.854000 0.039000
2813.752210 12.808000 0.038000
2819.627260 13.175000 0.036000
2821.628020 13.393000 0.039000
2841.669800 14.415000 0.035000
3030.818250 13.581000 0.030000
3041.817750 12.666000 0.031000
3043.824430 12.594000 0.034000
3060.789930 12.493000 0.030000
3069.763720 12.599000 0.034000
3074.734050 12.856000 0.029000
3078.865640 13.038000 0.036000
3090.710160 13.812000 0.033000
3362.856980 13.112000 0.056000
3552.697420 14.541000 0.035000
3555.691040 14.238000 0.040000
3560.705050 13.863000 0.037000
3563.501130 13.894000 0.045000
3570.590810 13.363000 0.035000
3573.652890 12.811000 0.037000
3575.670820 12.835000 0.034000
3578.556900 12.632000 0.033000
3584.573180 12.427000 0.041000
3586.608140 12.440000 0.044000
3591.531070 12.193000 0.037000
3593.543300 12.225000 0.049000
3601.561020 12.130000 0.044000
3603.567790 12.036000 0.033000
3618.499540 12.417000 0.032000
3620.536910 12.479000 0.056000
3630.499490 12.907000 0.037000
3633.497220 13.076000 0.036000
3642.490410 13.371000 0.041000
3806.733230 14.514000 0.050000
3814.727240 14.663000 0.073000
3821.714520 14.402000 0.047000
3823.762550 13.837000 0.046000
3825.810340 13.996000 0.040000
3832.739150 13.385000 0.046000
3834.717220 13.268000 0.044000
3836.726400 13.285000 0.056000
3850.725860 12.621000 0.036000
3852.749690 12.527000 0.033000
3859.706900 12.217000 0.052000
3861.693710 12.323000 0.037000
3863.654010 12.255000 0.038000
3865.660570 12.234000 0.050000
3867.692070 12.190000 0.039000
3869.715220 12.173000 0.044000
3871.706500 12.244000 0.035000
3874.800060 12.125000 0.038000
3877.559990 12.207000 0.051000
3882.643440 12.252000 0.059000
3886.751950 12.366000 0.055000
3892.719740 12.639000 0.057000
3894.693200 12.637000 0.042000
3902.571550 12.977000 0.041000
3904.590440 13.070000 0.041000
3906.607270 13.099000 0.066000
3908.599590 13.245000 0.033000
4121.800820 12.904000 0.046000
4127.847550 12.332000 0.037000
4131.795420 12.165000 0.053000
4134.817410 12.087000 0.045000
4137.817970 12.184000 0.046000
4140.813890 12.147000 0.045000
4143.820160 12.192000 0.050000
4150.826600 12.301000 0.052000
4153.797850 12.446000 0.045000
4156.786180 12.557000 0.063000
4159.768770 12.723000 0.046000
4161.846570 12.759000 0.058000
4172.804760 13.430000 0.035000
4175.736920 13.307000 0.045000
4183.775990 13.888000 0.037000
4185.802040 13.912000 0.043000
4189.692390 13.842000 0.039000
4191.716330 14.221000 0.039000
4349.547970 14.010000 0.054000
4352.511470 14.161000 0.030000
4359.507810 13.669000 0.035000
4361.511420 13.469000 0.044000
4455.848930 13.400000 0.043000
4463.857590 13.766000 0.041000
4467.836950 13.896000 0.058000
4641.684510 14.235000 0.037000
4643.680290 13.890000 0.043000
4648.555150 14.022000 0.061000
4650.627790 14.117000 0.038000
4652.649710 13.838000 0.033000
4656.605990 13.527000 0.034000
4658.657650 13.499000 0.037000
4661.543710 13.218000 0.044000
4663.614360 13.205000 0.047000
4665.678730 12.987000 0.054000
4671.613340 12.585000 0.039000
4682.621440 12.579000 0.077000
4684.604950 12.511000 0.047000
4694.550290 12.592000 0.056000
4698.551740 12.783000 0.038000
4700.556360 12.773000 0.047000
4702.572760 12.895000 0.038000
4707.565300 12.992000 0.045000
4726.496520 13.903000 0.054000
4733.489580 14.083000 0.051000
4906.835770 14.326000 0.040000
4921.716980 13.634000 0.038000
4926.777240 13.203000 0.040000
4937.650220 12.603000 0.044000
4939.710570 12.560000 0.040000
4955.677420 12.397000 0.042000
4985.588320 13.405000 0.038000
1939.812680 14.324000 0.044000
1947.826140 13.276000 0.044000
1953.773360 12.831000 0.053000
1955.789370 12.753000 0.046000
1955.889960 12.770000 0.041000
1961.778850 12.496000 0.056000
1964.794290 12.486000 0.047000
1966.778070 12.510000 0.050000
1967.805810 12.567000 0.050000
1981.735960 12.564000 0.055000
1984.849070 12.459000 0.053000
2443.538330 14.268000 0.048000
2470.497140 13.340000 0.053000
2490.518410 11.942000 0.044000
2498.511260 11.810000 0.043000
2502.516830 11.890000 0.048000
2524.489830 12.463000 0.054000
2782.781390 11.991000 0.047000
2810.754250 12.642000 0.034000
3057.855230 12.324000 0.033000
3066.853140 12.560000 0.031000
3076.809310 13.113000 0.031000
3085.796060 13.681000 0.034000
3104.804770 13.968000 0.031000
3108.807500 14.517000 0.034000
3828.685380 13.977000 0.064000
3830.766740 13.912000 0.043000
3900.537830 12.833000 0.049000
4357.516900 14.107000 0.033000
4371.483590 13.104000 0.043000
4436.853710 13.115000 0.058000
4639.662800 14.084000 0.056000
4686.562790 12.592000 0.050000
4704.559830 12.997000 0.056000
4729.491150 13.772000 0.058000
1950.848590 13.115000 0.066000
1968.790870 12.579000 0.058000
1976.816540 12.604000 0.059000
1980.717420 12.582000 0.063000
1994.782270 12.900000 0.059000
1996.706130 12.917000 0.059000
2256.838630 12.493000 0.064000
2508.579820 12.073000 0.056000
2510.537750 12.002000 0.063000
2526.517760 12.421000 0.060000
2760.672770 12.962000 0.049000
2775.732460 12.157000 0.042000
2809.595010 12.782000 0.040000
3087.797560 13.457000 0.040000
3855.607050 12.431000 0.069000
4107.850380 13.825000 0.053000
4163.820100 13.032000 0.076000
4645.686880 14.056000 0.085000
4654.622900 13.603000 0.056000
4677.626420 12.517000 0.068000
4679.638830 12.468000 0.061000
4894.839600 14.620000 0.071000
4904.762060 13.868000 0.039000
4932.751950 12.866000 0.042000
4946.873340 12.448000 0.069000
4951.808220 12.535000 0.043000
4962.810610 12.538000 0.046000
4966.821530 12.552000 0.044000
4969.566060 12.590000 0.042000
4972.640340 12.808000 0.046000
4974.746950 12.935000 0.045000
4989.671640 13.290000 0.046000
4994.727730 13.875000 0.040000
1949.784720 13.041000 0.072000
1958.792980 12.638000 0.059000
1971.796860 12.461000 0.064000
1977.730910 12.449000 0.057000
1978.810780 12.468000 0.055000
1979.736990 12.573000 0.062000
1984.731050 12.535000 0.061000
1985.732230 12.584000 0.053000
1993.745880 12.873000 0.058000
1995.767400 13.013000 0.060000
2000.693440 13.137000 0.062000
2248.853110 12.131000 0.057000
2482.468070 12.580000 0.058000
4909.731360 14.034000 0.047000
4991.691530 13.489000 0.043000
1885.848480 29.999000 0.050000
1900.827140 29.999000 0.050000
1914.788050 29.999000 0.061000
1915.867970 29.999000 0.055000
1922.801150 29.999000 0.049000
1928.877300 29.999000 0.046000
1935.725450 29.999000 0.039000
1937.810830 29.999000 0.045000
2025.621230 29.999000 0.039000
2037.626750 29.999000 0.046000
2052.563600 29.999000 0.059000
2057.571490 29.999000 0.055000
2068.550090 29.999000 0.059000
2070.549870 29.999000 0.061000
2079.512440 29.999000 0.071000
2083.519440 29.999000 0.058000
2104.521330 29.999000 0.052000
2106.523640 29.999000 0.059000
2117.495990 29.999000 0.037000
2129.471720 29.999000 0.043000
2133.521170 29.999000 0.048000
2135.540990 29.999000 0.052000
2141.475220 29.999000 0.061000
2529.500450 29.999000 0.077000
2540.492310 29.999000 0.069000
2628.853740 29.999000 0.034000
2635.822950 29.999000 0.031000
2639.820480 29.999000 0.030000
2642.847640 29.999000 0.035000
2646.793470 29.999000 0.028000
2650.787630 29.999000 0.029000
2657.811370 29.999000 0.037000
2661.836140 29.999000 0.035000
2668.859080 29.999000 0.039000
2671.815480 29.999000 0.033000
2674.816350 29.999000 0.029000
2677.775160 29.999000 0.033000
2679.814160 29.999000 0.035000
2683.790610 29.999000 0.031000
2685.788750 29.999000 0.033000
2704.794290 29.999000 0.037000
2712.736880 29.999000 0.032000
2836.562710 29.999000 0.036000
2860.581140 29.999000 0.033000
2866.604530 29.999000 0.030000
2875.519380 29.999000 0.039000
2884.558680 29.999000 0.032000
2896.515480 29.999000 0.038000
2900.513000 29.999000 0.032000
2904.505040 29.999000 0.042000
2986.851450 29.999000 0.032000
3016.864240 29.999000 0.030000
3019.844420 29.999000 0.033000
3096.758490 29.999000 0.032000
3126.656280 29.999000 0.038000
3130.688530 29.999000 0.038000
3134.702030 29.999000 0.028000
3145.714610 29.999000 0.031000
3153.713330 29.999000 0.028000
3158.727700 29.999000 0.034000
3169.506230 29.999000 0.039000
3175.761680 29.999000 0.030000
3178.553120 29.999000 0.030000
3180.664600 29.999000 0.031000
3183.637310 29.999000 0.030000
3408.829320 29.999000 0.051000
3417.812120 29.999000 0.068000
3420.781830 29.999000 0.056000
3438.769130 29.999000 0.052000
3442.767490 29.999000 0.052000
3444.795500 29.999000 0.054000
3456.768310 29.999000 0.045000
3458.784250 29.999000 0.044000
3463.685830 29.999000 0.049000
3465.745620 29.999000 0.042000
3468.734270 29.999000 0.043000
3470.769880 29.999000 0.044000
3473.653790 29.999000 0.048000
3481.700000 29.999000 0.045000
3490.677010 29.999000 0.058000
3492.675030 29.999000 0.044000
3496.677040 29.999000 0.045000
3499.679580 29.999000 0.055000
3501.713740 29.999000 0.064000
3506.710960 29.999000 0.051000
3509.702880 29.999000 0.039000
3515.739530 29.999000 0.033000
3525.668810 29.999000 0.038000
3543.613770 29.999000 0.038000
3558.695550 29.999000 0.080000
3741.827590 29.999000 0.053000
3749.814440 29.999000 0.062000
3760.835300 29.999000 0.078000
3778.773240 29.999000 0.055000
3782.845370 29.999000 0.070000
3794.807720 29.999000 0.050000
3797.771500 29.999000 0.061000
3800.757160 29.999000 0.058000
3803.764310 29.999000 0.068000
3809.766380 29.999000 0.055000
3811.800040 29.999000 0.051000
3816.774340 29.999000 0.045000
4166.809650 29.999000 0.039000
4193.722230 29.999000 0.038000
4202.726490 29.999000 0.048000
4204.748200 29.999000 0.039000
4207.772770 29.999000 0.035000
4213.761360 29.999000 0.037000
4216.747930 29.999000 0.049000
4227.684260 29.999000 0.037000
4229.687820 29.999000 0.035000
4231.697090 29.999000 0.040000
4233.696630 29.999000 0.036000
4235.693920 29.999000 0.032000
4246.601560 29.999000 0.041000
4486.805420 29.999000 0.047000
4497.843540 29.999000 0.039000
4514.855600 29.999000 0.044000
4517.808180 29.999000 0.038000
4519.838040 29.999000 0.037000
4522.782730 29.999000 0.035000
4524.849010 29.999000 0.036000
4530.754230 29.999000 0.036000
4536.755440 29.999000 0.034000
4538.807490 29.999000 0.035000
4541.723370 29.999000 0.036000
4543.793550 29.999000 0.036000
4545.763420 29.999000 0.040000
4547.777620 29.999000 0.039000
4550.707890 29.999000 0.035000
4552.767400 29.999000 0.039000
4554.788210 29.999000 0.038000
4557.693240 29.999000 0.034000
4559.751150 29.999000 0.039000
4561.800270 29.999000 0.032000
4566.728970 29.999000 0.040000
4568.743190 29.999000 0.040000
4570.807000 29.999000 0.036000
4572.695610 29.999000 0.038000
4574.684580 29.999000 0.039000
4576.707950 29.999000 0.040000
4583.647160 29.999000 0.034000
4586.664270 29.999000 0.037000
4588.696620 29.999000 0.038000
4599.585460 29.999000 0.035000
4601.630520 29.999000 0.036000
4603.655120 29.999000 0.034000
4610.570590 29.999000 0.039000
4612.619910 29.999000 0.048000
4620.536120 29.999000 0.041000
4722.499190 29.999000 0.038000
1887.854050 29.999000 0.056000
1889.852230 29.999000 0.062000
1903.828980 29.999000 0.068000
1905.837710 29.999000 0.058000
1907.834180 29.999000 0.044000
1918.811080 29.999000 0.055000
1920.807270 29.999000 0.060000
1924.792340 29.999000 0.059000
1925.840500 29.999000 0.049000
1926.839200 29.999000 0.041000
1930.782760 29.999000 0.041000
1932.773420 29.999000 0.042000
1945.889940 29.999000 0.045000
1998.699670 29.999000 0.061000
2014.656220 29.999000 0.069000
2026.640760 29.999000 0.046000
2027.632700 29.999000 0.043000
2030.616980 29.999000 0.038000
2031.638480 29.999000 0.042000
2032.615060 29.999000 0.038000
2033.607330 29.999000 0.034000
2034.600470 29.999000 0.038000
2040.623930 29.999000 0.071000
2054.592970 29.999000 0.072000
2055.571380 29.999000 0.056000
2056.583090 29.999000 0.046000
2058.565720 29.999000 0.054000
2067.536280 29.999000 0.062000
2069.552670 29.999000 0.072000
2085.522340 29.999000 0.041000
2087.485840 29.999000 0.063000
2093.488400 29.999000 0.064000
2094.600780 29.999000 0.050000
2102.468110 29.999000 0.056000
2115.596160 29.999000 0.058000
2125.463660 29.999000 0.060000
2131.512340 29.999000 0.057000
2144.471990 29.999000 0.059000
2158.501130 29.999000 0.053000
2252.854110 29.999000 0.061000
2440.545550 29.999000 0.047000
2442.536290 29.999000 0.048000
2452.498800 29.999000 0.051000
2454.508570 29.999000 0.060000
2456.508890 29.999000 0.047000
2474.461030 29.999000 0.053000
2623.849130 29.999000 0.029000
2652.827020 29.999000 0.032000
2659.817510 29.999000 0.033000
2663.831820 29.999000 0.033000
2665.857900 29.999000 0.037000
2681.797810 29.999000 0.034000
2689.783820 29.999000 0.032000
2691.774260 29.999000 0.030000
2693.846860 29.999000 0.036000
2698.776560 29.999000 0.030000
2700.826010 29.999000 0.044000
2714.726100 29.999000 0.034000
2717.724710 29.999000 0.032000
2720.675450 29.999000 0.029000
2722.715740 29.999000 0.029000
2724.728520 29.999000 0.041000
2727.742090 29.999000 0.036000
2853.516380 29.999000 0.038000
2862.558180 29.999000 0.034000
2882.569860 29.999000 0.039000
2898.517980 29.999000 0.033000
2908.489640 29.999000 0.036000
2911.488230 29.999000 0.031000
2989.854260 29.999000 0.039000
3128.649740 29.999000 0.037000
3132.699620 29.999000 0.030000
3142.714660 29.999000 0.028000
3156.582650 29.999000 0.030000
3160.741150 29.999000 0.039000
3163.749650 29.999000 0.030000
3185.630850 29.999000 0.033000
3387.852470 29.999000 0.052000
3391.806940 29.999000 0.037000
3395.837220 29.999000 0.047000
3398.829270 29.999000 0.056000
3402.820170 29.999000 0.048000
3405.832060 29.999000 0.055000
3411.826100 29.999000 0.052000
3414.809440 29.999000 0.043000
3425.825770 29.999000 0.044000
3427.836260 29.999000 0.062000
3431.825160 29.999000 0.048000
3433.881070 29.999000 0.067000
3446.838990 29.999000 0.037000
3449.714460 29.999000 0.056000
3452.718750 29.999000 0.062000
3454.768090 29.999000 0.049000
3460.794780 29.999000 0.040000
3475.739250 29.999000 0.040000
3477.746140 29.999000 0.054000
3479.700240 29.999000 0.068000
3487.664770 29.999000 0.042000
3503.703270 29.999000 0.047000
3511.738350 29.999000 0.032000
3517.733160 29.999000 0.041000
3521.636580 29.999000 0.058000
3523.641560 29.999000 0.042000
3529.663670 29.999000 0.048000
3538.632950 29.999000 0.041000
3540.650020 29.999000 0.054000
3550.649220 29.999000 0.053000
3725.857000 29.999000 0.041000
3733.847080 29.999000 0.052000
3737.837700 29.999000 0.052000
3745.820450 29.999000 0.050000
3753.805180 29.999000 0.053000
3757.809870 29.999000 0.054000
3763.846070 29.999000 0.071000
3767.805140 29.999000 0.048000
3770.848450 29.999000 0.061000
3774.787670 29.999000 0.048000
3788.857350 29.999000 0.049000
3791.799730 29.999000 0.067000
3818.890280 29.999000 0.039000
3981.550920 29.999000 0.039000
4104.824500 29.999000 0.056000
4181.714540 29.999000 0.040000
4196.777430 29.999000 0.042000
4253.688180 29.999000 0.044000
4255.712740 29.999000 0.035000
4257.714400 29.999000 0.038000
4272.703020 29.999000 0.041000
4274.698810 29.999000 0.037000
4277.621110 29.999000 0.036000
4283.718360 29.999000 0.054000
4285.682330 29.999000 0.050000
4289.679190 29.999000 0.041000
4291.678310 29.999000 0.037000
4293.666490 29.999000 0.036000
4295.682440 29.999000 0.038000
4297.672870 29.999000 0.046000
4299.648910 29.999000 0.035000
4301.603160 29.999000 0.044000
4303.610680 29.999000 0.034000
4305.606630 29.999000 0.033000
4307.608420 29.999000 0.041000
4312.561590 29.999000 0.048000
4315.567550 29.999000 0.040000
4317.628980 29.999000 0.036000
4330.519460 29.999000 0.037000
4332.534800 29.999000 0.040000
4334.550510 29.999000 0.037000
4338.581310 29.999000 0.044000
4341.525830 29.999000 0.052000
4343.535890 29.999000 0.043000
4345.555260 29.999000 0.059000
4347.550100 29.999000 0.052000
4459.843690 29.999000 0.042000
4471.851360 29.999000 0.042000
4478.824660 29.999000 0.047000
4482.823050 29.999000 0.042000
4490.803170 29.999000 0.035000
4493.832130 29.999000 0.036000
4504.797620 29.999000 0.034000
4507.822260 29.999000 0.038000
4510.818010 29.999000 0.043000
4527.766650 29.999000 0.042000
4533.821570 29.999000 0.037000
4564.670730 29.999000 0.037000
4579.809000 29.999000 0.035000
4590.765720 29.999000 0.038000
4592.843180 29.999000 0.035000
4594.770300 29.999000 0.036000
4596.801920 29.999000 0.033000
4616.799640 29.999000 0.038000
4622.750160 29.999000 0.047000
4630.660690 29.999000 0.034000
4632.667110 29.999000 0.034000
4820.844270 29.999000 0.041000
4824.846570 29.999000 0.039000
4828.850960 29.999000 0.036000
4836.841420 29.999000 0.044000
4844.844020 29.999000 0.036000
4848.806470 29.999000 0.048000
4851.862140 29.999000 0.037000
4855.856130 29.999000 0.041000
4861.819390 29.999000 0.050000
4865.798530 29.999000 0.039000
4868.846680 29.999000 0.043000
4871.836040 29.999000 0.044000
4875.831220 29.999000 0.043000
4881.797780 29.999000 0.039000
4884.796980 29.999000 0.039000
4890.782450 29.999000 0.060000
5010.540460 29.999000 0.045000
5013.584740 29.999000 0.043000
5018.673380 29.999000 0.046000
5022.670200 29.999000 0.051000
5024.676630 29.999000 0.057000
5037.557380 29.999000 0.057000
5039.551790 29.999000 0.041000
5041.552700 29.999000 0.038000
5048.562840 29.999000 0.043000
5064.505640 29.999000 0.054000
5071.560410 29.999000 0.065000
5088.513060 29.999000 0.055000
1940.739240 13.959000 0.041000
1945.810390 13.405000 0.046000
1948.747350 13.118000 0.048000
1954.729290 12.738000 0.051000
1955.724490 12.822000 0.045000
1955.885710 12.703000 0.056000
1958.715360 12.635000 0.053000
1962.736610 12.547000 0.056000
1963.711280 12.478000 0.052000
1964.712330 12.561000 0.048000
1965.698740 12.464000 0.048000
1967.697920 12.570000 0.053000
1968.704440 12.604000 0.050000
1977.667470 12.419000 0.056000
1981.687740 12.661000 0.056000
1982.666690 12.502000 0.053000
1985.657670 12.745000 0.054000
2030.551990 14.754000 0.047000
2031.561700 14.685000 0.052000
2222.841880 12.159000 0.054000
2227.855630 12.410000 0.053000
2229.855910 12.137000 0.053000
2232.853950 12.235000 0.056000
2234.838850 12.237000 0.048000
2236.843040 12.039000 0.051000
2239.845160 12.223000 0.057000
2241.829550 12.396000 0.056000
2249.816580 12.454000 0.058000
2255.799950 12.419000 0.057000
2463.496260 13.917000 0.043000
2467.504670 13.485000 0.038000
2469.511750 13.468000 0.055000
2473.480390 13.046000 0.047000
2482.524350 12.498000 0.056000
2489.471970 11.960000 0.052000
2497.467630 11.808000 0.046000
2502.509140 11.883000 0.057000
2512.474380 12.072000 0.056000
2714.644070 14.203000 0.034000
2734.645790 14.038000 0.041000
2735.863180 13.840000 0.039000
2737.680340 14.013000 0.038000
2738.843740 13.924000 0.034000
2741.812460 13.522000 0.040000
2743.668250 13.501000 0.036000
2750.828060 13.122000 0.039000
2752.679640 13.032000 0.033000
2754.782680 13.065000 0.037000
2756.725900 12.973000 0.028000
2759.669610 12.846000 0.036000
2762.716110 12.679000 0.040000
2769.705620 12.383000 0.032000
2782.740380 11.995000 0.028000
2784.641670 12.005000 0.040000
2786.610240 12.002000 0.036000
2791.699420 12.025000 0.035000
2794.549610 12.035000 0.033000
2809.561450 12.641000 0.033000
2810.661250 12.643000 0.036000
2812.574920 12.856000 0.033000
2819.590860 13.203000 0.038000
2821.602850 13.235000 0.035000
2831.603980 14.007000 0.031000
2835.561920 13.831000 0.033000
3024.866710 13.790000 0.030000
3032.774660 13.260000 0.031000
3042.762480 12.681000 0.033000
3052.723970 12.363000 0.029000
3054.778340 12.334000 0.029000
3057.704420 12.241000 0.036000
3059.780530 12.648000 0.037000
3064.790630 12.476000 0.032000
3067.750780 12.601000 0.029000
3069.751340 12.705000 0.039000
3071.762610 13.000000 0.031000
3073.811040 13.014000 0.031000
3076.653520 13.009000 0.029000
3078.715770 13.080000 0.033000
3086.768130 13.434000 0.029000
3088.818980 13.892000 0.033000
3091.615770 13.844000 0.033000
3093.673630 13.777000 0.029000
3097.668870 14.135000 0.033000
3103.770730 13.780000 0.033000
3365.855540 13.235000 0.049000
3386.806890 14.206000 0.050000
3389.816660 14.061000 0.064000
3529.633700 14.895000 0.036000
3556.595590 14.088000 0.037000
3559.592750 14.226000 0.037000
3563.591410 13.634000 0.033000
3570.558970 13.270000 0.036000
3574.548200 12.830000 0.037000
3576.575960 12.882000 0.037000
3584.559710 12.375000 0.031000
3587.503940 12.340000 0.036000
3589.530560 12.251000 0.033000
3592.488790 12.188000 0.031000
3600.511210 12.072000 0.038000
3603.494420 12.023000 0.040000
3607.489940 12.054000 0.045000
3819.764140 14.298000 0.036000
3828.719810 13.805000 0.045000
3832.721710 13.847000 0.038000
3834.696270 13.505000 0.036000
3836.708470 13.170000 0.041000
3850.659800 12.671000 0.044000
3852.666440 12.554000 0.036000
3854.681320 12.445000 0.045000
3856.720860 12.456000 0.044000
3861.593480 12.187000 0.042000
3863.592250 12.245000 0.042000
3865.602840 12.210000 0.039000
3867.648460 12.172000 0.039000
3869.644520 12.189000 0.034000
3871.636740 12.191000 0.037000
3874.728140 12.191000 0.039000
3881.749960 12.223000 0.033000
3888.567800 12.392000 0.043000
3890.563330 12.500000 0.038000
3894.628540 12.646000 0.031000
3902.500520 12.997000 0.042000
3904.536100 13.144000 0.036000
3906.559030 13.179000 0.037000
3908.556960 13.238000 0.047000
3913.653270 13.401000 0.039000
4091.794710 14.004000 0.050000
4109.836900 13.516000 0.047000
4131.764140 12.265000 0.044000
4134.761290 12.213000 0.054000
4136.828310 12.135000 0.036000
4139.744420 12.238000 0.070000
4141.805220 12.195000 0.041000
4144.736890 12.253000 0.049000
4146.799770 12.219000 0.041000
4152.778690 12.568000 0.041000
4154.817300 12.483000 0.070000
4157.695580 12.576000 0.076000
4159.760760 12.752000 0.048000
4161.750280 12.698000 0.036000
4168.809600 13.162000 0.042000
4173.763810 13.507000 0.036000
4430.829550 12.617000 0.040000
4438.831430 12.819000 0.045000
4442.818710 13.204000 0.039000
4462.800980 13.819000 0.037000
4653.521960 13.498000 0.037000
4659.599440 13.225000 0.033000
4667.576390 12.931000 0.036000
4671.556610 12.595000 0.048000
4674.522230 12.473000 0.043000
4681.500140 12.565000 0.046000
4683.510330 12.478000 0.046000
4685.514520 12.642000 0.049000
4687.527210 12.670000 0.064000
4690.514790 12.548000 0.038000
4694.494150 12.573000 0.048000
4699.489800 12.804000 0.038000
4702.473710 12.654000 0.040000
4705.478650 12.894000 0.048000
4918.612940 14.064000 0.040000
4926.682520 13.165000 0.042000
4936.584080 12.713000 0.040000
4940.675290 12.569000 0.045000
4945.707400 12.430000 0.041000
4947.782400 12.493000 0.053000
4949.772350 12.392000 0.045000
4954.605850 12.431000 0.041000
4972.619910 12.868000 0.041000
4991.571690 13.682000 0.042000
2215.864870 13.169000 0.055000
1993.669490 12.622000 0.059000
1994.655750 12.669000 0.059000
2465.523870 13.997000 0.046000
1949.803480 13.083000 0.071000
2225.844890 12.193000 0.064000
2506.472690 11.864000 0.054000
2757.818850 12.855000 0.054000
2760.783290 12.802000 0.057000
2775.690910 12.142000 0.059000
2797.528390 12.080000 0.042000
3357.822560 12.800000 0.081000
3561.605300 13.826000 0.060000
3848.639540 12.709000 0.053000
3886.565350 12.466000 0.055000
3892.567280 12.647000 0.054000
4125.783890 12.437000 0.072000
4150.734570 12.467000 0.062000
4938.639150 12.929000 0.059000
4962.628930 12.703000 0.044000
4966.763540 12.678000 0.042000
4969.530770 12.553000 0.045000
2243.827920 12.286000 0.059000
1869.856300 29.999000 0.058000
1877.823960 29.999000 0.062000
1881.817710 29.999000 0.051000
1887.799050 29.999000 0.045000
1918.720860 29.999000 0.056000
1924.806740 29.999000 0.050000
1928.817800 29.999000 0.059000
1931.824970 29.999000 0.041000
1932.829760 29.999000 0.038000
1979.676270 29.999000 0.066000
1984.656240 29.999000 0.050000
2000.624690 29.999000 0.061000
2014.589430 29.999000 0.072000
2016.599540 29.999000 0.070000
2056.538970 29.999000 0.057000
2057.521520 29.999000 0.062000
2058.520110 29.999000 0.066000
2082.478020 29.999000 0.054000
2085.489840 29.999000 0.052000
2087.478480 29.999000 0.054000
2116.480660 29.999000 0.054000
2143.480360 29.999000 0.060000
2251.809730 29.999000 0.059000
2257.796950 29.999000 0.061000
2441.481200 29.999000 0.045000
2445.492610 29.999000 0.058000
2453.457230 29.999000 0.051000
2628.800300 29.999000 0.030000
2634.840820 29.999000 0.031000
2674.802750 29.999000 0.033000
2676.772820 29.999000 0.028000
2688.732610 29.999000 0.032000
2690.739480 29.999000 0.035000
2704.741010 29.999000 0.036000
2706.710710 29.999000 0.031000
2712.658750 29.999000 0.030000
2720.749620 29.999000 0.041000
2726.868690 29.999000 0.038000
2728.690950 29.999000 0.040000
2730.666630 29.999000 0.037000
2740.652640 29.999000 0.039000
2861.527410 29.999000 0.032000
2876.491730 29.999000 0.037000
2879.480320 29.999000 0.030000
2988.828220 29.999000 0.030000
3008.807490 29.999000 0.031000
3011.816220 29.999000 0.032000
3114.617100 29.999000 0.039000
3116.632160 29.999000 0.034000
3121.657980 29.999000 0.029000
3125.645480 29.999000 0.027000
3131.719010 29.999000 0.032000
3133.722130 29.999000 0.031000
3153.659720 29.999000 0.034000
3164.505100 29.999000 0.031000
3169.542630 29.999000 0.032000
3178.591560 29.999000 0.031000
3184.557200 29.999000 0.033000
3189.639990 29.999000 0.031000
3396.749010 29.999000 0.043000
3402.799200 29.999000 0.052000
3408.733270 29.999000 0.050000
3416.805850 29.999000 0.048000
3421.780330 29.999000 0.071000
3433.818150 29.999000 0.052000
3438.696730 29.999000 0.047000
3442.674670 29.999000 0.058000
3450.704310 29.999000 0.065000
3453.626600 29.999000 0.069000
3457.684490 29.999000 0.038000
3459.683340 29.999000 0.036000
3473.586850 29.999000 0.066000
3481.633590 29.999000 0.039000
3501.492420 29.999000 0.048000
3675.868190 29.999000 0.061000
3701.853100 29.999000 0.044000
3706.829160 29.999000 0.052000
3713.846130 29.999000 0.053000
3717.843980 29.999000 0.050000
3725.820720 29.999000 0.038000
3728.844380 29.999000 0.046000
3732.815010 29.999000 0.050000
3736.797530 29.999000 0.055000
3739.817990 29.999000 0.059000
3742.823600 29.999000 0.068000
3745.843990 29.999000 0.068000
3748.834590 29.999000 0.059000
3751.805890 29.999000 0.053000
3757.795130 29.999000 0.066000
3760.785880 29.999000 0.075000
3766.765570 29.999000 0.062000
3772.767720 29.999000 0.074000
3775.744630 29.999000 0.056000
3796.682450 29.999000 0.051000
3803.839200 29.999000 0.036000
3805.779500 29.999000 0.042000
3808.731240 29.999000 0.048000
3810.801350 29.999000 0.046000
3817.709380 29.999000 0.046000
3826.690410 29.999000 0.040000
4163.757810 29.999000 0.040000
4179.703850 29.999000 0.048000
4181.717310 29.999000 0.064000
4183.754720 29.999000 0.040000
4185.742380 29.999000 0.043000
4191.614600 29.999000 0.037000
4193.653880 29.999000 0.048000
4198.703600 29.999000 0.045000
4204.671360 29.999000 0.041000
4207.690660 29.999000 0.043000
4213.703700 29.999000 0.048000
4227.594550 29.999000 0.038000
4229.604600 29.999000 0.041000
4231.609780 29.999000 0.051000
4233.611710 29.999000 0.035000
4246.557040 29.999000 0.043000
4477.830450 29.999000 0.036000
4484.823740 29.999000 0.050000
4497.781920 29.999000 0.037000
4508.805390 29.999000 0.038000
4515.732620 29.999000 0.040000
4520.770240 29.999000 0.039000
4527.745330 29.999000 0.040000
4529.814490 29.999000 0.036000
4535.768160 29.999000 0.039000
4537.769250 29.999000 0.037000
4540.645030 29.999000 0.045000
4542.690000 29.999000 0.035000
4546.726290 29.999000 0.039000
4548.733660 29.999000 0.036000
4551.667270 29.999000 0.036000
4553.699800 29.999000 0.036000
4555.715220 29.999000 0.034000
4557.772410 29.999000 0.033000
4564.652590 29.999000 0.041000
4566.661510 29.999000 0.039000
4568.671300 29.999000 0.040000
4570.651880 29.999000 0.036000
4572.624890 29.999000 0.040000
4574.637030 29.999000 0.040000
4576.661640 29.999000 0.039000
4583.559690 29.999000 0.043000
4586.596420 29.999000 0.039000
4599.530850 29.999000 0.040000
4601.576600 29.999000 0.039000
4641.660060 29.999000 0.046000
4646.508550 29.999000 0.046000
4648.599890 29.999000 0.079000
4651.517040 29.999000 0.038000
4655.507910 29.999000 0.043000
4662.597030 29.999000 0.074000
4860.831350 29.999000 0.037000
4875.810020 29.999000 0.047000
1873.846600 29.999000 0.069000
1902.801560 29.999000 0.053000
1906.783810 29.999000 0.045000
1913.812950 29.999000 0.046000
1921.742740 29.999000 0.049000
1926.791810 29.999000 0.044000
1929.794670 29.999000 0.047000
1933.857150 29.999000 0.040000
1938.742390 29.999000 0.041000
1947.718160 29.999000 0.048000
1997.639370 29.999000 0.056000
2027.580790 29.999000 0.052000
2034.559820 29.999000 0.052000
2037.633400 29.999000 0.040000
2053.529540 29.999000 0.045000
2079.470380 29.999000 0.070000
2105.521960 29.999000 0.049000
2130.476470 29.999000 0.052000
2247.838750 29.999000 0.064000
2443.490410 29.999000 0.046000
2460.456600 29.999000 0.051000
2637.814670 29.999000 0.034000
2667.794820 29.999000 0.038000
2672.820190 29.999000 0.034000
2692.798910 29.999000 0.034000
2696.756930 29.999000 0.038000
2710.661530 29.999000 0.035000
2715.809880 29.999000 0.039000
2723.830820 29.999000 0.040000
2981.823160 29.999000 0.032000
3018.801080 29.999000 0.029000
3099.729230 29.999000 0.035000
3101.753570 29.999000 0.034000
3105.758200 29.999000 0.034000
3107.762740 29.999000 0.047000
3109.764720 29.999000 0.030000
3112.556790 29.999000 0.030000
3127.657940 29.999000 0.034000
3129.702950 29.999000 0.048000
3160.714000 29.999000 0.039000
3176.472400 29.999000 0.031000
3182.548320 29.999000 0.031000
3405.750830 29.999000 0.048000
3411.745300 29.999000 0.073000
3414.723560 29.999000 0.043000
3419.717620 29.999000 0.070000
3427.817670 29.999000 0.082000
3431.786790 29.999000 0.057000
3444.708150 29.999000 0.052000
3446.717560 29.999000 0.045000
3461.699400 29.999000 0.035000
3465.799740 29.999000 0.040000
3468.751370 29.999000 0.036000
3470.845660 29.999000 0.041000
3477.658280 29.999000 0.036000
3479.637350 29.999000 0.044000
3483.654030 29.999000 0.049000
3486.778690 29.999000 0.049000
3491.796730 29.999000 0.058000
3497.802510 29.999000 0.034000
3503.545800 29.999000 0.044000
3511.677150 29.999000 0.031000
3515.709630 29.999000 0.042000
3517.698390 29.999000 0.051000
3521.610580 29.999000 0.040000
3525.633720 29.999000 0.058000
3538.589920 29.999000 0.041000
3554.574710 29.999000 0.032000
3754.806170 29.999000 0.052000
3769.779430 29.999000 0.073000
3778.723000 29.999000 0.048000
3783.836810 29.999000 0.045000
3788.768300 29.999000 0.061000
3791.712830 29.999000 0.061000
3798.751090 29.999000 0.045000
3801.673500 29.999000 0.056000
3813.644360 29.999000 0.054000
3815.699890 29.999000 0.055000
3822.624130 29.999000 0.057000
3824.670510 29.999000 0.034000
4188.867360 29.999000 0.040000
4237.626870 29.999000 0.044000
4253.591290 29.999000 0.043000
4267.639810 29.999000 0.059000
4272.617210 29.999000 0.045000
4274.629300 29.999000 0.037000
4277.609460 29.999000 0.038000
4282.579980 29.999000 0.054000
4284.593920 29.999000 0.046000
4286.588340 29.999000 0.051000
4290.590240 29.999000 0.042000
4292.554580 29.999000 0.034000
4294.562940 29.999000 0.042000
4296.557800 29.999000 0.051000
4298.562550 29.999000 0.042000
4300.516860 29.999000 0.044000
4303.550620 29.999000 0.041000
4305.536890 29.999000 0.036000
4307.563410 29.999000 0.039000
4311.516770 29.999000 0.034000
4317.511800 29.999000 0.038000
4330.493380 29.999000 0.044000
4333.500180 29.999000 0.043000
4338.495140 29.999000 0.037000
4342.484680 29.999000 0.042000
4559.812150 29.999000 0.039000
4579.784610 29.999000 0.036000
4590.731680 29.999000 0.049000
4592.719580 29.999000 0.035000
4594.735480 29.999000 0.036000
4596.746310 29.999000 0.034000
4603.626060 29.999000 0.036000
4607.627320 29.999000 0.041000
4609.667510 29.999000 0.032000
4611.655110 29.999000 0.037000
4616.647860 29.999000 0.032000
4622.639670 29.999000 0.039000
4626.653720 29.999000 0.031000
4630.635410 29.999000 0.032000
4632.653370 29.999000 0.037000
4994.664550 29.999000 0.047000
1871.842510 29.999000 0.081000
1879.822170 29.999000 0.046000
1885.786350 29.999000 0.046000
1889.799500 29.999000 0.067000
1899.834120 29.999000 0.039000
1904.783860 29.999000 0.063000
1908.773180 29.999000 0.058000
1915.759350 29.999000 0.055000
1919.799220 29.999000 0.046000
1922.829210 29.999000 0.041000
1925.795370 29.999000 0.043000
1935.651660 29.999000 0.043000
1936.799340 29.999000 0.040000
1980.672860 29.999000 0.061000
1995.640200 29.999000 0.060000
1996.632090 29.999000 0.059000
1998.632210 29.999000 0.061000
2025.543170 29.999000 0.035000
2032.558700 29.999000 0.043000
2052.502210 29.999000 0.067000
2055.486020 29.999000 0.070000
2067.467120 29.999000 0.055000
2094.454260 29.999000 0.036000
2103.500300 29.999000 0.064000
2622.791490 29.999000 0.030000
2641.784070 29.999000 0.033000
2649.787540 29.999000 0.032000
2661.815820 29.999000 0.032000
2665.816800 29.999000 0.035000
2670.755020 29.999000 0.033000
2678.752510 29.999000 0.032000
2684.708620 29.999000 0.031000
2686.732770 29.999000 0.031000
2698.792910 29.999000 0.037000
2719.621740 29.999000 0.037000
2725.688420 29.999000 0.044000
2732.774510 29.999000 0.041000
2744.792820 29.999000 0.040000
2853.491810 29.999000 0.046000
2971.846080 29.999000 0.029000
2985.805850 29.999000 0.057000
3015.821010 29.999000 0.034000
3399.770360 29.999000 0.065000
3425.778320 29.999000 0.057000
3455.674550 29.999000 0.048000
3463.761780 29.999000 0.034000
3475.708920 29.999000 0.050000
3489.783390 29.999000 0.039000
3506.587000 29.999000 0.044000
3509.630500 29.999000 0.040000
3523.614380 29.999000 0.043000
3550.635150 29.999000 0.043000
3780.796010 29.999000 0.057000
3793.770080 29.999000 0.054000
3830.791780 29.999000 0.032000
4105.819500 29.999000 0.049000
4176.647730 29.999000 0.046000
4216.680560 29.999000 0.045000
4235.610030 29.999000 0.041000
4458.802050 29.999000 0.052000
4465.826410 29.999000 0.058000
4469.793490 29.999000 0.048000
4473.827780 29.999000 0.050000
4487.790200 29.999000 0.051000
4490.784090 29.999000 0.040000
4493.768550 29.999000 0.036000
4503.759000 29.999000 0.046000
4506.743370 29.999000 0.050000
4511.726500 29.999000 0.040000
4518.705940 29.999000 0.036000
4522.814880 29.999000 0.037000
4525.696670 29.999000 0.042000
4532.677270 29.999000 0.037000
4562.595230 29.999000 0.047000
4588.654740 29.999000 0.042000
4639.635850 29.999000 0.046000
4793.844890 29.999000 0.037000
4798.842820 29.999000 0.043000
4802.821850 29.999000 0.039000
4806.820710 29.999000 0.044000
4810.820790 29.999000 0.040000
4814.807050 29.999000 0.045000
4818.850570 29.999000 0.037000
4821.843160 29.999000 0.036000
4825.803080 29.999000 0.036000
4829.783480 29.999000 0.036000
4835.834670 29.999000 0.040000
4838.823090 29.999000 0.036000
4845.825090 29.999000 0.035000
4848.804270 29.999000 0.036000
4851.792720 29.999000 0.034000
4855.797620 29.999000 0.037000
4863.775730 29.999000 0.034000
4866.769650 29.999000 0.039000
4869.750650 29.999000 0.039000
4872.744090 29.999000 0.043000
4881.717080 29.999000 0.043000
4884.703430 29.999000 0.037000
4892.788380 29.999000 0.040000
4904.687240 29.999000 0.041000
4906.733640 29.999000 0.042000
4920.741630 29.999000 0.051000
5013.564030 29.999000 0.053000
5021.567110 29.999000 0.043000
5023.568940 29.999000 0.041000
5037.528490 29.999000 0.040000
5039.517700 29.999000 0.046000
5041.527680 29.999000 0.044000
5048.542940 29.999000 0.049000
