1885.848480 14.074000 0.050000
1887.854050 13.998000 0.056000
1903.828980 14.346000 0.068000
1905.837710 14.035000 0.058000
1907.834180 13.906000 0.044000
1920.807270 14.115000 0.060000
1924.792340 13.888000 0.059000
1926.839200 14.189000 0.041000
1930.782760 13.949000 0.041000
1935.725450 13.908000 0.039000
1937.810830 13.922000 0.045000
1939.812680 14.104000 0.044000
1965.773850 13.872000 0.047000
2068.550090 13.441000 0.059000
2079.512440 13.960000 0.071000
2102.468110 13.779000 0.056000
2106.523640 14.341000 0.059000
2131.512340 14.064000 0.057000
2135.540990 13.946000 0.052000
2141.475220 14.434000 0.061000
2144.471990 14.003000 0.059000
2456.508890 12.594000 0.047000
2545.485050 14.051000 0.033000
2661.836140 13.047000 0.035000
2677.775160 13.472000 0.033000
2683.790610 13.711000 0.031000
2731.833580 13.694000 0.037000
2736.699460 13.712000 0.032000
2758.802930 13.954000 0.032000
2766.738820 13.774000 0.035000
2785.783630 13.846000 0.045000
2896.515480 13.959000 0.038000
3078.865640 13.443000 0.036000
3104.804770 13.797000 0.031000
3132.699620 13.807000 0.030000
2093.488400 13.885000 0.064000
1981.735960 13.441000 0.055000
2025.621230 12.591000 0.039000
2026.640760 12.538000 0.046000
2027.632700 12.563000 0.043000
2030.616980 12.563000 0.038000
2031.638480 12.574000 0.042000
2032.615060 12.596000 0.038000
2033.607330 12.588000 0.034000
2034.600470 12.596000 0.038000
2037.626750 12.630000 0.046000
2052.563600 12.912000 0.059000
2054.592970 12.870000 0.072000
2055.571380 12.921000 0.056000
2056.583090 13.051000 0.046000
2057.571490 13.054000 0.055000
2058.565720 13.198000 0.054000
2067.536280 13.385000 0.062000
2069.552670 13.478000 0.072000
2070.549870 13.540000 0.061000
2440.545550 12.311000 0.047000
2442.536290 12.379000 0.048000
2443.538330 12.371000 0.048000
2452.498800 12.470000 0.051000
2466.516280 13.166000 0.045000
2468.510730 13.216000 0.047000
2470.497140 13.339000 0.053000
2623.849130 12.251000 0.029000
2628.853740 12.409000 0.034000
2635.822950 12.291000 0.031000
2639.820480 12.282000 0.030000
2642.847640 12.298000 0.035000
2646.793470 12.341000 0.028000
2650.787630 12.565000 0.029000
2652.827020 12.682000 0.032000
2657.811370 13.020000 0.037000
2659.817510 12.890000 0.033000
2671.815480 13.089000 0.033000
2674.816350 13.509000 0.029000
2681.797810 13.710000 0.034000
2810.754250 12.661000 0.034000
2812.582330 12.528000 0.039000
2813.752210 12.624000 0.038000
2819.627260 12.473000 0.036000
2821.628020 12.349000 0.039000
2836.562710 12.079000 0.036000
2841.669800 12.148000 0.035000
2853.516380 12.336000 0.038000
2860.581140 12.561000 0.033000
2862.558180 12.536000 0.034000
2866.604530 12.799000 0.030000
2875.519380 13.313000 0.039000
2882.569860 13.433000 0.039000
2884.558680 13.552000 0.032000
2898.517980 13.834000 0.033000
2900.513000 13.797000 0.032000
2904.505040 13.970000 0.042000
3016.864240 13.274000 0.030000
3019.844420 12.773000 0.033000
3030.818250 12.833000 0.030000
3041.817750 12.652000 0.031000
3057.855230 12.941000 0.033000
3060.789930 12.781000 0.030000
3066.853140 13.051000 0.031000
3074.734050 13.167000 0.029000
3076.809310 13.506000 0.031000
3085.796060 13.389000 0.034000
3090.710160 14.261000 0.033000
3156.582650 13.944000 0.030000
3427.836260 12.577000 0.062000
1993.745880 13.054000 0.058000
1995.767400 13.116000 0.060000
2133.521170 14.159000 0.048000
1996.706130 12.818000 0.059000
1998.699670 12.864000 0.061000
2014.656220 12.384000 0.069000
2809.595010 13.135000 0.040000
2000.693440 12.787000 0.062000
2454.508570 12.878000 0.060000
1925.840500 29.999000 0.049000
1928.877300 29.999000 0.046000
1949.784720 29.999000 0.072000
1961.778850 29.999000 0.056000
1966.778070 29.999000 0.050000
1968.790870 29.999000 0.058000
1976.816540 29.999000 0.059000
1978.810780 29.999000 0.055000
1984.731050 29.999000 0.061000
2085.522340 29.999000 0.041000
2115.596160 29.999000 0.058000
2117.495990 29.999000 0.037000
2474.461030 29.999000 0.053000
2503.530840 29.999000 0.047000
2508.579820 29.999000 0.056000
2510.537750 29.999000 0.063000
2524.489830 29.999000 0.054000
2540.492310 29.999000 0.069000
2663.831820 29.999000 0.033000
2679.814160 29.999000 0.035000
2693.846860 29.999000 0.036000
2700.826010 29.999000 0.044000
2704.794290 29.999000 0.037000
2717.724710 29.999000 0.032000
2722.715740 29.999000 0.029000
2734.652720 29.999000 0.033000
2738.708790 29.999000 0.032000
2740.720840 29.999000 0.033000
2742.634840 29.999000 0.034000
2743.790650 29.999000 0.037000
2749.834320 29.999000 0.045000
2755.644350 29.999000 0.033000
2756.823220 29.999000 0.030000
2760.672770 29.999000 0.049000
2761.841870 29.999000 0.040000
2763.630920 29.999000 0.038000
2764.727140 29.999000 0.043000
2775.732460 29.999000 0.042000
2784.658480 29.999000 0.033000
2787.735100 29.999000 0.030000
2794.568400 29.999000 0.032000
3043.824430 29.999000 0.034000
3069.763720 29.999000 0.034000
3087.797560 29.999000 0.040000
1915.867970 29.999000 0.055000
1950.848590 29.999000 0.066000
1962.843120 29.999000 0.054000
1967.805810 29.999000 0.050000
1977.730910 29.999000 0.057000
1979.736990 29.999000 0.062000
1982.734010 29.999000 0.054000
1985.732230 29.999000 0.053000
2083.519440 29.999000 0.058000
2087.485840 29.999000 0.063000
2094.600780 29.999000 0.050000
2104.521330 29.999000 0.052000
2125.463660 29.999000 0.060000
2129.471720 29.999000 0.043000
2482.468070 29.999000 0.058000
2490.518410 29.999000 0.044000
2498.511260 29.999000 0.043000
2502.516830 29.999000 0.048000
2512.504880 29.999000 0.049000
2529.500450 29.999000 0.077000
2668.859080 29.999000 0.039000
2685.788750 29.999000 0.033000
2689.783820 29.999000 0.032000
2691.774260 29.999000 0.030000
2698.776560 29.999000 0.030000
2714.726100 29.999000 0.034000
2724.728520 29.999000 0.041000
2727.742090 29.999000 0.036000
2751.617640 29.999000 0.030000
2782.781390 29.999000 0.047000
2791.507520 29.999000 0.035000
2908.489640 29.999000 0.036000
2986.851450 29.999000 0.032000
2989.854260 29.999000 0.039000
3126.656280 29.999000 0.038000
3128.649740 29.999000 0.037000
3130.688530 29.999000 0.038000
3134.702030 29.999000 0.028000
3142.714660 29.999000 0.028000
3145.714610 29.999000 0.031000
3153.713330 29.999000 0.028000
3158.727700 29.999000 0.034000
3160.741150 29.999000 0.039000
3163.749650 29.999000 0.030000
3180.664600 29.999000 0.031000
3183.637310 29.999000 0.030000
3185.630850 29.999000 0.033000
1914.788050 29.999000 0.061000
1922.801150 29.999000 0.049000
1932.773420 29.999000 0.042000
1945.889940 29.999000 0.045000
1947.826140 29.999000 0.044000
1953.773360 29.999000 0.053000
1958.792980 29.999000 0.059000
1964.794290 29.999000 0.047000
1971.796860 29.999000 0.064000
1980.717420 29.999000 0.063000
1984.849070 29.999000 0.053000
1994.782270 29.999000 0.059000
2158.501130 29.999000 0.053000
2526.517760 29.999000 0.060000
2665.857900 29.999000 0.037000
2712.736880 29.999000 0.032000
2720.675450 29.999000 0.029000
2911.488230 29.999000 0.031000
3096.758490 29.999000 0.032000
3108.807500 29.999000 0.034000
3169.506230 29.999000 0.039000
3175.761680 29.999000 0.030000
3178.553120 29.999000 0.030000
2628.800300 12.244000 0.030000
2738.843740 14.421000 0.034000
2782.740380 13.817000 0.028000
2791.699420 13.879000 0.035000
2810.661250 12.681000 0.036000
2821.602850 12.541000 0.035000
2831.603980 12.096000 0.031000
2835.561920 12.079000 0.033000
2853.491810 12.259000 0.046000
2861.527410 12.474000 0.032000
2876.491730 13.160000 0.037000
2879.480320 13.344000 0.030000
3073.811040 13.321000 0.031000
3088.818980 13.777000 0.033000
3131.719010 13.944000 0.032000
3133.722130 13.954000 0.031000
3182.548320 14.017000 0.031000
3184.557200 14.227000 0.033000
3433.818150 12.452000 0.052000
2757.818850 14.070000 0.054000
3427.817670 12.485000 0.082000
2741.812460 29.999000 0.040000
2769.705620 29.999000 0.032000
2784.641670 29.999000 0.040000
2809.561450 29.999000 0.033000
2812.574920 29.999000 0.033000
2819.590860 29.999000 0.038000
3099.729230 29.999000 0.035000
3101.753570 29.999000 0.034000
3103.770730 29.999000 0.033000
3105.758200 29.999000 0.034000
3107.762740 29.999000 0.047000
3109.764720 29.999000 0.030000
3116.632160 29.999000 0.034000
3121.657980 29.999000 0.029000
3127.657940 29.999000 0.034000
3129.702950 29.999000 0.048000
3153.659720 29.999000 0.034000
3160.714000 29.999000 0.039000
3176.472400 29.999000 0.031000
3178.591560 29.999000 0.031000
3189.639990 29.999000 0.031000
2233.826130 12.428000 0.051000
3434.848560 12.295000 0.055000
3465.797970 12.754000 0.065000
3468.749460 12.616000 0.035000
3470.843910 12.898000 0.035000
3489.786520 13.009000 0.042000
3491.800640 13.284000 0.047000
3511.694380 14.027000 0.036000
3521.621990 14.115000 0.040000
3538.636130 13.921000 0.039000
3574.561230 13.990000 0.036000
3589.543430 13.937000 0.044000
3592.496530 14.253000 0.041000
3603.496950 13.842000 0.036000
3837.710090 12.661000 0.039000
3850.731620 12.341000 0.038000
3852.764300 12.217000 0.039000
3865.648230 12.184000 0.035000
3867.680470 12.239000 0.036000
3869.695880 12.387000 0.032000
3871.686380 12.297000 0.059000
3874.768320 12.409000 0.040000
3882.628140 12.605000 0.050000
3893.552440 13.010000 0.038000
3898.677700 13.235000 0.053000
3900.691420 13.126000 0.040000
3905.513580 13.211000 0.033000
3907.528570 13.347000 0.038000
4255.715160 12.715000 0.039000
4298.581370 13.015000 0.039000
4307.567830 13.619000 0.043000
2226.845650 12.524000 0.057000
2228.843070 12.501000 0.063000
2235.830220 12.549000 0.058000
2237.829940 12.603000 0.057000
2240.809630 12.670000 0.056000
2242.809060 12.560000 0.061000
3475.712780 12.957000 0.065000
3515.717550 29.999000 0.039000
3517.706430 29.999000 0.039000
3523.623150 29.999000 0.034000
3529.646000 29.999000 0.054000
3540.656810 29.999000 0.042000
3543.630940 29.999000 0.035000
3558.626380 29.999000 0.036000
3560.624100 29.999000 0.040000
3563.478140 29.999000 0.036000
3570.595150 29.999000 0.035000
3577.540610 29.999000 0.053000
3585.508990 29.999000 0.035000
3587.524260 29.999000 0.039000
3607.491760 29.999000 0.037000
3813.801430 29.999000 0.043000
4343.474050 29.999000 0.060000
4594.739330 29.999000 0.054000
1885.836630 13.839000 0.056000
1926.825910 14.291000 0.044000
1931.866600 14.130000 0.041000
1933.781020 13.935000 0.042000
1962.790160 13.663000 0.052000
1997.681620 12.676000 0.057000
2025.603840 12.504000 0.053000
2026.619010 12.478000 0.054000
2027.613090 12.583000 0.051000
2030.595110 12.518000 0.049000
2032.599890 12.686000 0.057000
2033.592220 12.582000 0.057000
2052.541530 12.960000 0.062000
2441.529870 12.325000 0.041000
2452.476070 12.490000 0.047000
2464.517610 12.817000 0.038000
2466.525140 13.018000 0.041000
2468.524080 13.040000 0.035000
2470.505860 13.243000 0.041000
2520.525420 14.040000 0.042000
2623.818360 12.342000 0.041000
2627.843500 12.288000 0.043000
2630.843930 12.313000 0.045000
2635.811230 12.275000 0.044000
2638.847920 12.215000 0.047000
2642.811720 12.277000 0.043000
2645.830860 12.485000 0.041000
2649.854290 12.523000 0.046000
2651.832870 12.532000 0.043000
2654.868320 12.758000 0.045000
2660.856300 12.813000 0.044000
2662.814620 13.022000 0.043000
2664.828810 13.010000 0.042000
2666.865990 13.038000 0.044000
2669.828480 13.285000 0.045000
2672.801690 13.498000 0.043000
2675.778050 13.653000 0.042000
2677.787270 13.492000 0.044000
2679.766850 13.323000 0.047000
2761.621190 14.076000 0.041000
2791.726460 13.642000 0.048000
2794.570970 13.743000 0.046000
2994.827910 13.834000 0.044000
3005.823320 13.711000 0.041000
3008.836920 13.346000 0.044000
3025.809790 12.813000 0.041000
3030.782420 12.619000 0.042000
3036.826770 12.823000 0.052000
3041.810430 12.722000 0.043000
3043.822560 12.626000 0.045000
3047.761580 12.678000 0.044000
3051.754420 12.598000 0.040000
3054.771880 12.895000 0.045000
3057.761340 12.819000 0.042000
3059.827560 12.877000 0.039000
3066.745550 12.863000 0.041000
3068.784460 12.977000 0.039000
3070.769200 13.075000 0.044000
3073.738170 13.242000 0.041000
3075.775580 13.517000 0.041000
3086.753350 13.776000 0.045000
3111.613900 13.980000 0.039000
3387.826740 14.060000 0.056000
3410.791120 13.607000 0.046000
3416.772650 13.266000 0.045000
3424.820810 12.607000 0.055000
3426.796460 12.567000 0.046000
3431.743150 12.484000 0.047000
3433.796620 12.353000 0.053000
3438.751890 12.372000 0.060000
3442.750570 12.276000 0.051000
3444.765640 12.339000 0.053000
3446.777170 12.280000 0.037000
3450.780410 12.343000 0.054000
3455.688780 12.453000 0.046000
3457.729860 12.462000 0.047000
3459.739170 12.387000 0.043000
3464.660830 12.556000 0.047000
3469.708480 12.616000 0.043000
3471.710910 12.755000 0.042000
3473.731580 12.727000 0.036000
3475.806830 12.789000 0.044000
3477.843420 12.860000 0.042000
3481.680620 12.966000 0.045000
3483.680900 13.121000 0.047000
3489.806750 13.152000 0.044000
3491.831950 13.382000 0.054000
3497.832800 13.749000 0.038000
3501.514740 13.583000 0.054000
3503.620850 13.803000 0.047000
3521.630780 13.814000 0.042000
3576.609540 14.182000 0.047000
3606.500130 13.850000 0.040000
3631.485560 13.173000 0.046000
3757.825700 14.421000 0.057000
3788.819870 14.230000 0.048000
3802.693980 14.071000 0.049000
3806.821120 14.390000 0.057000
3814.692360 14.083000 0.055000
3816.744250 13.683000 0.047000
3818.827900 13.643000 0.057000
3821.689500 13.671000 0.051000
3823.736860 13.479000 0.046000
3825.758690 13.766000 0.043000
3827.823340 13.418000 0.039000
3830.657340 13.354000 0.051000
3832.705670 13.086000 0.045000
3834.703840 13.076000 0.046000
3836.711830 12.871000 0.048000
3848.750250 12.591000 0.050000
3850.763220 12.358000 0.047000
3852.805000 12.350000 0.048000
3855.599180 12.304000 0.051000
3859.697740 12.270000 0.048000
3861.687580 12.218000 0.040000
3863.643450 12.226000 0.047000
3865.654510 12.260000 0.051000
3867.686790 12.304000 0.044000
3869.709770 12.397000 0.044000
3871.700240 12.388000 0.045000
3874.790910 12.533000 0.043000
3877.537750 12.507000 0.050000
3882.634470 12.569000 0.050000
3887.571550 12.864000 0.042000
3891.560810 12.842000 0.041000
3893.570500 13.053000 0.044000
3894.774330 13.046000 0.036000
3900.535190 13.293000 0.045000
3902.569160 13.373000 0.048000
3904.584190 13.361000 0.052000
3906.601630 13.347000 0.041000
3908.597110 13.442000 0.045000
4104.805450 13.395000 0.058000
4107.835480 13.521000 0.042000
4129.865940 13.870000 0.039000
4153.842840 13.928000 0.044000
4189.823180 14.212000 0.035000
4238.550870 13.615000 0.040000
4246.609600 13.048000 0.039000
4253.718000 12.736000 0.039000
4255.749290 12.627000 0.039000
4258.486180 12.667000 0.036000
4268.571240 12.706000 0.043000
4273.638320 12.752000 0.034000
4276.558410 12.788000 0.035000
4278.604620 12.723000 0.037000
4282.625040 12.886000 0.044000
4284.631060 12.841000 0.042000
4290.625960 13.133000 0.033000
4292.586210 13.111000 0.034000
4296.591700 13.255000 0.041000
4298.597120 13.216000 0.038000
4300.548930 13.328000 0.047000
4302.602810 13.345000 0.038000
4304.544660 13.368000 0.031000
4306.561610 13.393000 0.037000
4311.574870 13.491000 0.040000
4340.492830 13.802000 0.038000
4355.497770 13.930000 0.044000
4435.854350 13.377000 0.047000
4439.852800 13.095000 0.040000
4443.848410 12.613000 0.035000
4454.829100 12.166000 0.047000
4458.821120 12.244000 0.040000
4462.814870 12.219000 0.044000
4465.850090 12.248000 0.048000
4469.814690 12.292000 0.043000
4473.838470 12.422000 0.048000
4477.843090 12.328000 0.043000
4480.838200 12.487000 0.043000
4484.854830 12.575000 0.043000
4487.832630 12.779000 0.036000
4491.808260 13.154000 0.040000
4494.822020 12.868000 0.051000
4498.834030 13.068000 0.035000
4501.827710 13.362000 0.040000
4504.807810 13.360000 0.035000
4507.795280 13.263000 0.046000
4517.766870 13.770000 0.038000
4522.758090 13.998000 0.035000
4524.815780 14.046000 0.038000
4527.734320 14.022000 0.043000
4529.807870 13.973000 0.038000
4632.692000 14.299000 0.040000
4661.669780 13.518000 0.047000
4664.515420 13.501000 0.036000
4666.581330 13.647000 0.039000
4670.543680 13.613000 0.042000
4672.565650 13.502000 0.048000
4674.601170 13.508000 0.039000
4678.571480 13.862000 0.053000
4681.523430 13.648000 0.040000
4683.526250 13.427000 0.038000
4693.539100 13.298000 0.040000
4701.495840 13.837000 0.039000
4703.515540 13.674000 0.037000
4705.547160 13.812000 0.044000
4824.829200 14.032000 0.037000
4836.813980 13.848000 0.062000
4842.834980 13.829000 0.046000
4846.829150 13.624000 0.035000
4849.828190 13.494000 0.037000
4852.842630 13.338000 0.042000
4861.804580 12.965000 0.040000
4865.774320 12.896000 0.041000
4868.802130 12.858000 0.048000
4871.786630 12.938000 0.043000
4881.775740 12.921000 0.040000
4884.768160 12.954000 0.038000
4907.697640 13.611000 0.045000
4918.677650 13.707000 0.046000
4955.668540 14.265000 0.046000
5021.518210 13.881000 0.044000
5039.599850 13.575000 0.052000
5041.586610 13.727000 0.050000
5087.481880 12.454000 0.054000
1877.850910 13.734000 0.054000
1887.837660 14.002000 0.055000
1907.804020 14.137000 0.047000
1915.811950 14.209000 0.057000
1922.771520 13.901000 0.052000
1925.836200 14.019000 0.050000
1928.866230 14.183000 0.056000
1939.794000 14.123000 0.040000
2689.770590 13.802000 0.043000
2728.714560 14.012000 0.044000
2734.790470 13.893000 0.051000
2738.679920 13.801000 0.045000
2755.619860 14.461000 0.040000
3115.679880 14.058000 0.042000
3355.838610 14.244000 0.048000
3363.831120 14.002000 0.062000
3397.856410 13.822000 0.042000
3517.730010 13.927000 0.045000
3525.662120 14.166000 0.045000
3547.574630 14.335000 0.045000
3558.550770 14.391000 0.056000
3560.560610 14.942000 0.045000
3562.543470 14.071000 0.045000
3564.544580 14.359000 0.038000
3574.581930 14.027000 0.037000
3578.610970 14.180000 0.048000
3584.600030 14.247000 0.042000
3587.514450 14.072000 0.040000
3589.541300 14.195000 0.043000
3591.586650 14.009000 0.051000
3593.568980 14.192000 0.042000
3618.518260 13.545000 0.044000
3720.830020 13.658000 0.042000
3727.844090 13.980000 0.053000
3736.824470 13.906000 0.045000
3739.852040 14.141000 0.045000
3747.824980 14.151000 0.057000
3751.798690 13.969000 0.054000
3760.828730 14.638000 0.049000
3763.838950 14.373000 0.058000
3767.787010 14.213000 0.059000
3774.761210 14.478000 0.046000
3793.824620 14.356000 0.057000
3796.748660 14.198000 0.048000
3911.717650 13.540000 0.047000
4141.792590 14.172000 0.052000
4144.781150 14.316000 0.051000
4158.819600 14.346000 0.056000
4161.737520 13.943000 0.048000
4165.799310 14.010000 0.049000
4168.831360 14.111000 0.036000
4173.793050 14.576000 0.035000
4184.676570 14.494000 0.041000
4191.701360 13.959000 0.034000
4229.753240 13.821000 0.041000
4235.759730 13.789000 0.061000
4332.566280 14.341000 0.046000
4342.518760 14.138000 0.048000
4352.490150 14.046000 0.037000
4519.792800 13.972000 0.042000
4532.724420 14.785000 0.037000
4535.799750 14.054000 0.036000
4548.765060 14.113000 0.039000
4553.738670 14.287000 0.037000
4555.763220 14.282000 0.037000
4558.655850 14.440000 0.035000
4562.751750 14.260000 0.036000
4567.635470 14.111000 0.038000
4573.684500 14.405000 0.036000
4577.859260 13.979000 0.048000
4580.681110 14.278000 0.037000
4583.757960 13.915000 0.035000
4586.752670 14.111000 0.037000
4593.653890 14.527000 0.035000
4601.640190 14.328000 0.038000
4607.731050 14.082000 0.050000
4610.557470 14.116000 0.043000
4617.630830 14.266000 0.036000
4627.563440 14.158000 0.034000
4629.558800 14.104000 0.035000
4639.711370 14.149000 0.049000
4641.721740 13.960000 0.041000
4652.690700 13.861000 0.036000
4654.668920 13.821000 0.051000
4725.483150 13.828000 0.042000
4808.843170 13.759000 0.042000
4839.845010 13.969000 0.036000
4915.798030 13.746000 0.048000
4921.699730 13.606000 0.049000
4937.690460 13.961000 0.054000
4939.736010 14.129000 0.050000
4972.636670 13.944000 0.052000
1930.760350 14.301000 0.045000
1953.764980 13.971000 0.047000
1964.767540 13.434000 0.042000
1976.801610 12.924000 0.052000
1981.727790 13.077000 0.051000
1982.707780 13.437000 0.048000
1985.705510 13.026000 0.053000
2252.828670 12.678000 0.059000
2255.847730 12.953000 0.058000
2454.485800 12.486000 0.057000
2459.472090 12.734000 0.041000
2494.516710 13.585000 0.048000
2497.476730 13.606000 0.039000
2503.562320 13.232000 0.058000
2526.498030 14.042000 0.059000
3509.643850 13.747000 0.042000
4233.755960 13.916000 0.040000
4316.607920 13.891000 0.045000
4360.487120 14.419000 0.040000
4542.831310 14.101000 0.035000
2053.571790 12.830000 0.073000
2054.567160 12.878000 0.077000
2056.557720 12.990000 0.072000
2057.551580 13.006000 0.065000
2058.557000 13.134000 0.070000
2064.537500 13.273000 0.065000
2069.541550 13.372000 0.069000
2070.529800 13.535000 0.069000
2081.498760 13.949000 0.063000
2086.481100 14.013000 0.071000
3019.832460 12.893000 0.050000
3413.775730 13.352000 0.063000
3419.764880 13.061000 0.063000
3880.607820 12.529000 0.062000
3897.751720 13.263000 0.046000
4650.685610 14.039000 0.075000
4685.530230 13.627000 0.073000
4687.542100 13.534000 0.067000
4709.515030 13.964000 0.063000
4856.840010 13.116000 0.053000
4887.791160 13.041000 0.052000
4890.755330 13.298000 0.056000
4904.812600 13.437000 0.050000
4974.743900 13.972000 0.052000
5048.609720 13.327000 0.056000
5064.533580 12.786000 0.064000
5069.534210 12.524000 0.070000
5072.535720 12.511000 0.057000
5090.480960 12.478000 0.050000
1900.796640 14.187000 0.064000
1903.803670 14.172000 0.069000
1905.807680 14.260000 0.065000
1920.777700 14.125000 0.065000
2083.499130 13.936000 0.064000
2088.482610 14.078000 0.063000
3390.833870 14.271000 0.063000
4151.723060 14.157000 0.065000
4656.647530 13.594000 0.074000
4901.756000 13.172000 0.051000
4946.891140 14.177000 0.077000
4989.681900 14.325000 0.053000
4994.739790 13.941000 0.058000
5015.618340 14.288000 0.048000
1993.719680 12.836000 0.064000
1994.698900 12.846000 0.063000
1996.681750 12.840000 0.060000
1998.680130 12.896000 0.064000
2000.671470 12.718000 0.060000
2243.848280 12.570000 0.060000
2250.839880 12.694000 0.059000
2257.837770 12.750000 0.062000
2501.507320 13.309000 0.062000
1918.783800 29.999000 0.060000
1924.824680 29.999000 0.047000
1945.856750 29.999000 0.042000
1979.723460 29.999000 0.056000
2071.534110 29.999000 0.071000
2482.483410 29.999000 0.050000
2490.540890 29.999000 0.049000
2502.555390 29.999000 0.058000
2681.767520 29.999000 0.044000
2683.760790 29.999000 0.047000
2685.756060 29.999000 0.045000
2706.766960 29.999000 0.048000
2712.719230 29.999000 0.048000
2717.709440 29.999000 0.049000
2726.730680 29.999000 0.047000
2730.727030 29.999000 0.048000
2736.681980 29.999000 0.045000
2762.730810 29.999000 0.048000
2775.772740 29.999000 0.046000
2787.575480 29.999000 0.054000
2983.845640 29.999000 0.052000
3012.814950 29.999000 0.043000
3080.709320 29.999000 0.052000
3088.770010 29.999000 0.042000
3096.739820 29.999000 0.042000
3100.736110 29.999000 0.043000
3176.479580 29.999000 0.042000
3384.800230 29.999000 0.058000
3570.645360 29.999000 0.043000
3715.854000 29.999000 0.055000
3732.845690 29.999000 0.044000
3743.837220 29.999000 0.050000
3798.835760 29.999000 0.046000
4126.838710 29.999000 0.060000
4132.835600 29.999000 0.045000
4135.814950 29.999000 0.048000
4156.754510 29.999000 0.051000
4163.785130 29.999000 0.041000
4176.705870 29.999000 0.048000
4179.760660 29.999000 0.037000
4199.640450 29.999000 0.045000
4227.751510 29.999000 0.037000
4510.786380 29.999000 0.045000
4540.708160 29.999000 0.042000
4551.703010 29.999000 0.041000
4591.579010 29.999000 0.041000
4644.498780 29.999000 0.037000
4646.512290 29.999000 0.058000
4816.828080 29.999000 0.043000
4820.824430 29.999000 0.038000
4828.818600 29.999000 0.064000
1954.771180 29.999000 0.047000
1955.776510 29.999000 0.039000
1977.720460 29.999000 0.052000
1980.705570 29.999000 0.057000
2488.497200 29.999000 0.065000
2524.482160 29.999000 0.057000
2691.765900 29.999000 0.046000
2693.828470 29.999000 0.044000
2698.749070 29.999000 0.046000
2704.785890 29.999000 0.050000
2710.726090 29.999000 0.047000
2723.709090 29.999000 0.053000
2733.716170 29.999000 0.048000
2742.597720 29.999000 0.047000
2743.753160 29.999000 0.045000
2751.600730 29.999000 0.042000
2757.847310 29.999000 0.053000
2804.626740 29.999000 0.045000
2976.840270 29.999000 0.042000
2990.844260 29.999000 0.039000
2997.853840 29.999000 0.043000
3077.826320 29.999000 0.043000
3106.764960 29.999000 0.042000
3126.646460 29.999000 0.043000
3128.644570 29.999000 0.046000
3132.684850 29.999000 0.042000
3156.673510 29.999000 0.045000
3394.844630 29.999000 0.046000
3407.802720 29.999000 0.048000
3453.670190 29.999000 0.075000
3515.736530 29.999000 0.039000
3523.635800 29.999000 0.055000
3540.681040 29.999000 0.069000
3543.657550 29.999000 0.043000
3770.818930 29.999000 0.048000
3780.775150 29.999000 0.054000
3783.847940 29.999000 0.065000
3791.758750 29.999000 0.053000
3804.767890 29.999000 0.054000
3809.760100 29.999000 0.052000
3811.797350 29.999000 0.050000
4181.801720 29.999000 0.044000
4187.805990 29.999000 0.032000
4193.714120 29.999000 0.036000
4196.760610 29.999000 0.041000
4202.703510 29.999000 0.037000
4204.730740 29.999000 0.039000
4207.755290 29.999000 0.043000
4308.603250 29.999000 0.046000
4330.566280 29.999000 0.043000
4336.546230 29.999000 0.041000
4344.529960 29.999000 0.047000
4347.501530 29.999000 0.041000
4349.507580 29.999000 0.046000
4358.487380 29.999000 0.035000
4546.776900 29.999000 0.037000
4560.707320 29.999000 0.036000
4564.831120 29.999000 0.037000
4569.686250 29.999000 0.037000
4571.684770 29.999000 0.034000
4575.700320 29.999000 0.039000
4588.802210 29.999000 0.041000
4595.626530 29.999000 0.037000
4599.639380 29.999000 0.040000
4603.665290 29.999000 0.036000
4612.606550 29.999000 0.041000
4620.639230 29.999000 0.037000
4623.615010 29.999000 0.038000
4630.752650 29.999000 0.041000
4648.602900 29.999000 0.050000
4659.585420 29.999000 0.036000
4698.559850 29.999000 0.040000
1937.787890 29.999000 0.044000
1947.790530 29.999000 0.045000
1961.757070 29.999000 0.048000
1966.755110 29.999000 0.046000
1968.754670 29.999000 0.048000
1978.756070 29.999000 0.053000
1984.710830 29.999000 0.054000
1995.740580 29.999000 0.061000
2499.504450 29.999000 0.041000
2512.546840 29.999000 0.043000
2695.787230 29.999000 0.046000
2714.701590 29.999000 0.047000
2719.871290 29.999000 0.050000
2724.870190 29.999000 0.048000
2740.687490 29.999000 0.047000
2749.851680 29.999000 0.046000
2783.595500 29.999000 0.061000
2785.595030 29.999000 0.049000
2809.632190 29.999000 0.044000
3090.804100 29.999000 0.045000
3113.680720 29.999000 0.042000
3191.647010 29.999000 0.072000
3404.823610 29.999000 0.051000
3511.689620 29.999000 0.048000
3538.687310 29.999000 0.047000
3554.673850 29.999000 0.038000
3602.545070 29.999000 0.044000
3983.489050 29.999000 0.056000
4537.816530 29.999000 0.045000
4949.597440 29.999000 0.049000
4951.802880 29.999000 0.051000
4953.696790 29.999000 0.053000
4960.700850 29.999000 0.052000
4962.834880 29.999000 0.058000
4969.547470 29.999000 0.051000
4985.608310 29.999000 0.045000
4987.645030 29.999000 0.051000
5010.580940 29.999000 0.050000
5013.607540 29.999000 0.048000
5018.678760 29.999000 0.048000
5023.520480 29.999000 0.047000
