2167.511180 12.786000 0.049000
2169.527530 12.833000 0.051000
2172.518900 12.569000 0.049000
2187.503620 11.571000 0.051000
2192.554580 11.369000 0.054000
2194.558040 11.329000 0.055000
3496.865840 13.491000 0.035000
4176.891160 13.621000 0.042000
4558.860540 14.325000 0.036000
4576.878750 13.559000 0.043000
4580.839710 13.904000 0.038000
4586.863540 13.873000 0.040000
4589.853990 13.581000 0.050000
4592.833480 13.696000 0.050000
4595.824410 13.516000 0.034000
4602.845250 12.995000 0.037000
4607.778640 12.705000 0.040000
4627.792470 11.852000 0.037000
4629.773420 11.777000 0.035000
4631.795790 11.725000 0.045000
4641.783470 11.387000 0.042000
4654.744840 11.342000 0.036000
4672.775420 12.005000 0.053000
4683.762270 12.453000 0.053000
2156.570100 13.308000 0.059000
2184.485980 11.827000 0.053000
2197.506670 11.250000 0.058000
2202.563310 11.117000 0.075000
4616.934330 12.249000 0.050000
4643.774450 11.371000 0.051000
4645.821510 11.298000 0.073000
3487.899650 29.999000 0.057000
4180.888380 29.999000 0.047000
4189.904520 29.999000 0.041000
4192.897250 29.999000 0.045000
4230.895390 29.999000 0.053000
4233.837860 29.999000 0.039000
4247.793060 29.999000 0.042000
4547.889960 29.999000 0.038000
4551.879420 29.999000 0.040000
4562.862840 29.999000 0.045000
4570.850860 29.999000 0.035000
4623.768320 29.999000 0.036000
4652.756830 29.999000 0.032000
4656.729060 29.999000 0.072000
4681.710880 29.999000 0.061000
5014.752950 29.999000 0.051000
1962.884720 11.727000 0.047000
1964.892900 11.783000 0.041000
1966.886440 11.840000 0.040000
1980.848850 12.426000 0.050000
1981.886960 12.495000 0.044000
1982.876420 12.316000 0.048000
2026.851660 14.655000 0.065000
2027.815240 14.911000 0.059000
2030.822370 14.543000 0.056000
2114.766580 14.480000 0.050000
2128.563040 14.197000 0.061000
2129.598130 13.937000 0.061000
2130.595970 13.974000 0.058000
2131.584060 13.994000 0.061000
2134.586960 13.733000 0.066000
2136.587190 13.828000 0.061000
2141.574240 13.620000 0.061000
2142.566280 13.530000 0.054000
2143.566760 13.717000 0.058000
2144.557750 13.629000 0.057000
2145.555480 13.534000 0.050000
2442.700230 11.312000 0.039000
2446.702290 11.119000 0.046000
2464.653310 10.634000 0.034000
2465.661410 10.606000 0.035000
2466.645190 10.601000 0.039000
2467.649030 10.610000 0.030000
2468.648190 10.606000 0.031000
2470.597680 10.616000 0.037000
2473.614840 10.645000 0.036000
2474.657160 10.670000 0.044000
2481.601060 10.844000 0.045000
2482.635460 10.809000 0.043000
2486.606110 10.985000 0.045000
2489.618540 10.987000 0.039000
2493.593010 11.191000 0.039000
2494.602850 11.353000 0.047000
2495.595560 11.253000 0.041000
2497.592840 11.332000 0.035000
2498.589890 11.364000 0.032000
2499.579020 11.463000 0.042000
2501.587320 11.535000 0.036000
2502.589590 11.559000 0.047000
2508.532850 11.820000 0.037000
2511.568740 12.002000 0.039000
2519.640440 12.282000 0.033000
2520.635750 12.343000 0.045000
2521.642740 12.384000 0.044000
2526.637740 12.555000 0.048000
2535.551510 12.891000 0.054000
2545.630450 13.150000 0.048000
2562.496500 13.973000 0.050000
2712.865750 12.150000 0.040000
2730.891280 11.591000 0.042000
2734.812230 11.507000 0.044000
2738.859060 11.453000 0.040000
2740.871520 11.419000 0.041000
2754.813080 11.622000 0.048000
2756.825550 11.715000 0.038000
2758.848620 11.749000 0.039000
2760.818060 11.869000 0.041000
2764.809510 12.017000 0.039000
2782.881320 12.934000 0.050000
2786.749490 13.077000 0.040000
2790.774620 13.196000 0.042000
2808.769460 13.719000 0.055000
2812.670110 13.976000 0.043000
2814.833630 13.958000 0.045000
2830.763670 13.878000 0.036000
2897.660950 14.755000 0.041000
2930.538970 14.239000 0.044000
2934.537720 14.043000 0.043000
2939.543720 13.644000 0.044000
2944.516380 13.410000 0.046000
2946.542800 13.561000 0.041000
2949.545540 13.548000 0.042000
2954.527650 13.239000 0.044000
2957.517360 13.065000 0.040000
2964.518510 12.690000 0.042000
3069.892660 12.807000 0.044000
3074.884690 13.169000 0.042000
3087.875790 13.468000 0.042000
3266.550280 12.087000 0.033000
3272.510110 11.660000 0.064000
3277.583850 11.385000 0.056000
3481.819160 14.029000 0.046000
3508.855540 12.795000 0.036000
3511.782340 12.736000 0.040000
3526.871800 12.079000 0.057000
3538.773130 11.499000 0.045000
3550.739190 11.235000 0.064000
3552.842960 11.190000 0.048000
3555.759660 11.190000 0.059000
3558.902170 11.153000 0.046000
3561.649060 11.221000 0.056000
3563.689660 11.197000 0.043000
3573.672180 11.432000 0.053000
3575.688280 11.450000 0.060000
3577.713260 11.493000 0.061000
3582.818240 11.748000 0.045000
3584.826730 11.730000 0.050000
3589.621050 11.978000 0.066000
3591.689510 12.034000 0.054000
3594.551840 12.212000 0.046000
3602.596050 12.460000 0.044000
3616.652470 12.888000 0.049000
3628.531280 13.541000 0.041000
3630.598350 13.526000 0.050000
3632.606540 13.770000 0.041000
3634.640150 13.624000 0.043000
3643.656260 13.771000 0.054000
3793.892220 11.424000 0.046000
3797.893590 11.422000 0.056000
3834.878600 11.233000 0.057000
3863.798870 12.288000 0.057000
3865.817390 12.434000 0.046000
3867.813040 12.440000 0.046000
3869.808640 12.610000 0.046000
3880.831810 12.976000 0.043000
3887.778410 13.074000 0.047000
3891.788810 13.212000 0.046000
3893.801770 13.254000 0.052000
3901.776080 13.536000 0.059000
3907.795780 14.021000 0.047000
3913.885240 14.085000 0.051000
4403.585360 11.559000 0.053000
4594.819040 13.427000 0.040000
4615.891620 12.353000 0.039000
1978.875440 12.389000 0.050000
1994.837870 12.909000 0.051000
2052.758250 14.886000 0.073000
2140.567080 13.803000 0.074000
2453.678450 10.848000 0.056000
2487.643450 10.993000 0.074000
2491.597610 11.076000 0.052000
2503.589760 11.716000 0.060000
2512.626450 12.043000 0.045000
2540.585330 12.853000 0.065000
2791.812740 13.262000 0.059000
3274.621160 11.480000 0.055000
3502.807150 13.136000 0.075000
3522.705800 12.317000 0.077000
3540.771670 11.551000 0.068000
3604.605360 12.657000 0.049000
3609.536770 12.674000 0.055000
3619.559900 13.225000 0.083000
3808.885950 11.327000 0.046000
3874.847920 12.766000 0.082000
3877.776330 12.885000 0.074000
3883.833170 13.133000 0.085000
4917.864340 10.832000 0.061000
4984.823110 13.239000 0.072000
1999.856290 29.999000 0.065000
2009.815360 29.999000 0.060000
2025.843090 29.999000 0.049000
2031.820470 29.999000 0.065000
2033.818420 29.999000 0.051000
2037.773580 29.999000 0.075000
2054.761430 29.999000 0.081000
2056.749030 29.999000 0.076000
2057.747180 29.999000 0.067000
2058.746190 29.999000 0.074000
2065.711570 29.999000 0.070000
2080.637560 29.999000 0.078000
2085.689770 29.999000 0.070000
2087.679550 29.999000 0.069000
2093.594870 29.999000 0.067000
2103.651150 29.999000 0.061000
2104.650530 29.999000 0.053000
2105.642460 29.999000 0.057000
2109.638370 29.999000 0.047000
2116.613360 29.999000 0.062000
2552.615940 29.999000 0.061000
2564.579850 29.999000 0.055000
2568.517450 29.999000 0.043000
2802.884990 29.999000 0.050000
2818.920070 29.999000 0.040000
2821.669030 29.999000 0.037000
2835.693360 29.999000 0.040000
2838.686560 29.999000 0.038000
2851.660610 29.999000 0.035000
2853.784440 29.999000 0.042000
2862.619520 29.999000 0.043000
2872.598220 29.999000 0.038000
2875.624380 29.999000 0.043000
2877.612500 29.999000 0.044000
2884.601340 29.999000 0.041000
2892.591980 29.999000 0.062000
2893.691700 29.999000 0.044000
2895.651770 29.999000 0.042000
2899.640550 29.999000 0.053000
2911.625620 29.999000 0.043000
2917.498670 29.999000 0.043000
2921.512790 29.999000 0.043000
2926.525310 29.999000 0.043000
2928.533080 29.999000 0.051000
3097.855810 29.999000 0.043000
3104.877290 29.999000 0.044000
3109.838150 29.999000 0.041000
3112.863610 29.999000 0.040000
3122.907330 29.999000 0.043000
3130.809880 29.999000 0.043000
3142.786130 29.999000 0.044000
3146.747800 29.999000 0.040000
3153.818120 29.999000 0.035000
3158.818960 29.999000 0.043000
3165.729770 29.999000 0.040000
3170.869700 29.999000 0.044000
3176.784100 29.999000 0.045000
3182.701940 29.999000 0.042000
3184.706000 29.999000 0.040000
3430.891930 29.999000 0.052000
3657.584620 29.999000 0.047000
3660.527430 29.999000 0.057000
3673.536640 29.999000 0.055000
3676.529560 29.999000 0.061000
1997.858860 29.999000 0.052000
2016.803210 29.999000 0.053000
2032.802520 29.999000 0.056000
2053.766600 29.999000 0.067000
2055.750090 29.999000 0.081000
2061.741630 29.999000 0.070000
2064.792090 29.999000 0.060000
2070.787550 29.999000 0.062000
2081.694150 29.999000 0.070000
2082.700850 29.999000 0.063000
2086.695650 29.999000 0.063000
2088.676150 29.999000 0.072000
2102.633590 29.999000 0.057000
2115.630040 29.999000 0.053000
2133.584040 29.999000 0.051000
2135.583210 29.999000 0.053000
2563.559460 29.999000 0.045000
2784.771700 29.999000 0.039000
2810.678590 29.999000 0.041000
2840.743090 29.999000 0.036000
2841.848080 29.999000 0.041000
2866.620050 29.999000 0.044000
2867.707020 29.999000 0.043000
2879.613160 29.999000 0.037000
2909.665100 29.999000 0.041000
2932.539750 29.999000 0.043000
3082.872120 29.999000 0.043000
3091.864400 29.999000 0.043000
3101.845980 29.999000 0.045000
3115.853980 29.999000 0.042000
3125.798270 29.999000 0.049000
3127.826570 29.999000 0.046000
3156.763190 29.999000 0.044000
3168.777930 29.999000 0.042000
3173.719620 29.999000 0.054000
3179.691420 29.999000 0.041000
3426.893060 29.999000 0.054000
3444.862980 29.999000 0.071000
3448.884140 29.999000 0.050000
3452.887850 29.999000 0.046000
3455.850370 29.999000 0.072000
3458.878980 29.999000 0.055000
3468.859010 29.999000 0.046000
3472.865100 29.999000 0.045000
3475.876830 29.999000 0.068000
3478.838780 29.999000 0.066000
3484.841510 29.999000 0.056000
3491.893910 29.999000 0.078000
3600.612610 29.999000 0.071000
3621.614070 29.999000 0.086000
3637.643120 29.999000 0.050000
3641.603130 29.999000 0.037000
3646.649810 29.999000 0.040000
3649.574610 29.999000 0.063000
3662.556870 29.999000 0.046000
3664.566340 29.999000 0.045000
3668.547030 29.999000 0.038000
3670.583280 29.999000 0.043000
4246.746550 29.999000 0.045000
4250.774940 29.999000 0.042000
4256.810880 29.999000 0.047000
1963.897820 11.850000 0.045000
1966.888190 11.855000 0.049000
1980.876600 12.339000 0.049000
2000.849570 13.197000 0.049000
2027.837210 14.287000 0.060000
2114.694540 14.869000 0.054000
2131.600180 13.860000 0.061000
2133.600190 13.790000 0.050000
2134.613580 13.809000 0.065000
2136.596670 13.700000 0.055000
2140.576640 13.729000 0.068000
2141.594950 13.688000 0.051000
2143.580790 13.785000 0.060000
2144.574020 13.754000 0.060000
2145.578540 13.603000 0.046000
2453.762190 10.792000 0.042000
2468.661810 10.627000 0.040000
2482.649230 10.766000 0.038000
2490.634870 11.048000 0.047000
2510.606650 11.976000 0.050000
2544.588690 13.128000 0.055000
2545.633460 13.359000 0.046000
2701.893460 12.217000 0.049000
2711.885840 12.127000 0.045000
2714.880730 12.049000 0.042000
2722.831470 11.888000 0.047000
2730.851110 11.581000 0.043000
2734.828280 11.573000 0.043000
2736.878410 11.498000 0.044000
2741.832280 11.418000 0.043000
2743.880540 11.398000 0.043000
2754.853930 11.584000 0.042000
2756.859800 11.673000 0.039000
2760.878020 11.785000 0.044000
2764.827180 12.013000 0.041000
2786.772650 13.030000 0.042000
2790.790040 13.223000 0.042000
3082.887120 13.387000 0.047000
3092.871910 13.974000 0.040000
3266.653410 12.115000 0.043000
3273.526530 11.593000 0.062000
3275.640670 11.421000 0.050000
3293.605090 11.131000 0.042000
3496.883220 13.360000 0.048000
3503.829640 13.221000 0.067000
3506.863330 12.932000 0.051000
3509.863240 12.873000 0.045000
3512.779280 12.572000 0.046000
3550.769880 11.156000 0.053000
3555.836910 11.142000 0.058000
3559.688880 11.177000 0.048000
3563.782660 11.257000 0.062000
3570.618710 11.291000 0.056000
3573.699990 11.383000 0.051000
3575.713010 11.509000 0.045000
3577.738150 11.555000 0.050000
3587.602310 11.855000 0.064000
3589.639860 11.970000 0.064000
3594.576050 12.256000 0.072000
3601.617730 12.505000 0.071000
3603.620860 12.478000 0.049000
3606.622610 12.606000 0.045000
3616.668490 12.934000 0.047000
3619.567580 13.024000 0.052000
3628.543060 13.687000 0.041000
3630.619870 13.738000 0.049000
3634.659050 13.646000 0.050000
3637.662110 13.820000 0.043000
3646.593120 14.074000 0.047000
3649.544390 13.915000 0.051000
3809.901030 11.271000 0.050000
3813.887100 11.336000 0.047000
3820.885000 11.309000 0.052000
3824.874300 11.261000 0.046000
3827.890620 11.263000 0.047000
3831.889370 11.236000 0.056000
3835.869720 11.312000 0.059000
3849.831230 11.759000 0.054000
3852.863540 11.885000 0.052000
3855.853310 12.101000 0.053000
3861.846230 12.315000 0.066000
3863.845820 12.357000 0.045000
3867.831060 12.392000 0.052000
3869.843220 12.652000 0.063000
3874.868820 12.742000 0.059000
3877.796050 12.909000 0.045000
3880.883500 12.794000 0.042000
3887.812820 13.191000 0.066000
3892.752860 13.327000 0.044000
3894.750920 13.541000 0.041000
3901.801300 13.980000 0.052000
3903.812980 13.880000 0.061000
3908.720020 13.801000 0.056000
4176.879250 13.109000 0.054000
4284.753990 13.743000 0.054000
4292.735830 14.111000 0.043000
4296.735850 13.599000 0.057000
4298.744510 13.354000 0.047000
4302.754530 13.109000 0.052000
4306.663460 13.077000 0.047000
4314.724750 12.837000 0.042000
4316.833900 12.748000 0.047000
4319.775560 12.818000 0.057000
4329.682360 12.639000 0.045000
4331.639960 12.520000 0.044000
4333.592840 12.447000 0.041000
4339.601220 12.381000 0.059000
4341.601250 12.251000 0.059000
4343.608210 12.347000 0.057000
4345.614120 12.582000 0.050000
4347.618730 12.130000 0.056000
4349.617630 12.099000 0.053000
4351.617910 11.983000 0.059000
4353.723920 11.869000 0.043000
4356.528630 11.720000 0.047000
4358.543930 11.609000 0.041000
4369.574490 11.274000 0.044000
4371.592560 11.212000 0.047000
4373.604830 11.266000 0.051000
4376.596090 11.202000 0.046000
4378.611290 11.163000 0.050000
4380.646060 11.211000 0.054000
4382.655670 11.153000 0.046000
4385.544140 11.178000 0.048000
4387.546290 11.198000 0.055000
4403.588580 11.535000 0.051000
4410.567670 11.750000 0.051000
4422.539950 12.360000 0.055000
4430.527610 12.871000 0.049000
4433.522010 12.983000 0.047000
4558.869220 14.083000 0.056000
4566.866720 14.205000 0.056000
4570.857630 14.176000 0.046000
4573.890930 13.752000 0.051000
4588.866650 13.661000 0.048000
4591.855780 13.754000 0.055000
4594.837340 13.462000 0.055000
4597.828870 13.294000 0.044000
4602.850730 12.950000 0.049000
4606.868440 12.984000 0.051000
4616.855890 12.282000 0.053000
4623.761750 11.991000 0.049000
4627.789140 11.892000 0.044000
4629.786180 11.816000 0.040000
4631.800800 11.647000 0.045000
4633.771790 11.570000 0.051000
4639.778000 11.643000 0.048000
4641.785910 11.408000 0.055000
4643.779450 11.448000 0.052000
4648.686490 11.353000 0.059000
4650.748910 11.242000 0.069000
4652.759220 11.351000 0.046000
4660.666740 11.502000 0.044000
4666.869910 11.662000 0.045000
4672.718540 12.012000 0.056000
4674.838670 12.042000 0.052000
4678.641430 12.414000 0.050000
4685.646550 12.713000 0.057000
4687.647280 12.836000 0.069000
4694.631110 13.161000 0.054000
4697.723040 13.234000 0.041000
4701.702520 13.553000 0.051000
4703.707340 13.419000 0.059000
4705.782580 13.916000 0.047000
4721.551230 13.689000 0.049000
4726.643700 14.036000 0.067000
4742.502060 14.517000 0.060000
4917.902850 10.819000 0.052000
4921.893720 10.925000 0.054000
4945.837710 11.820000 0.050000
4984.854740 13.293000 0.056000
4988.803870 13.598000 0.062000
1978.895290 12.377000 0.052000
1982.864320 12.560000 0.051000
1984.852950 12.575000 0.049000
1996.855040 13.118000 0.053000
1998.847380 13.071000 0.051000
2775.881170 12.609000 0.052000
3482.895660 13.791000 0.069000
3491.921020 13.603000 0.076000
3500.865800 13.486000 0.087000
3520.829780 12.301000 0.084000
3522.810380 12.174000 0.082000
3553.712860 11.158000 0.049000
3561.731280 11.157000 0.090000
3584.840660 11.772000 0.074000
3591.703710 12.038000 0.094000
3621.621420 13.105000 0.083000
3865.891430 12.329000 0.082000
3883.864150 12.954000 0.076000
4166.894090 13.075000 0.076000
4311.674460 12.756000 0.058000
4360.551670 11.515000 0.057000
4400.573540 11.380000 0.052000
4407.586460 11.718000 0.066000
4656.731450 11.297000 0.081000
4683.657440 12.580000 0.059000
4708.653560 13.742000 0.076000
4929.899540 11.083000 0.052000
4948.866860 11.796000 0.064000
4951.854980 11.982000 0.055000
4954.852040 12.182000 0.057000
4961.812170 12.436000 0.067000
4967.887300 12.634000 0.059000
4974.795960 13.150000 0.062000
4994.808000 13.986000 0.064000
2011.806590 29.999000 0.063000
2017.865310 29.999000 0.066000
2020.808310 29.999000 0.063000
2026.779310 29.999000 0.060000
2030.862740 29.999000 0.060000
2032.900930 29.999000 0.068000
2033.844970 29.999000 0.057000
2037.797880 29.999000 0.071000
2052.775710 29.999000 0.060000
2053.793840 29.999000 0.069000
2054.792490 29.999000 0.074000
2056.775560 29.999000 0.065000
2057.778630 29.999000 0.066000
2058.768270 29.999000 0.075000
2065.752710 29.999000 0.077000
2080.664500 29.999000 0.074000
2081.716400 29.999000 0.056000
2082.727780 29.999000 0.064000
2083.723080 29.999000 0.076000
2085.710010 29.999000 0.055000
2086.725140 29.999000 0.067000
2087.697340 29.999000 0.070000
2093.629070 29.999000 0.079000
2094.615580 29.999000 0.074000
2103.662470 29.999000 0.061000
2104.670850 29.999000 0.064000
2105.671890 29.999000 0.058000
2115.646200 29.999000 0.043000
2116.642880 29.999000 0.050000
2564.582890 29.999000 0.049000
2804.724280 29.999000 0.042000
2810.721810 29.999000 0.045000
2812.695060 29.999000 0.043000
2829.685730 29.999000 0.046000
2855.689060 29.999000 0.050000
2858.728170 29.999000 0.037000
3097.906400 29.999000 0.048000
3101.891550 29.999000 0.044000
3102.887460 29.999000 0.043000
3113.845510 29.999000 0.044000
3125.857760 29.999000 0.041000
3131.832290 29.999000 0.047000
3141.818310 29.999000 0.042000
3156.791710 29.999000 0.044000
3159.734820 29.999000 0.047000
3169.727540 29.999000 0.044000
3187.735670 29.999000 0.047000
3444.903790 29.999000 0.056000
3449.880290 29.999000 0.046000
3453.862850 29.999000 0.050000
3455.883580 29.999000 0.064000
3459.866700 29.999000 0.067000
3465.861400 29.999000 0.055000
3468.888710 29.999000 0.046000
3472.893240 29.999000 0.066000
3476.859540 29.999000 0.071000
3479.909430 29.999000 0.056000
3487.882010 29.999000 0.051000
3632.626340 29.999000 0.055000
3643.518800 29.999000 0.051000
3651.564880 29.999000 0.066000
3658.577560 29.999000 0.046000
3660.595850 29.999000 0.046000
3662.624110 29.999000 0.090000
3664.628840 29.999000 0.048000
3668.582580 29.999000 0.051000
3671.546140 29.999000 0.047000
3676.544480 29.999000 0.046000
3701.521930 29.999000 0.048000
3905.843250 29.999000 0.067000
4189.896940 29.999000 0.050000
4192.883180 29.999000 0.043000
4196.897000 29.999000 0.049000
4203.886530 29.999000 0.044000
4207.905400 29.999000 0.057000
4215.901690 29.999000 0.051000
4229.896290 29.999000 0.046000
4232.831000 29.999000 0.044000
4234.882500 29.999000 0.057000
4246.767900 29.999000 0.046000
4250.797890 29.999000 0.051000
4258.726680 29.999000 0.050000
4276.714240 29.999000 0.052000
4278.727850 29.999000 0.044000
4286.751570 29.999000 0.051000
4290.746220 29.999000 0.044000
4532.900150 29.999000 0.041000
4538.898010 29.999000 0.042000
4542.896000 29.999000 0.046000
4546.882620 29.999000 0.047000
4550.889200 29.999000 0.067000
4562.869000 29.999000 0.054000
4576.870140 29.999000 0.058000
4580.845880 29.999000 0.058000
4710.669880 29.999000 0.064000
4715.727160 29.999000 0.046000
4724.590960 29.999000 0.067000
4729.623770 29.999000 0.051000
4734.672250 29.999000 0.066000
4739.501590 29.999000 0.046000
4754.591340 29.999000 0.066000
4756.616130 29.999000 0.069000
4759.584000 29.999000 0.071000
4762.571380 29.999000 0.075000
4765.565020 29.999000 0.057000
4768.554890 29.999000 0.070000
4776.528690 29.999000 0.074000
4778.561500 29.999000 0.061000
4782.563660 29.999000 0.076000
4785.541010 29.999000 0.060000
4798.527070 29.999000 0.081000
4990.806230 29.999000 0.049000
5015.689850 29.999000 0.054000
5023.895810 29.999000 0.049000
5039.655180 29.999000 0.048000
5041.647260 29.999000 0.047000
5082.693600 29.999000 0.049000
5084.728750 29.999000 0.053000
5089.593090 29.999000 0.053000
5093.651540 29.999000 0.065000
5098.514880 29.999000 0.056000
2167.501540 12.789000 0.045000
2171.493970 12.698000 0.053000
2173.505140 12.463000 0.054000
2207.502900 11.175000 0.059000
2184.501120 11.705000 0.049000
2190.522490 11.496000 0.052000
3496.857310 13.640000 0.044000
4594.809940 13.594000 0.045000
2193.504680 11.348000 0.064000
2196.511190 11.257000 0.069000
2199.502480 11.167000 0.064000
2213.510500 11.174000 0.077000
2187.521530 11.504000 0.065000
4247.770700 29.999000 0.036000
