1914.864560 13.642000 0.058000
1932.844850 14.363000 0.043000
2025.719870 14.577000 0.054000
2027.700170 14.839000 0.057000
2032.687400 14.490000 0.048000
2033.681560 14.483000 0.047000
2037.659930 14.389000 0.063000
2052.611090 13.990000 0.044000
2053.655350 13.832000 0.048000
2055.631260 13.512000 0.067000
2056.635090 13.384000 0.050000
2057.629440 13.397000 0.057000
2058.632240 13.191000 0.057000
2067.605670 12.740000 0.051000
2068.608990 12.859000 0.052000
2069.613760 12.700000 0.052000
2070.602010 12.843000 0.052000
2081.576490 12.577000 0.052000
2085.569990 12.561000 0.041000
2086.573090 12.546000 0.060000
2088.566710 12.564000 0.056000
2103.546880 12.480000 0.060000
2104.546680 12.452000 0.051000
2105.539030 12.389000 0.058000
2106.547760 12.416000 0.050000
2115.501010 12.430000 0.050000
2116.515750 12.491000 0.053000
2117.519140 12.503000 0.051000
2124.490720 12.700000 0.059000
2128.487500 12.826000 0.050000
2130.502580 12.901000 0.050000
2132.507800 13.018000 0.058000
2134.504060 13.068000 0.050000
2136.500430 13.202000 0.056000
2141.503340 13.436000 0.056000
2145.493290 13.481000 0.067000
2510.629700 12.688000 0.045000
2512.512370 12.547000 0.049000
2520.578310 11.925000 0.043000
2521.588000 11.876000 0.044000
2524.576110 11.769000 0.050000
2526.613780 11.760000 0.053000
2535.570600 11.770000 0.053000
2545.506270 11.747000 0.044000
2547.511870 11.821000 0.045000
2552.505880 11.982000 0.049000
2558.494780 12.081000 0.048000
2559.516200 12.077000 0.053000
2560.522960 12.270000 0.049000
2562.521030 12.190000 0.047000
2566.495340 12.390000 0.056000
2733.767660 13.574000 0.038000
2735.764190 13.428000 0.044000
2737.734510 13.190000 0.042000
2751.701960 12.613000 0.041000
2755.862170 12.526000 0.037000
2757.707140 12.483000 0.042000
2759.756430 12.508000 0.037000
2761.689260 12.634000 0.042000
2783.632140 12.925000 0.046000
2784.877400 12.902000 0.041000
2786.615580 12.992000 0.045000
2787.779260 12.902000 0.045000
2790.904060 13.043000 0.039000
2794.619750 13.142000 0.039000
2812.598830 13.698000 0.044000
2813.764850 14.025000 0.046000
2819.683850 13.856000 0.036000
2840.735070 14.689000 0.038000
2888.557220 14.591000 0.041000
2908.564640 14.912000 0.042000
3031.866690 13.210000 0.050000
3035.858110 13.413000 0.038000
3072.831260 13.968000 0.039000
3166.750090 14.179000 0.044000
3178.584370 13.484000 0.036000
3180.689050 13.276000 0.038000
3187.674910 12.427000 0.040000
3406.866830 14.103000 0.049000
3423.863030 13.396000 0.051000
3426.823660 13.005000 0.056000
3432.840450 13.122000 0.055000
3446.819940 13.076000 0.057000
3452.830910 13.442000 0.042000
3456.824700 13.342000 0.051000
3458.835150 13.322000 0.055000
3464.759810 13.304000 0.049000
3466.831360 13.381000 0.051000
3469.789890 13.362000 0.041000
3472.751310 13.501000 0.051000
3474.841000 13.607000 0.057000
3481.767340 13.994000 0.047000
3496.752320 13.930000 0.053000
3632.569940 13.696000 0.038000
3639.554390 13.212000 0.043000
3642.554830 12.943000 0.038000
3646.548330 12.910000 0.036000
3651.517350 12.763000 0.045000
3654.530260 12.791000 0.040000
3658.508440 12.671000 0.037000
3661.502770 12.588000 0.044000
3664.498700 12.601000 0.043000
3747.862010 14.400000 0.058000
3850.807670 14.354000 0.047000
3859.770130 13.689000 0.043000
3861.762290 13.435000 0.043000
3863.742990 13.520000 0.043000
3865.720680 13.123000 0.046000
3871.734440 12.342000 0.046000
3874.823820 12.080000 0.040000
3877.647370 11.967000 0.056000
3880.692990 11.980000 0.040000
3882.724070 11.963000 0.043000
3887.669770 11.911000 0.046000
3889.669850 11.936000 0.047000
3891.652110 11.892000 0.046000
3893.633940 11.866000 0.042000
3896.677860 11.834000 0.060000
3898.708280 11.886000 0.041000
3902.728370 11.902000 0.036000
3904.756700 11.959000 0.048000
3906.752750 12.040000 0.037000
3908.821270 12.081000 0.037000
3912.738760 12.227000 0.038000
4126.857530 12.922000 0.045000
4134.829330 13.041000 0.037000
4142.822320 13.076000 0.036000
4145.888290 12.833000 0.038000
4152.866330 13.271000 0.041000
4159.875400 13.379000 0.045000
4168.844990 13.421000 0.040000
4174.774070 14.259000 0.042000
4305.617620 13.652000 0.034000
4307.615220 13.377000 0.036000
4315.511310 13.149000 0.054000
4317.579350 12.726000 0.040000
4330.598900 12.027000 0.039000
4338.615820 11.913000 0.039000
4341.535040 11.799000 0.035000
4343.545070 11.786000 0.047000
4345.564400 11.732000 0.041000
4347.566540 11.718000 0.045000
4349.557950 11.767000 0.042000
4351.563920 11.849000 0.043000
4354.549700 11.835000 0.040000
4356.570120 11.985000 0.044000
4358.554420 12.000000 0.035000
4360.557480 11.968000 0.040000
4362.598080 12.061000 0.037000
4364.579900 12.115000 0.036000
4373.506440 12.542000 0.039000
4376.535280 12.774000 0.043000
4379.496630 12.898000 0.034000
4382.497610 13.035000 0.033000
4385.496960 13.038000 0.033000
4387.508660 13.096000 0.038000
4389.510780 13.213000 0.040000
4531.848920 14.061000 0.047000
4538.832730 13.180000 0.037000
4541.809880 12.676000 0.049000
4546.827770 12.394000 0.037000
4548.871950 12.194000 0.040000
4551.785470 12.160000 0.045000
4559.757980 11.640000 0.041000
4561.828870 11.672000 0.036000
4564.763810 11.610000 0.043000
4566.841770 11.623000 0.040000
4569.742330 11.593000 0.035000
4571.770300 11.634000 0.040000
4573.763570 11.573000 0.035000
4578.812090 11.622000 0.037000
4585.713090 11.774000 0.033000
4589.857560 11.895000 0.033000
4592.680740 11.993000 0.038000
4594.729150 12.103000 0.032000
4596.740130 12.147000 0.036000
4599.661970 12.223000 0.040000
4601.701120 12.403000 0.037000
4603.719430 12.416000 0.037000
4607.742650 12.446000 0.046000
4610.636050 12.822000 0.038000
4612.678170 12.715000 0.042000
4617.653430 13.140000 0.040000
4620.667600 13.203000 0.043000
4622.832950 13.383000 0.038000
4632.683180 13.544000 0.036000
4838.862220 13.007000 0.038000
4843.863830 13.108000 0.043000
4847.867620 13.464000 0.037000
5039.616120 12.326000 0.038000
2054.653970 13.627000 0.073000
2079.571380 12.710000 0.074000
2082.603380 12.580000 0.069000
2093.520420 12.606000 0.068000
2094.558030 12.515000 0.071000
2519.582230 12.063000 0.060000
2554.504610 11.822000 0.062000
2743.710400 12.791000 0.046000
2744.826460 12.706000 0.043000
2749.855770 12.685000 0.046000
2754.709620 12.481000 0.047000
2775.781820 12.765000 0.043000
3417.828010 13.816000 0.073000
3454.838030 13.095000 0.056000
3477.739100 13.567000 0.070000
3649.515310 12.752000 0.060000
3869.735460 12.637000 0.044000
4991.724260 13.592000 0.043000
4994.749790 13.269000 0.044000
5013.550590 12.226000 0.048000
5015.576240 12.274000 0.043000
5021.789160 12.304000 0.056000
5024.505120 12.232000 0.041000
5041.596750 12.259000 0.043000
5048.622280 12.537000 0.041000
5071.567970 13.647000 0.046000
1918.854960 29.999000 0.055000
1920.864910 29.999000 0.057000
1922.855720 29.999000 0.052000
1924.849710 29.999000 0.051000
1928.879230 29.999000 0.060000
1930.847970 29.999000 0.043000
1935.808230 29.999000 0.041000
1938.820820 29.999000 0.044000
1946.817550 29.999000 0.060000
1948.849200 29.999000 0.054000
1953.800100 29.999000 0.047000
1954.815130 29.999000 0.050000
1955.829680 29.999000 0.048000
1958.879180 29.999000 0.053000
1961.837310 29.999000 0.055000
1963.803540 29.999000 0.048000
1964.857750 29.999000 0.046000
1966.784440 29.999000 0.050000
1968.778540 29.999000 0.049000
1976.863470 29.999000 0.049000
1978.800920 29.999000 0.059000
1979.824310 29.999000 0.054000
1980.757900 29.999000 0.058000
1981.786340 29.999000 0.053000
1982.756200 29.999000 0.051000
1984.805970 29.999000 0.055000
1985.802780 29.999000 0.054000
1993.833810 29.999000 0.054000
1995.753430 29.999000 0.057000
1996.775320 29.999000 0.054000
1997.770480 29.999000 0.050000
1998.767730 29.999000 0.055000
2000.771190 29.999000 0.056000
2008.681400 29.999000 0.067000
2009.720820 29.999000 0.066000
2014.740050 29.999000 0.067000
2016.721540 29.999000 0.056000
2030.683280 29.999000 0.045000
2031.698090 29.999000 0.047000
2040.677810 29.999000 0.076000
2169.510520 29.999000 0.072000
2178.504130 29.999000 0.073000
2185.509580 29.999000 0.077000
2204.497170 29.999000 0.072000
2440.591140 29.999000 0.047000
2442.597510 29.999000 0.049000
2446.598560 29.999000 0.047000
2454.572540 29.999000 0.047000
2456.556840 29.999000 0.041000
2459.562000 29.999000 0.052000
2462.540810 29.999000 0.053000
2464.564400 29.999000 0.044000
2465.554620 29.999000 0.052000
2466.541800 29.999000 0.047000
2467.548980 29.999000 0.045000
2468.543490 29.999000 0.045000
2469.537870 29.999000 0.055000
2470.553120 29.999000 0.053000
2473.530120 29.999000 0.056000
2481.497530 29.999000 0.057000
2487.610010 29.999000 0.055000
2490.487360 29.999000 0.055000
2493.490190 29.999000 0.055000
2495.495790 29.999000 0.053000
2497.503360 29.999000 0.046000
2499.473940 29.999000 0.053000
2501.485920 29.999000 0.056000
2502.534010 29.999000 0.049000
2503.543140 29.999000 0.054000
2651.846140 29.999000 0.036000
2655.856460 29.999000 0.040000
2659.831110 29.999000 0.042000
2662.849940 29.999000 0.040000
2664.851770 29.999000 0.040000
2667.852950 29.999000 0.046000
2671.833920 29.999000 0.040000
2674.845950 29.999000 0.040000
2679.867180 29.999000 0.046000
2685.807040 29.999000 0.041000
2689.838400 29.999000 0.044000
2694.791020 29.999000 0.042000
2697.856490 29.999000 0.045000
2699.877650 29.999000 0.043000
2701.837850 29.999000 0.044000
2704.812380 29.999000 0.041000
2706.812380 29.999000 0.043000
2710.792240 29.999000 0.043000
2712.792900 29.999000 0.041000
2714.783330 29.999000 0.044000
2717.806040 29.999000 0.048000
2720.722600 29.999000 0.042000
2722.764360 29.999000 0.044000
2724.771640 29.999000 0.042000
2726.779660 29.999000 0.046000
2728.771690 29.999000 0.044000
2730.776110 29.999000 0.042000
2810.777880 29.999000 0.045000
2821.671030 29.999000 0.046000
2835.709190 29.999000 0.037000
2838.700080 29.999000 0.038000
2854.710610 29.999000 0.032000
2858.605400 29.999000 0.036000
2861.629570 29.999000 0.036000
2878.564140 29.999000 0.039000
2883.529590 29.999000 0.040000
2885.529940 29.999000 0.042000
2910.557460 29.999000 0.043000
2912.547650 29.999000 0.040000
2915.555140 29.999000 0.039000
2922.518140 29.999000 0.039000
2924.527950 29.999000 0.037000
2928.508740 29.999000 0.038000
2930.518350 29.999000 0.038000
2933.504170 29.999000 0.037000
3066.865400 29.999000 0.039000
3075.856790 29.999000 0.037000
3078.811350 29.999000 0.037000
3089.788240 29.999000 0.042000
3092.782880 29.999000 0.037000
3097.731180 29.999000 0.039000
3103.840110 29.999000 0.041000
3106.742990 29.999000 0.040000
3108.794120 29.999000 0.044000
3111.731410 29.999000 0.038000
3113.789390 29.999000 0.056000
3115.841060 29.999000 0.044000
3142.821940 29.999000 0.036000
3146.602240 29.999000 0.036000
3158.790980 29.999000 0.046000
3389.873360 29.999000 0.054000
3396.844690 29.999000 0.047000
3399.858590 29.999000 0.061000
3403.854510 29.999000 0.057000
3483.757440 29.999000 0.050000
3490.757980 29.999000 0.054000
3499.761720 29.999000 0.056000
3504.671150 29.999000 0.055000
3508.882270 29.999000 0.032000
3511.646800 29.999000 0.035000
3515.745670 29.999000 0.036000
3517.739450 29.999000 0.047000
3521.683560 29.999000 0.053000
3523.689800 29.999000 0.051000
3525.717880 29.999000 0.048000
3538.691150 29.999000 0.038000
3540.687340 29.999000 0.042000
3544.785820 29.999000 0.062000
3558.633940 29.999000 0.043000
3560.632390 29.999000 0.044000
3562.644330 29.999000 0.043000
3564.583170 29.999000 0.040000
3570.652430 29.999000 0.043000
3573.702850 29.999000 0.037000
3575.715970 29.999000 0.036000
3577.741080 29.999000 0.039000
3584.610890 29.999000 0.042000
3586.630990 29.999000 0.049000
3590.700900 29.999000 0.047000
3593.502750 29.999000 0.043000
3602.626460 29.999000 0.037000
3609.506650 29.999000 0.054000
3618.523190 29.999000 0.040000
3620.547030 29.999000 0.073000
3622.570130 29.999000 0.049000
3626.604680 29.999000 0.035000
3630.563560 29.999000 0.036000
3635.552910 29.999000 0.052000
3751.860740 29.999000 0.057000
3755.855990 29.999000 0.052000
3758.864150 29.999000 0.060000
3762.861770 29.999000 0.065000
3774.832650 29.999000 0.046000
3780.834980 29.999000 0.058000
3795.850500 29.999000 0.058000
3798.848120 29.999000 0.053000
3802.816840 29.999000 0.057000
3805.825630 29.999000 0.053000
3808.828060 29.999000 0.054000
3811.827210 29.999000 0.064000
3814.818990 29.999000 0.074000
3817.797680 29.999000 0.064000
3820.785090 29.999000 0.053000
3823.777470 29.999000 0.056000
3825.848280 29.999000 0.054000
3828.766340 29.999000 0.061000
3831.757140 29.999000 0.051000
3833.817420 29.999000 0.047000
3835.808080 29.999000 0.050000
3837.827450 29.999000 0.049000
3848.791690 29.999000 0.054000
3852.838280 29.999000 0.043000
3981.586630 29.999000 0.046000
4156.830180 29.999000 0.057000
4162.860570 29.999000 0.048000
4165.849900 29.999000 0.052000
4177.808310 29.999000 0.043000
4180.804680 29.999000 0.051000
4183.801770 29.999000 0.054000
4186.848440 29.999000 0.038000
4189.771130 29.999000 0.041000
4193.793000 29.999000 0.043000
4196.818310 29.999000 0.042000
4199.751480 29.999000 0.039000
4202.822820 29.999000 0.057000
4204.831000 29.999000 0.039000
4207.871670 29.999000 0.038000
4215.726750 29.999000 0.037000
4227.757010 29.999000 0.037000
4229.758800 29.999000 0.042000
4231.762100 29.999000 0.040000
4233.761590 29.999000 0.034000
4235.780440 29.999000 0.036000
4238.649270 29.999000 0.049000
4246.802240 29.999000 0.035000
4250.710980 29.999000 0.037000
4253.781990 29.999000 0.046000
4256.609060 29.999000 0.035000
4268.580010 29.999000 0.036000
4273.643800 29.999000 0.039000
4276.571250 29.999000 0.035000
4278.611760 29.999000 0.040000
4283.753200 29.999000 0.041000
4285.742840 29.999000 0.040000
4289.733330 29.999000 0.036000
4291.733820 29.999000 0.032000
4293.722540 29.999000 0.032000
4295.732400 29.999000 0.036000
4301.650690 29.999000 0.052000
4303.640690 29.999000 0.033000
4311.701230 29.999000 0.049000
4488.839350 29.999000 0.044000
4492.840970 29.999000 0.057000
4499.846100 29.999000 0.061000
4503.837650 29.999000 0.039000
4506.850530 29.999000 0.056000
4510.836620 29.999000 0.045000
4519.842650 29.999000 0.060000
4522.848760 29.999000 0.034000
4525.844300 29.999000 0.039000
4528.858880 29.999000 0.045000
4535.847630 29.999000 0.039000
4630.685140 29.999000 0.034000
4639.739860 29.999000 0.036000
4641.738910 29.999000 0.038000
4643.737950 29.999000 0.039000
4647.789510 29.999000 0.075000
4652.587390 29.999000 0.036000
4654.568840 29.999000 0.038000
4656.563760 29.999000 0.039000
4658.643230 29.999000 0.040000
4661.546930 29.999000 0.044000
4663.625550 29.999000 0.044000
4665.685490 29.999000 0.038000
4667.704440 29.999000 0.035000
4671.602350 29.999000 0.056000
4677.615690 29.999000 0.054000
4679.630580 29.999000 0.038000
4682.612680 29.999000 0.059000
4684.579470 29.999000 0.038000
4686.554710 29.999000 0.038000
4690.578840 29.999000 0.035000
4697.643330 29.999000 0.033000
4701.634700 29.999000 0.048000
4703.637410 29.999000 0.059000
4706.586640 29.999000 0.050000
4709.537840 29.999000 0.043000
4716.627140 29.999000 0.040000
4721.573190 29.999000 0.061000
4724.610310 29.999000 0.040000
4730.518980 29.999000 0.048000
4733.547850 29.999000 0.045000
4737.552970 29.999000 0.043000
4740.542780 29.999000 0.033000
4743.522990 29.999000 0.049000
4745.537050 29.999000 0.060000
4748.535640 29.999000 0.047000
4752.510410 29.999000 0.050000
4755.510490 29.999000 0.054000
4758.508190 29.999000 0.055000
4850.861130 29.999000 0.044000
4862.849790 29.999000 0.066000
4867.852920 29.999000 0.066000
4870.868280 29.999000 0.046000
4875.877640 29.999000 0.047000
4879.826580 29.999000 0.063000
4883.820860 29.999000 0.060000
4891.816940 29.999000 0.043000
4901.878380 29.999000 0.047000
4905.788620 29.999000 0.042000
4916.747820 29.999000 0.043000
4918.850710 29.999000 0.056000
4921.787890 29.999000 0.046000
4927.854360 29.999000 0.045000
4932.863730 29.999000 0.046000
4935.743210 29.999000 0.050000
4937.802230 29.999000 0.045000
4940.727790 29.999000 0.045000
4945.890530 29.999000 0.044000
4948.721450 29.999000 0.042000
4955.732780 29.999000 0.046000
4966.675290 29.999000 0.047000
4968.726250 29.999000 0.047000
4985.651960 29.999000 0.044000
4987.666890 29.999000 0.048000
4989.700060 29.999000 0.048000
5075.595140 29.999000 0.043000
5089.567870 29.999000 0.045000
5092.538620 29.999000 0.040000
5099.511760 29.999000 0.040000
5110.526410 29.999000 0.046000
1869.506940 12.877000 0.044000
2054.714940 13.673000 0.057000
2058.699590 13.112000 0.061000
2069.672350 12.871000 0.054000
2080.578660 12.610000 0.046000
2081.646850 13.088000 0.044000
2082.653500 12.560000 0.055000
2086.632220 12.462000 0.055000
2088.633100 12.450000 0.047000
2093.551620 12.491000 0.069000
2094.596590 12.508000 0.070000
2104.603430 12.385000 0.042000
2115.553160 12.379000 0.047000
2116.570150 12.514000 0.043000
2117.569040 12.503000 0.043000
2124.545190 12.642000 0.056000
2128.546790 12.727000 0.050000
2129.559370 12.820000 0.058000
2132.557970 12.980000 0.058000
2141.542380 13.382000 0.057000
2143.537040 13.416000 0.048000
2145.518820 13.712000 0.049000
2164.487110 13.852000 0.045000
2508.677690 13.081000 0.034000
2510.649400 12.644000 0.044000
2526.623890 11.799000 0.048000
2540.671010 11.686000 0.038000
2544.659650 11.720000 0.037000
2546.574360 11.690000 0.052000
2560.549680 12.103000 0.051000
2562.574930 12.388000 0.050000
2563.591280 12.203000 0.040000
2566.563280 12.464000 0.049000
2736.804920 13.310000 0.038000
2738.821570 13.138000 0.038000
2742.799690 12.964000 0.042000
2754.785080 12.524000 0.039000
2756.758980 12.504000 0.036000
2761.846690 12.444000 0.041000
2782.783930 12.850000 0.039000
3411.878470 13.874000 0.059000
3430.866000 13.173000 0.050000
3433.862630 13.140000 0.069000
3458.851210 13.394000 0.050000
3471.829120 13.534000 0.047000
3474.815520 13.490000 0.057000
3556.608300 15.012000 0.045000
3652.558310 12.953000 0.044000
3659.550340 12.843000 0.036000
3663.571510 12.554000 0.039000
3665.584180 12.565000 0.038000
3669.568680 12.394000 0.038000
3672.523530 12.487000 0.038000
3850.785170 14.197000 0.062000
3860.833100 13.461000 0.047000
3872.780720 12.213000 0.048000
3879.728500 11.846000 0.067000
3882.706240 11.901000 0.049000
3892.728750 11.874000 0.042000
3894.720740 11.861000 0.045000
3897.747320 11.907000 0.050000
3903.902570 11.877000 0.041000
3906.645140 11.989000 0.052000
3908.694180 12.160000 0.052000
4125.878400 12.796000 0.047000
4133.880570 12.988000 0.051000
4153.855800 13.299000 0.043000
4161.842680 13.589000 0.041000
4304.648580 14.044000 0.045000
4306.610620 13.630000 0.037000
4315.713490 12.919000 0.038000
4332.637530 12.077000 0.045000
4334.616730 11.971000 0.033000
4340.677220 11.825000 0.040000
4342.671490 11.753000 0.037000
4346.671730 11.703000 0.036000
4350.686000 11.848000 0.044000
4355.635220 11.890000 0.035000
4361.620720 12.050000 0.033000
4372.637520 12.580000 0.045000
4380.569040 13.044000 0.042000
4382.618930 13.052000 0.033000
4385.526470 13.082000 0.033000
4389.527490 13.504000 0.036000
4528.881680 14.276000 0.070000
4559.847290 11.700000 0.035000
4562.833180 11.601000 0.039000
4565.846430 11.637000 0.041000
4575.836270 11.616000 0.041000
4586.855350 11.856000 0.039000
4595.740330 12.160000 0.035000
4597.832530 12.240000 0.034000
4606.768430 12.628000 0.045000
4609.739980 12.779000 0.035000
4617.735270 13.252000 0.042000
4656.693020 14.754000 0.042000
4768.545960 13.833000 0.047000
4771.513180 13.924000 0.054000
5009.818610 12.478000 0.049000
5023.757660 12.239000 0.042000
2052.709580 13.744000 0.056000
2053.723200 13.737000 0.051000
2055.703520 13.471000 0.059000
2056.706970 13.494000 0.051000
2057.696030 13.204000 0.042000
2067.637690 12.732000 0.066000
2068.658600 12.802000 0.043000
2070.673110 12.777000 0.049000
2085.637490 12.610000 0.043000
2087.634320 12.718000 0.053000
2105.601390 12.404000 0.062000
2106.604570 12.414000 0.053000
2109.597330 12.429000 0.041000
2125.563270 12.560000 0.055000
2130.555000 12.801000 0.057000
2133.554330 12.953000 0.047000
2134.547900 13.056000 0.054000
2135.548990 12.941000 0.060000
2136.550830 13.019000 0.049000
2142.536600 13.439000 0.066000
2168.535920 13.903000 0.056000
2179.519520 14.418000 0.040000
2468.604890 14.219000 0.045000
2499.540250 13.808000 0.049000
2520.602560 11.945000 0.038000
2521.612210 11.908000 0.039000
2548.568540 11.820000 0.040000
2552.577760 11.872000 0.054000
2558.522150 11.999000 0.035000
2559.537920 12.132000 0.046000
2561.551820 12.202000 0.039000
2565.548880 12.376000 0.044000
2578.496780 12.873000 0.044000
2727.832320 13.953000 0.039000
2740.804420 13.151000 0.037000
2747.881220 12.718000 0.040000
2757.851730 12.458000 0.039000
2763.772090 12.558000 0.038000
2770.790530 12.572000 0.038000
2786.680980 12.853000 0.039000
2787.828710 12.977000 0.038000
2791.648090 13.033000 0.044000
3036.881720 13.395000 0.038000
3040.887700 13.418000 0.037000
3176.713510 13.701000 0.034000
3179.625840 13.165000 0.052000
3182.668200 13.184000 0.047000
3184.645280 12.791000 0.035000
3186.670630 12.582000 0.040000
3191.809920 12.207000 0.067000
3407.879310 13.886000 0.049000
3415.866920 13.547000 0.038000
3423.859870 13.160000 0.067000
3427.843190 13.269000 0.057000
3438.894660 13.104000 0.058000
3442.900490 13.031000 0.052000
3452.835560 13.111000 0.059000
3462.827710 13.208000 0.048000
3465.850990 13.375000 0.064000
3468.839340 13.304000 0.066000
3477.809560 13.718000 0.062000
3480.797230 13.890000 0.058000
3487.819900 13.979000 0.064000
3502.751990 14.441000 0.067000
3561.669740 14.761000 0.051000
3620.569180 14.746000 0.048000
3622.612020 14.453000 0.052000
3631.542430 13.813000 0.041000
3633.565750 13.559000 0.042000
3639.581900 13.162000 0.034000
3642.587030 13.042000 0.038000
3644.614930 12.995000 0.067000
3654.564220 12.761000 0.046000
3656.585740 12.681000 0.036000
3661.568140 12.606000 0.038000
3675.521480 12.486000 0.038000
3678.513820 12.459000 0.046000
3832.796750 14.172000 0.047000
3862.812240 13.403000 0.050000
3864.751380 13.235000 0.055000
3866.753000 13.026000 0.049000
3868.780010 12.677000 0.048000
3870.770910 12.508000 0.050000
3886.761910 11.937000 0.041000
3901.861500 11.888000 0.035000
4129.879420 12.974000 0.045000
4141.880090 13.000000 0.058000
4145.877730 12.970000 0.041000
4176.878170 13.941000 0.064000
4234.852040 14.423000 0.038000
4300.741610 14.295000 0.045000
4310.691700 13.498000 0.035000
4312.717720 13.102000 0.063000
4319.583290 12.654000 0.035000
4329.544750 12.131000 0.041000
4330.748930 12.153000 0.039000
4338.619000 11.841000 0.041000
4348.676850 11.813000 0.040000
4353.548580 11.804000 0.036000
4357.639230 11.936000 0.036000
4359.676260 11.816000 0.046000
4363.586070 12.139000 0.032000
4368.632730 12.372000 0.036000
4375.634600 12.621000 0.039000
4378.513980 12.754000 0.038000
4387.528880 13.190000 0.035000
4393.549670 13.454000 0.041000
4525.849120 14.273000 0.039000
4532.859520 13.652000 0.034000
4536.859960 13.441000 0.051000
4543.835680 12.522000 0.049000
4546.842170 12.370000 0.046000
4550.837970 12.121000 0.037000
4571.795030 11.679000 0.037000
4573.841070 11.604000 0.039000
4583.827210 11.752000 0.035000
4589.782510 11.900000 0.041000
4592.761180 11.978000 0.037000
4602.736760 12.328000 0.040000
4611.768460 12.808000 0.035000
4615.770650 12.961000 0.047000
4623.748630 13.352000 0.040000
4627.740630 13.963000 0.040000
4629.701790 14.025000 0.037000
4631.718990 13.862000 0.037000
4641.871670 13.959000 0.043000
4650.733250 14.472000 0.042000
4652.750680 14.348000 0.036000
4704.641140 15.164000 0.054000
4734.628160 15.001000 0.065000
4765.549470 13.883000 0.038000
4773.548630 13.389000 0.040000
4776.544130 13.547000 0.048000
4785.516890 12.952000 0.037000
4860.881980 13.957000 0.051000
5014.772190 12.291000 0.045000
5021.749980 12.310000 0.041000
5099.528900 14.184000 0.042000
2103.605730 12.476000 0.059000
2511.701150 12.432000 0.055000
2556.521660 12.037000 0.066000
2768.821210 12.639000 0.040000
4165.846750 13.494000 0.058000
4344.674820 11.705000 0.057000
5012.874840 12.383000 0.053000
5038.608400 12.301000 0.048000
5071.586100 13.728000 0.050000
2059.762810 13.014000 0.072000
2083.642200 12.540000 0.055000
2529.565260 11.824000 0.069000
2553.611080 11.932000 0.076000
2579.530890 13.176000 0.070000
3445.879530 13.089000 0.080000
3482.860530 13.458000 0.052000
3648.568810 12.825000 0.048000
3858.768950 13.769000 0.065000
4183.867080 14.086000 0.053000
4539.868550 13.120000 0.044000
4677.663680 15.083000 0.076000
4782.507430 12.865000 0.079000
4992.882820 13.391000 0.045000
5019.717000 12.255000 0.045000
5031.625430 12.299000 0.054000
5042.590120 12.456000 0.047000
5047.583000 12.494000 0.045000
1935.888510 29.999000 0.045000
1939.872580 29.999000 0.047000
1945.895450 29.999000 0.053000
1948.871490 29.999000 0.055000
1950.854680 29.999000 0.073000
1955.851680 29.999000 0.044000
1961.862220 29.999000 0.052000
1963.851920 29.999000 0.040000
1977.787810 29.999000 0.049000
1979.803140 29.999000 0.055000
1980.811780 29.999000 0.054000
1982.787670 29.999000 0.050000
1985.836330 29.999000 0.052000
1994.765170 29.999000 0.052000
2026.798730 29.999000 0.055000
2027.760600 29.999000 0.048000
2031.758600 29.999000 0.046000
2032.752500 29.999000 0.045000
2040.709130 29.999000 0.075000
2156.484890 29.999000 0.055000
2171.517870 29.999000 0.063000
2175.505240 29.999000 0.049000
2193.513030 29.999000 0.073000
2196.519660 29.999000 0.078000
2203.492170 29.999000 0.058000
2443.652520 29.999000 0.044000
2446.659380 29.999000 0.044000
2452.621080 29.999000 0.050000
2453.752220 29.999000 0.040000
2454.649530 29.999000 0.063000
2464.612200 29.999000 0.047000
2465.613660 29.999000 0.051000
2467.605720 29.999000 0.044000
2474.615890 29.999000 0.052000
2486.567160 29.999000 0.051000
2489.556270 29.999000 0.051000
2490.579470 29.999000 0.044000
2493.556290 29.999000 0.048000
2497.558550 29.999000 0.051000
2501.552990 29.999000 0.049000
2694.833270 29.999000 0.037000
2703.837340 29.999000 0.036000
2706.830680 29.999000 0.036000
2710.868200 29.999000 0.042000
2712.853730 29.999000 0.039000
2721.838210 29.999000 0.044000
2723.841020 29.999000 0.042000
2725.839800 29.999000 0.040000
2729.826630 29.999000 0.041000
2802.786380 29.999000 0.042000
2808.711930 29.999000 0.040000
2810.625980 29.999000 0.043000
2834.617110 29.999000 0.038000
2853.720310 29.999000 0.036000
2858.670130 29.999000 0.033000
2859.790200 29.999000 0.035000
2861.644140 29.999000 0.037000
2872.534090 29.999000 0.045000
2883.564160 29.999000 0.044000
2888.619120 29.999000 0.041000
2896.595170 29.999000 0.040000
2898.582870 29.999000 0.042000
2922.541620 29.999000 0.041000
2946.549960 29.999000 0.044000
2950.519950 29.999000 0.044000
2953.522020 29.999000 0.036000
3051.891400 29.999000 0.037000
3067.879560 29.999000 0.034000
3070.867430 29.999000 0.045000
3074.846990 29.999000 0.038000
3077.884640 29.999000 0.036000
3085.911030 29.999000 0.038000
3088.862950 29.999000 0.041000
3092.817790 29.999000 0.032000
3111.818610 29.999000 0.037000
3164.811030 29.999000 0.040000
3399.880730 29.999000 0.054000
3490.831320 29.999000 0.075000
3496.807370 29.999000 0.040000
3504.791300 29.999000 0.059000
3508.796640 29.999000 0.043000
3512.725000 29.999000 0.041000
3516.733160 29.999000 0.053000
3529.666830 29.999000 0.062000
3537.743380 29.999000 0.071000
3541.777810 29.999000 0.041000
3543.819030 29.999000 0.062000
3547.649310 29.999000 0.056000
3581.810180 29.999000 0.035000
3584.623880 29.999000 0.040000
3586.640170 29.999000 0.041000
3596.613120 29.999000 0.040000
3607.533600 29.999000 0.046000
3628.632810 29.999000 0.032000
3758.870130 29.999000 0.048000
3766.880340 29.999000 0.042000
3782.889870 29.999000 0.064000
3787.897690 29.999000 0.048000
3794.875600 29.999000 0.050000
3802.860130 29.999000 0.053000
3813.841160 29.999000 0.056000
3852.847190 29.999000 0.046000
4187.882670 29.999000 0.039000
4190.866200 29.999000 0.044000
4207.826030 29.999000 0.048000
4212.864030 29.999000 0.036000
4215.856860 29.999000 0.040000
4226.837000 29.999000 0.045000
4228.803550 29.999000 0.047000
4230.804780 29.999000 0.038000
4232.815140 29.999000 0.046000
4245.709020 29.999000 0.046000
4247.689100 29.999000 0.040000
4254.661970 29.999000 0.043000
4256.741820 29.999000 0.034000
4258.802970 29.999000 0.037000
4272.647690 29.999000 0.038000
4274.690750 29.999000 0.043000
4277.651280 29.999000 0.044000
4283.677710 29.999000 0.043000
4292.761130 29.999000 0.036000
4296.787860 29.999000 0.050000
4633.695010 29.999000 0.042000
4639.830820 29.999000 0.039000
4646.667180 29.999000 0.044000
4648.693810 29.999000 0.057000
4658.775990 29.999000 0.044000
4661.590530 29.999000 0.047000
4663.672180 29.999000 0.040000
4665.718500 29.999000 0.040000
4671.638300 29.999000 0.054000
4674.550050 29.999000 0.039000
4679.664650 29.999000 0.037000
4682.645670 29.999000 0.039000
4684.654210 29.999000 0.036000
4686.591400 29.999000 0.052000
4691.633950 29.999000 0.036000
4694.682210 29.999000 0.039000
4698.639260 29.999000 0.047000
4700.637040 29.999000 0.034000
4702.646720 29.999000 0.034000
4706.670010 29.999000 0.039000
4709.627280 29.999000 0.038000
4715.544480 29.999000 0.049000
4717.662400 29.999000 0.056000
4720.677560 29.999000 0.041000
4722.683750 29.999000 0.068000
4726.561520 29.999000 0.042000
4729.554210 29.999000 0.039000
4731.590470 29.999000 0.062000
4742.491820 29.999000 0.045000
4744.520090 29.999000 0.063000
4746.535600 29.999000 0.045000
4748.567470 29.999000 0.039000
4756.588470 29.999000 0.053000
4759.558940 29.999000 0.063000
4762.556340 29.999000 0.068000
4877.891260 29.999000 0.039000
1965.842440 29.999000 0.037000
1981.815150 29.999000 0.047000
1984.798490 29.999000 0.048000
1995.839720 29.999000 0.062000
1997.783670 29.999000 0.055000
1998.826170 29.999000 0.050000
2009.756650 29.999000 0.057000
2016.817270 29.999000 0.053000
2019.789780 29.999000 0.066000
2025.749190 29.999000 0.041000
2030.756520 29.999000 0.046000
2187.487840 29.999000 0.066000
2190.519200 29.999000 0.064000
2199.511020 29.999000 0.075000
2205.513870 29.999000 0.078000
2219.502970 29.999000 0.073000
2442.656250 29.999000 0.051000
2445.638430 29.999000 0.051000
2460.636600 29.999000 0.045000
2466.600700 29.999000 0.055000
2470.525580 29.999000 0.052000
2473.560080 29.999000 0.049000
2481.554300 29.999000 0.057000
2482.596190 29.999000 0.050000
2495.554450 29.999000 0.047000
2498.548910 29.999000 0.055000
2503.573480 29.999000 0.055000
2677.860480 29.999000 0.036000
2684.866610 29.999000 0.038000
2690.852280 29.999000 0.041000
2697.886440 29.999000 0.038000
2700.874070 29.999000 0.040000
2714.848180 29.999000 0.038000
2719.835070 29.999000 0.040000
2784.722500 29.999000 0.040000
2804.677950 29.999000 0.039000
2811.808740 29.999000 0.047000
2820.711650 29.999000 0.040000
2835.738120 29.999000 0.038000
2838.736950 29.999000 0.032000
2840.785750 29.999000 0.035000
2845.749730 29.999000 0.032000
2851.594420 29.999000 0.039000
2855.621350 29.999000 0.035000
2866.744140 29.999000 0.038000
2886.536220 29.999000 0.041000
2892.621440 29.999000 0.056000
2894.573880 29.999000 0.041000
2900.577750 29.999000 0.042000
2904.567200 29.999000 0.062000
2906.565620 29.999000 0.041000
2909.567430 29.999000 0.040000
2911.538910 29.999000 0.038000
2916.543500 29.999000 0.042000
2924.549290 29.999000 0.038000
2956.517500 29.999000 0.036000
3055.865760 29.999000 0.038000
3059.859520 29.999000 0.037000
3108.880130 29.999000 0.039000
3114.809310 29.999000 0.036000
3129.777790 29.999000 0.051000
3395.879800 29.999000 0.052000
3403.882820 29.999000 0.049000
3492.832230 29.999000 0.073000
3510.826070 29.999000 0.051000
3522.751010 29.999000 0.052000
3563.637650 29.999000 0.038000
3570.672050 29.999000 0.040000
3573.709300 29.999000 0.035000
3575.723220 29.999000 0.036000
3577.747840 29.999000 0.041000
3590.719150 29.999000 0.051000
3592.715210 29.999000 0.069000
3599.742910 29.999000 0.035000
3601.731670 29.999000 0.036000
3603.730170 29.999000 0.045000
3615.500240 29.999000 0.044000
3618.538470 29.999000 0.049000
3625.667420 29.999000 0.041000
3762.879150 29.999000 0.047000
3770.887160 29.999000 0.060000
3774.882110 29.999000 0.071000
3798.851050 29.999000 0.044000
3806.836150 29.999000 0.045000
3809.886570 29.999000 0.054000
3816.859040 29.999000 0.055000
3819.887650 29.999000 0.071000
3822.860810 29.999000 0.058000
3825.853000 29.999000 0.057000
3828.847040 29.999000 0.061000
3847.864170 29.999000 0.056000
4173.885330 29.999000 0.044000
4180.836120 29.999000 0.054000
4193.822030 29.999000 0.046000
4199.801330 29.999000 0.048000
4203.836120 29.999000 0.039000
4284.813370 29.999000 0.044000
4290.786290 29.999000 0.066000
4298.780410 29.999000 0.037000
4365.593120 29.999000 0.036000
4407.499700 29.999000 0.055000
4410.546740 29.999000 0.058000
4419.507570 29.999000 0.051000
4490.877650 29.999000 0.039000
4494.878670 29.999000 0.035000
4498.880400 29.999000 0.047000
4502.882090 29.999000 0.047000
4506.879590 29.999000 0.052000
4510.876390 29.999000 0.056000
4514.890470 29.999000 0.039000
4518.841990 29.999000 0.038000
4521.879880 29.999000 0.040000
4644.626830 29.999000 0.040000
4865.884960 29.999000 0.044000
4869.888880 29.999000 0.044000
4881.882110 29.999000 0.040000
4895.906280 29.999000 0.051000
4903.908150 29.999000 0.044000
4906.867930 29.999000 0.052000
4914.912260 29.999000 0.046000
4918.823040 29.999000 0.051000
4926.912240 29.999000 0.042000
4936.816770 29.999000 0.049000
4939.807970 29.999000 0.046000
4946.790070 29.999000 0.044000
4951.797970 29.999000 0.043000
4954.762220 29.999000 0.044000
4959.823030 29.999000 0.044000
4962.756730 29.999000 0.046000
4967.809460 29.999000 0.045000
4969.873420 29.999000 0.047000
4975.765200 29.999000 0.046000
4984.756890 29.999000 0.047000
4988.724880 29.999000 0.044000
4990.762940 29.999000 0.045000
5048.750300 29.999000 0.047000
5084.613300 29.999000 0.051000
5088.673580 29.999000 0.042000
5092.676300 29.999000 0.049000
5097.484340 29.999000 0.050000
5105.617070 29.999000 0.046000
