2751.851870 11.645000 0.033000
1947.872440 13.562000 0.036000
1953.885490 12.651000 0.044000
1954.858090 12.440000 0.048000
1961.890080 11.829000 0.047000
1963.870460 11.648000 0.039000
1965.856540 11.576000 0.042000
1967.861730 11.403000 0.046000
1978.824900 10.822000 0.049000
1979.854530 10.820000 0.047000
1980.830940 10.770000 0.050000
1996.832910 10.487000 0.049000
2000.841560 10.595000 0.051000
2025.740230 11.402000 0.030000
2026.770930 11.400000 0.032000
2027.756330 11.451000 0.033000
2030.747770 11.652000 0.032000
2032.741480 11.765000 0.033000
2033.737090 11.766000 0.033000
2052.696500 12.841000 0.034000
2055.688100 13.057000 0.035000
2056.689330 13.128000 0.034000
2057.680640 13.227000 0.033000
2058.684240 13.236000 0.034000
2068.654300 13.940000 0.034000
2070.651700 13.959000 0.037000
2083.626430 14.661000 0.041000
2086.616370 15.304000 0.034000
2464.589100 13.504000 0.042000
2465.590480 13.406000 0.043000
2466.582090 13.384000 0.041000
2467.584770 13.422000 0.038000
2468.581630 13.249000 0.039000
2469.580330 13.306000 0.048000
2473.536460 13.229000 0.045000
2481.535140 12.737000 0.045000
2495.510330 12.715000 0.046000
2510.586770 12.576000 0.041000
2520.540550 12.775000 0.034000
2521.549980 12.773000 0.035000
2524.545770 12.823000 0.041000
2535.497090 13.158000 0.039000
2711.825350 12.347000 0.036000
2717.841950 11.923000 0.034000
2723.906620 11.619000 0.031000
2725.832070 11.556000 0.029000
2727.829370 11.546000 0.031000
2729.819160 11.492000 0.030000
2732.828100 11.539000 0.028000
2734.802500 11.497000 0.031000
2736.791650 11.528000 0.029000
2740.797340 11.551000 0.027000
2742.789430 11.631000 0.037000
2744.780340 11.562000 0.031000
2750.834840 11.626000 0.030000
2752.777690 11.629000 0.045000
2757.770890 11.754000 0.029000
2759.813260 11.766000 0.030000
2761.766600 11.773000 0.030000
2768.795970 11.877000 0.036000
2770.763660 11.896000 0.031000
2782.748230 12.411000 0.039000
2784.706950 12.333000 0.051000
2786.666710 12.375000 0.033000
2787.812190 12.408000 0.041000
2791.643870 12.652000 0.037000
2794.715200 12.759000 0.030000
2810.822200 13.807000 0.031000
3054.888040 14.202000 0.032000
3270.489060 11.988000 0.038000
3443.879000 11.881000 0.032000
3449.871150 11.264000 0.036000
3455.805690 10.962000 0.032000
3457.840900 10.852000 0.033000
3462.820900 10.755000 0.032000
3465.824570 10.722000 0.032000
3468.819500 10.671000 0.030000
3474.799390 10.733000 0.034000
3477.788160 10.746000 0.032000
3479.859450 10.712000 0.043000
3481.812260 10.790000 0.034000
3483.804080 10.866000 0.041000
3489.766750 10.998000 0.036000
3491.805500 11.090000 0.037000
3497.808190 11.277000 0.030000
3501.699830 11.586000 0.032000
3503.763990 11.577000 0.032000
3506.773760 11.626000 0.039000
3509.763530 11.778000 0.037000
3511.821220 11.945000 0.034000
3515.801120 12.106000 0.036000
3525.818740 12.651000 0.037000
3530.649590 12.909000 0.036000
3539.674210 13.529000 0.039000
3552.730090 14.308000 0.043000
3555.726900 14.866000 0.031000
3560.744650 14.944000 0.040000
3583.571210 16.290000 0.042000
3767.881410 12.790000 0.038000
3790.867320 14.033000 0.033000
3981.500310 11.799000 0.045000
4168.861330 13.237000 0.035000
4173.897840 12.750000 0.032000
4177.845730 12.341000 0.041000
4187.859170 11.763000 0.036000
4190.829390 11.701000 0.034000
4192.856250 11.654000 0.033000
4194.841330 11.585000 0.035000
4203.847360 11.355000 0.038000
4207.812690 11.158000 0.040000
4212.825050 11.231000 0.038000
4215.819180 11.257000 0.037000
4246.720090 12.598000 0.036000
4250.716870 12.813000 0.041000
4254.719410 13.007000 0.044000
4259.652070 13.282000 0.041000
4266.757970 13.217000 0.042000
4269.626550 13.684000 0.038000
4272.658420 13.709000 0.035000
4274.659900 13.859000 0.042000
4295.640690 14.694000 0.040000
4299.603900 14.833000 0.038000
4363.489430 14.644000 0.037000
4377.525930 14.068000 0.042000
4380.514150 14.192000 0.043000
4383.505440 13.882000 0.037000
4386.495030 13.553000 0.035000
4504.887450 13.229000 0.038000
4508.888730 13.638000 0.033000
4522.872240 14.453000 0.035000
4528.862660 14.642000 0.047000
4644.673520 14.254000 0.033000
4648.712350 13.875000 0.036000
4650.765250 13.776000 0.037000
4654.757700 13.254000 0.043000
4656.725140 13.000000 0.035000
4659.592570 12.803000 0.038000
4663.598050 12.515000 0.035000
4664.754250 12.362000 0.039000
4667.572730 12.167000 0.036000
4672.728400 11.922000 0.035000
4677.555140 11.794000 0.038000
4679.562050 11.684000 0.035000
4682.545020 11.634000 0.042000
4686.533870 11.630000 0.044000
4698.591200 11.721000 0.041000
4700.592870 11.647000 0.038000
4702.606840 11.641000 0.035000
4704.596110 11.555000 0.039000
4720.542490 11.811000 0.036000
4722.583540 11.867000 0.034000
4729.520290 12.113000 0.036000
4737.517300 12.656000 0.036000
4740.508660 13.021000 0.035000
4746.495090 13.117000 0.039000
4750.499980 13.272000 0.041000
4754.494640 13.476000 0.042000
4757.497490 13.685000 0.039000
4882.889400 13.660000 0.035000
4910.875210 11.243000 0.040000
4917.854150 11.036000 0.038000
4920.843630 11.058000 0.039000
4939.785750 11.059000 0.040000
4946.766880 11.178000 0.040000
4969.814810 12.037000 0.039000
2504.594830 12.658000 0.051000
1949.891650 13.363000 0.057000
1994.785500 10.563000 0.051000
1995.836800 10.532000 0.052000
1998.825610 10.562000 0.050000
2005.816720 10.637000 0.054000
2008.754150 10.684000 0.058000
2014.773600 10.882000 0.049000
2016.798920 10.925000 0.048000
2018.775770 11.033000 0.049000
2019.776310 11.014000 0.054000
2463.608500 13.634000 0.057000
2508.601730 12.622000 0.055000
3518.737840 12.302000 0.046000
3523.740360 12.509000 0.045000
3537.726670 13.403000 0.047000
4230.782380 11.737000 0.049000
4277.637930 14.063000 0.048000
4890.893020 12.799000 0.042000
4905.853160 11.587000 0.041000
4914.910390 11.083000 0.043000
4924.878500 11.008000 0.043000
4931.809660 10.994000 0.043000
4951.775070 11.302000 0.052000
4954.744920 11.362000 0.039000
4967.776610 11.858000 0.050000
4975.734520 12.359000 0.041000
4991.703670 13.547000 0.045000
4994.735990 13.926000 0.045000
1940.878890 29.999000 0.036000
2031.747640 29.999000 0.033000
2081.633250 29.999000 0.035000
2088.614990 29.999000 0.035000
2156.548180 29.999000 0.042000
2171.504830 29.999000 0.036000
2177.500950 29.999000 0.055000
2440.639600 29.999000 0.043000
2441.645260 29.999000 0.041000
2445.622610 29.999000 0.035000
2446.638660 29.999000 0.036000
2454.629100 29.999000 0.044000
2678.876540 29.999000 0.033000
2685.872250 29.999000 0.030000
2696.859870 29.999000 0.038000
2699.858950 29.999000 0.034000
2826.732780 29.999000 0.035000
2835.614810 29.999000 0.036000
2840.664080 29.999000 0.033000
2845.652520 29.999000 0.033000
2853.709670 29.999000 0.032000
2855.603800 29.999000 0.034000
2860.533110 29.999000 0.032000
2862.524290 29.999000 0.032000
2872.566870 29.999000 0.029000
2875.600410 29.999000 0.028000
2877.591080 29.999000 0.031000
2879.591690 29.999000 0.030000
2882.615160 29.999000 0.039000
2888.498520 29.999000 0.031000
2892.499250 29.999000 0.040000
2896.558480 29.999000 0.030000
2898.549050 29.999000 0.031000
2915.502370 29.999000 0.030000
3072.847490 29.999000 0.032000
3096.888460 29.999000 0.036000
3101.819650 29.999000 0.039000
3124.830630 29.999000 0.035000
3133.788200 29.999000 0.032000
3152.883190 29.999000 0.039000
3163.726370 29.999000 0.033000
3415.869330 29.999000 0.030000
3427.876470 29.999000 0.033000
3543.667300 29.999000 0.042000
3558.734730 29.999000 0.037000
3563.559340 29.999000 0.029000
3577.728320 29.999000 0.039000
3585.628050 29.999000 0.048000
3587.642240 29.999000 0.033000
3592.524490 29.999000 0.038000
3594.570590 29.999000 0.044000
3602.495930 29.999000 0.030000
3604.531820 29.999000 0.037000
3608.510340 29.999000 0.037000
3616.524550 29.999000 0.040000
3621.516760 29.999000 0.041000
3633.567980 29.999000 0.037000
3637.550130 29.999000 0.038000
3641.518370 29.999000 0.039000
3644.503400 29.999000 0.043000
3648.509660 29.999000 0.036000
3653.500880 29.999000 0.042000
3657.504790 29.999000 0.049000
3660.492590 29.999000 0.038000
3798.861920 29.999000 0.035000
3802.895690 29.999000 0.038000
3810.857490 29.999000 0.037000
3817.835910 29.999000 0.038000
3820.853220 29.999000 0.036000
3823.848000 29.999000 0.033000
3826.842130 29.999000 0.033000
3829.828690 29.999000 0.034000
3832.821350 29.999000 0.031000
3834.862380 29.999000 0.035000
3849.814210 29.999000 0.032000
3852.771420 29.999000 0.031000
3855.759640 29.999000 0.046000
3858.750410 29.999000 0.036000
3860.792220 29.999000 0.046000
3862.751120 29.999000 0.043000
3866.728690 29.999000 0.030000
3868.748870 29.999000 0.046000
3871.768520 29.999000 0.035000
3880.744550 29.999000 0.032000
3887.699810 29.999000 0.042000
3891.686680 29.999000 0.029000
3893.686300 29.999000 0.034000
3904.742660 29.999000 0.045000
3906.746340 29.999000 0.039000
3908.818330 29.999000 0.035000
3912.737570 29.999000 0.041000
4356.598640 29.999000 0.035000
2069.656890 29.999000 0.035000
2080.574060 29.999000 0.037000
2085.617220 29.999000 0.033000
2105.577050 29.999000 0.034000
2443.636910 29.999000 0.040000
2452.605170 29.999000 0.050000
2539.507840 29.999000 0.052000
2688.862110 29.999000 0.039000
2805.686990 29.999000 0.052000
2812.635570 29.999000 0.029000
2820.687700 29.999000 0.031000
2822.721710 29.999000 0.048000
2833.724790 29.999000 0.035000
2838.601980 29.999000 0.031000
2851.561630 29.999000 0.033000
2866.526530 29.999000 0.030000
2868.564260 29.999000 0.032000
2894.530550 29.999000 0.042000
2904.530570 29.999000 0.039000
2906.526330 29.999000 0.029000
2909.527630 29.999000 0.036000
2917.531720 29.999000 0.030000
2922.488630 29.999000 0.032000
2928.497720 29.999000 0.033000
2931.494520 29.999000 0.031000
3068.857020 29.999000 0.035000
3075.878130 29.999000 0.030000
3082.877710 29.999000 0.038000
3086.881940 29.999000 0.036000
3092.852690 29.999000 0.037000
3098.862780 29.999000 0.030000
3107.855840 29.999000 0.042000
3110.798430 29.999000 0.037000
3113.786060 29.999000 0.036000
3115.840410 29.999000 0.033000
3126.808450 29.999000 0.033000
3128.788600 29.999000 0.036000
3144.830690 29.999000 0.030000
3154.675230 29.999000 0.030000
3160.711650 29.999000 0.036000
3165.746450 29.999000 0.045000
3168.759480 29.999000 0.030000
3171.713520 29.999000 0.044000
3175.701780 29.999000 0.032000
3180.644680 29.999000 0.030000
3183.647850 29.999000 0.030000
3189.589060 29.999000 0.045000
3407.887060 29.999000 0.030000
3411.888810 29.999000 0.031000
3424.867330 29.999000 0.032000
3550.691660 29.999000 0.038000
3570.629280 29.999000 0.036000
3573.683630 29.999000 0.038000
3575.703130 29.999000 0.036000
3589.654370 29.999000 0.036000
3599.597240 29.999000 0.033000
3618.620570 29.999000 0.041000
3625.599820 29.999000 0.044000
3629.541940 29.999000 0.036000
3631.547060 29.999000 0.040000
3794.882020 29.999000 0.034000
3837.796900 29.999000 0.035000
3847.830120 29.999000 0.035000
3864.734410 29.999000 0.033000
3874.857910 29.999000 0.037000
3877.703520 29.999000 0.034000
3883.682980 29.999000 0.033000
3898.692730 29.999000 0.045000
3900.700800 29.999000 0.048000
3902.716000 29.999000 0.037000
4131.881540 29.999000 0.033000
4145.881000 29.999000 0.048000
4160.866840 29.999000 0.034000
4164.856680 29.999000 0.036000
4283.644090 29.999000 0.037000
4289.634020 29.999000 0.046000
4291.637770 29.999000 0.042000
4293.627400 29.999000 0.050000
4297.634600 29.999000 0.042000
4301.588730 29.999000 0.048000
4303.599330 29.999000 0.042000
4310.658520 29.999000 0.035000
4312.655270 29.999000 0.046000
4315.658130 29.999000 0.052000
4319.551700 29.999000 0.039000
4329.536350 29.999000 0.042000
4336.507640 29.999000 0.038000
4341.590370 29.999000 0.037000
4349.600260 29.999000 0.040000
4351.599680 29.999000 0.040000
4354.579030 29.999000 0.035000
4358.578880 29.999000 0.038000
4365.543630 29.999000 0.037000
4369.520190 29.999000 0.039000
4371.532000 29.999000 0.044000
4375.517540 29.999000 0.035000
4518.868270 29.999000 0.037000
4536.885520 29.999000 0.035000
4540.839390 29.999000 0.036000
4546.860140 29.999000 0.033000
4550.833260 29.999000 0.036000
4554.895560 29.999000 0.037000
4557.847080 29.999000 0.032000
4560.829800 29.999000 0.033000
4563.826760 29.999000 0.036000
4566.808560 29.999000 0.035000
4569.814040 29.999000 0.039000
4571.859130 29.999000 0.037000
4573.802140 29.999000 0.033000
4575.808010 29.999000 0.037000
4583.786730 29.999000 0.033000
4586.816250 29.999000 0.039000
4589.756900 29.999000 0.036000
4592.727900 29.999000 0.036000
4594.783230 29.999000 0.035000
4596.812330 29.999000 0.035000
4599.721050 29.999000 0.036000
4601.750030 29.999000 0.036000
4603.751750 29.999000 0.034000
4609.749890 29.999000 0.040000
4611.731420 29.999000 0.038000
4615.800970 29.999000 0.041000
4621.678010 29.999000 0.036000
4623.700400 29.999000 0.040000
4627.671960 29.999000 0.040000
4629.658070 29.999000 0.033000
4631.669580 29.999000 0.038000
4640.641410 29.999000 0.039000
4642.653900 29.999000 0.034000
4646.674990 29.999000 0.036000
5006.671880 29.999000 0.050000
5014.625070 29.999000 0.041000
5024.619990 29.999000 0.042000
5040.571520 29.999000 0.050000
5047.577640 29.999000 0.045000
5088.540200 29.999000 0.048000
5103.528740 29.999000 0.050000
1953.862390 12.826000 0.039000
1961.873670 11.929000 0.043000
1963.861260 11.708000 0.038000
1965.851850 11.601000 0.039000
1967.851440 11.401000 0.042000
1978.805990 10.885000 0.051000
2000.832310 10.595000 0.046000
2031.743170 11.687000 0.042000
2053.705870 12.883000 0.044000
2054.699350 13.071000 0.043000
2057.678560 13.217000 0.043000
2061.678780 13.429000 0.042000
2080.569690 14.276000 0.045000
2085.619610 15.015000 0.041000
2489.536850 12.693000 0.041000
2499.518150 12.708000 0.044000
2508.553550 12.698000 0.036000
2521.520070 12.837000 0.038000
2526.556600 12.971000 0.040000
2544.513610 13.574000 0.052000
2548.510920 13.933000 0.041000
2711.823030 12.393000 0.041000
2717.832200 11.870000 0.042000
2725.829810 11.629000 0.038000
2729.816890 11.557000 0.040000
2732.825840 11.565000 0.049000
2742.781760 11.586000 0.040000
2750.832630 11.625000 0.044000
2752.773180 11.701000 0.041000
2759.811090 11.851000 0.037000
2761.752910 11.819000 0.038000
2782.800480 12.305000 0.035000
2786.660020 12.402000 0.039000
2787.802810 12.449000 0.043000
2794.708560 12.762000 0.040000
2805.684900 13.384000 0.044000
2810.820120 14.048000 0.039000
2812.628930 14.091000 0.044000
3191.717520 13.455000 0.048000
3452.868570 11.108000 0.032000
2052.694410 12.868000 0.045000
2055.686010 13.110000 0.043000
2540.512880 13.407000 0.056000
2086.618770 29.999000 0.042000
2087.618640 29.999000 0.043000
2102.574280 29.999000 0.040000
2103.587240 29.999000 0.044000
2105.579440 29.999000 0.043000
2106.583660 29.999000 0.042000
2109.576420 29.999000 0.040000
2115.540980 29.999000 0.042000
2116.551160 29.999000 0.042000
2117.547770 29.999000 0.041000
2124.525160 29.999000 0.043000
2125.537130 29.999000 0.041000
2128.522770 29.999000 0.042000
2130.515020 29.999000 0.041000
2131.532290 29.999000 0.043000
2133.504340 29.999000 0.041000
2135.507660 29.999000 0.043000
2142.497700 29.999000 0.043000
2144.486710 29.999000 0.042000
2151.547190 29.999000 0.042000
2440.637550 29.999000 0.037000
2820.680840 29.999000 0.037000
2826.716470 29.999000 0.035000
2834.714770 29.999000 0.042000
2836.574500 29.999000 0.038000
2839.632350 29.999000 0.036000
2841.684450 29.999000 0.038000
2843.629220 29.999000 0.041000
2851.557250 29.999000 0.035000
2853.704450 29.999000 0.035000
2855.599410 29.999000 0.037000
2860.531000 29.999000 0.037000
2861.697380 29.999000 0.038000
2866.514780 29.999000 0.040000
2867.674840 29.999000 0.040000
2872.494290 29.999000 0.039000
2872.638490 29.999000 0.046000
2874.662680 29.999000 0.040000
2876.619920 29.999000 0.038000
2878.617400 29.999000 0.044000
2882.560830 29.999000 0.042000
2888.481970 29.999000 0.048000
2892.482960 29.999000 0.052000
2896.551080 29.999000 0.045000
2898.544500 29.999000 0.038000
2904.526010 29.999000 0.055000
2906.521770 29.999000 0.039000
2909.523040 29.999000 0.051000
2915.488520 29.999000 0.040000
2917.522540 29.999000 0.040000
2921.523020 29.999000 0.044000
2927.513930 29.999000 0.037000
2930.496520 29.999000 0.039000
2935.492070 29.999000 0.042000
3067.892890 29.999000 0.040000
3070.881040 29.999000 0.039000
3074.855950 29.999000 0.045000
3082.868250 29.999000 0.045000
3086.866720 29.999000 0.040000
3089.870170 29.999000 0.044000
3092.850180 29.999000 0.040000
3096.883340 29.999000 0.038000
3098.867910 29.999000 0.041000
3101.814840 29.999000 0.040000
3106.857200 29.999000 0.042000
3109.796940 29.999000 0.038000
3112.783140 29.999000 0.040000
3114.848960 29.999000 0.041000
3118.792480 29.999000 0.051000
3122.784790 29.999000 0.040000
3124.833290 29.999000 0.038000
3126.811150 29.999000 0.040000
3128.801000 29.999000 0.039000
3133.785790 29.999000 0.040000
3144.815700 29.999000 0.039000
3152.834440 29.999000 0.041000
3154.672810 29.999000 0.036000
3160.729560 29.999000 0.047000
3163.742010 29.999000 0.040000
3165.765390 29.999000 0.042000
3168.775770 29.999000 0.040000
3171.727240 29.999000 0.039000
3175.720510 29.999000 0.040000
3180.654390 29.999000 0.040000
3183.653170 29.999000 0.041000
3189.591760 29.999000 0.043000
2719.852460 11.844000 0.031000
