4192.897250 12.987000 0.038000
4230.895390 12.117000 0.037000
4233.837860 11.968000 0.035000
4558.860540 12.279000 0.033000
4629.773420 12.304000 0.032000
4176.891160 29.999000 0.036000
4180.888380 29.999000 0.040000
4189.904520 29.999000 0.036000
4592.833480 29.999000 0.038000
4595.824410 29.999000 0.034000
4607.778640 29.999000 0.036000
4631.795790 29.999000 0.037000
4641.783470 29.999000 0.035000
4645.821510 29.999000 0.048000
4654.744840 29.999000 0.036000
1981.886960 12.067000 0.046000
1997.858860 12.587000 0.050000
2025.843090 13.599000 0.041000
2026.851660 13.769000 0.046000
2027.815240 13.702000 0.045000
2030.822370 13.735000 0.043000
2031.820470 13.649000 0.047000
2032.802520 13.643000 0.043000
2033.818420 13.637000 0.042000
2442.700230 13.567000 0.043000
2446.702290 13.668000 0.045000
2562.496500 13.634000 0.043000
2563.559460 13.742000 0.044000
2564.579850 13.870000 0.047000
2709.871340 13.954000 0.041000
2712.865750 13.963000 0.039000
2830.763670 13.322000 0.039000
2838.686560 13.403000 0.040000
2841.848080 13.335000 0.041000
3101.845980 13.232000 0.047000
3104.877290 13.756000 0.041000
3109.838150 13.595000 0.039000
3112.863610 13.629000 0.042000
3115.853980 13.645000 0.041000
3122.907330 13.629000 0.040000
3125.798270 13.522000 0.047000
3508.855540 13.583000 0.038000
3511.782340 13.597000 0.037000
3526.871800 13.562000 0.045000
3538.773130 13.417000 0.041000
3637.643120 13.334000 0.046000
3643.656260 13.393000 0.049000
3649.574610 13.270000 0.046000
3804.884610 13.611000 0.047000
3907.795780 13.241000 0.042000
3913.885240 13.734000 0.042000
4289.800570 12.323000 0.041000
4291.801820 12.704000 0.037000
4301.680480 13.268000 0.043000
4305.676260 13.405000 0.040000
4319.704490 13.602000 0.042000
4340.628870 12.851000 0.050000
4594.819040 13.576000 0.039000
4606.852730 13.337000 0.048000
4611.828900 13.306000 0.040000
4650.668590 11.535000 0.041000
4721.529070 13.364000 0.043000
5124.546130 13.290000 0.050000
1962.884720 11.736000 0.049000
1964.892900 11.755000 0.043000
1966.886440 11.692000 0.042000
1980.848850 11.999000 0.050000
1982.876420 12.070000 0.048000
1994.837870 12.611000 0.050000
2053.766600 12.829000 0.046000
2057.747180 12.740000 0.047000
2082.700850 11.847000 0.047000
2086.695650 11.777000 0.045000
2093.594870 11.797000 0.047000
2102.633590 11.685000 0.046000
2103.651150 11.687000 0.046000
2104.650530 11.661000 0.043000
2105.642460 11.580000 0.046000
2109.638370 11.604000 0.043000
2114.766580 11.640000 0.042000
2115.630040 11.641000 0.046000
2116.613360 11.725000 0.048000
2128.563040 11.991000 0.046000
2129.598130 12.060000 0.048000
2130.595970 12.155000 0.045000
2131.584060 12.117000 0.047000
2133.584040 12.236000 0.044000
2134.586960 12.332000 0.050000
2135.583210 12.352000 0.044000
2136.587190 12.357000 0.048000
2141.574240 12.694000 0.045000
2142.566280 12.576000 0.042000
2143.566760 12.748000 0.045000
2144.557750 12.858000 0.044000
2145.555480 12.782000 0.045000
2464.653310 12.633000 0.039000
2465.661410 12.580000 0.040000
2466.645190 12.682000 0.042000
2467.649030 12.637000 0.038000
2468.648190 12.524000 0.038000
2470.597680 12.498000 0.039000
2473.614840 12.372000 0.041000
2474.657160 12.477000 0.048000
2481.601060 12.217000 0.046000
2482.635460 12.139000 0.046000
2486.606110 12.032000 0.046000
2489.618540 11.800000 0.044000
2493.593010 11.512000 0.041000
2494.602850 11.494000 0.050000
2495.595560 11.420000 0.041000
2497.592840 11.343000 0.038000
2498.589890 11.353000 0.039000
2499.579020 11.311000 0.040000
2501.587320 11.258000 0.040000
2502.589590 11.339000 0.047000
2508.532850 11.387000 0.042000
2511.568740 11.475000 0.042000
2519.640440 11.727000 0.038000
2520.635750 11.795000 0.040000
2521.642740 11.845000 0.040000
2526.637740 12.188000 0.041000
2535.551510 12.753000 0.044000
2545.630450 13.159000 0.040000
2568.517450 13.637000 0.044000
2730.891280 12.956000 0.040000
2734.812230 12.514000 0.040000
2736.848800 12.476000 0.041000
2738.859060 12.389000 0.040000
2740.871520 12.313000 0.040000
2742.861600 12.209000 0.043000
2754.813080 12.178000 0.050000
2756.825550 12.035000 0.047000
2758.848620 12.044000 0.042000
2760.818060 11.932000 0.045000
2764.809510 12.006000 0.044000
2782.881320 11.895000 0.040000
2783.815420 11.883000 0.040000
2786.749490 11.865000 0.039000
2790.774620 11.961000 0.039000
2808.769460 12.430000 0.041000
2810.678590 12.446000 0.040000
2812.670110 12.511000 0.039000
2814.833630 12.702000 0.042000
2818.920070 12.772000 0.041000
2821.669030 12.955000 0.044000
2829.660590 13.251000 0.040000
2835.693360 13.303000 0.041000
2840.743090 13.338000 0.038000
2851.660610 13.393000 0.039000
2853.784440 13.026000 0.046000
2862.619520 12.595000 0.044000
2866.620050 12.428000 0.039000
2867.707020 12.339000 0.040000
2872.598220 11.983000 0.039000
2875.624380 11.896000 0.040000
2877.612500 11.847000 0.040000
2879.613160 11.802000 0.039000
2884.601340 11.676000 0.040000
2892.591980 11.482000 0.048000
2893.691700 11.444000 0.041000
2895.651770 11.402000 0.039000
2897.660950 11.366000 0.041000
2899.640550 11.397000 0.049000
2909.665100 11.440000 0.039000
2911.625620 11.534000 0.042000
2917.498670 11.642000 0.045000
2921.512790 11.755000 0.043000
2926.525310 11.878000 0.040000
2928.533080 11.910000 0.041000
2930.538970 11.939000 0.040000
2932.539750 11.967000 0.040000
2934.537720 12.065000 0.040000
2939.543720 12.145000 0.041000
2944.516380 12.350000 0.045000
2946.542800 12.386000 0.040000
2949.545540 12.493000 0.041000
2951.553850 12.726000 0.040000
2954.527650 12.719000 0.039000
2957.517360 12.807000 0.040000
2964.518510 13.023000 0.040000
3069.892660 12.075000 0.043000
3074.884690 12.385000 0.042000
3082.872120 12.840000 0.043000
3087.875790 12.917000 0.041000
3091.864400 13.541000 0.040000
3097.855810 13.419000 0.040000
3130.809880 13.298000 0.039000
3142.786130 12.842000 0.040000
3146.747800 12.680000 0.040000
3153.818120 12.485000 0.038000
3156.763190 12.435000 0.037000
3158.818960 12.319000 0.041000
3165.729770 11.987000 0.041000
3168.777930 11.945000 0.039000
3170.869700 11.887000 0.041000
3179.691420 11.753000 0.038000
3182.701940 11.730000 0.038000
3266.550280 13.101000 0.038000
3272.510110 12.621000 0.047000
3277.583850 12.234000 0.045000
3426.893060 11.784000 0.046000
3448.884140 11.540000 0.041000
3452.887850 11.495000 0.039000
3458.878980 11.474000 0.045000
3468.859010 11.718000 0.041000
3472.865100 11.825000 0.041000
3478.838780 12.075000 0.049000
3481.819160 12.284000 0.042000
3550.739190 12.753000 0.045000
3552.842960 12.895000 0.043000
3555.759660 12.676000 0.042000
3558.902170 12.712000 0.041000
3561.649060 12.584000 0.044000
3563.689660 12.589000 0.039000
3573.672180 12.317000 0.048000
3575.688280 12.263000 0.046000
3577.713260 12.298000 0.049000
3582.818240 12.103000 0.042000
3584.826730 12.085000 0.048000
3589.621050 12.019000 0.044000
3591.689510 12.040000 0.044000
3594.551840 11.960000 0.040000
3602.596050 12.021000 0.041000
3616.652470 12.470000 0.048000
3628.531280 13.041000 0.041000
3630.598350 12.878000 0.043000
3632.606540 12.900000 0.041000
3634.640150 13.099000 0.040000
3641.603130 13.204000 0.039000
3646.649810 13.108000 0.043000
3657.584620 13.044000 0.042000
3660.527430 13.027000 0.044000
3664.566340 12.975000 0.040000
3668.547030 12.768000 0.039000
3670.583280 12.740000 0.041000
3673.536640 12.556000 0.043000
3676.529560 12.465000 0.045000
3812.904300 13.224000 0.046000
3820.858880 12.684000 0.040000
3823.898450 12.714000 0.041000
3831.847580 12.679000 0.040000
3834.878600 12.525000 0.045000
3851.857020 12.018000 0.043000
3860.824280 11.725000 0.044000
3863.798870 11.769000 0.045000
3865.817390 11.781000 0.041000
3867.813040 11.790000 0.041000
3869.808640 11.874000 0.043000
3880.831810 12.139000 0.040000
3887.778410 12.390000 0.042000
3889.890700 12.448000 0.042000
3891.788810 12.538000 0.041000
3893.801770 12.603000 0.042000
3896.793710 12.616000 0.047000
3901.776080 12.966000 0.045000
4160.889320 12.695000 0.044000
4164.891060 12.648000 0.050000
4168.890310 12.736000 0.047000
4179.877560 12.914000 0.046000
4182.904110 12.709000 0.046000
4186.906130 12.820000 0.041000
4190.856670 13.188000 0.042000
4193.865100 13.014000 0.043000
4203.866850 12.743000 0.042000
4207.894710 12.611000 0.042000
4213.916510 12.321000 0.038000
4229.879570 11.898000 0.038000
4231.880790 11.902000 0.040000
4234.800860 11.752000 0.047000
4246.746550 11.361000 0.041000
4250.774940 11.308000 0.042000
4256.810880 11.353000 0.040000
4273.711800 11.648000 0.041000
4276.693940 11.916000 0.040000
4278.704370 11.979000 0.036000
4285.807760 12.329000 0.046000
4293.786010 12.867000 0.042000
4295.801940 12.929000 0.045000
4297.829070 13.039000 0.042000
4299.776930 13.156000 0.039000
4348.623240 12.839000 0.048000
4350.627850 12.729000 0.041000
4353.529000 12.649000 0.037000
4355.618700 12.644000 0.042000
4357.622890 12.501000 0.043000
4359.631620 12.513000 0.045000
4367.507980 12.514000 0.042000
4369.563620 12.461000 0.043000
4371.581630 12.392000 0.039000
4373.593870 12.343000 0.043000
4376.585170 12.300000 0.042000
4378.599610 12.214000 0.045000
4380.629070 12.135000 0.043000
4382.637190 12.003000 0.036000
4385.535700 11.846000 0.041000
4387.537890 11.728000 0.044000
4393.515980 11.662000 0.040000
4403.585360 11.770000 0.041000
4408.513140 11.899000 0.043000
4411.548030 11.997000 0.039000
4428.515000 12.620000 0.044000
4523.896250 11.562000 0.040000
4531.891150 11.477000 0.039000
4537.894270 11.512000 0.037000
4541.886680 11.609000 0.037000
4545.884580 11.697000 0.045000
4558.850030 12.167000 0.037000
4565.861340 12.688000 0.037000
4569.841020 12.830000 0.042000
4572.858780 12.833000 0.044000
4579.864750 13.318000 0.042000
4602.803950 13.229000 0.043000
4615.891620 12.863000 0.040000
4617.779910 12.716000 0.044000
4623.820810 12.445000 0.043000
4626.671590 12.332000 0.038000
4628.736410 12.342000 0.045000
4632.716010 12.093000 0.038000
4639.755680 11.877000 0.039000
4641.762910 12.063000 0.040000
4643.753830 11.873000 0.047000
4645.784540 11.937000 0.043000
4652.707560 11.881000 0.040000
4654.703220 11.753000 0.042000
4658.785440 11.787000 0.049000
4661.651330 11.777000 0.039000
4666.680140 11.848000 0.043000
4669.840480 11.818000 0.042000
4671.854190 11.832000 0.038000
4674.613390 11.911000 0.040000
4677.691100 11.871000 0.041000
4679.695620 11.943000 0.040000
4682.671450 12.022000 0.042000
4684.680800 12.092000 0.043000
4686.614280 12.113000 0.044000
4701.604930 12.674000 0.040000
4703.611780 12.424000 0.045000
4705.643730 12.726000 0.044000
4710.615710 12.932000 0.050000
4734.668850 12.998000 0.044000
4739.498120 13.213000 0.041000
4742.498780 12.769000 0.043000
4748.509430 12.432000 0.049000
4750.619240 12.353000 0.047000
4755.607050 11.975000 0.046000
4758.565340 11.881000 0.047000
4761.556180 11.769000 0.049000
4764.551290 11.579000 0.044000
4767.547540 11.485000 0.046000
4776.525380 11.319000 0.047000
4778.558330 11.260000 0.043000
4783.514830 11.225000 0.046000
4786.515540 11.290000 0.049000
4793.511840 11.410000 0.050000
4928.904880 11.837000 0.049000
4940.822670 12.037000 0.050000
4947.848140 12.202000 0.050000
5014.725460 13.072000 0.049000
5023.721510 12.591000 0.045000
5031.691840 12.482000 0.046000
5082.686360 11.982000 0.051000
5087.534150 12.208000 0.050000
5089.586560 12.228000 0.049000
1978.875440 12.049000 0.050000
4697.607170 12.342000 0.038000
2037.773580 13.679000 0.050000
3522.705800 13.647000 0.050000
4708.599510 12.778000 0.047000
4726.634050 13.359000 0.051000
4973.745350 13.352000 0.053000
4984.823110 13.354000 0.056000
4994.787250 13.632000 0.054000
1999.856290 12.597000 0.057000
2052.758250 13.167000 0.049000
2054.761430 12.829000 0.051000
2055.750090 12.961000 0.050000
2056.749030 12.824000 0.049000
2058.746190 12.667000 0.048000
2061.741630 12.553000 0.047000
2064.792090 12.515000 0.048000
2065.711570 12.365000 0.053000
2070.787550 12.071000 0.050000
2080.637560 11.823000 0.049000
2081.694150 11.836000 0.048000
2085.689770 11.765000 0.048000
2087.679550 11.739000 0.047000
2088.676150 11.789000 0.049000
2140.567080 12.545000 0.051000
2487.643450 11.867000 0.063000
2491.597610 11.604000 0.054000
2503.589760 11.294000 0.057000
2512.626450 11.462000 0.052000
2540.585330 12.932000 0.057000
2791.812740 11.969000 0.057000
2802.884990 12.120000 0.052000
3173.719620 11.842000 0.053000
3176.784100 11.747000 0.047000
3274.621160 12.384000 0.050000
3444.862980 11.616000 0.050000
3455.850370 11.485000 0.047000
3475.876830 12.026000 0.051000
3484.841510 12.374000 0.053000
3491.893910 12.916000 0.051000
3540.771670 13.322000 0.048000
3600.612610 11.988000 0.056000
3604.605360 12.000000 0.048000
3609.536770 12.153000 0.054000
3619.559900 12.746000 0.053000
3621.614070 12.714000 0.056000
3827.869030 12.710000 0.048000
3848.892150 12.303000 0.052000
3874.847920 11.948000 0.050000
3877.776330 12.034000 0.055000
3883.833170 12.210000 0.053000
4344.620450 13.237000 0.055000
4647.845780 11.866000 0.048000
4656.702420 11.789000 0.048000
4905.902820 12.274000 0.052000
4917.864340 11.845000 0.053000
4932.846130 11.793000 0.055000
4962.814330 13.184000 0.055000
5021.716410 12.754000 0.053000
5042.646210 12.357000 0.052000
5048.633540 12.235000 0.053000
5070.708730 11.530000 0.053000
5084.721810 12.124000 0.052000
5093.645020 12.473000 0.058000
5103.569120 13.284000 0.056000
5106.544810 12.994000 0.055000
2016.803210 29.999000 0.050000
2784.771700 29.999000 0.044000
3797.893590 29.999000 0.045000
4311.657800 29.999000 0.042000
4331.604510 29.999000 0.039000
2009.815360 29.999000 0.055000
2453.678450 29.999000 0.055000
2694.888480 29.999000 0.043000
2699.886530 29.999000 0.042000
3127.826570 29.999000 0.044000
3502.807150 29.999000 0.052000
3662.556870 29.999000 0.045000
3793.892220 29.999000 0.042000
3808.885950 29.999000 0.045000
4283.817710 29.999000 0.046000
4303.684180 29.999000 0.038000
4307.634260 29.999000 0.048000
4316.753850 29.999000 0.038000
4329.662470 29.999000 0.044000
4332.782820 29.999000 0.048000
4338.574250 29.999000 0.042000
4342.624070 29.999000 0.043000
4346.620830 29.999000 0.040000
4575.842710 29.999000 0.044000
4588.837990 29.999000 0.040000
4591.830390 29.999000 0.045000
4597.803640 29.999000 0.038000
4715.712960 29.999000 0.044000
4724.582210 29.999000 0.050000
4729.617130 29.999000 0.043000
4753.577690 29.999000 0.047000
4770.532880 29.999000 0.054000
4969.786880 29.999000 0.053000
4975.824000 29.999000 0.057000
4988.777230 29.999000 0.048000
5009.726010 29.999000 0.052000
5110.633190 29.999000 0.055000
5145.531390 29.999000 0.055000
2524.599830 29.999000 0.053000
2552.615940 29.999000 0.058000
2706.874380 29.999000 0.042000
2717.887960 29.999000 0.045000
2720.870940 29.999000 0.048000
4561.879990 29.999000 0.040000
4585.853260 29.999000 0.038000
5006.774240 29.999000 0.054000
2453.762190 13.273000 0.046000
2468.661810 12.515000 0.041000
2544.588690 13.159000 0.045000
2490.634870 11.715000 0.046000
2855.689060 13.229000 0.053000
2775.881170 11.949000 0.055000
2167.501540 13.270000 0.035000
2171.493970 13.213000 0.042000
2173.505140 13.373000 0.039000
2184.501120 12.941000 0.042000
2190.522490 12.538000 0.039000
2207.502900 11.617000 0.043000
3496.857310 13.131000 0.034000
4167.886500 12.758000 0.034000
4175.885110 12.955000 0.039000
4179.886350 12.875000 0.034000
4192.872890 12.818000 0.036000
4229.881970 11.982000 0.038000
4247.770700 11.434000 0.032000
4538.886540 11.514000 0.039000
4546.876600 11.775000 0.036000
4558.856130 12.288000 0.036000
4594.809940 13.358000 0.035000
4629.759880 12.364000 0.035000
2187.521530 12.756000 0.044000
2193.504680 12.350000 0.042000
2196.511190 12.044000 0.045000
2199.502480 11.866000 0.045000
2213.510500 11.479000 0.054000
4607.772670 13.451000 0.043000
3896.799060 29.999000 0.040000
4159.896370 29.999000 0.034000
4183.871380 29.999000 0.036000
4196.891180 29.999000 0.039000
4215.853480 29.999000 0.041000
4585.859920 29.999000 0.034000
4597.806090 29.999000 0.036000
4654.711670 29.999000 0.036000
