2508.704370 12.092000 0.059000
2526.631340 12.526000 0.056000
2540.612440 12.862000 0.059000
2559.535310 13.415000 0.062000
2560.547050 13.577000 0.061000
2565.546070 13.541000 0.063000
2722.899980 13.139000 0.056000
2732.901400 12.435000 0.054000
2738.885940 11.977000 0.052000
2754.906440 11.505000 0.056000
2756.906070 11.469000 0.054000
2759.874100 11.580000 0.060000
2761.852790 11.594000 0.055000
2763.843710 11.605000 0.056000
2765.797430 11.636000 0.052000
2784.804770 12.133000 0.050000
2786.794940 12.197000 0.052000
2808.829160 12.890000 0.056000
2812.721650 13.097000 0.057000
2815.852450 13.131000 0.055000
2819.764460 13.392000 0.055000
2821.737850 13.339000 0.056000
2830.794750 13.534000 0.060000
2832.656210 13.399000 0.054000
2840.805860 13.546000 0.060000
2845.771690 13.609000 0.059000
2854.573300 13.643000 0.054000
2858.620100 13.792000 0.053000
2867.557480 13.813000 0.054000
2875.638400 13.763000 0.058000
2877.626570 13.789000 0.056000
2879.629950 13.890000 0.052000
2884.618020 13.967000 0.054000
2886.552690 13.833000 0.053000
2888.626580 14.066000 0.055000
2896.602550 13.670000 0.055000
2898.592580 14.074000 0.058000
2906.575060 13.969000 0.053000
2909.574550 14.320000 0.058000
2911.548450 13.840000 0.058000
2922.552980 14.024000 0.060000
2924.558360 13.638000 0.058000
2927.557490 13.765000 0.054000
2929.558680 13.900000 0.058000
2931.561860 13.907000 0.059000
2933.559700 13.851000 0.057000
2937.557420 13.993000 0.057000
3125.875190 13.620000 0.058000
3153.849800 13.981000 0.051000
3164.845420 13.805000 0.055000
3271.611910 12.298000 0.058000
3274.600230 12.182000 0.062000
3277.569100 11.988000 0.068000
3279.588960 12.009000 0.069000
3293.556730 11.847000 0.057000
3296.511130 11.926000 0.058000
3299.546690 11.966000 0.065000
3467.894600 13.767000 0.066000
3487.909370 13.379000 0.064000
3491.842960 13.484000 0.069000
3506.842390 13.231000 0.058000
3512.801710 12.856000 0.055000
3520.831490 12.220000 0.059000
3522.807010 12.645000 0.066000
3525.787120 11.895000 0.058000
3528.894910 11.863000 0.065000
3528.933430 11.817000 0.063000
3528.945040 11.872000 0.066000
3530.779380 11.771000 0.063000
3538.781880 11.382000 0.059000
3540.782200 11.329000 0.062000
3553.755840 11.340000 0.054000
3569.703740 11.690000 0.057000
3571.717960 11.798000 0.058000
3574.729540 11.945000 0.057000
3576.746830 11.922000 0.065000
3587.734150 12.382000 0.058000
3590.624860 12.549000 0.060000
3596.632960 12.750000 0.059000
3599.748300 12.854000 0.060000
3603.744470 12.960000 0.067000
3619.571050 13.468000 0.064000
3624.640330 13.497000 0.061000
3626.653550 13.585000 0.056000
3643.607150 13.731000 0.060000
3647.551600 13.753000 0.055000
3670.513510 13.855000 0.062000
3818.905200 11.497000 0.060000
3822.905370 11.549000 0.057000
3826.905870 11.592000 0.061000
3834.892860 11.896000 0.062000
3852.892150 12.619000 0.057000
3861.899410 12.962000 0.060000
3864.820790 13.055000 0.059000
3866.845740 13.157000 0.061000
3872.836430 13.370000 0.059000
3880.813780 13.469000 0.056000
3894.769130 13.586000 0.057000
4191.890000 13.236000 0.054000
4229.883010 13.777000 0.056000
4235.829810 13.826000 0.054000
4238.825570 13.305000 0.057000
4247.809990 13.767000 0.055000
4256.784910 13.446000 0.066000
4278.733610 13.471000 0.054000
4292.722580 13.302000 0.054000
4298.738980 13.073000 0.062000
4302.730080 12.869000 0.068000
4304.666570 12.730000 0.057000
4306.679400 12.628000 0.060000
4310.717850 12.327000 0.061000
4319.618950 11.697000 0.058000
4331.644740 11.175000 0.059000
4333.590160 11.192000 0.058000
4338.732180 11.119000 0.060000
4341.551020 11.169000 0.056000
4353.688770 11.313000 0.062000
4356.536100 11.463000 0.055000
4358.546660 11.523000 0.056000
4362.598300 11.662000 0.057000
4364.580110 11.721000 0.056000
4367.629720 11.909000 0.059000
4375.579310 12.076000 0.062000
4377.581720 12.073000 0.069000
4379.611840 12.249000 0.062000
4382.541600 12.309000 0.058000
4384.572380 12.520000 0.061000
4386.601520 12.555000 0.064000
4388.577770 12.572000 0.061000
4552.903970 13.273000 0.056000
4560.896790 13.165000 0.055000
4568.885730 12.830000 0.061000
4572.882440 12.570000 0.057000
4575.909470 12.428000 0.057000
4579.911800 12.047000 0.056000
4583.905490 11.976000 0.055000
4587.844180 11.762000 0.058000
4590.863340 11.755000 0.057000
4593.852580 11.742000 0.054000
4596.841660 11.707000 0.057000
4601.843230 11.754000 0.055000
4606.870230 11.720000 0.063000
4611.845480 11.984000 0.058000
4623.777960 12.271000 0.059000
4627.799920 12.400000 0.069000
4629.780190 12.408000 0.057000
4631.789690 12.509000 0.067000
4647.709040 13.013000 0.066000
4651.792450 13.168000 0.059000
4655.730290 13.191000 0.055000
4657.761510 13.266000 0.064000
4661.655900 13.532000 0.059000
4665.744580 13.346000 0.063000
4674.638700 13.682000 0.058000
4684.694890 13.744000 0.058000
4690.636480 13.992000 0.055000
4701.664650 13.987000 0.062000
4716.564640 13.782000 0.055000
4741.528430 13.751000 0.057000
4777.528020 13.512000 0.060000
2835.764410 13.569000 0.055000
2861.639790 13.850000 0.055000
2859.685990 13.894000 0.056000
2900.587410 14.141000 0.055000
2935.558830 13.913000 0.063000
4703.667310 13.977000 0.063000
2489.579250 12.035000 0.069000
2510.682450 12.282000 0.065000
2552.566250 13.241000 0.072000
2802.932420 12.836000 0.060000
2804.746210 12.767000 0.058000
2851.718580 13.497000 0.056000
2916.552900 13.796000 0.061000
2940.530950 13.560000 0.063000
3080.906870 13.066000 0.066000
3091.904640 13.215000 0.063000
3115.878950 13.745000 0.073000
3463.904070 13.929000 0.075000
3516.830670 12.492000 0.083000
3528.892420 11.898000 0.074000
3528.897400 11.728000 0.080000
3528.899850 11.802000 0.093000
3528.902350 11.796000 0.088000
3528.905670 11.823000 0.063000
3528.910560 11.946000 0.082000
3528.913050 11.817000 0.079000
3528.915550 11.727000 0.077000
3528.918040 11.736000 0.074000
3528.920530 11.812000 0.076000
3528.926590 11.906000 0.074000
3528.939200 11.814000 0.074000
3543.738010 11.286000 0.085000
3550.819530 11.202000 0.079000
3556.697980 11.362000 0.075000
3563.804660 11.570000 0.074000
3583.672420 12.289000 0.092000
3592.649250 12.481000 0.092000
3601.745030 12.867000 0.075000
3616.691750 13.271000 0.061000
3634.580270 13.730000 0.072000
3641.560520 13.868000 0.072000
3656.569450 13.669000 0.089000
3661.557820 13.572000 0.077000
3666.563130 13.867000 0.083000
3830.899040 11.673000 0.065000
3855.877660 12.763000 0.073000
3868.875250 13.111000 0.073000
3883.842550 13.388000 0.074000
3887.806840 13.450000 0.071000
3904.749880 13.614000 0.077000
3912.790370 13.883000 0.072000
4284.741900 13.661000 0.082000
4300.690750 13.030000 0.082000
4308.683320 12.417000 0.071000
4312.739520 12.097000 0.077000
4329.741480 11.277000 0.062000
4343.581400 11.226000 0.071000
4345.594990 11.285000 0.072000
4347.592850 11.171000 0.074000
4349.592300 11.328000 0.079000
4351.591760 11.364000 0.075000
4360.557700 11.633000 0.061000
4372.549670 12.079000 0.077000
4392.554830 12.769000 0.081000
4402.532340 13.115000 0.073000
4408.517090 13.396000 0.074000
4633.778620 12.529000 0.080000
4663.702410 13.310000 0.073000
4763.524250 13.771000 0.073000
4988.809080 13.801000 0.065000
5015.706150 13.603000 0.068000
5037.684080 13.921000 0.074000
5039.659660 13.775000 0.064000
5041.649240 13.443000 0.063000
5070.715890 13.562000 0.064000
5092.635770 12.909000 0.064000
5111.585780 11.117000 0.067000
3652.516160 13.930000 0.091000
4757.532010 13.768000 0.075000
2578.509720 29.999000 0.060000
2949.521010 29.999000 0.058000
3156.806580 29.999000 0.055000
3184.738610 29.999000 0.057000
3475.882240 29.999000 0.062000
3629.652320 29.999000 0.061000
3631.657640 29.999000 0.070000
3676.518940 29.999000 0.091000
4232.845020 29.999000 0.053000
4738.538840 29.999000 0.057000
2810.725510 29.999000 0.053000
2892.652410 29.999000 0.057000
2942.523960 29.999000 0.058000
2953.512810 29.999000 0.058000
3099.890010 29.999000 0.071000
3162.820200 29.999000 0.054000
3453.905010 29.999000 0.063000
3483.862270 29.999000 0.062000
3621.623950 29.999000 0.073000
3663.567120 29.999000 0.080000
3673.520970 29.999000 0.078000
3892.768170 29.999000 0.058000
3901.868460 29.999000 0.057000
4728.607800 29.999000 0.064000
4973.785760 29.999000 0.067000
2561.546830 29.999000 0.056000
2882.674760 29.999000 0.064000
2945.532260 29.999000 0.060000
3179.818310 29.999000 0.054000
3187.710930 29.999000 0.066000
3190.738130 29.999000 0.069000
3457.895720 29.999000 0.060000
3471.888690 29.999000 0.062000
3637.608600 29.999000 0.063000
3649.610860 29.999000 0.073000
3659.541600 29.999000 0.071000
3870.827760 29.999000 0.058000
3906.779680 29.999000 0.065000
4204.902580 29.999000 0.053000
4253.803180 29.999000 0.058000
4273.758310 29.999000 0.055000
4276.742740 29.999000 0.059000
4282.719910 29.999000 0.077000
4286.740250 29.999000 0.064000
4290.735740 29.999000 0.060000
4296.730290 29.999000 0.068000
4548.902510 29.999000 0.056000
4686.644450 29.999000 0.064000
4706.604260 29.999000 0.059000
4709.578940 29.999000 0.060000
4720.603690 29.999000 0.058000
4722.641930 29.999000 0.056000
4725.660010 29.999000 0.068000
4743.559580 29.999000 0.060000
4748.545350 29.999000 0.078000
4754.551740 29.999000 0.062000
4760.527500 29.999000 0.071000
4766.509640 29.999000 0.057000
4769.508620 29.999000 0.061000
4772.507350 29.999000 0.082000
4940.872760 29.999000 0.067000
4969.824730 29.999000 0.062000
5023.729010 29.999000 0.066000
5063.612890 29.999000 0.069000
4677.722190 13.868000 0.043000
4686.674570 14.735000 0.042000
4733.614770 13.971000 0.043000
4772.523070 13.975000 0.048000
2726.906350 12.842000 0.036000
2729.908070 12.740000 0.036000
2733.908920 12.350000 0.036000
2736.898570 12.113000 0.037000
2742.892570 11.754000 0.037000
2751.878210 11.468000 0.046000
2819.791940 13.381000 0.041000
2894.584170 13.947000 0.045000
3830.903390 11.785000 0.044000
3849.914970 12.453000 0.054000
3853.895870 12.605000 0.046000
3861.874440 12.915000 0.046000
3886.869570 13.537000 0.043000
3889.809290 13.663000 0.045000
4205.901570 13.913000 0.044000
4273.778160 13.671000 0.046000
4278.765060 13.617000 0.040000
4290.753480 13.447000 0.044000
4292.747980 13.435000 0.044000
4300.734500 13.297000 0.047000
4302.763870 13.017000 0.046000
4304.701990 12.787000 0.040000
4306.703930 12.649000 0.040000
4308.698230 12.420000 0.047000
4311.696300 12.228000 0.048000
4314.731850 12.038000 0.041000
4317.640930 11.802000 0.047000
4331.664050 11.210000 0.046000
4333.615860 11.179000 0.039000
4336.595570 11.148000 0.042000
4339.656980 11.139000 0.052000
4345.668210 11.179000 0.055000
4347.667470 11.249000 0.050000
4351.669770 11.306000 0.046000
4356.627480 11.431000 0.046000
4358.644020 11.480000 0.050000
4362.641630 11.674000 0.039000
4364.599600 11.648000 0.041000
4367.637320 11.773000 0.046000
4369.661870 11.812000 0.045000
4372.523660 11.964000 0.048000
4375.553910 12.088000 0.043000
4377.561030 12.172000 0.042000
4379.562600 12.293000 0.046000
4381.614660 12.339000 0.050000
4384.541960 12.507000 0.043000
4386.569820 12.457000 0.043000
4388.551840 12.616000 0.044000
4407.543970 13.406000 0.054000
4561.902640 13.308000 0.040000
4565.903740 13.008000 0.039000
4569.909340 12.767000 0.046000
4573.892940 12.594000 0.042000
4577.883040 12.346000 0.042000
4586.895500 11.931000 0.046000
4589.892950 11.767000 0.041000
4592.898200 11.711000 0.050000
4595.875300 11.688000 0.043000
4601.826020 11.764000 0.041000
4609.836960 11.920000 0.041000
4616.859360 12.091000 0.049000
4623.796600 12.263000 0.044000
4629.797500 12.457000 0.042000
4631.817500 12.435000 0.047000
4633.798480 12.564000 0.051000
4639.793710 12.766000 0.053000
4641.801760 12.908000 0.053000
4643.810880 12.979000 0.042000
4646.736800 13.074000 0.043000
4648.770700 13.171000 0.054000
4650.840160 13.123000 0.044000
4653.717120 13.172000 0.040000
4655.735970 13.262000 0.039000
4657.766420 13.328000 0.041000
4663.718420 13.249000 0.045000
4671.701710 13.452000 0.040000
4674.660200 13.824000 0.039000
4679.724980 13.799000 0.040000
4682.704010 14.067000 0.049000
4684.711870 13.785000 0.046000
4690.657220 13.534000 0.042000
4697.745380 13.945000 0.042000
4703.718160 13.924000 0.047000
4706.626600 13.831000 0.043000
4730.601980 13.893000 0.044000
4737.596450 14.279000 0.040000
4740.583040 13.617000 0.040000
4743.543990 13.871000 0.043000
4745.556170 13.879000 0.039000
4760.552020 13.815000 0.046000
4763.550600 13.863000 0.051000
4769.528530 13.842000 0.045000
5041.662800 13.883000 0.046000
5092.574850 12.527000 0.050000
4755.531750 13.984000 0.067000
4945.885030 13.653000 0.046000
4949.885390 13.811000 0.049000
5037.700600 14.835000 0.066000
5082.704410 13.318000 0.056000
3296.525650 11.869000 0.064000
3528.887480 11.821000 0.054000
3903.884960 13.707000 0.059000
4282.725390 13.459000 0.062000
4284.766210 13.410000 0.063000
4296.758810 13.304000 0.063000
4329.753900 11.279000 0.053000
4341.666640 11.117000 0.057000
4343.668280 11.390000 0.075000
4349.667190 11.199000 0.075000
4354.604650 11.357000 0.061000
4402.536340 13.227000 0.064000
4411.531160 13.377000 0.069000
4606.900140 11.771000 0.073000
4627.822710 12.373000 0.056000
4661.679500 13.318000 0.064000
4709.604720 13.993000 0.067000
4961.856450 13.619000 0.054000
4968.848490 13.952000 0.049000
4975.833610 13.826000 0.056000
5032.740950 13.986000 0.054000
5039.671620 14.031000 0.051000
5063.633930 13.641000 0.052000
5085.579130 13.130000 0.055000
5087.610830 12.984000 0.051000
5089.681800 12.808000 0.048000
5097.603410 12.077000 0.053000
5099.609550 11.773000 0.049000
5111.592320 11.039000 0.057000
5145.536150 11.962000 0.066000
4191.903140 29.999000 0.044000
4227.884170 29.999000 0.048000
4230.864750 29.999000 0.045000
4233.868100 29.999000 0.047000
4286.758760 29.999000 0.052000
4701.713240 29.999000 0.042000
4716.584980 29.999000 0.042000
4722.579640 29.999000 0.041000
4725.602140 29.999000 0.042000
4728.560000 29.999000 0.043000
4782.529630 29.999000 0.049000
4694.645500 29.999000 0.043000
4757.575080 29.999000 0.042000
4777.531340 29.999000 0.041000
4936.891780 29.999000 0.049000
4972.856440 29.999000 0.047000
4988.830780 29.999000 0.050000
4990.888060 29.999000 0.052000
5008.759620 29.999000 0.056000
5013.717540 29.999000 0.054000
5015.727240 29.999000 0.048000
5022.753710 29.999000 0.052000
5024.755160 29.999000 0.051000
5049.673500 29.999000 0.056000
5070.730840 29.999000 0.053000
