1958.894920 13.053000 0.049000
1985.821760 13.318000 0.049000
2083.600920 11.435000 0.045000
2085.592070 11.106000 0.043000
2102.544430 10.202000 0.045000
2103.570820 10.229000 0.048000
2104.570690 10.171000 0.043000
2105.558580 10.212000 0.047000
2106.560430 10.188000 0.043000
2109.555440 10.266000 0.044000
2115.522410 10.394000 0.042000
2116.528100 10.414000 0.043000
2117.526930 10.456000 0.042000
2124.500640 10.594000 0.045000
2128.494960 10.691000 0.042000
2130.512210 10.720000 0.041000
2132.499340 10.741000 0.044000
2134.502280 10.794000 0.040000
2141.499040 10.877000 0.040000
2143.486200 10.881000 0.044000
2145.488890 10.957000 0.040000
2156.534210 11.131000 0.043000
2172.535520 11.501000 0.045000
2185.503550 11.809000 0.049000
2190.482630 11.878000 0.048000
2441.616730 9.648000 0.033000
2442.613100 9.665000 0.040000
2456.576610 9.476000 0.036000
2459.598230 9.496000 0.048000
2464.570590 9.499000 0.039000
2465.576490 9.520000 0.036000
2468.567580 9.544000 0.035000
2469.564150 9.525000 0.045000
2473.508710 9.625000 0.045000
2481.514450 9.760000 0.046000
2482.540300 9.772000 0.043000
2489.513320 9.969000 0.046000
2491.509350 9.982000 0.045000
2494.504740 10.092000 0.043000
2510.610220 10.579000 0.040000
2519.589180 10.877000 0.048000
2520.594580 10.868000 0.037000
2521.604210 10.954000 0.038000
2535.574870 11.425000 0.043000
2543.499410 11.621000 0.039000
2545.486720 11.725000 0.039000
2547.496770 11.738000 0.038000
2549.489790 11.855000 0.041000
2558.483520 12.057000 0.040000
2559.507240 12.024000 0.045000
2566.491430 12.337000 0.042000
2674.840530 13.324000 0.037000
2750.808980 13.140000 0.039000
2757.725000 12.854000 0.039000
2759.776650 12.623000 0.037000
2761.725340 12.578000 0.039000
2763.708210 12.389000 0.038000
2766.789780 12.110000 0.040000
2770.709520 11.833000 0.038000
2782.919720 10.965000 0.037000
2784.697450 10.942000 0.037000
2785.846460 10.897000 0.040000
2787.774310 10.841000 0.036000
2790.903950 10.735000 0.040000
2794.647300 10.764000 0.037000
2804.668540 10.913000 0.038000
2808.837210 10.957000 0.039000
2810.613810 11.024000 0.039000
2811.791000 11.048000 0.039000
2813.690150 11.098000 0.040000
2821.556690 11.379000 0.038000
2832.585840 11.735000 0.036000
2833.706060 11.758000 0.038000
2838.591070 11.939000 0.036000
2840.647350 12.046000 0.035000
2845.637690 12.158000 0.034000
2853.527520 12.455000 0.037000
2854.612240 12.347000 0.033000
2859.509740 12.503000 0.038000
2860.669050 12.559000 0.035000
2862.591000 12.751000 0.040000
2866.629000 12.717000 0.037000
2868.663740 12.835000 0.041000
2878.517120 12.928000 0.036000
3082.836160 12.612000 0.038000
3086.848810 12.486000 0.036000
3089.818030 12.062000 0.038000
3092.806740 11.689000 0.036000
3096.901500 11.327000 0.035000
3098.837390 11.156000 0.036000
3100.852320 10.854000 0.037000
3103.687730 10.611000 0.048000
3105.847420 10.508000 0.043000
3107.843100 10.441000 0.038000
3110.761580 10.361000 0.037000
3112.822150 10.335000 0.038000
3115.752140 10.326000 0.037000
3118.823480 10.323000 0.034000
3122.751670 10.303000 0.036000
3124.804450 10.291000 0.036000
3126.785060 10.305000 0.037000
3128.742770 10.282000 0.036000
3130.762920 10.283000 0.038000
3132.796100 10.286000 0.039000
3144.689480 10.365000 0.035000
3146.861520 10.371000 0.037000
3153.742310 10.542000 0.039000
3156.646290 10.610000 0.037000
3160.687760 10.780000 0.041000
3163.697340 10.854000 0.038000
3165.705970 10.932000 0.038000
3170.835450 11.059000 0.040000
3176.694430 11.273000 0.037000
3184.618620 11.541000 0.035000
3187.624520 11.631000 0.040000
3190.640290 11.594000 0.037000
3425.839140 12.956000 0.044000
3431.773090 12.434000 0.036000
3434.844450 12.144000 0.042000
3438.847790 11.837000 0.042000
3442.870580 11.529000 0.041000
3445.830880 11.254000 0.043000
3452.795260 10.845000 0.044000
3454.852330 10.785000 0.041000
3457.769410 10.699000 0.045000
3462.762700 10.654000 0.042000
3464.874580 10.663000 0.036000
3467.800090 10.647000 0.038000
3470.779940 10.748000 0.040000
3473.769530 10.733000 0.038000
3476.761430 10.829000 0.041000
3478.783100 10.885000 0.046000
3480.815520 10.891000 0.044000
3489.731050 11.167000 0.039000
3491.776760 11.208000 0.042000
3497.782140 11.306000 0.037000
3501.650320 11.369000 0.043000
3503.744100 11.504000 0.042000
3506.750160 11.645000 0.036000
3509.740380 11.561000 0.038000
3511.804150 11.613000 0.038000
3515.780260 11.658000 0.038000
3517.771740 11.684000 0.044000
3521.709480 11.816000 0.048000
3523.714190 11.903000 0.043000
3525.744380 11.862000 0.039000
3529.850800 11.916000 0.047000
3538.647720 12.224000 0.041000
3543.640100 12.181000 0.041000
3550.669400 12.510000 0.038000
3555.708750 12.496000 0.038000
3570.619660 12.607000 0.042000
3575.700150 12.806000 0.038000
3583.684660 12.955000 0.039000
3772.863840 12.475000 0.046000
3775.876780 12.162000 0.046000
3796.857410 11.053000 0.039000
3804.813630 11.028000 0.045000
3811.877450 10.981000 0.040000
3816.888000 10.899000 0.042000
3822.804160 10.896000 0.038000
3825.796790 10.908000 0.040000
3828.794270 10.895000 0.043000
3831.785220 10.907000 0.043000
3833.839030 10.918000 0.046000
3836.765490 10.907000 0.041000
3848.796890 11.026000 0.049000
3850.812930 11.029000 0.041000
3852.843520 11.049000 0.039000
3859.811210 11.176000 0.039000
3861.791830 11.244000 0.038000
3863.771300 11.278000 0.042000
3865.750810 11.302000 0.039000
3867.752890 11.314000 0.040000
3871.748090 11.509000 0.038000
3874.833530 11.583000 0.041000
3876.504230 11.563000 0.044000
3876.511390 11.554000 0.045000
3876.534080 11.644000 0.047000
3876.632820 11.579000 0.043000
3877.527140 11.646000 0.039000
3877.558760 11.596000 0.043000
3877.588920 11.667000 0.043000
3877.669610 11.608000 0.045000
3880.708200 11.721000 0.038000
3882.754640 11.749000 0.037000
3886.805440 11.857000 0.042000
3891.614010 11.987000 0.036000
3893.661430 12.100000 0.039000
3898.668280 12.171000 0.041000
3904.732090 12.228000 0.038000
3906.734260 12.350000 0.041000
3908.810180 12.315000 0.041000
3912.729440 12.422000 0.040000
4132.853680 10.041000 0.047000
4136.850490 9.916000 0.043000
4139.867520 9.922000 0.039000
4151.837030 9.911000 0.043000
4160.889570 10.014000 0.040000
4164.821570 10.060000 0.041000
4167.856190 10.097000 0.039000
4172.862870 10.165000 0.044000
4181.825130 10.470000 0.040000
4184.815210 10.600000 0.042000
4188.828540 10.682000 0.039000
4191.758110 10.852000 0.037000
4193.827260 10.897000 0.045000
4200.769520 11.140000 0.036000
4203.825890 11.209000 0.036000
4205.812720 11.321000 0.038000
4213.795430 11.561000 0.038000
4216.789610 11.671000 0.037000
4227.755820 11.975000 0.036000
4229.757610 11.972000 0.035000
4231.760910 12.117000 0.038000
4233.760440 11.996000 0.034000
4235.764260 12.102000 0.036000
4238.669140 12.242000 0.039000
4245.657260 12.334000 0.047000
4247.618240 12.395000 0.039000
4255.730710 12.465000 0.036000
4258.618190 12.461000 0.035000
4269.753450 12.671000 0.037000
4276.596540 12.729000 0.036000
4283.733720 12.745000 0.046000
4303.622850 13.156000 0.036000
4345.633180 13.199000 0.039000
4347.637760 13.409000 0.049000
4369.525230 13.417000 0.036000
4382.501220 13.023000 0.034000
4492.870510 9.394000 0.036000
4500.873540 9.579000 0.049000
4504.850570 9.672000 0.034000
4508.847950 9.716000 0.040000
4519.874800 10.023000 0.040000
4523.832920 10.144000 0.035000
4527.833000 10.282000 0.040000
4530.855380 10.385000 0.037000
4535.876580 10.490000 0.037000
4538.857360 10.613000 0.037000
4541.841050 10.699000 0.036000
4547.824470 10.892000 0.040000
4550.821380 10.950000 0.041000
4554.869060 11.117000 0.044000
4557.796120 11.214000 0.036000
4560.785600 11.283000 0.036000
4563.783430 11.395000 0.036000
4566.778270 11.466000 0.040000
4569.779370 11.597000 0.037000
4571.784060 11.666000 0.039000
4573.778890 11.689000 0.040000
4575.775640 11.798000 0.039000
4582.737750 11.909000 0.037000
4585.784250 12.195000 0.048000
4588.724600 12.226000 0.037000
4590.783680 12.078000 0.039000
4592.859930 12.141000 0.040000
4597.740460 12.285000 0.035000
4609.621630 12.515000 0.038000
4611.703220 12.603000 0.036000
4616.825040 12.702000 0.037000
4620.647370 12.878000 0.040000
4622.826520 12.757000 0.040000
4627.632310 12.805000 0.041000
4638.834170 13.244000 0.039000
4663.582740 13.150000 0.039000
4850.868950 11.625000 0.043000
4865.868030 11.899000 0.043000
4869.860950 11.943000 0.042000
4877.834690 12.061000 0.038000
4882.846880 12.248000 0.039000
4886.832860 12.184000 0.044000
4890.834360 12.318000 0.046000
4902.895490 12.702000 0.047000
4908.902970 12.609000 0.048000
4916.779000 13.205000 0.045000
5024.614310 13.227000 0.046000
5039.563170 13.632000 0.045000
5075.631490 13.126000 0.049000
1930.851450 13.093000 0.039000
1932.866900 13.084000 0.040000
1937.854520 13.098000 0.041000
1940.841330 13.153000 0.042000
1946.868230 13.148000 0.040000
1949.832250 13.159000 0.042000
1954.828510 13.084000 0.045000
1955.838430 13.134000 0.041000
1965.812590 13.255000 0.040000
1967.812490 13.087000 0.042000
2025.744570 13.247000 0.044000
2026.731770 13.273000 0.043000
2027.722360 13.168000 0.045000
2030.712340 13.052000 0.044000
2031.720390 13.047000 0.045000
2032.709650 13.177000 0.043000
2033.701660 13.031000 0.040000
2037.678390 13.174000 0.046000
2564.490610 12.334000 0.047000
2652.866970 13.425000 0.042000
2659.865050 13.339000 0.041000
2662.864990 13.514000 0.038000
2670.855390 13.703000 0.038000
2677.834570 13.212000 0.041000
2681.823180 13.330000 0.036000
2683.872850 13.319000 0.036000
2686.828660 13.429000 0.037000
2689.817420 13.384000 0.044000
2693.772840 13.319000 0.037000
2699.816970 13.495000 0.040000
2702.839160 13.253000 0.038000
2704.838030 13.191000 0.037000
2706.855160 13.238000 0.038000
2710.826020 13.239000 0.042000
2712.815270 13.356000 0.037000
2714.815340 13.338000 0.040000
2717.834680 13.253000 0.036000
2722.883130 13.278000 0.037000
2730.793390 13.247000 0.038000
2733.787190 13.294000 0.036000
2737.767570 13.316000 0.037000
2739.776920 13.346000 0.043000
2743.746790 13.214000 0.040000
2747.768880 13.242000 0.046000
2752.740920 13.013000 0.038000
2755.723530 12.847000 0.038000
2872.666880 12.891000 0.038000
2876.516070 12.997000 0.037000
2883.522310 12.865000 0.038000
2888.512360 13.109000 0.038000
2893.529220 13.025000 0.046000
2895.537160 13.234000 0.048000
2897.551470 13.310000 0.044000
2905.528240 13.091000 0.038000
2908.544000 13.053000 0.037000
2910.544490 13.200000 0.040000
2915.523190 13.147000 0.036000
2917.551070 13.285000 0.036000
2922.505090 13.343000 0.039000
2924.519370 13.374000 0.038000
2928.500060 13.359000 0.039000
2930.509110 13.360000 0.037000
2932.517560 13.360000 0.036000
2935.504070 13.331000 0.037000
3032.871050 13.291000 0.040000
3036.860700 13.357000 0.036000
3064.839240 13.318000 0.038000
3074.869340 12.917000 0.038000
3079.801800 12.750000 0.038000
3390.868780 13.185000 0.044000
3396.873200 13.277000 0.042000
3414.864400 13.119000 0.040000
3422.830660 13.230000 0.049000
3558.715360 12.665000 0.044000
3562.736010 12.711000 0.046000
3564.710590 12.700000 0.039000
3573.680690 12.823000 0.039000
3577.721620 12.956000 0.039000
3586.550510 12.918000 0.047000
3590.667470 12.993000 0.039000
3592.696870 12.990000 0.040000
3599.641470 13.166000 0.038000
3602.492350 13.207000 0.040000
3604.528920 13.268000 0.039000
3608.507500 13.175000 0.040000
3617.568810 13.190000 0.042000
3619.624300 13.232000 0.042000
3621.534380 13.347000 0.043000
3625.616550 13.806000 0.047000
3631.523880 13.019000 0.046000
3633.544350 13.204000 0.046000
3637.547530 13.438000 0.039000
3641.515690 13.351000 0.038000
3643.554720 13.484000 0.040000
3647.521510 13.420000 0.037000
3652.508420 13.534000 0.041000
3655.526260 13.515000 0.044000
3658.515700 13.599000 0.041000
3661.509230 13.198000 0.046000
3664.502890 13.478000 0.044000
3757.857670 13.154000 0.040000
3900.682300 12.166000 0.043000
4253.707210 12.408000 0.039000
4285.710520 13.012000 0.039000
4289.705000 12.934000 0.035000
4291.708560 12.897000 0.037000
4293.692970 12.940000 0.044000
4295.706890 12.985000 0.038000
4299.673200 12.990000 0.036000
4301.618970 12.863000 0.040000
4308.551110 13.141000 0.039000
4310.646750 13.256000 0.035000
4312.646090 13.227000 0.037000
4315.649750 13.387000 0.035000
4330.529080 13.201000 0.036000
4336.531370 13.290000 0.036000
4341.631030 13.324000 0.039000
4343.631700 13.448000 0.041000
4349.635830 13.164000 0.043000
4352.519290 13.157000 0.032000
4355.526480 13.365000 0.036000
4357.525290 13.323000 0.035000
4363.494460 13.257000 0.036000
4365.548620 13.192000 0.047000
4371.537150 13.119000 0.038000
4373.551660 13.148000 0.041000
4376.554560 13.188000 0.037000
4379.500300 13.063000 0.034000
4385.500430 13.215000 0.034000
4595.703430 12.322000 0.036000
4600.662730 12.410000 0.038000
4602.696020 12.310000 0.040000
4629.617140 12.917000 0.035000
4631.634260 13.052000 0.037000
4640.821440 13.101000 0.037000
4642.816920 13.278000 0.037000
4645.569170 13.079000 0.039000
4647.607710 13.524000 0.039000
4649.639880 13.258000 0.039000
4653.667030 13.348000 0.035000
4655.602330 13.290000 0.037000
4664.748570 13.262000 0.042000
4672.708230 13.504000 0.039000
4681.655390 13.403000 0.041000
4683.651800 13.406000 0.043000
4701.613220 13.487000 0.038000
4703.619430 13.465000 0.044000
4705.651330 13.299000 0.041000
4708.608020 13.136000 0.044000
4726.586090 12.979000 0.047000
4733.526310 13.387000 0.042000
4740.527960 13.157000 0.037000
4745.505750 13.167000 0.046000
4747.540250 13.546000 0.046000
4757.515150 13.333000 0.045000
4766.494310 13.214000 0.042000
4918.869990 12.627000 0.045000
4921.805940 12.821000 0.044000
4926.846590 12.966000 0.044000
4929.845630 12.804000 0.047000
4947.727210 13.265000 0.045000
4949.813190 13.211000 0.044000
4952.719370 13.128000 0.045000
4954.767980 13.013000 0.046000
4966.701720 13.191000 0.049000
4968.752710 13.401000 0.048000
4985.673860 13.354000 0.043000
4987.682720 13.437000 0.049000
5009.603070 13.398000 0.047000
5012.635700 13.489000 0.046000
5022.610250 13.257000 0.047000
5032.591990 13.899000 0.044000
5037.576600 13.456000 0.042000
5041.561530 13.250000 0.042000
5063.604550 13.319000 0.049000
1950.884600 13.270000 0.052000
2058.652430 12.967000 0.048000
2069.633960 12.929000 0.050000
2071.661320 12.801000 0.056000
2081.603550 11.856000 0.048000
2082.625980 11.588000 0.046000
2086.595710 10.917000 0.048000
2087.591030 10.824000 0.050000
2088.588730 10.674000 0.050000
2094.607610 10.221000 0.050000
2096.569090 10.222000 0.047000
2176.514730 11.690000 0.053000
2179.503990 11.711000 0.050000
2452.575490 9.505000 0.051000
2486.524480 9.866000 0.051000
2524.580230 11.542000 0.056000
2552.490650 11.884000 0.052000
2842.622270 12.165000 0.054000
3448.840580 11.083000 0.054000
3552.711700 12.436000 0.049000
3767.861420 12.922000 0.049000
3790.844230 11.138000 0.053000
3793.888160 11.414000 0.048000
3808.814750 11.019000 0.050000
3819.816410 10.859000 0.057000
3876.577250 11.591000 0.049000
4128.861520 10.157000 0.050000
4154.853900 9.948000 0.046000
4157.853700 9.979000 0.059000
4178.843110 10.361000 0.056000
4516.860250 9.967000 0.050000
1984.904430 13.594000 0.053000
2040.695650 12.981000 0.054000
2052.644700 13.055000 0.047000
2053.680250 13.055000 0.046000
2054.674110 12.950000 0.051000
2055.655940 13.103000 0.049000
2056.659720 13.047000 0.049000
2057.651850 13.089000 0.048000
2059.706220 13.129000 0.050000
2062.595650 12.968000 0.049000
2067.623640 12.871000 0.049000
2068.629100 12.953000 0.051000
2070.624280 12.870000 0.050000
2901.538920 13.075000 0.058000
3407.847810 13.264000 0.048000
3411.848730 13.244000 0.047000
3418.844090 13.067000 0.050000
3560.718530 12.783000 0.058000
3621.477430 13.505000 0.052000
3621.479840 13.158000 0.057000
3621.483050 13.215000 0.054000
3621.485560 13.106000 0.057000
3621.488060 13.236000 0.059000
3621.490550 13.443000 0.058000
3621.493060 13.464000 0.058000
3621.495580 13.451000 0.056000
3621.498060 13.411000 0.053000
3621.503810 13.322000 0.050000
3763.859750 13.088000 0.057000
4297.697250 12.838000 0.056000
4754.516300 12.974000 0.049000
4932.793720 12.999000 0.052000
4936.836420 13.011000 0.052000
4992.854610 13.370000 0.051000
5006.800200 13.333000 0.050000
5047.701610 13.043000 0.050000
5057.592400 13.593000 0.051000
5072.524670 13.319000 0.051000
5084.575400 13.124000 0.053000
5093.585810 12.977000 0.050000
5110.514520 12.378000 0.050000
1953.829790 29.999000 0.042000
1976.906600 29.999000 0.049000
1979.746440 29.999000 0.053000
1982.768710 29.999000 0.049000
2016.750490 29.999000 0.059000
3621.508910 29.999000 0.049000
3621.514050 29.999000 0.048000
3621.519210 29.999000 0.049000
4651.658690 29.999000 0.039000
4657.643530 29.999000 0.040000
4685.632580 29.999000 0.049000
4690.496910 29.999000 0.041000
4697.616400 29.999000 0.036000
4720.611570 29.999000 0.040000
4724.528780 29.999000 0.040000
4729.575980 29.999000 0.043000
4737.538310 29.999000 0.037000
4761.501390 29.999000 0.045000
1980.772140 29.999000 0.058000
1981.793800 29.999000 0.047000
1994.715310 29.999000 0.055000
2720.765030 29.999000 0.050000
3628.599000 29.999000 0.040000
3902.699100 29.999000 0.039000
4339.631980 29.999000 0.038000
4666.748820 29.999000 0.040000
4670.684800 29.999000 0.053000
4939.750200 29.999000 0.049000
5089.530590 29.999000 0.050000
1933.875250 12.948000 0.043000
1936.882430 12.952000 0.044000
1940.860150 12.987000 0.043000
1949.858930 13.046000 0.042000
1963.839830 13.100000 0.041000
1981.806610 13.436000 0.048000
2067.712740 12.913000 0.049000
2664.869000 13.170000 0.039000
2673.868580 13.572000 0.041000
2681.855120 13.582000 0.038000
2684.854260 13.498000 0.038000
2690.840330 13.429000 0.040000
2696.873450 13.192000 0.039000
2697.841860 13.408000 0.038000
2700.864970 13.283000 0.037000
2703.823490 13.221000 0.038000
2706.816830 13.222000 0.037000
2710.837590 13.226000 0.037000
2714.834370 13.379000 0.043000
2724.769700 13.372000 0.037000
2726.816830 13.293000 0.038000
2728.816370 13.323000 0.043000
2730.808680 13.214000 0.047000
2735.807220 13.037000 0.036000
2737.789350 13.274000 0.040000
2750.841150 12.936000 0.038000
2763.742070 12.340000 0.040000
2775.771630 11.396000 0.040000
2786.663950 10.861000 0.036000
2791.634250 10.743000 0.041000
3036.870320 13.315000 0.037000
3057.877680 13.048000 0.036000
3086.868690 12.094000 0.041000
3092.836800 11.758000 0.038000
3112.784980 10.343000 0.036000
3404.867190 13.159000 0.047000
3408.867790 13.251000 0.046000
3412.863950 13.118000 0.051000
3416.861230 13.067000 0.044000
3426.869140 12.719000 0.044000
3442.883170 11.514000 0.040000
3455.785670 10.864000 0.049000
3464.890610 10.666000 0.040000
3467.836340 10.658000 0.041000
3470.820260 10.682000 0.039000
3473.804430 10.734000 0.043000
3478.832730 10.822000 0.045000
3483.791220 10.960000 0.044000
3491.842480 11.166000 0.047000
3501.718390 11.415000 0.041000
3506.804580 11.504000 0.037000
3512.668900 11.674000 0.038000
3516.745360 11.699000 0.046000
3522.717890 11.830000 0.043000
3524.739160 11.860000 0.042000
3526.768130 11.893000 0.048000
3538.680750 12.141000 0.041000
3540.677050 12.228000 0.045000
3543.673360 12.372000 0.050000
3563.550170 12.700000 0.040000
3576.548600 12.721000 0.037000
3588.528310 12.923000 0.041000
3759.876560 13.152000 0.047000
3772.876210 12.554000 0.041000
3790.854710 11.162000 0.045000
3794.869620 11.055000 0.045000
3797.883660 11.024000 0.039000
3802.850340 10.995000 0.048000
3809.850180 10.950000 0.046000
3813.823340 10.999000 0.042000
3818.804870 10.905000 0.042000
3821.842630 10.861000 0.044000
3827.825830 10.842000 0.046000
3830.825380 11.036000 0.048000
3833.796750 10.940000 0.044000
3836.804030 10.892000 0.044000
3848.828700 11.035000 0.046000
3851.756270 11.006000 0.049000
3853.815880 11.050000 0.041000
3856.746920 11.100000 0.042000
3861.735580 11.188000 0.040000
3871.774820 11.472000 0.042000
3880.739080 11.719000 0.040000
3883.685970 11.788000 0.044000
3887.707850 11.925000 0.040000
3893.694460 12.037000 0.038000
3901.723910 12.105000 0.044000
3903.733930 12.254000 0.041000
3905.731960 12.301000 0.047000
3907.747590 12.244000 0.041000
4273.629060 12.648000 0.038000
4276.611460 12.785000 0.036000
4282.673990 12.947000 0.041000
4284.677520 12.863000 0.040000
4290.670040 12.934000 0.035000
4292.633310 12.917000 0.036000
4296.635340 13.064000 0.037000
4300.597500 13.124000 0.041000
4302.643320 13.075000 0.035000
4304.583650 13.063000 0.035000
4309.572850 13.224000 0.039000
4311.612510 12.973000 0.038000
4316.652420 13.072000 0.035000
4319.649050 13.028000 0.034000
4330.545890 13.213000 0.034000
4332.554620 13.393000 0.034000
4336.545380 13.414000 0.035000
4338.691620 13.199000 0.040000
4341.543220 13.341000 0.037000
4343.553160 13.132000 0.036000
4345.572480 13.319000 0.038000
4347.574550 13.396000 0.036000
4349.569190 13.172000 0.038000
4351.575120 13.369000 0.040000
4354.560780 13.282000 0.035000
4356.588250 13.284000 0.040000
4358.565720 13.324000 0.039000
4364.500460 13.189000 0.034000
4367.592460 13.258000 0.037000
4372.535150 13.227000 0.041000
4375.565580 13.220000 0.042000
4379.588860 13.093000 0.039000
4385.517350 13.152000 0.035000
4393.535490 13.111000 0.039000
4409.501840 13.072000 0.037000
4583.780290 11.921000 0.035000
4596.815260 12.275000 0.035000
4599.723990 12.384000 0.039000
4603.762350 12.530000 0.036000
4609.752690 12.676000 0.036000
4616.830380 12.755000 0.041000
4627.665790 12.727000 0.037000
4629.645100 12.920000 0.036000
4631.663220 12.844000 0.036000
4633.653040 12.958000 0.041000
4638.851840 12.974000 0.039000
4640.831790 13.084000 0.038000
4642.830600 13.166000 0.037000
4645.599420 13.160000 0.037000
4647.649680 13.061000 0.039000
4649.691630 13.108000 0.044000
4651.720040 13.182000 0.037000
4653.732200 13.105000 0.038000
4655.625210 13.186000 0.036000
4657.664160 12.887000 0.040000
4663.797200 13.596000 0.050000
4665.773820 13.251000 0.042000
4669.561490 13.314000 0.037000
4671.636330 13.100000 0.035000
4674.547820 13.167000 0.036000
4677.661400 13.298000 0.036000
4679.662290 13.274000 0.038000
4682.643230 13.318000 0.045000
4684.651720 13.388000 0.045000
4686.588780 13.127000 0.040000
4691.525870 13.378000 0.038000
4701.672810 13.411000 0.037000
4703.676160 13.266000 0.038000
4706.609460 13.278000 0.038000
4709.550290 13.332000 0.047000
4720.614990 13.281000 0.042000
4722.646880 13.266000 0.041000
4726.546020 13.369000 0.044000
4729.538610 13.280000 0.037000
4734.606030 13.178000 0.044000
4739.520010 13.275000 0.038000
4748.552490 13.521000 0.050000
4755.522440 13.150000 0.050000
4758.523440 13.397000 0.051000
4761.512860 13.171000 0.049000
4764.510430 13.434000 0.046000
4767.505390 13.125000 0.047000
4877.859100 12.053000 0.041000
4910.865000 12.651000 0.047000
4926.877250 12.868000 0.045000
4951.771060 13.055000 0.048000
4967.767480 13.050000 0.047000
4969.801010 13.273000 0.048000
4985.690720 13.201000 0.048000
4994.739120 13.308000 0.047000
5006.807070 13.395000 0.048000
5012.693610 13.459000 0.047000
5014.636770 13.398000 0.045000
5022.622930 13.191000 0.048000
5024.623390 13.156000 0.046000
5032.620000 13.700000 0.048000
5037.597570 13.301000 0.043000
5039.580120 13.340000 0.044000
5041.578480 13.186000 0.042000
5047.709470 13.364000 0.050000
5057.601820 13.253000 0.047000
5063.607800 13.137000 0.052000
2463.592290 10.702000 0.033000
2082.641950 11.627000 0.043000
2109.578590 10.260000 0.044000
2115.543220 10.382000 0.043000
2124.522990 10.625000 0.046000
2454.608510 9.508000 0.041000
2490.545830 9.975000 0.047000
2500.487120 10.278000 0.049000
2783.654850 10.934000 0.044000
2784.894080 10.900000 0.044000
3089.850900 11.892000 0.035000
3097.773790 11.190000 0.036000
3114.852360 10.326000 0.036000
3436.877810 12.345000 0.042000
3448.867170 11.050000 0.041000
3452.839440 10.818000 0.038000
3457.829320 10.683000 0.036000
3476.794560 10.779000 0.039000
3481.759330 10.938000 0.046000
3489.819990 11.162000 0.046000
3503.780760 11.458000 0.044000
3509.783330 11.571000 0.036000
3824.836640 10.865000 0.042000
3858.829480 11.120000 0.042000
4136.866420 9.967000 0.042000
4140.861470 9.896000 0.039000
4146.864360 9.916000 0.041000
4151.860110 9.934000 0.040000
4162.834390 10.015000 0.046000
4173.876940 10.172000 0.038000
4176.860240 10.239000 0.041000
4179.867440 10.324000 0.040000
4182.866780 10.515000 0.042000
4185.868290 10.573000 0.039000
4189.808070 10.700000 0.037000
4191.882090 10.815000 0.037000
4193.881460 10.890000 0.037000
4200.796150 11.185000 0.035000
4203.853180 11.277000 0.038000
4207.806350 11.343000 0.040000
4213.832310 11.510000 0.040000
4216.821660 11.606000 0.038000
4227.796490 11.907000 0.037000
4229.799820 11.909000 0.035000
4231.798930 11.986000 0.037000
4233.808880 12.015000 0.038000
4235.845020 12.012000 0.035000
4238.701240 12.105000 0.036000
4254.725400 12.355000 0.037000
4269.769550 12.611000 0.037000
4278.652300 12.849000 0.035000
4403.505330 13.018000 0.037000
4501.871190 9.559000 0.041000
4505.870140 9.642000 0.042000
4517.874610 9.973000 0.044000
4520.877030 10.071000 0.046000
4528.843730 10.339000 0.044000
4535.891740 10.500000 0.038000
4538.879990 10.609000 0.039000
4542.827270 10.721000 0.040000
4545.898710 10.824000 0.041000
4548.865690 10.927000 0.039000
4551.850660 10.991000 0.044000
4554.898310 11.038000 0.039000
4557.837230 11.231000 0.041000
4560.820810 11.305000 0.035000
4563.813130 11.413000 0.035000
4566.811330 11.504000 0.039000
4569.807000 11.591000 0.035000
4571.851640 11.636000 0.035000
4573.807660 11.689000 0.039000
4575.800520 11.684000 0.042000
4578.830680 11.851000 0.038000
4586.809540 12.018000 0.036000
4589.740410 12.112000 0.040000
4592.730720 12.226000 0.038000
4601.761560 12.395000 0.036000
4611.746270 12.532000 0.039000
4869.878470 11.918000 0.042000
4883.852000 12.136000 0.038000
4891.851290 12.187000 0.052000
5104.579510 12.713000 0.047000
1979.785400 13.232000 0.054000
1994.747170 13.247000 0.054000
1995.826750 13.275000 0.059000
1996.821000 13.393000 0.059000
2008.730610 13.178000 0.059000
2037.694510 13.062000 0.051000
2040.784550 13.135000 0.050000
3805.880500 11.015000 0.052000
4382.535510 12.789000 0.049000
4731.568110 13.307000 0.052000
4746.510360 13.023000 0.052000
4774.505580 12.927000 0.051000
4887.848880 12.275000 0.054000
4903.900680 12.751000 0.051000
4929.876320 12.936000 0.049000
4936.853930 12.848000 0.052000
4939.788600 12.934000 0.051000
4946.772400 13.088000 0.051000
4954.732570 13.195000 0.055000
4975.748100 13.059000 0.049000
4991.706750 13.100000 0.049000
5009.645920 13.303000 0.051000
5049.732090 13.469000 0.050000
5083.659120 12.971000 0.056000
5086.517140 13.103000 0.051000
5088.573760 12.861000 0.052000
2080.555710 12.003000 0.051000
4155.854030 9.964000 0.052000
4158.864780 9.982000 0.050000
4165.868270 10.043000 0.053000
4245.685680 12.216000 0.049000
4906.743940 12.580000 0.051000
5116.518810 11.942000 0.055000
4622.840870 29.999000 0.041000
2733.813890 29.999000 0.037000
4377.567270 29.999000 0.038000
4697.687030 29.999000 0.046000
4919.838070 29.999000 0.050000
