2052.730230 13.361000 0.043000
2053.747550 13.349000 0.049000
2054.737870 13.401000 0.053000
2055.724270 13.216000 0.052000
2056.727690 13.089000 0.053000
2057.721280 13.028000 0.042000
2058.720310 12.989000 0.062000
2061.713050 12.816000 0.058000
2069.688770 12.431000 0.056000
2070.711650 12.330000 0.055000
2080.601920 12.005000 0.059000
2081.665430 12.128000 0.047000
2082.678900 12.058000 0.046000
2085.658700 12.034000 0.042000
2087.655250 11.968000 0.051000
2088.654010 11.997000 0.050000
2096.613490 12.055000 0.069000
2102.611330 12.204000 0.044000
2103.624350 12.235000 0.052000
2104.624420 12.224000 0.044000
2105.620110 12.282000 0.053000
2106.627780 12.228000 0.046000
2109.616040 12.411000 0.042000
2115.614510 12.741000 0.042000
2116.591040 12.718000 0.048000
2117.589930 12.717000 0.052000
2124.574630 13.155000 0.066000
2125.577450 13.103000 0.048000
2128.588110 13.371000 0.040000
2129.571320 13.277000 0.049000
2130.575940 13.274000 0.050000
2131.566190 13.495000 0.045000
2132.572130 13.409000 0.050000
2133.564040 13.469000 0.043000
2134.569180 13.474000 0.052000
2135.567630 13.510000 0.049000
2136.562740 13.518000 0.045000
2141.556550 14.030000 0.055000
2142.553030 14.138000 0.061000
2143.546710 14.057000 0.051000
2145.537830 14.007000 0.049000
2689.860540 12.885000 0.041000
2693.885010 13.316000 0.037000
2696.886310 13.277000 0.044000
2699.865080 13.645000 0.036000
2709.832780 14.096000 0.039000
2713.876610 13.952000 0.034000
2884.707190 14.097000 0.038000
2886.532060 13.677000 0.036000
2888.614940 13.817000 0.038000
2892.616920 13.439000 0.042000
2893.710610 13.419000 0.041000
2895.669060 13.329000 0.035000
2902.484020 12.653000 0.041000
2910.510530 12.355000 0.046000
2912.526920 11.820000 0.041000
2916.598460 11.753000 0.040000
2922.577380 11.617000 0.037000
2924.586430 11.652000 0.035000
2931.592440 11.689000 0.033000
2937.580920 11.827000 0.044000
2946.564200 12.107000 0.045000
2949.566650 12.223000 0.038000
2957.532920 12.390000 0.033000
2965.510820 12.588000 0.037000
2969.513250 12.805000 0.036000
3170.758870 14.093000 0.036000
3176.747990 13.639000 0.034000
3179.656130 13.312000 0.033000
3182.676700 12.906000 0.033000
3186.689560 12.502000 0.034000
3189.717070 12.179000 0.036000
3191.826470 12.091000 0.067000
3453.820510 13.387000 0.067000
3456.855100 13.053000 0.050000
3459.826060 12.709000 0.039000
3463.832120 12.257000 0.048000
3466.859320 11.908000 0.051000
3469.869280 11.529000 0.042000
3473.814240 11.165000 0.037000
3476.840320 11.024000 0.046000
3479.835130 10.957000 0.049000
3481.860240 10.919000 0.047000
3491.867940 10.985000 0.036000
3502.770520 11.218000 0.053000
3508.825010 11.281000 0.041000
3511.759180 11.324000 0.045000
3515.793070 11.468000 0.043000
3517.819170 11.553000 0.043000
3521.748870 11.824000 0.049000
3525.848880 11.936000 0.049000
3528.703190 12.142000 0.047000
3542.670430 12.972000 0.035000
3547.795020 13.168000 0.037000
3551.783630 13.427000 0.040000
3556.639330 13.588000 0.041000
3559.712820 13.965000 0.047000
3561.752800 13.909000 0.038000
3765.878210 12.240000 0.052000
3772.885380 12.020000 0.066000
3782.894510 11.987000 0.041000
3793.870550 12.074000 0.067000
3797.862200 12.226000 0.041000
3805.847800 12.391000 0.062000
3809.854980 12.468000 0.045000
3813.843330 12.689000 0.043000
3830.878690 13.223000 0.042000
3833.866660 13.517000 0.050000
3847.895210 13.653000 0.042000
4329.575960 13.408000 0.037000
4330.772890 12.974000 0.042000
4332.661910 12.823000 0.036000
4334.619820 12.640000 0.039000
4337.768810 12.302000 0.037000
4340.535650 12.171000 0.037000
4342.543170 12.062000 0.042000
4344.549310 12.066000 0.047000
4346.550700 12.009000 0.035000
4348.567540 11.965000 0.043000
4350.566320 11.912000 0.043000
4352.577110 12.193000 0.035000
4354.688350 11.838000 0.034000
4357.496000 11.917000 0.032000
4359.493850 11.888000 0.036000
4361.508890 11.905000 0.035000
4363.542950 11.945000 0.034000
4365.569610 11.960000 0.033000
4367.669720 11.933000 0.039000
4372.558520 12.192000 0.039000
4375.587380 12.109000 0.039000
4377.614050 12.074000 0.042000
4379.646460 12.309000 0.042000
4382.548100 12.293000 0.033000
4384.578060 12.292000 0.036000
4386.607190 12.532000 0.033000
4388.578500 12.476000 0.033000
4392.556430 12.797000 0.042000
4399.519100 12.953000 0.050000
4402.564860 13.018000 0.040000
4409.520570 13.515000 0.036000
4611.813910 13.379000 0.037000
4617.742690 12.880000 0.040000
4623.791250 12.195000 0.039000
4627.754580 12.005000 0.037000
4629.732950 11.874000 0.036000
4631.746770 11.798000 0.039000
4633.732500 11.758000 0.042000
4674.827410 12.416000 0.043000
4967.826000 12.952000 0.046000
2067.642720 12.470000 0.072000
2093.572440 12.074000 0.076000
2094.609220 12.000000 0.073000
2913.661070 11.835000 0.051000
3489.814890 10.983000 0.044000
3504.824190 11.291000 0.062000
3523.784640 11.925000 0.075000
3539.744170 12.584000 0.049000
3817.849450 12.908000 0.072000
4621.727330 12.448000 0.046000
4990.774330 13.540000 0.042000
1870.507860 29.999000 0.052000
1946.891060 29.999000 0.054000
1955.862370 29.999000 0.044000
1961.884750 29.999000 0.052000
1963.876410 29.999000 0.043000
1965.869600 29.999000 0.039000
1967.872120 29.999000 0.044000
1971.903740 29.999000 0.057000
1981.853760 29.999000 0.049000
1982.805930 29.999000 0.051000
1985.847610 29.999000 0.049000
1993.914640 29.999000 0.061000
1995.802830 29.999000 0.051000
1996.918840 29.999000 0.057000
1998.791960 29.999000 0.055000
2014.803150 29.999000 0.062000
2016.851940 29.999000 0.065000
2025.781130 29.999000 0.041000
2026.829070 29.999000 0.045000
2027.787820 29.999000 0.045000
2031.788110 29.999000 0.042000
2032.775190 29.999000 0.045000
2033.770810 29.999000 0.042000
2037.721370 29.999000 0.063000
2144.542310 29.999000 0.053000
2167.481930 29.999000 0.058000
2171.481140 29.999000 0.057000
2173.528810 29.999000 0.052000
2179.515300 29.999000 0.048000
2183.490420 29.999000 0.047000
2185.554110 29.999000 0.057000
2188.531280 29.999000 0.061000
2191.494310 29.999000 0.071000
2193.565580 29.999000 0.054000
2195.556520 29.999000 0.059000
2198.508260 29.999000 0.068000
2202.514170 29.999000 0.069000
2204.520560 29.999000 0.057000
2206.527920 29.999000 0.071000
2213.496760 29.999000 0.080000
2216.513820 29.999000 0.079000
2221.498780 29.999000 0.066000
2226.520170 29.999000 0.071000
2232.505440 29.999000 0.070000
2236.507620 29.999000 0.068000
2442.673740 29.999000 0.055000
2443.673380 29.999000 0.040000
2444.673080 29.999000 0.041000
2446.678010 29.999000 0.046000
2452.642100 29.999000 0.048000
2460.681420 29.999000 0.047000
2464.637700 29.999000 0.043000
2465.632360 29.999000 0.046000
2466.622850 29.999000 0.048000
2467.628960 29.999000 0.041000
2468.623550 29.999000 0.042000
2470.561080 29.999000 0.050000
2473.590150 29.999000 0.048000
2474.639280 29.999000 0.042000
2481.576460 29.999000 0.055000
2482.619790 29.999000 0.050000
2486.592660 29.999000 0.045000
2489.579670 29.999000 0.050000
2491.575280 29.999000 0.053000
2493.572790 29.999000 0.050000
2494.576030 29.999000 0.059000
2495.575450 29.999000 0.044000
2497.583990 29.999000 0.045000
2498.560870 29.999000 0.054000
2499.556770 29.999000 0.055000
2502.578550 29.999000 0.053000
2503.580970 29.999000 0.053000
2508.688120 29.999000 0.044000
2510.659110 29.999000 0.045000
2511.741130 29.999000 0.045000
2519.569050 29.999000 0.059000
2520.567800 29.999000 0.041000
2521.577460 29.999000 0.052000
2523.736530 29.999000 0.050000
2526.485390 29.999000 0.049000
2529.504510 29.999000 0.061000
2540.676070 29.999000 0.037000
2544.664660 29.999000 0.036000
2546.576910 29.999000 0.043000
2548.571050 29.999000 0.039000
2554.647930 29.999000 0.056000
2556.649360 29.999000 0.058000
2558.604240 29.999000 0.054000
2559.602830 29.999000 0.051000
2560.610960 29.999000 0.043000
2561.599820 29.999000 0.042000
2562.612130 29.999000 0.053000
2563.628400 29.999000 0.041000
2565.555820 29.999000 0.042000
2566.567960 29.999000 0.047000
2578.587690 29.999000 0.043000
2579.587070 29.999000 0.063000
2717.851930 29.999000 0.036000
2720.829370 29.999000 0.036000
2722.850830 29.999000 0.036000
2724.847370 29.999000 0.036000
2730.848130 29.999000 0.036000
2733.864400 29.999000 0.036000
2735.848030 29.999000 0.035000
2737.837270 29.999000 0.036000
2739.837620 29.999000 0.037000
2743.816260 29.999000 0.035000
2754.822440 29.999000 0.037000
2756.793730 29.999000 0.037000
2758.837120 29.999000 0.036000
2760.775880 29.999000 0.036000
2764.760260 29.999000 0.036000
2788.809070 29.999000 0.036000
2802.791600 29.999000 0.039000
2804.683070 29.999000 0.038000
2808.736220 29.999000 0.052000
2810.647810 29.999000 0.038000
2811.838810 29.999000 0.039000
2813.727880 29.999000 0.043000
2820.764860 29.999000 0.042000
2826.769030 29.999000 0.039000
2831.855110 29.999000 0.033000
2836.605390 29.999000 0.044000
2838.801220 29.999000 0.037000
2845.787230 29.999000 0.030000
2858.682560 29.999000 0.035000
2859.803550 29.999000 0.032000
2861.647100 29.999000 0.031000
2862.748070 29.999000 0.044000
2866.749960 29.999000 0.039000
2874.616110 29.999000 0.031000
2876.606430 29.999000 0.043000
2883.540430 29.999000 0.035000
3035.880390 29.999000 0.045000
3060.879350 29.999000 0.038000
3064.879730 29.999000 0.035000
3068.871050 29.999000 0.035000
3072.859590 29.999000 0.034000
3076.860400 29.999000 0.038000
3082.896780 29.999000 0.035000
3086.903380 29.999000 0.035000
3090.843480 29.999000 0.036000
3097.798230 29.999000 0.037000
3100.844980 29.999000 0.033000
3103.860070 29.999000 0.036000
3106.870430 29.999000 0.039000
3109.856400 29.999000 0.035000
3115.830640 29.999000 0.036000
3122.860920 29.999000 0.035000
3125.764580 29.999000 0.037000
3127.770430 29.999000 0.046000
3129.844290 29.999000 0.047000
3131.843030 29.999000 0.036000
3133.853070 29.999000 0.044000
3146.706800 29.999000 0.035000
3151.849370 29.999000 0.037000
3154.667800 29.999000 0.037000
3164.816680 29.999000 0.035000
3173.692720 29.999000 0.036000
3402.878810 29.999000 0.045000
3406.885370 29.999000 0.039000
3410.886500 29.999000 0.047000
3414.885050 29.999000 0.054000
3422.871980 29.999000 0.055000
3426.866060 29.999000 0.060000
3430.860450 29.999000 0.038000
3433.876600 29.999000 0.079000
3443.882740 29.999000 0.074000
3446.896070 29.999000 0.043000
3450.825990 29.999000 0.076000
3450.865620 29.999000 0.054000
3563.798160 29.999000 0.040000
3570.675260 29.999000 0.043000
3572.865510 29.999000 0.032000
3574.859270 29.999000 0.036000
3581.813560 29.999000 0.035000
3584.627070 29.999000 0.069000
3590.722320 29.999000 0.047000
3592.718380 29.999000 0.043000
3596.634500 29.999000 0.035000
3599.749880 29.999000 0.033000
3601.758470 29.999000 0.044000
3603.744870 29.999000 0.036000
3618.533840 29.999000 0.041000
3620.560400 29.999000 0.068000
3622.590260 29.999000 0.039000
3625.653880 29.999000 0.036000
3628.618100 29.999000 0.038000
3630.672560 29.999000 0.041000
3632.679370 29.999000 0.047000
3635.571760 29.999000 0.048000
3638.656530 29.999000 0.045000
3641.629750 29.999000 0.045000
3643.669300 29.999000 0.040000
3647.576380 29.999000 0.032000
3650.513750 29.999000 0.037000
3652.528720 29.999000 0.050000
3654.548930 29.999000 0.040000
3656.573640 29.999000 0.058000
3658.613220 29.999000 0.043000
3661.525770 29.999000 0.035000
3663.535830 29.999000 0.049000
3665.566130 29.999000 0.041000
3669.556560 29.999000 0.036000
3671.587620 29.999000 0.036000
3674.571060 29.999000 0.039000
3677.554820 29.999000 0.038000
3701.514250 29.999000 0.054000
3836.850590 29.999000 0.049000
3850.820060 29.999000 0.048000
3853.804610 29.999000 0.051000
3856.794030 29.999000 0.049000
3859.790850 29.999000 0.044000
3862.736310 29.999000 0.055000
3864.760930 29.999000 0.043000
3866.771680 29.999000 0.040000
3868.792050 29.999000 0.051000
3870.773710 29.999000 0.047000
3872.817730 29.999000 0.045000
3876.705020 29.999000 0.043000
3882.733060 29.999000 0.056000
3886.785420 29.999000 0.045000
3891.691500 29.999000 0.042000
3893.750150 29.999000 0.039000
3896.748800 29.999000 0.062000
3898.762350 29.999000 0.045000
3900.833370 29.999000 0.043000
3903.680380 29.999000 0.041000
3905.725390 29.999000 0.042000
3907.740980 29.999000 0.042000
3909.852860 29.999000 0.036000
3913.809030 29.999000 0.052000
4232.890990 29.999000 0.036000
4247.729460 29.999000 0.036000
4250.850160 29.999000 0.033000
4254.671380 29.999000 0.039000
4256.851350 29.999000 0.036000
4272.731430 29.999000 0.038000
4274.733290 29.999000 0.038000
4282.734350 29.999000 0.039000
4284.735050 29.999000 0.040000
4290.711760 29.999000 0.043000
4292.683510 29.999000 0.040000
4296.688140 29.999000 0.035000
4298.694170 29.999000 0.040000
4300.650680 29.999000 0.040000
4302.698170 29.999000 0.035000
4304.642780 29.999000 0.035000
4306.621340 29.999000 0.036000
4308.646420 29.999000 0.039000
4310.695630 29.999000 0.045000
4312.723930 29.999000 0.045000
4315.721200 29.999000 0.040000
4419.509740 29.999000 0.045000
4426.513560 29.999000 0.067000
4429.515320 29.999000 0.043000
4569.897840 29.999000 0.035000
4578.861640 29.999000 0.039000
4586.870470 29.999000 0.040000
4606.798080 29.999000 0.039000
4615.815240 29.999000 0.039000
4697.765350 29.999000 0.044000
4701.732210 29.999000 0.041000
4703.743380 29.999000 0.048000
4717.668010 29.999000 0.038000
4720.680550 29.999000 0.051000
4722.686660 29.999000 0.067000
4725.708480 29.999000 0.078000
4730.685000 29.999000 0.070000
4747.570410 29.999000 0.047000
4755.536710 29.999000 0.038000
4757.580630 29.999000 0.060000
4760.559830 29.999000 0.065000
4763.556740 29.999000 0.052000
4766.541460 29.999000 0.051000
4769.535990 29.999000 0.058000
4772.523730 29.999000 0.045000
4774.557820 29.999000 0.048000
4777.541170 29.999000 0.066000
4780.554750 29.999000 0.053000
4784.537880 29.999000 0.065000
4787.531030 29.999000 0.052000
4984.784260 29.999000 0.044000
4993.801460 29.999000 0.040000
5009.852280 29.999000 0.051000
5012.886720 29.999000 0.064000
5014.775390 29.999000 0.046000
5021.753960 29.999000 0.043000
5023.760990 29.999000 0.041000
5048.791010 29.999000 0.043000
5088.687150 29.999000 0.039000
5092.679150 29.999000 0.054000
5099.534500 29.999000 0.044000
5105.639800 29.999000 0.044000
5124.538170 29.999000 0.058000
4176.871220 15.142000 0.056000
2052.772630 13.571000 0.070000
2053.795240 13.386000 0.055000
2056.772330 13.155000 0.073000
2057.773140 13.000000 0.064000
2061.793030 12.864000 0.067000
2067.665740 12.465000 0.067000
2068.686020 12.505000 0.072000
2081.710280 11.997000 0.064000
2083.707880 12.059000 0.071000
2085.703600 12.149000 0.060000
2086.730470 12.132000 0.069000
2087.700060 11.914000 0.072000
2088.701320 12.028000 0.070000
2103.664960 12.257000 0.059000
2104.676240 12.307000 0.062000
2105.660820 12.300000 0.052000
2106.663930 12.438000 0.060000
2114.699160 12.570000 0.054000
2115.662410 12.685000 0.043000
2116.634030 12.694000 0.047000
2117.629860 12.665000 0.060000
2124.598380 12.925000 0.070000
2125.606940 12.934000 0.049000
2128.642960 13.145000 0.049000
2129.624230 13.221000 0.067000
2130.625740 13.281000 0.062000
2131.609370 13.343000 0.051000
2132.618960 13.377000 0.044000
2133.611690 13.523000 0.038000
2134.609240 13.514000 0.053000
2135.604070 13.346000 0.042000
2136.608060 13.674000 0.053000
2141.601920 13.917000 0.054000
2144.587890 14.227000 0.060000
2145.574320 14.280000 0.043000
2601.533820 14.257000 0.053000
2620.527130 12.287000 0.062000
2685.890360 12.794000 0.035000
2689.895570 13.157000 0.038000
2694.887530 13.159000 0.038000
2698.900010 13.847000 0.040000
2702.893610 13.283000 0.038000
2711.872940 13.915000 0.036000
2886.557680 14.155000 0.036000
2888.629320 13.894000 0.038000
2892.629530 13.277000 0.050000
2895.678950 13.184000 0.034000
2897.692820 13.028000 0.037000
2906.752070 12.110000 0.035000
2909.671550 12.011000 0.036000
2911.632120 11.951000 0.036000
2916.582620 11.762000 0.044000
2917.710080 11.750000 0.033000
2921.626280 11.648000 0.037000
2923.611780 11.642000 0.036000
2928.607620 11.687000 0.034000
2930.603900 11.661000 0.035000
2934.592420 11.768000 0.035000
2939.596610 11.897000 0.036000
2943.544560 12.028000 0.038000
2945.550410 12.026000 0.039000
2949.628300 12.208000 0.032000
2956.572730 12.339000 0.032000
2958.571490 12.422000 0.032000
2960.575150 12.495000 0.040000
2965.526040 12.740000 0.036000
2969.551080 12.791000 0.032000
2972.532390 13.448000 0.056000
2975.543190 12.991000 0.035000
2982.533830 13.501000 0.035000
2987.525360 13.738000 0.039000
3168.850460 13.943000 0.032000
3178.727810 13.283000 0.037000
3183.769440 12.744000 0.037000
3185.818890 12.455000 0.040000
3187.738950 12.333000 0.033000
3190.759950 12.093000 0.053000
3434.894860 14.704000 0.047000
3448.878430 14.233000 0.054000
3456.883490 13.338000 0.039000
3459.895890 12.831000 0.051000
3463.868130 12.246000 0.045000
3467.850020 11.679000 0.046000
3474.873720 11.157000 0.057000
3477.878140 10.993000 0.044000
3483.848090 10.927000 0.046000
3487.891320 10.927000 0.046000
3490.890550 10.904000 0.058000
3506.826850 11.252000 0.038000
3509.877740 11.315000 0.053000
3512.775020 11.401000 0.045000
3522.803280 11.755000 0.050000
3525.777630 11.894000 0.054000
3530.761290 12.249000 0.053000
3544.769630 13.299000 0.054000
3551.833140 13.376000 0.038000
3554.760290 13.573000 0.043000
3556.843110 13.771000 0.043000
3562.666320 13.859000 0.053000
3564.719290 14.081000 0.037000
3570.692610 14.046000 0.045000
3577.767290 14.271000 0.040000
3584.640280 14.522000 0.051000
3794.899220 12.240000 0.043000
3816.882730 12.701000 0.047000
3819.902550 13.092000 0.046000
3827.860900 13.438000 0.052000
3831.867330 13.363000 0.053000
3834.906070 14.056000 0.048000
3850.865650 14.488000 0.053000
4317.597440 14.573000 0.041000
4329.635610 13.410000 0.047000
4331.626510 12.930000 0.037000
4333.573560 12.793000 0.035000
4334.751320 12.783000 0.035000
4338.659670 12.318000 0.048000
4340.712140 12.244000 0.058000
4342.712880 12.043000 0.058000
4344.715470 11.861000 0.064000
4346.711620 11.908000 0.060000
4348.719120 11.950000 0.062000
4350.782320 11.895000 0.045000
4353.558590 11.930000 0.047000
4355.644480 11.851000 0.052000
4357.658030 11.877000 0.037000
4359.685560 11.866000 0.041000
4362.517860 11.950000 0.043000
4364.552450 12.108000 0.034000
4367.613640 11.875000 0.040000
4369.637540 12.029000 0.045000
4371.661520 11.996000 0.037000
4376.666450 12.173000 0.039000
4378.698180 12.245000 0.042000
4381.553720 12.344000 0.060000
4383.600120 12.251000 0.050000
4385.628890 12.397000 0.038000
4387.644890 12.477000 0.032000
4389.605080 12.645000 0.040000
4399.525520 13.020000 0.059000
4404.615070 13.170000 0.035000
4408.555980 13.424000 0.055000
4419.589430 13.808000 0.049000
4422.573760 13.795000 0.044000
4432.554800 14.308000 0.042000
4438.544700 14.612000 0.044000
4606.876430 13.537000 0.066000
4609.814150 13.793000 0.049000
4611.860240 13.504000 0.042000
4615.860120 12.970000 0.039000
4617.822120 12.995000 0.042000
4623.845470 12.267000 0.055000
4626.681990 12.069000 0.045000
4628.754900 12.003000 0.042000
4630.735320 11.817000 0.052000
4632.739170 11.772000 0.037000
4640.707240 11.697000 0.037000
4642.770620 11.514000 0.045000
4644.792610 11.610000 0.048000
4647.694210 11.596000 0.047000
4649.753990 11.540000 0.069000
4651.811040 11.647000 0.045000
4653.811850 11.637000 0.040000
4657.773720 11.784000 0.055000
4661.633050 11.861000 0.046000
4665.752130 12.011000 0.043000
4671.684110 12.221000 0.043000
4679.621600 12.810000 0.048000
4681.859150 13.028000 0.053000
4686.646270 13.155000 0.038000
4690.649380 13.513000 0.043000
4693.696760 13.685000 0.059000
4696.822390 13.930000 0.041000
4698.732050 13.996000 0.050000
4700.729350 14.272000 0.047000
4702.741340 13.979000 0.037000
4733.706620 14.756000 0.067000
4917.868180 11.363000 0.049000
4947.897310 11.938000 0.040000
4655.743210 12.139000 0.076000
2040.729730 14.649000 0.086000
2054.780340 13.189000 0.076000
2055.771120 13.195000 0.077000
2058.765000 12.924000 0.074000
2065.730210 12.791000 0.078000
2080.649200 12.049000 0.074000
2093.620400 12.076000 0.077000
2094.629630 11.965000 0.081000
2096.632220 12.260000 0.081000
2899.662570 12.762000 0.049000
2913.614700 11.771000 0.054000
3194.849860 11.983000 0.074000
3452.893170 13.681000 0.053000
3480.868110 10.871000 0.058000
3499.856230 11.129000 0.051000
3790.895850 11.953000 0.056000
3798.892540 12.217000 0.084000
3803.907190 12.327000 0.076000
3808.880770 12.593000 0.079000
3812.890410 12.585000 0.054000
3823.874700 13.366000 0.057000
3847.925610 14.325000 0.071000
4393.558820 12.812000 0.076000
4411.578560 13.593000 0.075000
4709.761720 14.738000 0.085000
4892.899030 12.998000 0.045000
4921.864550 11.354000 0.046000
4926.916640 11.345000 0.044000
4937.838110 11.587000 0.050000
4940.866110 11.656000 0.046000
4962.840520 12.777000 0.047000
4967.909320 12.838000 0.060000
4974.801790 13.386000 0.067000
4984.840020 13.610000 0.063000
4988.820840 13.887000 0.050000
4993.819160 14.014000 0.041000
1873.517260 29.999000 0.064000
1877.517160 29.999000 0.057000
1880.521360 29.999000 0.070000
1887.518040 29.999000 0.073000
1961.902540 29.999000 0.054000
1965.895100 29.999000 0.038000
1971.905570 29.999000 0.058000
1980.861980 29.999000 0.052000
2009.826770 29.999000 0.057000
2026.763320 29.999000 0.051000
2027.835000 29.999000 0.051000
2033.840260 29.999000 0.054000
2037.792990 29.999000 0.055000
2173.518040 29.999000 0.045000
2175.499070 29.999000 0.062000
2180.565250 29.999000 0.043000
2183.568560 29.999000 0.038000
2185.545710 29.999000 0.049000
2191.581740 29.999000 0.060000
2193.554480 29.999000 0.051000
2195.542200 29.999000 0.057000
2199.545760 29.999000 0.057000
2206.519500 29.999000 0.060000
2214.557920 29.999000 0.072000
2217.512540 29.999000 0.080000
2221.526800 29.999000 0.061000
2228.526330 29.999000 0.064000
2232.522180 29.999000 0.080000
2234.541870 29.999000 0.082000
2442.720950 29.999000 0.068000
2445.704510 29.999000 0.046000
2465.675350 29.999000 0.057000
2473.640090 29.999000 0.056000
2491.616080 29.999000 0.049000
2493.611540 29.999000 0.057000
2497.618320 29.999000 0.057000
2499.608890 29.999000 0.062000
2501.612650 29.999000 0.055000
2508.704920 29.999000 0.034000
2512.532200 29.999000 0.050000
2519.629860 29.999000 0.055000
2526.508050 29.999000 0.053000
2540.678990 29.999000 0.037000
2552.687070 29.999000 0.057000
2558.555940 29.999000 0.048000
2560.574140 29.999000 0.034000
2563.608240 29.999000 0.041000
2564.615020 29.999000 0.041000
2565.640680 29.999000 0.046000
2566.651010 29.999000 0.050000
2714.863560 29.999000 0.046000
2721.888320 29.999000 0.038000
2723.875330 29.999000 0.040000
2725.875190 29.999000 0.038000
2732.886490 29.999000 0.034000
2735.833600 29.999000 0.037000
2737.894540 29.999000 0.041000
2739.886130 29.999000 0.033000
2756.850430 29.999000 0.035000
2761.833840 29.999000 0.041000
2763.816180 29.999000 0.038000
2775.887490 29.999000 0.044000
2790.801260 29.999000 0.037000
2802.814860 29.999000 0.050000
2821.688100 29.999000 0.038000
2826.750330 29.999000 0.031000
2830.666640 29.999000 0.036000
2840.894280 29.999000 0.044000
2851.677310 29.999000 0.034000
2858.730580 29.999000 0.035000
2859.862510 29.999000 0.034000
2862.752970 29.999000 0.040000
2866.757620 29.999000 0.036000
2874.623620 29.999000 0.033000
2876.611460 29.999000 0.039000
2883.585860 29.999000 0.035000
2884.743030 29.999000 0.036000
3059.898150 29.999000 0.049000
3071.891090 29.999000 0.038000
3087.889480 29.999000 0.035000
3101.854500 29.999000 0.041000
3104.882390 29.999000 0.039000
3107.873970 29.999000 0.035000
3111.834020 29.999000 0.036000
3114.886870 29.999000 0.031000
3118.882240 29.999000 0.031000
3125.860330 29.999000 0.042000
3131.800410 29.999000 0.035000
3163.799390 29.999000 0.037000
3418.892550 29.999000 0.038000
3442.904730 29.999000 0.035000
3573.731440 29.999000 0.037000
3581.819020 29.999000 0.075000
3603.803030 29.999000 0.038000
3615.781610 29.999000 0.043000
3637.740230 29.999000 0.039000
3653.566310 29.999000 0.077000
3655.580100 29.999000 0.078000
3662.523350 29.999000 0.038000
3675.546480 29.999000 0.055000
3703.545410 29.999000 0.036000
3864.849380 29.999000 0.054000
3869.779690 29.999000 0.052000
3871.822980 29.999000 0.044000
3882.798440 29.999000 0.059000
3886.846350 29.999000 0.040000
3891.807460 29.999000 0.041000
3893.828700 29.999000 0.040000
3901.741890 29.999000 0.058000
3903.788560 29.999000 0.048000
3905.824730 29.999000 0.040000
3908.721670 29.999000 0.044000
3981.612380 29.999000 0.043000
4163.902500 29.999000 0.083000
4180.869940 29.999000 0.051000
4189.874610 29.999000 0.041000
4207.897750 29.999000 0.054000
4212.926520 29.999000 0.039000
4216.876850 29.999000 0.043000
4230.901050 29.999000 0.037000
4247.781390 29.999000 0.034000
4253.790690 29.999000 0.051000
4256.761500 29.999000 0.032000
4273.754200 29.999000 0.037000
4278.714720 29.999000 0.035000
4283.802050 29.999000 0.042000
4289.773440 29.999000 0.043000
4291.774680 29.999000 0.033000
4293.761740 29.999000 0.038000
4295.768750 29.999000 0.033000
4299.741160 29.999000 0.047000
4301.684220 29.999000 0.043000
4303.688710 29.999000 0.045000
4307.661910 29.999000 0.034000
4311.711680 29.999000 0.043000
4314.746790 29.999000 0.033000
4569.856830 29.999000 0.036000
4579.877710 29.999000 0.036000
4583.895210 29.999000 0.042000
4587.820120 29.999000 0.046000
4590.851270 29.999000 0.049000
4593.833110 29.999000 0.039000
4601.837530 29.999000 0.037000
4663.710170 29.999000 0.044000
4684.595370 29.999000 0.052000
4705.545730 29.999000 0.037000
4707.658740 29.999000 0.042000
4715.577560 29.999000 0.047000
4717.674420 29.999000 0.040000
4720.696610 29.999000 0.043000
4722.700920 29.999000 0.067000
4725.714810 29.999000 0.047000
4728.646410 29.999000 0.044000
4730.691600 29.999000 0.072000
4738.510980 29.999000 0.038000
4741.507580 29.999000 0.039000
4743.548050 29.999000 0.037000
4747.558370 29.999000 0.042000
4754.646250 29.999000 0.043000
4756.669960 29.999000 0.078000
4759.606210 29.999000 0.074000
4762.582420 29.999000 0.057000
4764.645350 29.999000 0.047000
4767.561950 29.999000 0.051000
4769.629870 29.999000 0.044000
4772.533810 29.999000 0.043000
4774.560990 29.999000 0.042000
4776.596840 29.999000 0.050000
4778.584040 29.999000 0.036000
4780.619620 29.999000 0.081000
4784.579970 29.999000 0.071000
4787.578950 29.999000 0.067000
4793.568190 29.999000 0.068000
4797.529520 29.999000 0.073000
1967.894940 29.999000 0.042000
1985.853820 29.999000 0.049000
1995.831880 29.999000 0.053000
1997.852290 29.999000 0.054000
1999.849630 29.999000 0.056000
2018.813620 29.999000 0.059000
2031.851320 29.999000 0.053000
2032.840570 29.999000 0.054000
2167.516290 29.999000 0.043000
2169.539730 29.999000 0.052000
2178.512510 29.999000 0.042000
2179.541480 29.999000 0.050000
2202.542450 29.999000 0.077000
2204.512160 29.999000 0.041000
2212.512520 29.999000 0.048000
2225.515060 29.999000 0.078000
2443.720680 29.999000 0.042000
2446.723010 29.999000 0.047000
2453.692370 29.999000 0.063000
2460.923230 29.999000 0.047000
2464.676140 29.999000 0.050000
2466.677200 29.999000 0.060000
2467.669700 29.999000 0.051000
2468.666550 29.999000 0.055000
2470.616370 29.999000 0.048000
2474.677880 29.999000 0.054000
2482.653890 29.999000 0.049000
2486.629080 29.999000 0.043000
2487.666400 29.999000 0.062000
2490.559590 29.999000 0.061000
2494.617070 29.999000 0.057000
2495.620930 29.999000 0.052000
2498.604110 29.999000 0.060000
2502.615090 29.999000 0.061000
2520.617660 29.999000 0.050000
2521.627300 29.999000 0.043000
2523.772210 29.999000 0.043000
2539.625100 29.999000 0.073000
2544.667590 29.999000 0.038000
2545.699440 29.999000 0.037000
2556.603160 29.999000 0.060000
2559.564360 29.999000 0.039000
2561.576820 29.999000 0.044000
2562.591940 29.999000 0.034000
2578.539330 29.999000 0.038000
2719.865940 29.999000 0.040000
2727.896920 29.999000 0.038000
2729.879350 29.999000 0.035000
2743.869380 29.999000 0.035000
2751.776140 29.999000 0.034000
2754.881910 29.999000 0.033000
2759.845520 29.999000 0.041000
2782.866280 29.999000 0.038000
2786.769460 29.999000 0.037000
2810.708600 29.999000 0.040000
2812.691150 29.999000 0.037000
2814.859450 29.999000 0.046000
2818.877370 29.999000 0.035000
2831.888770 29.999000 0.037000
2838.843030 29.999000 0.039000
2845.836410 29.999000 0.039000
2853.804060 29.999000 0.049000
2855.691460 29.999000 0.037000
2861.651990 29.999000 0.034000
2878.608560 29.999000 0.045000
2979.544510 29.999000 0.034000
3054.889750 29.999000 0.048000
3067.899250 29.999000 0.038000
3091.877390 29.999000 0.036000
3097.868790 29.999000 0.037000
3128.841070 29.999000 0.049000
3141.822820 29.999000 0.036000
3146.777860 29.999000 0.032000
3151.857120 29.999000 0.036000
3175.786330 29.999000 0.043000
3427.888990 29.999000 0.076000
3431.889700 29.999000 0.084000
3446.874210 29.999000 0.047000
3575.741890 29.999000 0.037000
3586.668490 29.999000 0.049000
3590.825310 29.999000 0.074000
3593.587650 29.999000 0.041000
3596.746650 29.999000 0.050000
3599.787960 29.999000 0.033000
3601.791230 29.999000 0.053000
3618.571750 29.999000 0.052000
3620.591380 29.999000 0.063000
3622.661850 29.999000 0.036000
3625.690080 29.999000 0.038000
3628.640060 29.999000 0.041000
3630.693910 29.999000 0.050000
3632.721220 29.999000 0.054000
3634.760150 29.999000 0.047000
3640.714120 29.999000 0.038000
3643.533240 29.999000 0.039000
3646.609650 29.999000 0.044000
3649.554490 29.999000 0.056000
3651.587960 29.999000 0.044000
3657.622710 29.999000 0.047000
3659.659770 29.999000 0.036000
3664.546880 29.999000 0.036000
3666.637500 29.999000 0.043000
3670.542160 29.999000 0.043000
3672.595790 29.999000 0.056000
3678.537930 29.999000 0.036000
3700.554810 29.999000 0.040000
3706.539880 29.999000 0.043000
3711.523360 29.999000 0.041000
3715.527240 29.999000 0.045000
3853.865860 29.999000 0.048000
3862.826170 29.999000 0.052000
3866.843390 29.999000 0.046000
3875.826090 29.999000 0.046000
3889.764150 29.999000 0.040000
3896.813980 29.999000 0.058000
3898.843940 29.999000 0.045000
3912.770760 29.999000 0.037000
4151.895780 29.999000 0.038000
4155.897550 29.999000 0.068000
4167.890950 29.999000 0.083000
4172.893160 29.999000 0.050000
4192.868010 29.999000 0.039000
4203.862630 29.999000 0.052000
4228.841960 29.999000 0.041000
4233.831580 29.999000 0.046000
4258.826560 29.999000 0.040000
4285.781920 29.999000 0.048000
4305.680030 29.999000 0.031000
4426.574960 29.999000 0.050000
4429.555130 29.999000 0.039000
4435.549950 29.999000 0.036000
4441.539240 29.999000 0.051000
4518.896770 29.999000 0.045000
4523.901050 29.999000 0.042000
4527.883630 29.999000 0.046000
4535.905850 29.999000 0.039000
4547.864300 29.999000 0.052000
4555.855920 29.999000 0.041000
4558.888970 29.999000 0.036000
4561.886250 29.999000 0.043000
4565.868260 29.999000 0.049000
4572.862090 29.999000 0.038000
4575.845640 29.999000 0.044000
4806.543310 29.999000 0.041000
4880.895260 29.999000 0.047000
4990.809070 29.999000 0.043000
5015.694650 29.999000 0.046000
5018.722580 29.999000 0.047000
5022.738370 29.999000 0.043000
5024.739760 29.999000 0.049000
5083.691610 29.999000 0.057000
5085.709270 29.999000 0.044000
5089.764500 29.999000 0.041000
5092.591910 29.999000 0.043000
5099.550720 29.999000 0.053000
