2782.681570 12.004000 0.050000
2660.783630 29.999000 0.046000
3680.810120 29.999000 0.048000
3680.840330 29.999000 0.046000
1899.843430 14.110000 0.051000
1919.806730 13.668000 0.057000
1921.750490 13.555000 0.064000
1924.805320 13.450000 0.060000
1925.802920 13.561000 0.059000
1926.790400 13.378000 0.058000
1929.830120 13.170000 0.053000
1930.838330 13.121000 0.052000
1931.835320 13.209000 0.051000
1936.746300 12.963000 0.051000
1938.733200 12.689000 0.052000
1940.744230 12.591000 0.054000
1945.801710 12.250000 0.047000
1947.732390 12.117000 0.056000
1948.751680 12.004000 0.059000
1949.802550 12.016000 0.052000
1950.726280 11.979000 0.051000
1953.730860 11.812000 0.047000
1954.741930 11.704000 0.055000
1955.728100 11.695000 0.048000
1958.719000 11.557000 0.054000
1961.715380 11.468000 0.046000
1962.747030 11.425000 0.053000
1963.714970 11.387000 0.053000
1964.711560 11.372000 0.046000
1965.713710 11.371000 0.047000
1967.697170 11.281000 0.049000
1968.701360 11.378000 0.051000
1971.715780 11.314000 0.059000
1977.666760 11.241000 0.057000
1978.706580 11.292000 0.062000
1979.675560 11.241000 0.062000
1980.681080 11.243000 0.059000
1981.687040 11.208000 0.056000
1982.665980 11.238000 0.053000
1984.678020 11.285000 0.062000
1985.665950 11.287000 0.062000
2441.492430 13.847000 0.046000
2443.488070 13.988000 0.048000
2445.499150 13.990000 0.050000
2465.516420 14.777000 0.049000
2467.508560 14.068000 0.053000
2469.506550 14.580000 0.061000
2644.817500 14.274000 0.061000
2670.777130 14.300000 0.054000
2690.738620 14.004000 0.058000
2692.798080 13.458000 0.059000
2696.763350 13.221000 0.058000
2698.799390 12.897000 0.058000
2704.737960 12.287000 0.064000
2706.709960 12.287000 0.057000
2712.658010 11.900000 0.059000
2714.652370 11.727000 0.061000
2717.666780 11.551000 0.056000
2719.751280 11.442000 0.053000
2721.695200 11.356000 0.064000
2722.813620 11.245000 0.061000
2724.704900 11.244000 0.057000
2725.861950 11.148000 0.061000
2727.709370 11.142000 0.059000
2733.709900 11.002000 0.054000
2734.779090 11.020000 0.063000
2736.643910 10.990000 0.057000
2738.623520 10.968000 0.056000
2739.813390 10.933000 0.062000
2741.678250 10.995000 0.058000
2742.826660 11.008000 0.064000
2744.659400 11.005000 0.057000
2747.733980 11.065000 0.070000
2750.771480 11.022000 0.066000
2752.674040 11.082000 0.057000
2754.771700 11.098000 0.059000
2756.720250 11.166000 0.048000
2757.812140 11.155000 0.065000
2759.663570 11.193000 0.058000
2760.750780 11.263000 0.065000
2762.710020 11.234000 0.065000
2766.693430 11.403000 0.062000
2775.649640 11.753000 0.052000
2782.687290 12.039000 0.061000
2784.610680 12.112000 0.058000
2786.601420 12.226000 0.058000
2790.491730 12.401000 0.060000
2791.697530 12.447000 0.059000
2794.547620 12.607000 0.058000
2808.668000 13.273000 0.061000
2810.553250 13.241000 0.065000
2819.540260 13.824000 0.052000
2821.570980 13.752000 0.055000
2826.547890 14.124000 0.042000
2831.596250 13.993000 0.051000
2841.565830 14.272000 0.051000
2988.830780 14.232000 0.061000
3031.787090 14.138000 0.057000
3043.811540 13.781000 0.055000
3046.750930 13.457000 0.053000
3054.800550 13.654000 0.051000
3057.713800 13.569000 0.057000
3059.789970 13.500000 0.054000
3067.747130 13.755000 0.052000
3069.747720 13.661000 0.053000
3071.761630 13.461000 0.051000
3073.810020 12.991000 0.057000
3076.663520 12.849000 0.055000
3078.714710 12.768000 0.060000
3080.754410 12.384000 0.058000
3082.810410 12.004000 0.060000
3086.741850 11.497000 0.057000
3088.760770 11.273000 0.055000
3090.797060 11.054000 0.062000
3092.741250 10.869000 0.053000
3096.717160 10.559000 0.052000
3098.704920 10.441000 0.054000
3100.728890 10.326000 0.055000
3102.733680 10.225000 0.058000
3104.754640 10.177000 0.058000
3106.752480 10.105000 0.058000
3108.752270 10.085000 0.058000
3110.852800 10.083000 0.062000
3113.565520 10.080000 0.057000
3115.616900 10.068000 0.055000
3118.683320 10.088000 0.055000
3122.597430 10.176000 0.052000
3124.613670 10.265000 0.054000
3126.628460 10.283000 0.056000
3127.742990 10.288000 0.058000
3129.751320 10.409000 0.061000
3131.771790 10.475000 0.061000
3142.582620 10.965000 0.056000
3145.609830 11.095000 0.054000
3153.610380 11.548000 0.058000
3163.686780 12.041000 0.062000
3165.687680 12.147000 0.061000
3169.500800 12.290000 0.059000
3178.588810 12.894000 0.063000
3182.545420 13.025000 0.059000
3184.554290 13.263000 0.059000
3189.631910 13.154000 0.062000
3408.818920 14.801000 0.069000
3414.722450 14.842000 0.058000
3442.670280 14.735000 0.064000
3450.692490 14.244000 0.068000
3459.673960 14.300000 0.055000
3461.685620 14.314000 0.060000
3463.748350 13.838000 0.059000
3465.780940 13.777000 0.057000
3468.704180 13.770000 0.058000
3470.716140 13.608000 0.055000
3472.766270 13.267000 0.057000
3474.848350 13.117000 0.061000
3477.575640 13.132000 0.061000
3481.617680 12.996000 0.061000
3483.639990 12.943000 0.058000
3486.766940 12.708000 0.053000
3489.776860 12.668000 0.060000
3497.774300 12.625000 0.058000
3503.556090 12.644000 0.060000
3506.591000 12.799000 0.052000
3509.633610 12.791000 0.050000
3511.680170 12.854000 0.059000
3515.688280 12.940000 0.055000
3521.598710 13.118000 0.067000
3523.601280 13.330000 0.067000
3525.621210 13.197000 0.065000
3529.622580 13.359000 0.069000
3538.570220 13.851000 0.056000
3540.611140 13.720000 0.059000
3564.570120 14.347000 0.065000
3570.522000 14.236000 0.055000
3574.522250 14.491000 0.053000
3576.560900 14.479000 0.059000
3732.823090 14.541000 0.070000
3742.833520 14.369000 0.060000
3772.759560 14.551000 0.070000
3803.676800 14.200000 0.065000
3808.714360 14.261000 0.067000
3817.695830 13.957000 0.062000
3819.756930 14.304000 0.069000
3822.617640 14.192000 0.065000
3824.688690 13.630000 0.056000
3826.697850 13.885000 0.061000
3831.597420 13.551000 0.061000
3833.648070 13.354000 0.061000
3835.661000 13.127000 0.063000
3837.701600 13.055000 0.062000
3850.632350 11.677000 0.069000
3854.644340 11.401000 0.068000
3861.591090 11.129000 0.059000
3863.589010 11.008000 0.069000
3865.600400 11.040000 0.063000
3867.643500 11.001000 0.057000
3869.641960 11.019000 0.062000
3871.634140 11.045000 0.060000
3874.726340 11.029000 0.063000
3882.523960 11.225000 0.069000
3886.524610 11.345000 0.060000
3888.549820 11.385000 0.060000
3890.548070 11.452000 0.059000
3892.554570 11.546000 0.059000
3894.622680 11.683000 0.047000
3902.494370 12.034000 0.063000
3904.529220 12.102000 0.066000
3906.550070 12.131000 0.063000
4106.806980 14.294000 0.057000
4141.803280 14.640000 0.064000
4154.812550 14.446000 0.061000
4185.697120 14.529000 0.047000
4205.717710 14.555000 0.054000
4216.669960 14.617000 0.049000
4229.591430 13.325000 0.051000
4231.595790 13.103000 0.052000
4233.597710 12.974000 0.046000
4235.596740 12.866000 0.057000
4237.615380 12.700000 0.053000
4246.554300 12.147000 0.043000
4249.527490 12.163000 0.047000
4253.562250 12.005000 0.043000
4254.711060 12.103000 0.058000
4257.552450 12.065000 0.051000
4259.573000 12.144000 0.053000
4267.601230 12.207000 0.057000
4269.628970 12.142000 0.050000
4272.583670 12.268000 0.048000
4274.603060 12.414000 0.043000
4277.592730 12.371000 0.045000
4282.567850 12.448000 0.065000
4284.584290 12.505000 0.057000
4286.578520 12.436000 0.066000
4290.583660 12.563000 0.041000
4292.547940 12.574000 0.047000
4294.557040 12.660000 0.045000
4296.548350 12.817000 0.052000
4298.553040 12.691000 0.050000
4300.512000 12.692000 0.056000
4303.546490 12.888000 0.045000
4305.533500 12.946000 0.042000
4311.512490 13.129000 0.059000
4317.508180 13.302000 0.047000
4330.474800 13.668000 0.056000
4332.498850 13.680000 0.057000
4339.479880 13.828000 0.049000
4343.478440 14.033000 0.056000
4548.743250 14.299000 0.056000
4553.717090 14.445000 0.052000
4555.732540 14.471000 0.049000
4557.787860 14.202000 0.061000
4562.613300 14.397000 0.048000
4564.690870 14.597000 0.046000
4566.676600 14.242000 0.061000
4576.669390 13.960000 0.053000
4579.788200 14.196000 0.061000
4586.585720 14.616000 0.043000
4588.649770 13.827000 0.054000
4590.718630 13.937000 0.050000
4592.708710 13.621000 0.048000
4594.714010 13.400000 0.045000
4596.718540 13.722000 0.055000
4601.584640 13.466000 0.057000
4603.635180 13.237000 0.053000
4607.635990 13.267000 0.059000
4609.698280 13.027000 0.055000
4611.662960 12.762000 0.053000
4616.611010 12.123000 0.049000
4623.682650 11.366000 0.051000
4626.542380 11.205000 0.051000
4630.567180 10.975000 0.049000
4632.598010 10.903000 0.054000
4639.602980 10.705000 0.058000
4641.635360 10.736000 0.060000
4652.620370 10.696000 0.061000
4654.589970 10.731000 0.062000
4656.576060 10.818000 0.067000
4659.573740 10.847000 0.049000
4664.595680 10.917000 0.060000
4667.535390 11.015000 0.049000
4671.529290 11.145000 0.052000
4679.555580 11.336000 0.055000
4686.521770 11.586000 0.057000
4698.488940 12.103000 0.053000
4701.477170 12.154000 0.048000
4704.475490 12.333000 0.067000
4798.839960 14.216000 0.054000
4819.833840 14.434000 0.048000
4830.793630 14.749000 0.059000
4984.596560 14.151000 0.070000
5006.614500 12.954000 0.065000
5022.581600 11.646000 0.058000
5031.546800 11.392000 0.061000
5037.505230 11.345000 0.059000
5039.502290 11.343000 0.068000
5041.512420 11.323000 0.064000
5048.516070 11.384000 0.069000
2093.535810 29.999000 0.064000
2237.834370 29.999000 0.062000
2242.822880 29.999000 0.062000
2456.469070 29.999000 0.054000
2482.525570 29.999000 0.062000
2489.473060 29.999000 0.047000
2508.483610 29.999000 0.047000
2624.838080 29.999000 0.056000
2628.798160 29.999000 0.065000
2651.792640 29.999000 0.056000
2657.768080 29.999000 0.052000
2665.815550 29.999000 0.059000
2667.831160 29.999000 0.060000
2674.815550 29.999000 0.055000
2680.758410 29.999000 0.055000
2684.707690 29.999000 0.055000
2686.731880 29.999000 0.057000
2853.478760 29.999000 0.045000
2864.519570 29.999000 0.063000
2949.859810 29.999000 0.056000
2958.848740 29.999000 0.053000
2962.844220 29.999000 0.058000
2975.816320 29.999000 0.055000
2985.808290 29.999000 0.057000
3008.812980 29.999000 0.053000
3011.821960 29.999000 0.057000
3015.824140 29.999000 0.056000
3018.804270 29.999000 0.057000
3024.865110 29.999000 0.051000
3037.856800 29.999000 0.059000
3049.735890 29.999000 0.048000
3064.789590 29.999000 0.061000
3363.804250 29.999000 0.059000
3398.773350 29.999000 0.064000
3427.810000 29.999000 0.062000
3446.710040 29.999000 0.060000
3584.531370 29.999000 0.059000
3587.494050 29.999000 0.059000
3589.521180 29.999000 0.062000
3592.484180 29.999000 0.063000
3706.831340 29.999000 0.062000
3745.847330 29.999000 0.061000
3748.837780 29.999000 0.067000
3757.791460 29.999000 0.066000
3766.779340 29.999000 0.069000
3775.739860 29.999000 0.063000
3780.737400 29.999000 0.066000
3783.783060 29.999000 0.065000
3788.775790 29.999000 0.061000
3791.710900 29.999000 0.070000
3793.756210 29.999000 0.062000
3795.807910 29.999000 0.057000
3810.782620 29.999000 0.067000
3812.852470 29.999000 0.066000
4103.826540 29.999000 0.059000
4128.780890 29.999000 0.066000
4136.814910 29.999000 0.055000
4152.776880 29.999000 0.053000
4159.759030 29.999000 0.054000
4173.762110 29.999000 0.051000
4176.646850 29.999000 0.062000
4181.635400 29.999000 0.055000
4429.851910 29.999000 0.048000
4437.820290 29.999000 0.052000
4441.833700 29.999000 0.050000
4458.798830 29.999000 0.061000
4462.798670 29.999000 0.052000
4465.823520 29.999000 0.052000
4469.791530 29.999000 0.052000
4473.831730 29.999000 0.053000
4480.815570 29.999000 0.055000
4484.815760 29.999000 0.053000
4487.787910 29.999000 0.051000
4490.781870 29.999000 0.045000
4505.746660 29.999000 0.052000
4510.739880 29.999000 0.061000
4793.849410 29.999000 0.058000
4802.819080 29.999000 0.062000
4806.817190 29.999000 0.068000
4810.823930 29.999000 0.052000
4814.816200 29.999000 0.064000
4822.830590 29.999000 0.051000
4833.833000 29.999000 0.060000
4837.784270 29.999000 0.052000
4845.822610 29.999000 0.053000
4848.801920 29.999000 0.053000
4855.801090 29.999000 0.055000
4863.774380 29.999000 0.055000
4866.767520 29.999000 0.057000
4869.781310 29.999000 0.051000
4881.714330 29.999000 0.054000
4884.719970 29.999000 0.052000
2235.834610 29.999000 0.058000
2453.459100 29.999000 0.053000
2495.479600 29.999000 0.056000
2502.487040 29.999000 0.057000
2503.505580 29.999000 0.060000
2622.789190 29.999000 0.059000
2634.850400 29.999000 0.060000
2637.829010 29.999000 0.059000
2659.797300 29.999000 0.057000
2661.814500 29.999000 0.054000
2663.809750 29.999000 0.054000
2672.828320 29.999000 0.058000
2676.771780 29.999000 0.057000
2678.765130 29.999000 0.057000
2688.738600 29.999000 0.057000
2829.572860 29.999000 0.052000
2833.568210 29.999000 0.060000
2843.546290 29.999000 0.049000
2855.529850 29.999000 0.046000
2859.525500 29.999000 0.052000
2861.523900 29.999000 0.051000
2868.492420 29.999000 0.054000
2877.481750 29.999000 0.062000
2971.835740 29.999000 0.052000
2978.822580 29.999000 0.054000
2981.827830 29.999000 0.056000
3034.764340 29.999000 0.054000
3041.770760 29.999000 0.058000
3052.730580 29.999000 0.055000
3219.518370 29.999000 0.048000
3355.813230 29.999000 0.068000
3389.808790 29.999000 0.060000
3392.794820 29.999000 0.067000
3395.816550 29.999000 0.063000
3400.833270 29.999000 0.051000
3425.768600 29.999000 0.069000
3444.707260 29.999000 0.058000
3453.625680 29.999000 0.053000
3457.675940 29.999000 0.060000
3562.597920 29.999000 0.063000
3600.504310 29.999000 0.062000
3607.486020 29.999000 0.063000
3702.841560 29.999000 0.066000
3725.833920 29.999000 0.062000
3739.825410 29.999000 0.070000
3760.784450 29.999000 0.065000
3763.777400 29.999000 0.066000
3800.740100 29.999000 0.065000
3805.723060 29.999000 0.069000
3815.645630 29.999000 0.064000
4091.806810 29.999000 0.068000
4125.781700 29.999000 0.056000
4163.761720 29.999000 0.064000
4168.813760 29.999000 0.055000
4183.697210 29.999000 0.051000
4188.841920 29.999000 0.045000
4190.761560 29.999000 0.050000
4192.744120 29.999000 0.051000
4194.771670 29.999000 0.058000
4200.710380 29.999000 0.045000
4208.782630 29.999000 0.062000
4477.833710 29.999000 0.050000
4492.849050 29.999000 0.056000
4499.722320 29.999000 0.053000
4507.818770 29.999000 0.052000
4516.742280 29.999000 0.056000
4518.775760 29.999000 0.047000
4520.843040 29.999000 0.067000
4523.695070 29.999000 0.046000
4525.755960 29.999000 0.049000
4527.900960 29.999000 0.070000
4530.685500 29.999000 0.057000
4538.722210 29.999000 0.052000
4542.713390 29.999000 0.060000
4546.742860 29.999000 0.052000
4551.684220 29.999000 0.052000
4559.829280 29.999000 0.054000
4568.688440 29.999000 0.051000
4572.628690 29.999000 0.049000
4574.645090 29.999000 0.061000
4583.557510 29.999000 0.052000
4860.805650 29.999000 0.053000
4872.751920 29.999000 0.055000
4875.826040 29.999000 0.062000
4892.782760 29.999000 0.066000
4906.659450 29.999000 0.066000
4908.747670 29.999000 0.067000
4914.780000 29.999000 0.067000
4919.694370 29.999000 0.066000
4921.829190 29.999000 0.068000
4946.641740 29.999000 0.069000
4994.646750 29.999000 0.070000
