1914.849040 8.896000 0.040000
1919.855060 9.155000 0.043000
1921.846230 9.253000 0.042000
1926.871310 9.558000 0.040000
1928.840130 10.117000 0.041000
1931.831340 9.892000 0.039000
1933.831990 10.038000 0.038000
1936.814150 10.224000 0.037000
1938.863550 10.344000 0.037000
1946.811460 10.815000 0.042000
1948.836770 10.966000 0.042000
1950.804580 11.065000 0.039000
1953.795630 11.137000 0.041000
1955.825180 11.301000 0.039000
1958.837920 11.392000 0.040000
1961.814490 11.569000 0.043000
1962.868690 11.629000 0.045000
1964.770920 11.720000 0.039000
1965.819370 11.725000 0.041000
1966.845130 11.813000 0.041000
1968.760210 11.885000 0.046000
1976.822710 12.145000 0.055000
1977.778800 12.396000 0.053000
1980.732510 12.377000 0.055000
1984.755160 12.513000 0.053000
1985.757430 12.566000 0.054000
1993.776680 12.872000 0.053000
1995.694810 12.950000 0.054000
2000.722060 13.116000 0.051000
2025.652100 13.592000 0.043000
2026.664770 13.655000 0.044000
2027.654430 13.502000 0.044000
2030.646560 13.807000 0.042000
2031.655760 13.683000 0.041000
2032.643550 13.302000 0.040000
2033.633660 14.179000 0.041000
2052.585530 12.799000 0.041000
2053.607160 12.748000 0.042000
2054.614950 12.633000 0.049000
2055.594420 12.595000 0.045000
2056.600510 12.551000 0.042000
2057.586700 12.605000 0.042000
2058.585470 12.578000 0.044000
2067.579780 12.085000 0.044000
2068.567630 12.147000 0.045000
2079.525630 11.754000 0.039000
2081.532200 11.693000 0.043000
2083.525890 11.590000 0.050000
2085.533320 11.495000 0.038000
2086.530840 11.356000 0.042000
2087.524540 11.286000 0.043000
2088.525590 11.217000 0.042000
2102.483850 9.792000 0.044000
2104.530390 9.570000 0.048000
2106.519070 9.367000 0.039000
2129.515220 8.179000 0.041000
2132.489260 8.235000 0.041000
2135.492310 8.175000 0.040000
2142.478400 8.328000 0.043000
2442.549470 9.622000 0.044000
2443.551490 9.703000 0.039000
2452.509850 10.255000 0.046000
2456.492410 10.511000 0.041000
2464.495000 10.887000 0.047000
2466.489030 11.032000 0.045000
2468.487320 11.087000 0.044000
2470.476530 11.213000 0.044000
2481.460660 11.777000 0.053000
2499.466570 12.382000 0.049000
2501.510640 12.369000 0.044000
2502.558720 12.509000 0.045000
2512.489460 12.835000 0.047000
2520.477660 13.109000 0.041000
2521.491220 13.192000 0.039000
2526.474770 13.503000 0.049000
2637.864240 8.463000 0.050000
2642.866210 8.291000 0.052000
2651.844250 8.242000 0.051000
2655.852150 8.224000 0.046000
2659.819730 8.201000 0.041000
2662.838340 8.203000 0.046000
2664.847490 8.180000 0.054000
2667.843770 8.211000 0.054000
2671.822470 8.258000 0.056000
2674.834500 8.326000 0.046000
2679.846290 8.465000 0.048000
2689.807510 8.849000 0.053000
2691.801600 8.979000 0.058000
2694.777760 9.087000 0.053000
2699.795800 9.407000 0.054000
2703.777040 9.598000 0.055000
2705.774950 9.712000 0.052000
2709.765810 9.957000 0.048000
2711.755680 10.070000 0.053000
2713.755310 10.172000 0.053000
2715.745800 10.311000 0.049000
2717.838430 10.429000 0.051000
2720.704100 10.594000 0.048000
2722.740220 10.680000 0.052000
2724.757390 10.806000 0.037000
2730.748300 11.239000 0.049000
2733.744400 11.271000 0.045000
2737.709330 11.566000 0.051000
2739.736110 11.638000 0.054000
2741.705880 11.720000 0.057000
2743.683610 11.826000 0.052000
2744.819000 11.881000 0.039000
2750.876840 12.151000 0.040000
2752.708610 11.986000 0.054000
2755.654970 12.262000 0.044000
2757.644790 12.371000 0.042000
2761.635930 12.547000 0.048000
2766.777790 12.603000 0.048000
2770.649030 12.602000 0.057000
2783.771920 12.997000 0.044000
2785.692820 13.076000 0.051000
2787.646060 12.993000 0.055000
2790.671570 12.925000 0.055000
2809.696080 13.047000 0.046000
2811.647690 13.064000 0.046000
2822.692680 12.654000 0.049000
2835.645800 12.244000 0.045000
2854.509210 11.428000 0.049000
2858.521860 11.220000 0.049000
2859.590970 11.148000 0.040000
2862.481120 10.911000 0.057000
2866.482480 10.500000 0.049000
2868.511140 10.252000 0.053000
2872.511610 9.643000 0.036000
2876.494980 9.005000 0.041000
2884.503680 8.060000 0.042000
2893.485460 7.793000 0.043000
3092.779860 11.770000 0.037000
3108.845450 10.671000 0.038000
3142.732180 8.183000 0.038000
3178.652970 8.081000 0.046000
3189.648790 8.348000 0.041000
3406.864420 7.775000 0.048000
3409.871880 7.704000 0.046000
3412.859770 7.615000 0.048000
3415.845140 7.560000 0.050000
3426.844250 7.613000 0.044000
3431.842480 7.724000 0.044000
3438.798410 7.818000 0.040000
3442.792810 7.929000 0.041000
3452.827990 8.366000 0.038000
3456.786410 8.579000 0.052000
3461.723120 8.854000 0.044000
3463.800760 8.965000 0.041000
3466.705420 9.157000 0.041000
3469.744770 9.321000 0.044000
3471.752450 9.450000 0.039000
3476.683880 9.791000 0.043000
3478.712800 9.917000 0.045000
3484.757570 10.336000 0.055000
3508.699290 11.657000 0.038000
3512.629800 11.769000 0.052000
3516.632300 12.020000 0.043000
3526.602720 12.400000 0.042000
3528.611150 12.503000 0.042000
3530.610990 12.517000 0.043000
3539.590670 12.707000 0.042000
3550.569730 13.097000 0.046000
3563.491180 13.460000 0.045000
3586.513540 13.099000 0.042000
3773.857060 11.983000 0.050000
3787.883860 12.746000 0.041000
3790.825440 12.518000 0.050000
3796.804610 13.341000 0.050000
3799.793240 13.053000 0.049000
3804.824430 13.374000 0.051000
3815.755030 14.075000 0.048000
3825.723540 13.362000 0.049000
3827.801320 13.595000 0.042000
3832.747660 13.952000 0.044000
3836.734950 13.890000 0.051000
3847.762390 13.402000 0.049000
3856.648440 13.316000 0.044000
3858.720950 13.007000 0.046000
3862.661400 12.790000 0.042000
3866.657980 12.500000 0.046000
3868.700430 12.351000 0.046000
3870.707210 12.364000 0.045000
3872.704610 12.342000 0.041000
3890.602670 11.552000 0.039000
3892.603520 11.389000 0.051000
3894.641250 11.274000 0.040000
3902.515650 10.272000 0.046000
3904.557180 10.000000 0.043000
3908.571300 9.484000 0.040000
4166.819020 7.509000 0.046000
4172.828340 7.350000 0.054000
4185.829380 7.486000 0.050000
4193.734030 7.691000 0.042000
4202.765360 7.871000 0.041000
4204.776940 7.940000 0.057000
4215.716310 8.193000 0.040000
4230.701790 8.876000 0.037000
4232.700740 9.009000 0.052000
4246.615650 9.919000 0.046000
4253.631070 10.388000 0.054000
4255.664870 10.524000 0.044000
4267.565450 11.300000 0.041000
4269.589490 11.396000 0.043000
4274.594000 11.587000 0.058000
4277.587130 11.818000 0.042000
4283.616930 12.223000 0.049000
4289.615260 12.404000 0.056000
4301.549630 12.930000 0.042000
4305.560070 13.023000 0.046000
4514.879090 11.419000 0.047000
4517.855680 11.677000 0.047000
4541.806950 12.830000 0.038000
4546.785180 13.249000 0.044000
4548.786540 13.156000 0.044000
4553.773950 13.392000 0.047000
4560.762510 13.485000 0.039000
4565.753840 13.894000 0.039000
4567.806930 13.550000 0.042000
4616.629770 14.285000 0.039000
4622.627700 14.128000 0.045000
4624.714030 13.808000 0.039000
4626.570980 13.723000 0.037000
4628.581910 14.082000 0.042000
4630.594200 13.814000 0.038000
4641.595860 13.163000 0.038000
4643.599170 13.097000 0.041000
4645.610820 13.334000 0.046000
4647.633470 13.202000 0.043000
4649.679250 12.667000 0.052000
4656.534740 12.794000 0.041000
4658.631020 12.193000 0.046000
4661.524680 11.849000 0.042000
4663.592980 11.550000 0.044000
4666.547440 11.128000 0.040000
4672.506960 10.202000 0.040000
4674.570490 9.900000 0.041000
4683.491130 9.089000 0.044000
4685.500640 8.973000 0.040000
4687.511160 8.891000 0.041000
4704.499470 8.593000 0.041000
4708.499540 8.586000 0.041000
4711.483420 8.562000 0.042000
4725.481120 8.587000 0.046000
4895.857150 11.755000 0.055000
4903.853340 11.472000 0.057000
4914.803470 10.561000 0.059000
4917.759820 10.186000 0.054000
4919.798790 9.928000 0.058000
4924.846760 9.297000 0.058000
4940.740700 7.812000 0.055000
4945.760820 7.612000 0.058000
4954.697940 7.577000 0.055000
4967.689250 7.619000 0.056000
4984.612120 8.116000 0.057000
5006.602310 9.184000 0.056000
5021.602120 10.102000 0.057000
5023.601760 10.167000 0.053000
5042.549080 11.188000 0.060000
5057.488850 11.906000 0.055000
5071.530320 12.418000 0.060000
5086.486980 13.074000 0.058000
1979.726590 12.295000 0.056000
1982.746900 12.634000 0.048000
1997.732960 13.294000 0.052000
1998.726020 13.273000 0.053000
2037.642550 13.154000 0.050000
2069.570260 12.007000 0.046000
2070.560730 12.004000 0.045000
2093.497240 10.775000 0.043000
2125.510130 8.388000 0.047000
2145.477200 8.409000 0.044000
2677.807250 8.395000 0.060000
2697.815260 9.309000 0.054000
2728.756370 11.041000 0.061000
2764.689690 12.609000 0.060000
2782.643470 13.057000 0.060000
2832.530510 12.448000 0.064000
3403.848730 7.899000 0.048000
3418.863070 7.541000 0.052000
3421.832770 7.582000 0.053000
3424.822210 7.619000 0.048000
3434.792560 7.702000 0.049000
3449.799910 8.218000 0.046000
3454.786680 8.464000 0.057000
3480.719150 10.066000 0.050000
3502.662020 11.356000 0.052000
3793.811100 13.215000 0.048000
3802.793140 13.887000 0.058000
3810.763470 13.606000 0.049000
3812.824920 13.833000 0.050000
3817.788470 13.516000 0.047000
3849.718960 13.232000 0.049000
3851.719400 13.039000 0.050000
3864.664320 12.557000 0.047000
4178.806980 7.330000 0.062000
4196.790380 7.789000 0.061000
4950.785220 7.596000 0.059000
4962.645580 7.564000 0.061000
5049.591170 11.404000 0.061000
5068.498140 12.204000 0.060000
1996.731120 29.999000 0.057000
2009.699190 29.999000 0.063000
2014.683840 29.999000 0.056000
3820.751190 29.999000 0.048000
4603.685910 29.999000 0.043000
4607.693030 29.999000 0.041000
1981.748760 29.999000 0.053000
2508.548200 29.999000 0.056000
2707.768860 29.999000 0.051000
2735.747610 29.999000 0.057000
3807.860220 29.999000 0.049000
3830.714020 29.999000 0.043000
3834.731050 29.999000 0.049000
4570.683990 29.999000 0.038000
4572.705140 29.999000 0.042000
4574.695710 29.999000 0.043000
4576.719790 29.999000 0.043000
4583.666160 29.999000 0.039000
4586.686370 29.999000 0.037000
4593.637340 29.999000 0.046000
4595.654430 29.999000 0.038000
4597.654920 29.999000 0.039000
4601.662610 29.999000 0.039000
4610.578340 29.999000 0.041000
1954.815130 11.277000 0.036000
1880.523950 7.971000 0.031000
2180.569740 9.573000 0.033000
1868.861130 7.832000 0.038000
1899.793700 8.366000 0.027000
1952.665260 11.149000 0.034000
1955.660670 11.327000 0.032000
3355.826260 11.332000 0.028000
3358.812980 11.170000 0.034000
3383.778510 9.098000 0.035000
3388.775030 8.608000 0.037000
3394.753350 8.246000 0.032000
3397.689650 8.160000 0.038000
3399.735900 8.071000 0.035000
3409.661850 7.709000 0.033000
3411.716900 7.647000 0.033000
3418.644070 7.596000 0.035000
3422.691960 7.584000 0.043000
3424.697610 7.630000 0.056000
3426.706690 7.609000 0.040000
3459.523660 8.678000 0.046000
3463.595700 8.938000 0.028000
3477.533790 9.850000 0.031000
3504.507920 11.406000 0.034000
3509.460240 11.659000 0.043000
3512.493110 11.728000 0.031000
3700.828950 8.050000 0.038000
3708.811870 8.399000 0.030000
3712.857600 8.585000 0.035000
3716.786920 8.781000 0.038000
3719.814270 8.959000 0.038000
3722.800940 9.122000 0.040000
3726.764280 9.389000 0.034000
3730.792500 9.637000 0.048000
3733.796630 9.844000 0.036000
3736.779540 10.023000 0.032000
3739.761480 10.234000 0.034000
3742.753410 10.439000 0.031000
3745.739250 10.602000 0.037000
3748.730950 10.805000 0.041000
3751.722060 10.975000 0.045000
3754.720710 11.159000 0.041000
3756.756620 11.235000 0.043000
3761.709940 11.519000 0.051000
3764.690740 11.767000 0.052000
3767.681090 11.787000 0.046000
3770.670250 11.982000 0.048000
3772.718910 11.990000 0.035000
3775.655550 12.122000 0.041000
3783.653080 12.363000 0.050000
3787.678800 12.618000 0.038000
3792.645360 12.800000 0.040000
3801.599010 13.323000 0.038000
3817.628850 13.279000 0.036000
3847.524640 13.683000 0.051000
4107.813090 12.877000 0.030000
4111.813630 12.466000 0.037000
4125.700620 11.858000 0.039000
4127.748100 11.712000 0.038000
4129.738170 11.713000 0.030000
4134.688300 11.352000 0.040000
4136.718270 11.387000 0.045000
4140.734970 11.059000 0.029000
4145.655160 10.652000 0.037000
4147.688660 10.405000 0.040000
4157.616540 8.642000 0.033000
4159.656660 8.254000 0.050000
4161.655430 8.004000 0.031000
4163.666980 7.769000 0.030000
4168.695180 7.439000 0.046000
4183.546420 7.452000 0.039000
4185.584910 7.488000 0.030000
4198.570840 7.813000 0.052000
4201.564390 7.880000 0.046000
4213.515420 8.141000 0.027000
4216.578740 8.234000 0.038000
4228.526130 8.784000 0.029000
4253.457180 10.401000 0.030000
4457.792230 8.306000 0.038000
4463.783880 8.478000 0.030000
4466.769770 8.564000 0.033000
4469.760080 8.670000 0.034000
4476.755110 9.028000 0.060000
4479.733600 9.104000 0.038000
4482.757020 9.251000 0.041000
4490.702330 9.760000 0.029000
4492.756940 9.897000 0.029000
4494.754740 10.037000 0.029000
4498.722410 10.322000 0.037000
4503.673360 10.691000 0.035000
4508.655450 11.037000 0.036000
4510.715590 11.178000 0.036000
4512.730000 11.333000 0.058000
4516.649190 11.642000 0.042000
4525.611660 12.043000 0.041000
4527.655180 12.103000 0.042000
4535.604300 12.517000 0.037000
4537.652450 12.660000 0.030000
4539.649790 12.519000 0.044000
4543.659390 12.660000 0.036000
4561.615760 13.387000 0.032000
4642.488280 13.196000 0.036000
4645.475990 13.156000 0.030000
4648.477130 13.117000 0.034000
4652.464720 12.838000 0.038000
4655.463830 12.293000 0.035000
4779.850500 11.269000 0.034000
4787.839440 11.657000 0.029000
4808.808500 12.625000 0.029000
4813.823050 12.748000 0.036000
4816.811710 12.505000 0.035000
4820.773300 12.967000 0.031000
4823.789690 13.077000 0.028000
4826.784580 13.259000 0.031000
4829.770280 13.156000 0.031000
4835.761530 13.317000 0.039000
4838.752500 13.799000 0.050000
4852.720400 13.849000 0.036000
4855.737850 13.596000 0.030000
4858.697700 13.230000 0.038000
4861.750590 13.659000 0.038000
4867.746620 12.951000 0.036000
4872.724410 12.837000 0.039000
4875.721620 12.948000 0.049000
4883.641740 12.296000 0.029000
5159.838450 12.271000 0.051000
5163.857710 11.916000 0.055000
3813.565470 29.999000 0.039000
3815.604380 29.999000 0.047000
3826.524630 29.999000 0.036000
3828.576540 29.999000 0.038000
4105.761380 29.999000 0.039000
4559.554090 29.999000 0.034000
4576.527790 29.999000 0.037000
4580.530130 29.999000 0.035000
4844.830710 29.999000 0.037000
4847.720130 29.999000 0.029000
4870.671860 29.999000 0.033000
1965.901450 11.724000 0.039000
1967.903000 11.829000 0.039000
1980.883630 12.429000 0.043000
1982.871280 12.456000 0.047000
1984.868160 12.444000 0.051000
1985.866090 12.550000 0.051000
1994.859710 12.857000 0.051000
1998.851330 12.785000 0.050000
2025.900190 13.661000 0.040000
2026.862290 13.609000 0.034000
2027.828110 13.535000 0.031000
2030.830570 13.542000 0.029000
2031.828510 13.177000 0.032000
2032.813030 13.633000 0.028000
2033.826350 13.543000 0.029000
2037.785860 13.935000 0.036000
2039.791750 12.999000 0.035000
2052.760740 12.760000 0.033000
2053.773530 12.710000 0.031000
2054.768310 12.705000 0.032000
2055.756940 12.606000 0.046000
2056.762590 12.526000 0.029000
2057.753940 12.569000 0.029000
2061.748200 12.330000 0.033000
2067.674380 12.092000 0.035000
2068.678350 12.017000 0.036000
2069.696650 12.040000 0.031000
2070.723960 12.044000 0.032000
2080.654930 11.689000 0.030000
2081.700100 11.667000 0.029000
2082.704480 11.588000 0.028000
2085.691120 11.395000 0.029000
2086.701670 11.390000 0.033000
2087.683070 11.303000 0.034000
2088.681950 11.198000 0.029000
2093.610070 10.788000 0.034000
2094.623790 10.684000 0.034000
2103.654480 9.681000 0.029000
2104.653870 9.573000 0.029000
2105.643560 9.447000 0.032000
2109.639460 8.980000 0.028000
2115.589270 8.451000 0.030000
2116.612260 8.394000 0.029000
2117.614880 8.338000 0.031000
2124.587810 8.163000 0.036000
2125.596500 8.238000 0.036000
2128.607460 8.261000 0.032000
2129.599510 8.139000 0.030000
2130.597290 8.267000 0.033000
2131.583170 8.250000 0.031000
2132.593550 8.294000 0.034000
2133.592190 8.221000 0.028000
2134.588420 8.179000 0.029000
2136.588670 8.213000 0.029000
2141.573630 8.286000 0.031000
2142.567900 8.317000 0.032000
2143.568430 8.352000 0.031000
2144.559440 8.382000 0.033000
2145.554980 8.405000 0.033000
2442.706320 9.653000 0.030000
2443.705930 9.708000 0.026000
2446.706050 9.900000 0.030000
2453.672990 10.321000 0.051000
2454.684940 10.380000 0.044000
2464.656740 10.914000 0.040000
2465.662600 10.967000 0.038000
2466.650840 11.013000 0.041000
2467.652440 11.028000 0.030000
2468.651580 11.111000 0.031000
2470.610390 11.221000 0.040000
2473.620480 11.291000 0.043000
2481.604480 11.668000 0.048000
2482.634400 11.730000 0.047000
2487.642340 11.852000 0.045000
2490.620080 11.994000 0.041000
2493.594310 12.128000 0.046000
2494.601970 12.051000 0.044000
2495.594660 12.157000 0.041000
2497.592000 12.165000 0.040000
2498.589090 12.282000 0.039000
2499.580470 12.365000 0.036000
2501.575230 12.375000 0.047000
2502.584300 12.355000 0.048000
2503.584490 12.394000 0.052000
2508.696720 12.771000 0.032000
2512.526400 12.766000 0.037000
2520.597670 13.207000 0.033000
2521.607350 13.205000 0.034000
2524.583510 13.122000 0.044000
2535.505740 13.333000 0.046000
2544.531540 13.733000 0.037000
2545.573740 13.397000 0.035000
2548.609460 13.461000 0.033000
2560.555040 13.041000 0.030000
2561.554460 12.933000 0.032000
2562.577590 12.969000 0.029000
2563.593940 13.013000 0.028000
2565.553850 12.923000 0.029000
2566.566010 12.915000 0.029000
2578.504310 12.487000 0.033000
2696.901380 9.219000 0.033000
2706.895300 9.743000 0.044000
2709.897100 9.909000 0.040000
2712.881750 10.181000 0.039000
2722.876710 10.678000 0.041000
2724.883200 10.868000 0.034000
2726.879800 10.992000 0.044000
2733.866630 11.339000 0.027000
2736.836980 11.408000 0.047000
2741.840250 11.694000 0.041000
2743.883750 11.845000 0.045000
2747.883180 11.959000 0.043000
2751.796560 12.148000 0.039000
2754.870370 12.245000 0.038000
2756.843380 12.256000 0.043000
2764.817670 12.628000 0.044000
2782.881670 12.842000 0.039000
2784.778740 12.990000 0.042000
2786.757360 12.943000 0.041000
2790.776860 13.055000 0.046000
2808.768810 13.235000 0.049000
2810.687940 13.173000 0.041000
2812.676240 12.798000 0.041000
2814.844570 12.971000 0.053000
2840.716280 11.922000 0.043000
2851.659560 11.548000 0.040000
2853.783420 11.408000 0.044000
2858.710600 11.211000 0.046000
2861.741000 11.014000 0.039000
2872.597590 9.595000 0.041000
2884.601130 8.033000 0.047000
2885.621210 8.048000 0.051000
2896.592750 7.844000 0.047000
2900.575380 7.983000 0.055000
2906.563330 8.129000 0.040000
2909.565160 8.246000 0.045000
2916.541350 8.387000 0.046000
2933.532840 8.671000 0.043000
3142.795080 8.164000 0.027000
3450.857820 8.250000 0.038000
3474.906400 9.662000 0.038000
3477.880980 9.854000 0.031000
3487.864070 10.497000 0.035000
3509.836250 11.665000 0.030000
3516.785500 11.977000 0.040000
3538.760160 12.903000 0.033000
3543.702780 13.322000 0.038000
3553.706410 13.428000 0.033000
3563.733000 13.076000 0.033000
3569.685470 13.176000 0.031000
3571.705600 13.520000 0.032000
3578.606150 13.265000 0.030000
3583.646380 13.085000 0.037000
3585.708530 13.230000 0.029000
3590.606700 12.962000 0.031000
3596.597470 12.772000 0.031000
3607.555350 12.339000 0.032000
3619.561200 11.415000 0.037000
3637.568190 9.683000 0.031000
3860.835110 12.940000 0.036000
3863.814420 12.708000 0.041000
3869.813680 12.526000 0.047000
3871.813300 12.210000 0.035000
3882.773490 11.935000 0.037000
3886.808640 11.778000 0.032000
3891.744360 11.497000 0.030000
3893.792590 11.256000 0.031000
3896.781940 11.064000 0.037000
3898.821800 10.758000 0.035000
3901.715230 10.371000 0.037000
3903.754440 10.096000 0.033000
3905.763650 9.833000 0.034000
3907.775210 9.575000 0.031000
4207.916870 7.965000 0.034000
4235.850650 9.187000 0.030000
4258.805600 10.726000 0.042000
4278.704450 11.726000 0.043000
4282.702780 12.008000 0.048000
4284.715280 12.132000 0.044000
4290.713660 12.399000 0.032000
4292.689280 12.528000 0.028000
4296.699630 12.639000 0.040000
4298.708170 12.889000 0.035000
4302.709130 12.828000 0.045000
4304.650520 13.067000 0.031000
4306.648240 13.080000 0.043000
4308.660620 13.005000 0.041000
4310.701030 13.666000 0.030000
4315.725880 13.491000 0.038000
4351.511610 13.848000 0.036000
4356.517560 13.511000 0.027000
4358.523760 13.731000 0.035000
4362.566390 13.866000 0.031000
4364.561490 13.382000 0.031000
4372.509980 13.531000 0.038000
4375.542630 13.294000 0.033000
4377.549130 13.052000 0.031000
4379.552240 12.756000 0.031000
4384.536030 12.570000 0.032000
4388.546190 12.521000 0.027000
4591.835370 14.688000 0.031000
4623.821480 14.086000 0.032000
4651.751690 12.757000 0.033000
4684.673470 8.991000 0.034000
4701.652160 8.577000 0.042000
4703.654950 8.592000 0.028000
4705.687720 8.576000 0.029000
4708.628610 8.577000 0.034000
4710.647170 8.647000 0.046000
4722.627470 8.548000 0.035000
4725.639780 8.559000 0.040000
4730.638970 8.655000 0.029000
4733.641600 8.756000 0.030000
4747.560550 9.325000 0.041000
4750.572640 9.500000 0.042000
4753.562110 9.668000 0.034000
4756.538870 9.867000 0.035000
4759.530730 10.034000 0.038000
4762.529660 10.212000 0.034000
4765.525310 10.399000 0.035000
4768.520890 10.573000 0.033000
4771.507790 10.802000 0.035000
4774.517400 10.949000 0.033000
4778.520390 11.233000 0.033000
4984.834040 8.090000 0.047000
4993.807090 8.492000 0.048000
5014.777380 9.677000 0.044000
5021.769140 10.082000 0.048000
5023.791620 10.191000 0.043000
5082.687510 12.840000 0.044000
5089.669840 12.964000 0.043000
5111.545910 13.627000 0.041000
2083.695410 11.569000 0.051000
2474.656060 11.341000 0.045000
2486.607310 11.981000 0.061000
2491.596670 11.994000 0.053000
2553.613710 13.272000 0.035000
2559.540530 12.971000 0.054000
2579.533710 12.393000 0.040000
2702.901750 9.569000 0.053000
2855.676370 11.425000 0.056000
2865.755940 10.546000 0.053000
2892.606980 7.795000 0.052000
3453.855080 8.360000 0.061000
3520.779280 12.129000 0.039000
3522.785480 12.140000 0.043000
3559.682200 13.105000 0.038000
3561.715660 13.059000 0.035000
3592.607630 12.884000 0.037000
3851.865580 13.225000 0.050000
3865.829240 12.623000 0.037000
3867.818240 12.481000 0.045000
3875.794780 12.476000 0.038000
4967.860830 7.618000 0.050000
4988.781470 8.258000 0.051000
5031.691740 10.570000 0.048000
5038.728440 10.892000 0.053000
5049.691250 11.438000 0.051000
5070.709370 12.492000 0.050000
5075.668120 12.703000 0.051000
5099.565780 12.890000 0.048000
5122.508450 13.504000 0.057000
2000.853410 29.999000 0.048000
2009.850660 29.999000 0.057000
2016.875370 29.999000 0.052000
2519.592230 29.999000 0.042000
2529.558200 29.999000 0.043000
2540.530600 29.999000 0.044000
2543.620440 29.999000 0.048000
2552.591630 29.999000 0.049000
2556.531060 29.999000 0.051000
2558.524750 29.999000 0.035000
2804.708080 29.999000 0.049000
4319.599420 29.999000 0.029000
4331.610550 29.999000 0.037000
4333.566550 29.999000 0.035000
4338.641490 29.999000 0.047000
4606.827150 29.999000 0.042000
4611.835760 29.999000 0.032000
4615.892630 29.999000 0.034000
2156.484890 8.669000 0.039000
2040.709130 13.288000 0.040000
3449.824940 8.184000 0.054000
3453.792240 8.422000 0.050000
3601.905300 12.324000 0.044000
3622.867600 11.144000 0.040000
3626.852130 10.815000 0.040000
3630.832600 10.498000 0.043000
3634.821560 10.061000 0.045000
3638.841630 9.513000 0.040000
3641.831830 9.076000 0.039000
3651.795710 8.007000 0.048000
3659.839150 7.729000 0.042000
4357.884710 14.004000 0.043000
4361.860000 13.447000 0.037000
4367.855870 13.535000 0.041000
4373.825990 13.260000 0.042000
4376.824410 13.597000 0.042000
4382.820520 12.681000 0.038000
4385.793860 12.619000 0.038000
4388.777370 12.507000 0.040000
4409.733520 10.554000 0.038000
4420.743360 8.986000 0.049000
4429.672840 8.350000 0.042000
4431.714980 8.274000 0.043000
4436.666630 8.131000 0.037000
4444.680830 8.112000 0.041000
4738.889960 8.976000 0.043000
4744.847360 9.217000 0.037000
4747.801420 9.413000 0.047000
4768.741930 10.615000 0.039000
4777.709660 11.171000 0.040000
4779.750630 11.281000 0.042000
4783.713630 11.586000 0.048000
4786.757810 11.599000 0.041000
4792.672520 11.871000 0.037000
4794.795040 11.836000 0.043000
4803.642180 12.351000 0.041000
4805.738080 12.297000 0.041000
4807.738030 12.459000 0.041000
4813.667180 12.772000 0.045000
4821.740300 12.899000 0.039000
5122.837420 13.412000 0.050000
5131.804960 13.312000 0.058000
5157.686110 12.225000 0.053000
3618.896130 11.558000 0.044000
3644.832620 9.064000 0.049000
3654.786760 7.860000 0.045000
3662.770840 7.688000 0.051000
3657.762850 29.999000 0.043000
3665.761200 29.999000 0.043000
3671.742810 29.999000 0.038000
4353.891860 29.999000 0.043000
4423.680820 29.999000 0.041000
4798.664830 29.999000 0.042000
2556.702560 13.255000 0.041000
2818.935490 12.770000 0.043000
1868.531190 7.794000 0.028000
1869.531230 7.758000 0.029000
1876.563590 7.931000 0.033000
1885.517640 7.959000 0.036000
1887.578900 8.164000 0.033000
1904.539380 8.496000 0.029000
1913.527370 8.849000 0.033000
1918.527670 9.091000 0.036000
1922.528740 9.302000 0.032000
2054.912170 12.681000 0.035000
2064.943730 12.280000 0.044000
2067.902680 12.229000 0.031000
2069.864050 12.068000 0.032000
2070.870160 12.054000 0.031000
2080.856990 11.729000 0.027000
2093.796000 10.792000 0.031000
2094.821990 10.671000 0.036000
2095.820390 10.506000 0.043000
2103.769120 9.665000 0.030000
2105.830520 9.424000 0.032000
2113.841720 8.571000 0.029000
2115.750410 8.448000 0.028000
2116.781820 8.385000 0.030000
2117.785030 8.322000 0.029000
2129.730830 8.127000 0.028000
2130.746000 8.138000 0.029000
2131.749550 8.135000 0.028000
2132.756550 8.151000 0.028000
2133.751880 8.163000 0.027000
2134.751890 8.188000 0.028000
2136.746090 8.240000 0.037000
2141.737940 8.313000 0.028000
2144.722650 8.383000 0.029000
2145.722750 8.411000 0.026000
2439.867620 9.468000 0.025000
2452.827240 10.328000 0.038000
2465.832330 10.987000 0.041000
2466.833120 11.011000 0.033000
2470.793960 11.206000 0.038000
2471.871780 11.245000 0.041000
2473.802220 11.303000 0.040000
2482.732640 11.715000 0.045000
2490.734530 11.965000 0.042000
2495.715060 12.199000 0.046000
2496.775940 12.305000 0.039000
2498.769940 12.304000 0.037000
2501.749160 12.370000 0.036000
2521.669380 13.183000 0.031000
2544.841320 13.457000 0.032000
2544.850910 13.205000 0.041000
2548.649900 13.462000 0.024000
2548.652080 13.498000 0.025000
2558.695930 13.186000 0.026000
2559.749560 13.095000 0.032000
2560.653110 12.835000 0.036000
2561.562170 12.859000 0.031000
2561.642270 13.090000 0.034000
2562.641010 12.768000 0.031000
2562.710480 13.257000 0.028000
2563.657300 12.916000 0.035000
2563.753880 13.100000 0.027000
2564.658770 13.070000 0.037000
2564.739570 12.901000 0.028000
2565.681570 13.151000 0.033000
2566.694110 12.926000 0.036000
2578.581340 12.441000 0.027000
2578.639770 12.373000 0.034000
2620.521220 9.189000 0.042000
2622.557870 9.044000 0.043000
2622.560100 9.074000 0.026000
2624.614130 8.966000 0.041000
2624.616350 8.970000 0.029000
2634.526610 8.538000 0.046000
2636.560360 8.536000 0.039000
2638.560620 8.416000 0.036000
2638.574680 8.438000 0.039000
2640.568290 8.358000 0.041000
2640.577490 8.383000 0.033000
2642.571060 8.347000 0.042000
2643.528440 8.316000 0.030000
2645.531300 8.247000 0.040000
2645.533510 8.295000 0.028000
2647.536050 8.266000 0.045000
2650.549320 8.272000 0.028000
2655.531950 8.246000 0.032000
2655.534170 8.228000 0.029000
2660.529220 8.210000 0.032000
2661.528680 8.193000 0.032000
2761.930620 12.391000 0.041000
2765.916430 12.754000 0.041000
2765.918650 12.640000 0.029000
2782.937460 13.070000 0.044000
2787.898620 13.317000 0.039000
2787.900860 13.228000 0.028000
2809.853690 13.061000 0.042000
2809.855900 13.004000 0.028000
2811.905620 13.332000 0.027000
2813.881720 13.002000 0.041000
2813.883940 12.796000 0.032000
2818.937700 12.950000 0.026000
2833.901360 12.406000 0.031000
2851.845540 11.567000 0.025000
2859.761540 11.228000 0.039000
2859.763770 11.122000 0.026000
2861.746080 10.956000 0.038000
2861.748380 10.955000 0.028000
2866.816530 10.466000 0.044000
2886.771770 7.930000 0.039000
2897.834750 7.870000 0.039000
2899.797580 7.885000 0.042000
2902.774890 8.035000 0.046000
2905.648130 8.161000 0.040000
2910.634890 8.293000 0.036000
2916.726440 8.425000 0.042000
2916.728670 8.426000 0.027000
2918.669640 8.447000 0.033000
2918.671990 8.468000 0.028000
2921.710610 8.481000 0.035000
2921.713050 8.495000 0.033000
2923.699230 8.536000 0.044000
2923.701430 8.512000 0.028000
2932.674220 8.652000 0.038000
2932.676410 8.672000 0.026000
2939.712660 8.911000 0.025000
2939.714860 8.896000 0.026000
2944.592060 9.067000 0.039000
2944.594260 9.068000 0.027000
2949.664360 9.267000 0.029000
2949.666850 9.261000 0.028000
2951.679050 9.348000 0.032000
2951.681400 9.352000 0.030000
2955.702290 9.496000 0.029000
2955.704650 9.501000 0.028000
2957.696080 9.555000 0.028000
2957.698430 9.571000 0.028000
2964.566670 9.862000 0.028000
2966.584090 9.933000 0.038000
2966.586460 9.951000 0.028000
2968.594430 10.013000 0.036000
2968.596790 10.017000 0.026000
2970.585900 10.108000 0.036000
2970.588260 10.109000 0.027000
2972.596070 10.186000 0.032000
2972.625620 10.166000 0.028000
2974.642640 10.271000 0.028000
2976.622410 10.316000 0.028000
2976.627680 10.339000 0.028000
2978.641300 10.423000 0.029000
2978.643720 10.429000 0.030000
2981.572650 10.524000 0.043000
2981.575010 10.547000 0.032000
2983.589430 10.637000 0.031000
2983.591920 10.635000 0.030000
2985.595580 10.704000 0.030000
2985.598040 10.690000 0.025000
2987.608580 10.788000 0.040000
2987.611040 10.754000 0.027000
2990.609070 10.959000 0.029000
2990.611530 10.929000 0.029000
2992.608180 10.978000 0.027000
2995.575110 11.140000 0.043000
2995.577490 11.074000 0.027000
2997.597980 11.236000 0.030000
3000.586220 11.348000 0.027000
3007.565970 11.721000 0.031000
3010.530270 11.807000 0.032000
3011.556570 11.798000 0.033000
3012.547690 11.786000 0.034000
3016.530690 11.997000 0.033000
3019.532790 12.224000 0.032000
3023.532230 12.355000 0.032000
3538.945420 12.860000 0.037000
3541.888610 13.209000 0.033000
3544.883370 12.994000 0.037000
3551.919690 13.117000 0.034000
3551.922190 13.319000 0.034000
3554.897420 13.215000 0.033000
3554.899790 13.564000 0.034000
3558.875680 13.507000 0.041000
3558.878180 13.052000 0.041000
3561.855850 13.238000 0.035000
3561.858470 13.502000 0.035000
3564.846550 13.752000 0.031000
3564.849690 13.317000 0.032000
3568.880480 13.206000 0.030000
3568.882860 13.417000 0.030000
3570.833520 13.414000 0.031000
3570.835930 13.189000 0.032000
3573.824060 13.310000 0.034000
3575.901290 13.291000 0.032000
3576.803830 13.369000 0.029000
3578.831260 13.274000 0.033000
3579.850400 13.174000 0.045000
3582.841300 13.178000 0.031000
3587.825000 12.931000 0.032000
3589.786000 13.131000 0.030000
3590.774210 12.884000 0.031000
3596.788790 12.747000 0.029000
3596.798210 12.791000 0.030000
3601.819110 12.465000 0.035000
3615.771760 11.715000 0.035000
3615.774190 11.677000 0.034000
3618.700140 11.482000 0.038000
3621.684740 11.248000 0.040000
3624.716870 11.002000 0.030000
3624.730440 11.016000 0.030000
3626.716650 10.888000 0.032000
3626.729360 10.847000 0.035000
3629.688800 10.585000 0.034000
3629.698880 10.591000 0.036000
3631.704820 10.411000 0.036000
3631.717840 10.396000 0.034000
3636.725720 9.840000 0.035000
3636.737700 9.803000 0.037000
3639.634710 9.377000 0.029000
3639.637080 9.367000 0.030000
3644.625250 8.679000 0.040000
3644.627670 8.706000 0.041000
3650.606970 8.091000 0.028000
3650.609340 8.088000 0.028000
3652.650710 7.957000 0.034000
3652.653090 7.921000 0.040000
3654.638600 7.872000 0.035000
3656.638530 7.813000 0.033000
3658.653520 7.737000 0.032000
3658.655910 7.739000 0.031000
3660.681660 7.694000 0.036000
3660.684050 7.683000 0.037000
3668.627830 7.681000 0.027000
3668.643420 7.671000 0.027000
3673.562110 7.693000 0.027000
3675.630270 7.721000 0.028000
3677.625540 7.743000 0.028000
3700.572710 8.025000 0.035000
3703.561080 8.149000 0.031000
3707.558570 8.332000 0.029000
3893.926320 11.286000 0.030000
3898.914290 10.770000 0.038000
3898.916660 10.770000 0.036000
3902.893600 10.218000 0.033000
3905.910410 9.832000 0.036000
3909.904130 9.356000 0.035000
3912.928000 9.037000 0.031000
4084.528670 12.998000 0.039000
4300.851210 12.806000 0.045000
4300.861210 13.050000 0.036000
4305.828720 13.135000 0.038000
4310.816000 13.107000 0.041000
4314.826740 13.196000 0.030000
4319.812590 13.823000 0.029000
4329.794180 13.796000 0.039000
4329.796540 13.856000 0.038000
4331.786520 14.007000 0.027000
4333.751350 13.922000 0.028000
4336.744600 13.681000 0.037000
4344.771480 14.980000 0.046000
4348.774030 14.102000 0.028000
4349.770100 13.770000 0.032000
4351.682740 14.101000 0.041000
4354.684060 13.641000 0.027000
4356.739090 13.587000 0.030000
4363.686000 13.729000 0.029000
4364.675190 13.576000 0.030000
4365.679860 13.896000 0.029000
4369.722640 13.821000 0.037000
4372.705390 13.103000 0.036000
4375.705190 13.140000 0.033000
4379.616530 13.016000 0.029000
4381.663440 12.642000 0.033000
4382.645760 12.827000 0.027000
4383.686020 12.716000 0.029000
4384.670160 12.822000 0.035000
4385.703790 13.043000 0.028000
4386.671660 12.479000 0.028000
4388.648820 12.562000 0.029000
4392.617830 12.349000 0.032000
4393.659880 12.252000 0.042000
4403.668670 11.307000 0.030000
4403.671030 11.323000 0.032000
4407.667170 10.783000 0.034000
4413.605770 9.928000 0.030000
4413.608130 9.947000 0.030000
4437.569230 8.116000 0.034000
4700.800190 8.584000 0.029000
4702.856170 8.589000 0.027000
4725.790900 8.601000 0.033000
4730.791420 8.688000 0.029000
4746.708220 9.298000 0.026000
4748.746330 9.411000 0.031000
4750.602020 9.521000 0.038000
4755.728850 9.787000 0.035000
4756.734080 9.881000 0.037000
4759.638810 10.331000 0.031000
4760.679300 10.090000 0.031000
4761.727290 10.165000 0.030000
4763.609330 10.278000 0.029000
4765.669790 10.442000 0.034000
4766.683270 10.474000 0.028000
4767.759580 10.523000 0.033000
4769.593500 10.660000 0.034000
4770.605290 10.717000 0.034000
4772.681270 10.851000 0.032000
4773.545200 10.964000 0.030000
4774.638600 10.972000 0.030000
4775.566050 11.053000 0.032000
4776.672710 11.079000 0.031000
4777.586420 11.130000 0.031000
4778.627050 11.271000 0.031000
4779.619280 11.248000 0.034000
4780.658900 11.274000 0.036000
4782.686810 11.389000 0.037000
4784.590250 11.482000 0.040000
4785.576070 11.542000 0.031000
4787.591500 11.621000 0.032000
4792.602380 11.818000 0.030000
4795.616720 11.967000 0.037000
4797.574750 12.294000 0.042000
4798.594200 11.949000 0.032000
4801.568980 12.274000 0.028000
4802.561510 12.204000 0.035000
4803.609860 12.367000 0.033000
4804.585970 12.173000 0.031000
4806.564100 12.546000 0.037000
4807.562100 12.475000 0.037000
4808.592560 12.631000 0.035000
4809.607620 12.629000 0.035000
4810.609490 12.651000 0.040000
4813.610240 12.527000 0.038000
4815.583220 12.739000 0.042000
4816.580900 13.044000 0.033000
4819.602960 12.654000 0.037000
4821.578360 12.799000 0.042000
4822.566810 12.844000 0.035000
4825.590210 13.391000 0.041000
4827.577840 12.850000 0.039000
4828.548300 13.213000 0.037000
4830.575110 13.444000 0.038000
4833.571480 13.199000 0.037000
4834.545680 13.055000 0.034000
4845.534780 13.292000 0.043000
4848.533200 13.239000 0.035000
4848.536410 13.008000 0.039000
1872.529560 7.964000 0.033000
1874.532230 7.949000 0.035000
1908.529200 8.658000 0.033000
2068.868930 12.165000 0.051000
2087.896310 11.246000 0.044000
2106.836000 9.290000 0.033000
2481.807770 11.649000 0.051000
2486.778720 11.932000 0.049000
2568.574510 12.741000 0.051000
2628.536730 8.838000 0.049000
2636.527490 8.503000 0.053000
2647.538290 8.285000 0.051000
2829.907890 12.722000 0.049000
2833.899150 12.299000 0.053000
2953.700560 9.417000 0.049000
3547.899430 13.481000 0.043000
3583.820730 12.925000 0.038000
3585.786610 13.162000 0.038000
3586.786870 13.135000 0.036000
3592.763720 13.095000 0.037000
3618.697760 11.389000 0.038000
3633.732550 10.198000 0.049000
3654.651940 7.814000 0.036000
3656.640910 7.798000 0.037000
3883.940420 11.915000 0.047000
3913.902410 8.942000 0.040000
4302.908840 13.545000 0.051000
4309.806010 13.119000 0.047000
4312.821100 15.638000 0.046000
4343.748880 14.400000 0.048000
4346.787230 13.401000 0.049000
4658.850280 12.496000 0.050000
4818.616040 12.767000 0.044000
4824.580410 13.057000 0.053000
4831.542140 13.113000 0.044000
4837.552860 13.842000 0.045000
4845.537960 13.620000 0.048000
5144.649180 12.982000 0.046000
5145.644690 12.966000 0.046000
5147.701330 12.892000 0.048000
2030.933780 29.999000 0.032000
2052.943640 29.999000 0.035000
3573.820810 29.999000 0.037000
2529.677850 29.999000 0.043000
2554.682700 29.999000 0.050000
2776.934130 29.999000 0.048000
2782.939680 29.999000 0.030000
4084.531880 29.999000 0.040000
4340.759300 29.999000 0.048000
4341.750780 29.999000 0.032000
4342.766760 29.999000 0.043000
4837.567520 29.999000 0.045000
