1900.795210 14.453000 0.060000
1903.802400 14.103000 0.057000
1913.852790 13.818000 0.038000
1915.815860 13.703000 0.042000
1920.781860 13.280000 0.042000
1922.775770 13.213000 0.040000
1924.829020 13.046000 0.033000
1925.840580 12.910000 0.034000
1926.830340 12.891000 0.038000
1928.870770 12.711000 0.041000
1930.764940 12.621000 0.035000
1931.871230 12.486000 0.036000
1933.785730 12.373000 0.035000
1935.687210 12.310000 0.042000
1937.778230 12.400000 0.038000
1939.772930 12.305000 0.036000
1945.834940 12.175000 0.037000
1947.770310 12.169000 0.040000
1953.752180 12.314000 0.039000
1955.763760 12.222000 0.042000
1958.747990 12.281000 0.041000
1961.739990 12.338000 0.042000
1962.769800 12.294000 0.041000
1963.747610 12.315000 0.039000
1964.743130 12.184000 0.039000
1965.733840 12.356000 0.038000
1966.740280 12.272000 0.038000
1968.728230 12.363000 0.041000
1982.697510 12.782000 0.044000
2452.456910 13.033000 0.041000
2460.457690 12.309000 0.037000
2465.520120 12.004000 0.045000
2467.514610 11.951000 0.042000
2473.476180 11.802000 0.050000
2704.774370 13.866000 0.034000
2706.744990 14.009000 0.028000
2712.704240 13.801000 0.027000
2721.711180 13.030000 0.032000
2722.841210 12.800000 0.045000
2727.720670 12.382000 0.043000
2731.809770 12.102000 0.045000
2733.831870 11.882000 0.035000
2735.710720 11.749000 0.036000
2736.811880 11.785000 0.038000
2738.659830 11.646000 0.031000
2740.660670 11.546000 0.034000
2741.825850 11.441000 0.035000
2749.790370 11.319000 0.036000
2751.593910 11.304000 0.029000
2752.802620 11.305000 0.030000
2755.615180 11.322000 0.036000
2756.750510 11.274000 0.028000
2758.785070 11.387000 0.040000
2760.650230 11.417000 0.034000
2761.810740 11.414000 0.033000
2763.621880 11.446000 0.041000
2764.720390 11.486000 0.032000
2766.715410 11.567000 0.029000
2782.631550 12.007000 0.031000
2784.597550 12.184000 0.030000
2786.592900 12.218000 0.032000
2790.510700 12.373000 0.035000
2791.710490 12.468000 0.029000
2794.555030 12.538000 0.033000
2808.632920 13.377000 0.030000
2810.546180 13.489000 0.031000
2812.546620 13.422000 0.030000
2987.838060 13.465000 0.030000
2990.842290 13.253000 0.031000
2994.826210 12.910000 0.030000
2997.847370 12.603000 0.028000
3008.835960 11.708000 0.032000
3012.814170 11.544000 0.031000
3016.851630 11.593000 0.034000
3025.809500 11.705000 0.031000
3029.879930 11.690000 0.034000
3032.840660 11.734000 0.040000
3035.812630 11.777000 0.033000
3039.852840 11.809000 0.030000
3042.800590 11.969000 0.037000
3056.761010 12.232000 0.033000
3061.748140 12.476000 0.034000
3064.734530 12.619000 0.035000
3067.777380 12.638000 0.044000
3071.771520 12.996000 0.033000
3074.759550 13.014000 0.030000
3078.834320 13.078000 0.031000
3081.683370 13.715000 0.031000
3089.764170 13.988000 0.031000
3355.844580 14.095000 0.031000
3490.778890 13.341000 0.035000
3496.771180 13.085000 0.042000
3500.562810 12.813000 0.048000
3502.587210 12.744000 0.069000
3508.672220 12.462000 0.031000
3512.560960 12.219000 0.047000
3516.565520 12.067000 0.057000
3522.486450 11.793000 0.041000
3524.526120 11.871000 0.035000
3526.546090 11.703000 0.045000
3528.550570 11.694000 0.053000
3542.553900 11.086000 0.045000
3544.627330 11.061000 0.047000
3550.586160 10.998000 0.069000
3553.632710 10.922000 0.036000
3556.550550 10.867000 0.054000
3561.581950 10.894000 0.040000
3563.578500 10.933000 0.034000
3569.592300 11.025000 0.037000
3573.575020 11.086000 0.042000
3576.531870 11.289000 0.046000
3578.569120 11.348000 0.067000
3584.521830 11.654000 0.043000
3587.483780 11.704000 0.035000
3589.510490 11.850000 0.035000
3594.482110 12.111000 0.046000
3600.496710 12.451000 0.039000
3603.484700 12.601000 0.034000
3607.478420 12.934000 0.043000
3790.744730 13.830000 0.057000
3795.731830 13.492000 0.047000
3797.844660 13.347000 0.062000
3814.758360 12.397000 0.058000
3819.655780 12.116000 0.040000
3825.771400 12.130000 0.038000
3828.636930 12.284000 0.071000
3830.689040 12.278000 0.064000
3836.693850 12.290000 0.068000
3847.801760 12.329000 0.040000
3849.744520 12.402000 0.045000
3851.746470 12.520000 0.062000
3853.792870 12.457000 0.033000
3860.702340 12.812000 0.042000
3862.619330 12.884000 0.061000
3869.589940 13.103000 0.043000
3871.582190 13.129000 0.049000
3886.537160 14.088000 0.042000
3890.554350 14.252000 0.054000
3894.587210 13.893000 0.034000
4090.833370 11.998000 0.068000
4299.524110 14.295000 0.046000
4306.527770 13.756000 0.032000
4331.474020 12.767000 0.037000
4334.494660 12.570000 0.046000
4593.590390 14.288000 0.054000
4595.594000 13.862000 0.034000
4597.579970 13.861000 0.050000
4608.650970 13.078000 0.051000
4610.731840 12.932000 0.037000
4616.593890 12.359000 0.036000
4618.612810 12.169000 0.034000
4623.680580 11.772000 0.042000
4626.539330 11.601000 0.043000
4631.573810 11.611000 0.039000
4633.597260 11.509000 0.037000
4677.474700 13.197000 0.065000
4679.500100 13.267000 0.062000
4682.484610 13.389000 0.049000
1949.724020 12.213000 0.072000
1950.750800 12.316000 0.070000
1971.745090 12.331000 0.052000
1981.724260 12.635000 0.052000
1984.696040 12.756000 0.050000
1985.690770 13.002000 0.048000
1996.666840 13.626000 0.056000
2240.848650 11.875000 0.055000
2242.854250 12.385000 0.065000
2244.850540 12.060000 0.060000
2248.831140 12.507000 0.056000
2250.842160 12.589000 0.060000
2257.840450 13.000000 0.064000
2442.474420 13.580000 0.044000
2444.477490 13.275000 0.050000
2469.512310 11.942000 0.054000
2482.531020 11.686000 0.057000
2489.478300 11.661000 0.062000
2495.480110 11.809000 0.053000
2498.471740 11.963000 0.059000
2745.678760 11.415000 0.037000
3005.819380 11.822000 0.046000
3020.841200 11.531000 0.034000
3047.745870 12.033000 0.036000
3051.738080 12.184000 0.059000
3076.789890 13.097000 0.042000
3492.774790 13.647000 0.085000
3504.585560 12.716000 0.075000
3518.653400 11.852000 0.071000
3530.562500 11.617000 0.078000
3539.503310 11.247000 0.083000
3559.566190 10.900000 0.047000
3787.896960 13.985000 0.080000
3800.713940 13.233000 0.073000
3805.750060 12.916000 0.082000
3808.740540 12.779000 0.078000
3812.740370 12.321000 0.077000
3816.781650 12.302000 0.073000
3821.714960 12.133000 0.088000
3823.745710 12.122000 0.082000
3832.686430 12.237000 0.075000
3834.676970 12.338000 0.077000
3856.574420 12.531000 0.096000
4304.490690 13.853000 0.041000
4315.526970 13.486000 0.052000
4339.475240 12.087000 0.053000
4343.473730 11.492000 0.071000
4647.639200 11.756000 0.060000
4650.548400 11.764000 0.066000
4892.727620 11.971000 0.055000
4909.685900 11.707000 0.065000
4916.819390 11.772000 0.070000
4919.659240 11.772000 0.047000
4921.820040 11.820000 0.063000
4932.675690 12.199000 0.044000
4934.702420 12.330000 0.045000
4946.659090 12.814000 0.079000
4962.590050 13.485000 0.053000
4964.630860 13.641000 0.070000
1870.859960 29.999000 0.078000
1873.861140 29.999000 0.080000
1876.851910 29.999000 0.067000
1878.850350 29.999000 0.061000
1880.850130 29.999000 0.061000
1885.829690 29.999000 0.051000
1887.833060 29.999000 0.051000
1889.828780 29.999000 0.069000
1905.806520 29.999000 0.056000
1907.802970 29.999000 0.044000
1977.695930 29.999000 0.050000
1978.727490 29.999000 0.062000
1979.698530 29.999000 0.051000
1980.699850 29.999000 0.054000
1993.706950 29.999000 0.055000
1994.674060 29.999000 0.052000
1997.666670 29.999000 0.056000
1998.665140 29.999000 0.062000
2000.656490 29.999000 0.058000
2008.628130 29.999000 0.065000
2011.624450 29.999000 0.060000
2014.625670 29.999000 0.062000
2018.612430 29.999000 0.065000
2025.583400 29.999000 0.047000
2027.597120 29.999000 0.058000
2030.579000 29.999000 0.071000
2031.603360 29.999000 0.059000
2032.585930 29.999000 0.061000
2033.580520 29.999000 0.051000
2034.578160 29.999000 0.047000
2037.603570 29.999000 0.061000
2038.597670 29.999000 0.065000
2052.524300 29.999000 0.072000
2053.551930 29.999000 0.062000
2054.547560 29.999000 0.073000
2055.531820 29.999000 0.067000
2056.535710 29.999000 0.062000
2057.534100 29.999000 0.066000
2058.528080 29.999000 0.073000
2062.527500 29.999000 0.071000
2064.519010 29.999000 0.068000
2067.501780 29.999000 0.073000
2069.500610 29.999000 0.067000
2070.520600 29.999000 0.049000
2078.474870 29.999000 0.073000
2081.474430 29.999000 0.053000
2083.561440 29.999000 0.056000
2086.491380 29.999000 0.056000
2088.494870 29.999000 0.058000
2093.562360 29.999000 0.053000
2103.493990 29.999000 0.054000
2105.529290 29.999000 0.057000
2130.468810 29.999000 0.053000
2252.831050 29.999000 0.062000
2264.831010 29.999000 0.069000
2266.830250 29.999000 0.069000
2270.803040 29.999000 0.070000
2622.849770 29.999000 0.034000
2625.853140 29.999000 0.032000
2629.815980 29.999000 0.036000
2635.814600 29.999000 0.032000
2638.856010 29.999000 0.035000
2642.810830 29.999000 0.028000
2645.830130 29.999000 0.027000
2649.858370 29.999000 0.044000
2651.837050 29.999000 0.035000
2655.796420 29.999000 0.031000
2658.808090 29.999000 0.030000
2660.860860 29.999000 0.034000
2662.819270 29.999000 0.031000
2664.817450 29.999000 0.039000
2666.852210 29.999000 0.035000
2669.807880 29.999000 0.030000
2672.783350 29.999000 0.034000
2674.826600 29.999000 0.030000
2676.787260 29.999000 0.029000
2678.778350 29.999000 0.029000
2680.773880 29.999000 0.033000
2684.743580 29.999000 0.031000
2686.752060 29.999000 0.033000
2690.749850 29.999000 0.028000
2692.806990 29.999000 0.035000
2694.750230 29.999000 0.033000
2696.788950 29.999000 0.030000
2698.822560 29.999000 0.036000
2710.708720 29.999000 0.030000
2717.678140 29.999000 0.031000
2797.533620 29.999000 0.036000
2821.507400 29.999000 0.037000
2826.521910 29.999000 0.031000
2829.561700 29.999000 0.051000
2831.590760 29.999000 0.035000
2835.555610 29.999000 0.034000
2838.547860 29.999000 0.034000
2841.562330 29.999000 0.032000
2843.539520 29.999000 0.049000
2851.559290 29.999000 0.030000
2855.520430 29.999000 0.034000
2859.521470 29.999000 0.033000
2861.519830 29.999000 0.033000
2868.488180 29.999000 0.032000
2872.494160 29.999000 0.032000
2876.485890 29.999000 0.030000
2879.474420 29.999000 0.031000
2975.845950 29.999000 0.030000
2983.837920 29.999000 0.036000
3069.783010 29.999000 0.037000
3085.729120 29.999000 0.034000
3087.733870 29.999000 0.053000
3091.770310 29.999000 0.037000
3096.701620 29.999000 0.029000
3098.699250 29.999000 0.030000
3101.688440 29.999000 0.048000
3103.681840 29.999000 0.032000
3105.676140 29.999000 0.032000
3107.680770 29.999000 0.028000
3109.683360 29.999000 0.029000
3111.761120 29.999000 0.053000
3113.733180 29.999000 0.033000
3115.745560 29.999000 0.035000
3118.812120 29.999000 0.035000
3122.635370 29.999000 0.028000
3124.649700 29.999000 0.030000
3126.643090 29.999000 0.031000
3129.610500 29.999000 0.035000
3131.607420 29.999000 0.031000
3133.610930 29.999000 0.029000
3144.622820 29.999000 0.029000
3146.667960 29.999000 0.035000
3153.577000 29.999000 0.032000
3156.558830 29.999000 0.047000
3158.717710 29.999000 0.034000
3162.515340 29.999000 0.033000
3164.534500 29.999000 0.032000
3167.543170 29.999000 0.031000
3169.598860 29.999000 0.037000
3176.608190 29.999000 0.041000
3179.527630 29.999000 0.040000
3184.497510 29.999000 0.030000
3186.585910 29.999000 0.031000
3189.617250 29.999000 0.034000
3219.507970 29.999000 0.041000
3384.799370 29.999000 0.083000
3394.849940 29.999000 0.042000
3397.810640 29.999000 0.070000
3400.797740 29.999000 0.046000
3403.815110 29.999000 0.033000
3406.783410 29.999000 0.088000
3409.784720 29.999000 0.035000
3412.776750 29.999000 0.039000
3414.828450 29.999000 0.034000
3417.756020 29.999000 0.041000
3419.821010 29.999000 0.091000
3422.746370 29.999000 0.080000
3424.788500 29.999000 0.088000
3426.768320 29.999000 0.031000
3431.809390 29.999000 0.089000
3433.846470 29.999000 0.095000
3438.737190 29.999000 0.048000
3442.732770 29.999000 0.047000
3444.740770 29.999000 0.055000
3446.754360 29.999000 0.078000
3448.747900 29.999000 0.088000
3450.730210 29.999000 0.051000
3453.663230 29.999000 0.077000
3455.670820 29.999000 0.071000
3457.711850 29.999000 0.058000
3459.707980 29.999000 0.035000
3461.741260 29.999000 0.044000
3463.856160 29.999000 0.057000
3466.628280 29.999000 0.067000
3468.793180 29.999000 0.035000
3473.671580 29.999000 0.049000
3475.764700 29.999000 0.065000
3477.763480 29.999000 0.078000
3481.655000 29.999000 0.044000
3484.638480 29.999000 0.082000
3487.792410 29.999000 0.039000
3716.838410 29.999000 0.036000
3720.834140 29.999000 0.036000
3724.850630 29.999000 0.036000
3727.858510 29.999000 0.037000
3732.837560 29.999000 0.059000
3736.819630 29.999000 0.077000
3739.839710 29.999000 0.051000
3743.835370 29.999000 0.049000
3747.823520 29.999000 0.035000
3753.861400 29.999000 0.037000
3758.812910 29.999000 0.073000
3761.819380 29.999000 0.063000
3764.812880 29.999000 0.090000
3767.826130 29.999000 0.036000
3770.797720 29.999000 0.062000
3773.785590 29.999000 0.061000
3776.777500 29.999000 0.071000
3779.771180 29.999000 0.066000
3792.796810 29.999000 0.064000
3803.716080 29.999000 0.087000
3867.590440 29.999000 0.075000
3882.531340 29.999000 0.092000
3888.555430 29.999000 0.050000
3897.567220 29.999000 0.039000
3899.598360 29.999000 0.041000
3901.638680 29.999000 0.042000
3903.640630 29.999000 0.043000
3905.639410 29.999000 0.042000
3907.647660 29.999000 0.055000
4172.902330 29.999000 0.061000
4177.826050 29.999000 0.066000
4180.711690 29.999000 0.057000
4184.753110 29.999000 0.079000
4187.852670 29.999000 0.039000
4190.652490 29.999000 0.034000
4196.636860 29.999000 0.067000
4198.685280 29.999000 0.063000
4200.805100 29.999000 0.045000
4203.729700 29.999000 0.073000
4205.732340 29.999000 0.061000
4208.819510 29.999000 0.067000
4212.829180 29.999000 0.041000
4227.603290 29.999000 0.039000
4229.613250 29.999000 0.058000
4231.618340 29.999000 0.067000
4233.620140 29.999000 0.049000
4235.618370 29.999000 0.070000
4237.635090 29.999000 0.050000
4249.543900 29.999000 0.044000
4253.544370 29.999000 0.053000
4254.696210 29.999000 0.056000
4257.547130 29.999000 0.035000
4259.567600 29.999000 0.039000
4267.571220 29.999000 0.046000
4269.595110 29.999000 0.059000
4272.549260 29.999000 0.055000
4277.465560 29.999000 0.052000
4283.530190 29.999000 0.054000
4285.534670 29.999000 0.055000
4289.534590 29.999000 0.053000
4291.551510 29.999000 0.042000
4293.545020 29.999000 0.044000
4295.550920 29.999000 0.064000
4297.549060 29.999000 0.062000
4312.520590 29.999000 0.063000
4319.496700 29.999000 0.042000
4457.845630 29.999000 0.060000
4476.849350 29.999000 0.049000
4480.801970 29.999000 0.067000
4491.793140 29.999000 0.037000
4499.765910 29.999000 0.054000
4502.787770 29.999000 0.065000
4508.778180 29.999000 0.051000
4511.767920 29.999000 0.058000
4518.747470 29.999000 0.034000
4522.795910 29.999000 0.038000
4524.863430 29.999000 0.053000
4527.717310 29.999000 0.052000
4535.799540 29.999000 0.037000
4537.813770 29.999000 0.051000
4540.689140 29.999000 0.046000
4542.725810 29.999000 0.048000
4551.865000 29.999000 0.053000
4554.655060 29.999000 0.047000
4560.784300 29.999000 0.056000
4563.630140 29.999000 0.042000
4565.695580 29.999000 0.041000
4567.684660 29.999000 0.040000
4569.682680 29.999000 0.057000
4571.681290 29.999000 0.034000
4574.547160 29.999000 0.057000
4577.835100 29.999000 0.042000
4580.672890 29.999000 0.063000
4583.745520 29.999000 0.034000
4586.742190 29.999000 0.036000
4588.785380 29.999000 0.041000
4591.556940 29.999000 0.078000
4599.603710 29.999000 0.056000
4606.646900 29.999000 0.057000
4686.486670 29.999000 0.072000
4691.500640 29.999000 0.046000
4698.480770 29.999000 0.048000
4701.472390 29.999000 0.042000
4704.470750 29.999000 0.043000
4792.855520 29.999000 0.072000
4860.857660 29.999000 0.069000
4872.777390 29.999000 0.053000
4959.685280 29.999000 0.065000
4966.753410 29.999000 0.043000
4969.542640 29.999000 0.044000
4972.630810 29.999000 0.070000
4988.624610 29.999000 0.051000
4994.635630 29.999000 0.040000
5002.634560 29.999000 0.043000
5006.636650 29.999000 0.051000
5014.475600 29.999000 0.052000
5022.548830 29.999000 0.058000
5024.545120 29.999000 0.063000
5037.484010 29.999000 0.059000
5041.485440 29.999000 0.056000
5048.496150 29.999000 0.048000
5057.494300 29.999000 0.045000
5064.475200 29.999000 0.062000
2732.842570 13.140000 0.050000
1887.848590 14.375000 0.055000
1900.811090 14.326000 0.059000
1903.815480 13.990000 0.059000
1905.826590 14.109000 0.058000
1907.823160 13.897000 0.037000
1914.781860 13.805000 0.063000
1915.866790 13.581000 0.048000
1918.807640 13.548000 0.059000
1922.800430 13.205000 0.046000
1923.858930 13.077000 0.049000
1924.839800 12.927000 0.037000
1929.877270 12.557000 0.037000
1931.782690 12.559000 0.041000
1933.789600 12.355000 0.036000
1935.716890 12.421000 0.041000
1937.806990 12.356000 0.035000
1947.799040 12.171000 0.037000
1953.852580 12.271000 0.045000
1954.787180 12.204000 0.043000
1955.781320 12.203000 0.041000
1958.767850 12.238000 0.038000
1961.757490 12.290000 0.041000
1962.790570 12.247000 0.043000
1963.781680 12.270000 0.037000
1964.781970 12.296000 0.036000
1965.753670 12.288000 0.036000
1966.753360 12.344000 0.037000
1967.772160 12.360000 0.038000
1968.762000 12.324000 0.040000
1981.778670 12.903000 0.049000
1982.724310 12.880000 0.044000
2454.516770 12.850000 0.041000
2705.739520 14.165000 0.032000
2707.738940 13.832000 0.030000
2711.686110 12.315000 0.030000
2712.821210 13.726000 0.030000
2714.711460 13.769000 0.030000
2720.669870 12.954000 0.031000
2725.705670 12.510000 0.030000
2726.919060 12.435000 0.030000
2730.718500 12.101000 0.031000
2734.695670 11.843000 0.031000
2736.675670 11.756000 0.029000
2742.617760 11.451000 0.031000
2743.772610 11.416000 0.031000
2750.724530 11.265000 0.036000
2751.810210 11.249000 0.042000
2754.665650 11.266000 0.029000
2755.824690 11.272000 0.029000
2757.616850 11.338000 0.028000
2759.649610 11.429000 0.041000
2760.733640 11.439000 0.037000
2762.698310 11.554000 0.042000
2785.753900 12.173000 0.031000
2994.843120 13.022000 0.029000
2998.841910 12.426000 0.030000
3012.856630 11.603000 0.033000
3025.826870 11.652000 0.030000
3030.815310 11.670000 0.031000
3051.759540 12.096000 0.033000
3056.798180 12.278000 0.040000
3070.780130 13.026000 0.029000
3075.781120 13.090000 0.035000
3080.709740 13.424000 0.036000
3356.847930 14.057000 0.049000
3397.870740 15.016000 0.041000
3468.697730 14.754000 0.056000
3489.687680 13.683000 0.037000
3491.692770 13.710000 0.063000
3497.715160 13.143000 0.040000
3500.728370 12.778000 0.052000
3502.803110 12.662000 0.067000
3508.774570 12.428000 0.033000
3512.588680 12.280000 0.032000
3516.589680 12.095000 0.054000
3526.573760 11.734000 0.058000
3530.591600 11.606000 0.064000
3540.509050 11.215000 0.042000
3542.659480 11.158000 0.039000
3550.600700 10.983000 0.046000
3563.540040 10.899000 0.059000
3569.604790 11.056000 0.034000
3573.584430 11.156000 0.035000
3575.596490 11.307000 0.034000
3584.527730 11.643000 0.038000
3587.489600 11.819000 0.036000
3589.517240 11.851000 0.040000
3597.496010 12.285000 0.044000
3601.495760 12.496000 0.034000
3603.519490 12.660000 0.036000
3607.498140 12.883000 0.042000
3767.795140 14.233000 0.040000
3788.813730 13.933000 0.037000
3796.748060 13.389000 0.050000
3798.813520 13.301000 0.060000
3802.700320 13.044000 0.042000
3804.777290 13.116000 0.042000
3810.672520 12.536000 0.054000
3813.762830 12.329000 0.072000
3818.689030 12.214000 0.061000
3820.742300 12.160000 0.038000
3824.862360 12.125000 0.047000
3827.676190 12.134000 0.070000
3829.740860 12.166000 0.059000
3835.698870 12.340000 0.049000
3847.826070 12.365000 0.040000
3853.846080 12.540000 0.046000
3858.686370 12.641000 0.055000
3860.713110 12.674000 0.043000
3862.627280 12.862000 0.047000
3870.611720 13.508000 0.035000
3872.617030 13.401000 0.044000
3877.742570 13.596000 0.056000
3880.734710 13.738000 0.040000
3883.530030 13.803000 0.037000
3891.555410 14.425000 0.048000
4104.828830 12.570000 0.039000
4107.854840 12.117000 0.035000
4127.826750 12.350000 0.042000
4134.809510 12.614000 0.046000
4137.796280 12.842000 0.070000
4153.848850 13.633000 0.047000
4158.818370 14.050000 0.058000
4160.834390 14.011000 0.051000
4173.784380 14.678000 0.048000
4291.573240 14.664000 0.037000
4295.570050 14.297000 0.033000
4297.569770 13.852000 0.047000
4299.544030 13.976000 0.039000
4307.549260 13.533000 0.037000
4310.577420 13.492000 0.037000
4312.573620 13.747000 0.054000
4315.579680 13.379000 0.038000
4332.484490 12.676000 0.042000
4334.511490 12.506000 0.051000
4338.514220 12.315000 0.043000
4341.504420 11.715000 0.041000
4351.476710 10.986000 0.053000
4506.805770 15.682000 0.056000
4587.656650 14.162000 0.042000
4591.700930 14.382000 0.045000
4593.740350 14.145000 0.038000
4595.725560 13.944000 0.037000
4599.766700 13.854000 0.037000
4608.659930 13.012000 0.050000
4610.745370 12.892000 0.047000
4612.750850 12.794000 0.037000
4616.752580 12.295000 0.038000
4620.530740 11.973000 0.039000
4623.544100 11.793000 0.050000
4627.549010 11.579000 0.037000
4632.520680 11.516000 0.069000
4639.586570 11.625000 0.053000
4641.621440 11.601000 0.044000
4643.622620 11.778000 0.058000
4652.608970 11.912000 0.033000
4654.570900 11.981000 0.037000
4665.606800 12.474000 0.044000
4667.580160 12.567000 0.035000
4671.560170 12.882000 0.044000
4677.580680 13.241000 0.067000
4697.519530 14.200000 0.037000
4855.844910 14.288000 0.071000
4881.781720 12.696000 0.039000
4884.767490 12.472000 0.052000
4908.712720 11.654000 0.041000
1949.766860 12.243000 0.071000
1950.791920 12.253000 0.073000
1977.709110 12.605000 0.047000
1978.761270 12.577000 0.048000
1984.711540 12.911000 0.052000
1985.710770 12.921000 0.048000
1993.724890 13.621000 0.057000
1994.699570 13.394000 0.052000
1995.734230 13.748000 0.054000
1996.686960 13.418000 0.054000
2248.849860 12.679000 0.055000
2250.850550 12.633000 0.057000
2252.848890 12.725000 0.058000
2255.840630 12.977000 0.055000
2257.846750 13.025000 0.064000
2721.874150 13.050000 0.044000
2728.731270 12.244000 0.047000
3006.838670 11.756000 0.038000
3034.801920 11.701000 0.053000
3090.804440 13.865000 0.055000
3504.772830 12.665000 0.068000
3524.552850 11.869000 0.071000
3528.575200 11.567000 0.082000
3561.550760 11.053000 0.088000
3791.758010 13.797000 0.075000
3793.823850 13.629000 0.075000
3807.829380 12.698000 0.076000
3815.821350 12.272000 0.085000
3822.762970 12.118000 0.074000
3831.713230 12.161000 0.080000
3833.702750 12.157000 0.077000
3849.775610 12.417000 0.083000
3851.793570 12.379000 0.083000
3856.598750 12.634000 0.080000
3868.614020 13.093000 0.086000
3906.650270 14.667000 0.073000
4131.791370 12.428000 0.073000
4141.863390 13.149000 0.083000
4144.792910 13.172000 0.084000
4151.735310 13.524000 0.085000
4156.772290 13.894000 0.088000
4163.744230 14.010000 0.092000
4319.522670 13.796000 0.054000
4344.490980 11.478000 0.052000
4645.632460 11.727000 0.088000
4648.521080 11.673000 0.089000
4660.481280 12.184000 0.053000
4662.624920 12.216000 0.083000
4887.790490 12.245000 0.058000
4890.764110 12.205000 0.059000
4905.772650 11.564000 0.070000
4914.757550 11.875000 0.064000
4917.682120 11.673000 0.055000
4919.734410 11.956000 0.048000
4928.716640 11.954000 0.072000
4937.685880 12.454000 0.063000
4939.731200 12.603000 0.061000
4947.598880 12.679000 0.066000
4951.814470 12.978000 0.052000
4955.683550 13.396000 0.045000
4967.672440 13.867000 0.076000
4969.685760 13.890000 0.068000
1879.848150 29.999000 0.057000
2014.639300 29.999000 0.063000
2025.603930 29.999000 0.045000
2027.613090 29.999000 0.059000
2030.601770 29.999000 0.065000
2032.599750 29.999000 0.058000
2033.596550 29.999000 0.052000
2052.547300 29.999000 0.068000
2053.568560 29.999000 0.068000
2056.564360 29.999000 0.065000
2058.549080 29.999000 0.062000
2081.496380 29.999000 0.058000
2083.496600 29.999000 0.072000
2105.507210 29.999000 0.057000
2627.852960 29.999000 0.030000
2631.854330 29.999000 0.046000
2639.827990 29.999000 0.028000
2642.857670 29.999000 0.030000
2646.796910 29.999000 0.028000
2658.825650 29.999000 0.029000
2665.797630 29.999000 0.033000
2671.801840 29.999000 0.032000
2674.786430 29.999000 0.029000
2684.773490 29.999000 0.030000
2692.829730 29.999000 0.034000
2694.763430 29.999000 0.030000
2697.784850 29.999000 0.034000
2699.747850 29.999000 0.035000
2709.710440 29.999000 0.029000
2717.716930 29.999000 0.030000
2829.564700 29.999000 0.055000
2975.850260 29.999000 0.030000
2979.855730 29.999000 0.030000
2984.851830 29.999000 0.030000
3088.768100 29.999000 0.039000
3098.709750 29.999000 0.031000
3112.755850 29.999000 0.037000
3387.839340 29.999000 0.044000
3390.843840 29.999000 0.056000
3404.823290 29.999000 0.072000
3416.777660 29.999000 0.066000
3419.765030 29.999000 0.062000
3424.821040 29.999000 0.079000
3430.808580 29.999000 0.064000
3432.812540 29.999000 0.043000
3445.758620 29.999000 0.043000
3447.783360 29.999000 0.066000
3452.692610 29.999000 0.070000
3465.714490 29.999000 0.074000
3470.709200 29.999000 0.036000
3578.545950 29.999000 0.034000
3720.850010 29.999000 0.060000
3728.856250 29.999000 0.044000
3733.829960 29.999000 0.037000
3736.842260 29.999000 0.039000
3740.826180 29.999000 0.062000
3744.833040 29.999000 0.062000
3748.822570 29.999000 0.033000
3755.840020 29.999000 0.039000
3770.814880 29.999000 0.066000
3773.819420 29.999000 0.069000
3887.561190 29.999000 0.073000
3898.576980 29.999000 0.045000
3900.595940 29.999000 0.048000
3902.610230 29.999000 0.043000
3904.632170 29.999000 0.072000
3912.674270 29.999000 0.064000
4229.635100 29.999000 0.045000
4258.601220 29.999000 0.042000
5048.504510 29.999000 0.053000
5057.503500 29.999000 0.051000
1885.842870 29.999000 0.055000
1889.846890 29.999000 0.060000
2011.654430 29.999000 0.061000
2034.594170 29.999000 0.053000
2037.599450 29.999000 0.071000
2038.609370 29.999000 0.061000
2054.561630 29.999000 0.070000
2055.552730 29.999000 0.060000
2057.548170 29.999000 0.065000
2064.500900 29.999000 0.069000
2067.525830 29.999000 0.056000
2086.473970 29.999000 0.063000
2093.455960 29.999000 0.063000
2095.498830 29.999000 0.049000
2103.478810 29.999000 0.042000
2133.476800 29.999000 0.056000
2623.836990 29.999000 0.030000
2650.791320 29.999000 0.029000
2655.846860 29.999000 0.031000
2661.812760 29.999000 0.030000
2676.856690 29.999000 0.039000
2678.791410 29.999000 0.032000
2686.769700 29.999000 0.036000
2701.748650 29.999000 0.030000
2703.747150 29.999000 0.033000
2826.524910 29.999000 0.032000
2988.850890 29.999000 0.035000
3086.752260 29.999000 0.038000
3092.753520 29.999000 0.028000
3110.792340 29.999000 0.031000
3114.794950 29.999000 0.032000
3125.645890 29.999000 0.038000
3413.788790 29.999000 0.070000
3426.796500 29.999000 0.054000
3436.747520 29.999000 0.032000
3439.776480 29.999000 0.060000
3443.726570 29.999000 0.064000
3454.745060 29.999000 0.044000
3458.735240 29.999000 0.059000
3460.749080 29.999000 0.041000
3463.657600 29.999000 0.062000
3472.763250 29.999000 0.039000
3474.781260 29.999000 0.042000
3479.668590 29.999000 0.080000
3481.664460 29.999000 0.071000
3486.666860 29.999000 0.052000
3725.850640 29.999000 0.047000
3752.815220 29.999000 0.055000
3759.813950 29.999000 0.048000
3763.803130 29.999000 0.069000
3779.801910 29.999000 0.040000
3896.549680 29.999000 0.041000
4179.746740 29.999000 0.076000
4181.773370 29.999000 0.047000
4183.834480 29.999000 0.067000
4186.822090 29.999000 0.033000
4189.715630 29.999000 0.035000
4191.700970 29.999000 0.049000
4196.696170 29.999000 0.047000
4198.732010 29.999000 0.045000
4202.671640 29.999000 0.067000
4204.698630 29.999000 0.059000
4207.720060 29.999000 0.066000
4212.858730 29.999000 0.046000
4215.804730 29.999000 0.045000
4227.627640 29.999000 0.034000
4231.644370 29.999000 0.062000
4233.642000 29.999000 0.038000
4235.641030 29.999000 0.059000
4237.656260 29.999000 0.054000
4250.567450 29.999000 0.037000
4253.741150 29.999000 0.054000
4256.574110 29.999000 0.037000
4267.579560 29.999000 0.037000
4269.611180 29.999000 0.046000
4272.565320 29.999000 0.041000
4277.523940 29.999000 0.044000
4283.559770 29.999000 0.061000
4285.558810 29.999000 0.064000
4289.553760 29.999000 0.045000
4293.566830 29.999000 0.054000
4305.487290 29.999000 0.052000
4455.852370 29.999000 0.036000
4459.847430 29.999000 0.040000
4463.851240 29.999000 0.046000
4469.832450 29.999000 0.049000
4473.853900 29.999000 0.044000
4478.813020 29.999000 0.069000
4486.801640 29.999000 0.061000
4490.802000 29.999000 0.038000
4497.831680 29.999000 0.053000
4503.809930 29.999000 0.041000
4517.776460 29.999000 0.039000
4519.792210 29.999000 0.041000
4523.819570 29.999000 0.034000
4526.745990 29.999000 0.037000
4529.735240 29.999000 0.044000
4535.747440 29.999000 0.039000
4537.776310 29.999000 0.038000
4540.707730 29.999000 0.051000
4547.596070 29.999000 0.067000
4552.783970 29.999000 0.047000
4554.806150 29.999000 0.045000
4557.667990 29.999000 0.045000
4559.710960 29.999000 0.069000
4561.750280 29.999000 0.063000
4564.646470 29.999000 0.053000
4566.687450 29.999000 0.069000
4568.700140 29.999000 0.049000
4570.694410 29.999000 0.042000
4572.667740 29.999000 0.039000
4574.672940 29.999000 0.043000
4578.778310 29.999000 0.039000
4580.728600 29.999000 0.057000
4585.598470 29.999000 0.038000
4589.681890 29.999000 0.047000
4606.656800 29.999000 0.070000
4687.484140 29.999000 0.074000
4693.506390 29.999000 0.063000
4700.495230 29.999000 0.071000
4702.502450 29.999000 0.044000
4705.492230 29.999000 0.065000
4709.485540 29.999000 0.061000
4824.850200 29.999000 0.035000
4828.842070 29.999000 0.059000
4844.842250 29.999000 0.037000
4847.772390 29.999000 0.038000
4851.819420 29.999000 0.047000
4861.810120 29.999000 0.048000
4865.784270 29.999000 0.050000
4868.815110 29.999000 0.048000
4871.795330 29.999000 0.051000
4960.623570 29.999000 0.053000
4972.727780 29.999000 0.047000
4991.622020 29.999000 0.046000
4994.684480 29.999000 0.066000
5002.648990 29.999000 0.049000
5006.651920 29.999000 0.054000
5009.551470 29.999000 0.059000
5022.590400 29.999000 0.057000
5024.592720 29.999000 0.043000
5037.493190 29.999000 0.059000
5042.496210 29.999000 0.055000
