2998.828640 12.966000 0.042000
4649.557950 13.139000 0.049000
4653.612120 12.805000 0.041000
4655.556530 12.642000 0.046000
4660.586340 12.382000 0.056000
4664.649720 12.705000 0.056000
4667.560620 12.574000 0.043000
4671.553700 12.518000 0.049000
4677.578850 12.587000 0.054000
4679.586630 12.487000 0.054000
3356.853440 13.773000 0.063000
4682.570800 12.722000 0.064000
2454.494950 29.999000 0.038000
2490.537930 29.999000 0.043000
2500.507320 29.999000 0.054000
2665.851950 29.999000 0.045000
2685.768800 29.999000 0.042000
2695.795260 29.999000 0.043000
2783.739200 29.999000 0.044000
3387.835450 29.999000 0.053000
3390.839880 29.999000 0.060000
4106.823810 29.999000 0.064000
4127.828610 29.999000 0.048000
4133.847040 29.999000 0.071000
4136.826520 29.999000 0.060000
4139.814020 29.999000 0.046000
4142.807950 29.999000 0.056000
4145.796010 29.999000 0.054000
4149.806190 29.999000 0.048000
4152.774150 29.999000 0.042000
4154.846840 29.999000 0.059000
4160.753370 29.999000 0.040000
4162.814280 29.999000 0.059000
4167.748800 29.999000 0.053000
4175.720380 29.999000 0.059000
4183.700290 29.999000 0.054000
4436.846840 29.999000 0.044000
4440.854050 29.999000 0.059000
4455.843410 29.999000 0.061000
4463.839790 29.999000 0.042000
4467.821590 29.999000 0.053000
4471.841520 29.999000 0.056000
4480.846740 29.999000 0.058000
4484.874100 29.999000 0.045000
4487.848230 29.999000 0.050000
4507.808920 29.999000 0.047000
4522.768500 29.999000 0.039000
4527.761810 29.999000 0.067000
4532.754100 29.999000 0.036000
4809.855640 29.999000 0.048000
4816.845610 29.999000 0.045000
4820.832340 29.999000 0.053000
4824.834590 29.999000 0.071000
4828.833010 29.999000 0.066000
4836.825920 29.999000 0.064000
4844.850180 29.999000 0.058000
4848.810360 29.999000 0.044000
4851.859450 29.999000 0.042000
4855.853620 29.999000 0.047000
4861.814460 29.999000 0.073000
4868.823710 29.999000 0.048000
4871.811870 29.999000 0.048000
4875.820440 29.999000 0.046000
4881.796080 29.999000 0.045000
4884.785910 29.999000 0.045000
4890.771560 29.999000 0.057000
4894.806090 29.999000 0.051000
4898.811680 29.999000 0.055000
4902.806500 29.999000 0.050000
4905.732670 29.999000 0.062000
4908.714250 29.999000 0.057000
4914.762900 29.999000 0.051000
4917.696210 29.999000 0.053000
4919.746760 29.999000 0.048000
4931.659770 29.999000 0.053000
1913.842420 12.259000 0.053000
1920.768860 12.318000 0.063000
1928.859530 12.435000 0.051000
1929.867010 12.567000 0.045000
1931.755840 12.547000 0.049000
1935.848570 12.804000 0.043000
1937.802570 12.830000 0.046000
1939.787170 13.047000 0.041000
1945.850440 13.127000 0.042000
1947.781130 13.343000 0.047000
1949.728520 13.147000 0.046000
1950.760210 13.307000 0.045000
2641.848620 12.743000 0.041000
2651.826330 13.494000 0.042000
2654.861800 13.259000 0.042000
2664.827030 13.649000 0.038000
2669.814870 13.883000 0.041000
2986.827880 12.679000 0.044000
3012.797690 13.441000 0.044000
3016.837900 13.812000 0.043000
1953.761120 29.999000 0.046000
1958.756850 29.999000 0.050000
1961.746540 29.999000 0.049000
1962.781290 29.999000 0.059000
1963.751880 29.999000 0.049000
1964.756790 29.999000 0.046000
1965.740370 29.999000 0.048000
1966.749040 29.999000 0.046000
1967.753870 29.999000 0.050000
1968.739450 29.999000 0.051000
1971.751550 29.999000 0.052000
1977.700210 29.999000 0.057000
1978.736220 29.999000 0.062000
1979.712510 29.999000 0.063000
1980.704080 29.999000 0.062000
1981.726290 29.999000 0.055000
1982.704020 29.999000 0.054000
2034.585900 29.999000 0.063000
2053.565350 29.999000 0.066000
2055.547320 29.999000 0.077000
2056.555710 29.999000 0.071000
2071.527400 29.999000 0.072000
2083.551100 29.999000 0.070000
2086.476460 29.999000 0.075000
2116.469040 29.999000 0.052000
2125.501920 29.999000 0.060000
2129.504630 29.999000 0.047000
2135.500110 29.999000 0.064000
2142.481140 29.999000 0.059000
2145.472970 29.999000 0.053000
2440.516250 29.999000 0.038000
2445.563310 29.999000 0.049000
2454.515000 29.999000 0.057000
2465.501260 29.999000 0.040000
2467.486530 29.999000 0.031000
2469.482000 29.999000 0.041000
2482.491990 29.999000 0.057000
2491.479120 29.999000 0.051000
2497.489900 29.999000 0.046000
2499.508330 29.999000 0.048000
2502.501380 29.999000 0.055000
2503.520100 29.999000 0.057000
2511.501200 29.999000 0.053000
2521.475150 29.999000 0.050000
2526.479650 29.999000 0.055000
2658.787820 29.999000 0.038000
2660.852170 29.999000 0.046000
2662.810520 29.999000 0.038000
2672.795160 29.999000 0.038000
2674.831210 29.999000 0.037000
2678.782920 29.999000 0.040000
2686.761020 29.999000 0.041000
2692.816070 29.999000 0.037000
2694.759160 29.999000 0.041000
2701.744290 29.999000 0.041000
2703.742760 29.999000 0.038000
2707.734520 29.999000 0.039000
2711.673790 29.999000 0.038000
2712.811730 29.999000 0.041000
2717.696290 29.999000 0.041000
2719.851740 29.999000 0.050000
2724.864070 29.999000 0.042000
2726.724600 29.999000 0.044000
2728.713020 29.999000 0.044000
2730.709390 29.999000 0.045000
2732.823760 29.999000 0.052000
2734.672740 29.999000 0.041000
2736.659970 29.999000 0.040000
2738.662400 29.999000 0.043000
2740.681380 29.999000 0.041000
2742.593830 29.999000 0.042000
2743.751560 29.999000 0.048000
2749.812020 29.999000 0.050000
2755.618170 29.999000 0.034000
2756.753520 29.999000 0.036000
2757.840360 29.999000 0.050000
2761.619460 29.999000 0.037000
2762.729050 29.999000 0.050000
2763.843450 29.999000 0.048000
2775.652410 29.999000 0.038000
2782.690100 29.999000 0.048000
2784.613510 29.999000 0.038000
2785.758360 29.999000 0.044000
2787.700380 29.999000 0.044000
2790.763880 29.999000 0.048000
2793.527910 29.999000 0.039000
2796.520070 29.999000 0.044000
2808.676040 29.999000 0.045000
2810.558660 29.999000 0.040000
2811.713240 29.999000 0.046000
2813.643800 29.999000 0.051000
2819.546390 29.999000 0.039000
2821.576740 29.999000 0.049000
2826.554030 29.999000 0.033000
2829.575790 29.999000 0.043000
2831.599180 29.999000 0.035000
2833.571150 29.999000 0.052000
2834.638500 29.999000 0.052000
2836.552110 29.999000 0.035000
2839.608080 29.999000 0.044000
2842.532070 29.999000 0.059000
2845.528380 29.999000 0.033000
2853.481620 29.999000 0.037000
2854.565930 29.999000 0.031000
2858.567240 29.999000 0.038000
2862.537890 29.999000 0.040000
2866.555470 29.999000 0.047000
2875.504060 29.999000 0.049000
2877.502830 29.999000 0.044000
2879.507850 29.999000 0.041000
2883.487820 29.999000 0.042000
2885.506760 29.999000 0.045000
3019.823050 29.999000 0.042000
3025.794910 29.999000 0.039000
3030.780330 29.999000 0.045000
3033.804330 29.999000 0.042000
3036.816660 29.999000 0.042000
3041.798150 29.999000 0.041000
3043.820740 29.999000 0.039000
3047.759700 29.999000 0.039000
3051.747600 29.999000 0.038000
3053.825450 29.999000 0.042000
3056.776530 29.999000 0.040000
3059.747900 29.999000 0.050000
3061.807240 29.999000 0.037000
3064.744930 29.999000 0.041000
3067.831730 29.999000 0.041000
3069.790790 29.999000 0.044000
3071.778950 29.999000 0.043000
3073.860740 29.999000 0.046000
3076.707960 29.999000 0.041000
3078.759640 29.999000 0.042000
3080.780440 29.999000 0.057000
3082.850450 29.999000 0.047000
3089.669630 29.999000 0.040000
3091.736420 29.999000 0.040000
3093.719890 29.999000 0.039000
3097.697280 29.999000 0.042000
3099.743420 29.999000 0.045000
3101.774450 29.999000 0.046000
3103.805770 29.999000 0.045000
3105.782800 29.999000 0.045000
3107.785170 29.999000 0.045000
3109.824130 29.999000 0.046000
3112.609840 29.999000 0.042000
3114.673610 29.999000 0.044000
3116.668740 29.999000 0.040000
3121.645720 29.999000 0.036000
3125.641640 29.999000 0.046000
3127.656640 29.999000 0.045000
3129.701640 29.999000 0.043000
3131.717680 29.999000 0.046000
3133.720810 29.999000 0.046000
3144.732680 29.999000 0.043000
3153.613540 29.999000 0.043000
3158.678130 29.999000 0.046000
3160.680380 29.999000 0.044000
3163.689930 29.999000 0.046000
3165.693140 29.999000 0.044000
3168.713510 29.999000 0.045000
3177.711800 29.999000 0.036000
3180.613140 29.999000 0.046000
3183.607190 29.999000 0.044000
3185.598760 29.999000 0.045000
3187.629690 29.999000 0.044000
4806.753790 29.999000 0.067000
1875.851770 12.701000 0.080000
1877.852840 12.649000 0.062000
1879.846460 12.527000 0.059000
1881.840390 12.449000 0.055000
1887.830570 12.447000 0.055000
1903.790320 12.234000 0.062000
1905.789650 12.155000 0.070000
1907.785670 12.212000 0.054000
1915.798830 12.277000 0.052000
1919.869680 12.328000 0.048000
1921.780620 12.462000 0.047000
1922.879640 12.418000 0.046000
1925.816270 12.504000 0.046000
1926.817770 12.458000 0.043000
1928.839130 12.583000 0.057000
1929.849030 12.611000 0.046000
1931.751880 12.685000 0.055000
1933.756690 12.655000 0.044000
1935.846040 12.808000 0.043000
1937.779790 12.787000 0.048000
1939.774460 12.841000 0.043000
1945.839400 13.087000 0.048000
1947.778740 13.176000 0.046000
1949.724610 13.132000 0.074000
1950.751380 13.424000 0.070000
1953.754980 13.406000 0.051000
1955.759790 13.454000 0.048000
1961.744980 13.751000 0.052000
1965.738830 13.790000 0.050000
1966.736260 13.835000 0.050000
2241.851740 12.122000 0.064000
2249.834860 12.211000 0.066000
2255.834200 12.086000 0.069000
2622.837640 12.143000 0.039000
2625.836730 12.278000 0.040000
2635.802260 12.641000 0.050000
2638.827370 12.714000 0.040000
2641.846620 12.757000 0.037000
2644.837750 12.988000 0.038000
2649.827170 13.330000 0.039000
2651.822200 13.301000 0.034000
2654.857700 13.445000 0.038000
2658.783750 13.641000 0.034000
2660.817750 13.357000 0.034000
2662.799390 13.863000 0.033000
2664.818310 13.958000 0.034000
2672.791190 13.855000 0.034000
2955.861750 12.145000 0.037000
2963.856910 12.160000 0.040000
2977.828320 12.331000 0.034000
2981.829690 12.611000 0.034000
2985.828550 12.654000 0.040000
2992.847740 12.697000 0.036000
2996.809040 13.054000 0.034000
3007.789880 13.459000 0.034000
3016.840710 13.748000 0.033000
3354.837230 13.512000 0.076000
3358.828360 13.633000 0.068000
3593.514470 13.499000 0.042000
3601.513810 12.465000 0.047000
3604.490090 12.470000 0.055000
3608.482700 12.211000 0.049000
3618.474850 12.118000 0.058000
3704.848930 13.320000 0.054000
3708.848910 13.410000 0.051000
3714.842180 13.749000 0.075000
3981.485600 10.903000 0.072000
4285.601090 13.882000 0.045000
4289.605940 13.451000 0.044000
4291.609640 13.086000 0.044000
4293.599990 13.023000 0.040000
4295.606940 12.822000 0.048000
4297.603120 12.716000 0.048000
4299.573520 12.486000 0.061000
4301.539610 12.361000 0.049000
4303.569180 12.234000 0.041000
4305.555210 12.108000 0.047000
4310.588180 11.911000 0.042000
4316.556010 11.800000 0.040000
4331.503210 11.670000 0.046000
4333.511250 11.697000 0.039000
4344.482920 11.935000 0.061000
4347.485090 11.990000 0.041000
4350.479870 12.029000 0.042000
4353.474560 12.067000 0.042000
4484.849040 12.106000 0.048000
4639.524810 13.277000 0.042000
4641.576490 13.162000 0.045000
4643.579900 13.164000 0.047000
4645.589940 13.252000 0.069000
4649.641030 12.972000 0.052000
4651.658850 12.736000 0.043000
4654.482370 12.685000 0.042000
4656.496160 12.598000 0.073000
4661.507610 12.655000 0.048000
4663.565140 13.102000 0.067000
4666.540160 12.601000 0.047000
4674.565340 12.599000 0.046000
4681.510290 12.745000 0.062000
4683.514090 12.533000 0.068000
4685.519840 12.693000 0.060000
4687.531630 12.624000 0.067000
4690.519050 12.848000 0.052000
4694.498670 12.957000 0.053000
4698.499380 13.179000 0.047000
4700.509660 12.982000 0.039000
4702.514400 13.256000 0.058000
4709.489450 13.454000 0.081000
4994.644640 11.685000 0.050000
5021.597900 11.227000 0.058000
5023.597410 11.170000 0.054000
4647.611210 13.085000 0.087000
4972.595950 13.197000 0.051000
5042.535060 11.599000 0.060000
5047.524140 11.792000 0.054000
1954.765670 29.999000 0.054000
1962.765800 29.999000 0.055000
1963.750330 29.999000 0.053000
1964.752800 29.999000 0.050000
1967.752340 29.999000 0.053000
1968.733160 29.999000 0.055000
1977.689740 29.999000 0.062000
1978.732430 29.999000 0.066000
1979.711000 29.999000 0.067000
1980.702570 29.999000 0.067000
1981.720280 29.999000 0.060000
1982.702500 29.999000 0.057000
1984.692060 29.999000 0.061000
1985.693540 29.999000 0.062000
1994.681910 29.999000 0.071000
1995.690930 29.999000 0.071000
2025.580130 29.999000 0.042000
2030.584820 29.999000 0.064000
2032.582850 29.999000 0.063000
2033.586390 29.999000 0.058000
2052.530760 29.999000 0.081000
2053.556190 29.999000 0.077000
2055.540670 29.999000 0.080000
2056.549140 29.999000 0.077000
2057.542950 29.999000 0.075000
2058.534820 29.999000 0.078000
2064.528650 29.999000 0.077000
2067.508690 29.999000 0.079000
2068.532290 29.999000 0.076000
2070.488790 29.999000 0.075000
2081.587360 29.999000 0.060000
2083.555410 29.999000 0.063000
2086.483010 29.999000 0.072000
2088.488970 29.999000 0.072000
2103.474770 29.999000 0.050000
2105.505460 29.999000 0.063000
2136.484150 29.999000 0.048000
2452.459930 29.999000 0.052000
2454.519240 29.999000 0.055000
2459.487300 29.999000 0.043000
2463.468260 29.999000 0.039000
2465.503130 29.999000 0.046000
2467.488380 29.999000 0.039000
2469.493150 29.999000 0.050000
2473.463900 29.999000 0.049000
2482.502910 29.999000 0.058000
2491.497050 29.999000 0.062000
2495.468090 29.999000 0.054000
2502.521670 29.999000 0.064000
2508.478690 29.999000 0.041000
2512.479650 29.999000 0.041000
2521.472170 29.999000 0.042000
2526.474240 29.999000 0.067000
2666.857620 29.999000 0.035000
2674.827290 29.999000 0.034000
2676.794910 29.999000 0.034000
2680.779000 29.999000 0.035000
2684.746420 29.999000 0.033000
2686.754880 29.999000 0.037000
2690.757370 29.999000 0.043000
2694.757600 29.999000 0.036000
2697.723930 29.999000 0.035000
2699.741960 29.999000 0.039000
2701.742740 29.999000 0.040000
2703.741220 29.999000 0.040000
2705.733550 29.999000 0.042000
2707.732970 29.999000 0.049000
2709.699000 29.999000 0.035000
2711.666580 29.999000 0.034000
2712.802860 29.999000 0.038000
2714.689350 29.999000 0.033000
2717.694740 29.999000 0.036000
2721.725470 29.999000 0.036000
2723.693300 29.999000 0.035000
2724.857920 29.999000 0.035000
2728.695420 29.999000 0.040000
2730.691760 29.999000 0.041000
2732.800330 29.999000 0.048000
2734.666560 29.999000 0.037000
2736.658360 29.999000 0.036000
2738.656150 29.999000 0.037000
2740.661570 29.999000 0.036000
2742.589820 29.999000 0.033000
2743.744830 29.999000 0.035000
2745.696510 29.999000 0.044000
2749.777530 29.999000 0.036000
2751.590510 29.999000 0.032000
2755.611880 29.999000 0.034000
2756.744250 29.999000 0.031000
2757.830810 29.999000 0.053000
2759.840700 29.999000 0.046000
2761.617650 29.999000 0.036000
2769.704940 29.999000 0.035000
2782.569510 29.999000 0.032000
2783.715460 29.999000 0.034000
2785.649960 29.999000 0.034000
2787.603850 29.999000 0.031000
2790.629260 29.999000 0.034000
2791.733740 29.999000 0.034000
2794.592350 29.999000 0.033000
2809.667630 29.999000 0.034000
2811.628780 29.999000 0.035000
2813.610410 29.999000 0.040000
2820.619310 29.999000 0.036000
2822.658110 29.999000 0.044000
2830.540310 29.999000 0.037000
2832.520150 29.999000 0.035000
2834.521340 29.999000 0.038000
2836.518710 29.999000 0.038000
2842.513090 29.999000 0.045000
2845.509360 29.999000 0.037000
2851.511660 29.999000 0.035000
2854.502750 29.999000 0.039000
2858.503770 29.999000 0.036000
2860.503670 29.999000 0.036000
2862.506790 29.999000 0.037000
2866.506550 29.999000 0.037000
2875.484930 29.999000 0.038000
2877.486050 29.999000 0.036000
2879.495560 29.999000 0.032000
2883.484840 29.999000 0.033000
3025.781810 29.999000 0.031000
3030.778300 29.999000 0.033000
3033.802470 29.999000 0.038000
3036.791420 29.999000 0.031000
3040.874390 29.999000 0.033000
3043.784750 29.999000 0.032000
3047.739350 29.999000 0.034000
3051.724730 29.999000 0.034000
3053.816070 29.999000 0.036000
3056.772000 29.999000 0.032000
3061.802660 29.999000 0.031000
3064.740440 29.999000 0.033000
3067.790850 29.999000 0.032000
3069.788980 29.999000 0.034000
3071.777110 29.999000 0.035000
3073.858900 29.999000 0.034000
3078.757760 29.999000 0.034000
3080.778630 29.999000 0.042000
3082.832560 29.999000 0.034000
3086.806930 29.999000 0.035000
3089.667770 29.999000 0.033000
3091.708350 29.999000 0.033000
3093.718010 29.999000 0.033000
3097.695400 29.999000 0.032000
3099.741530 29.999000 0.034000
3107.783200 29.999000 0.035000
3109.793660 29.999000 0.031000
3112.607870 29.999000 0.032000
3114.671600 29.999000 0.032000
3116.664020 29.999000 0.033000
3121.638520 29.999000 0.032000
3131.715510 29.999000 0.035000
3133.718630 29.999000 0.035000
3144.730360 29.999000 0.032000
3153.547150 29.999000 0.031000
3158.648910 29.999000 0.034000
3160.647770 29.999000 0.037000
3163.655740 29.999000 0.032000
3165.657140 29.999000 0.035000
3168.680790 29.999000 0.032000
3171.666050 29.999000 0.037000
3175.653520 29.999000 0.032000
3180.594580 29.999000 0.035000
3183.596520 29.999000 0.032000
3185.590390 29.999000 0.033000
3187.606730 29.999000 0.033000
3190.626990 29.999000 0.034000
3362.832780 29.999000 0.059000
3386.847450 29.999000 0.046000
3390.788180 29.999000 0.055000
3394.835390 29.999000 0.043000
3397.814250 29.999000 0.064000
3400.811360 29.999000 0.045000
3403.837370 29.999000 0.065000
3406.789280 29.999000 0.048000
3409.775300 29.999000 0.088000
3414.858600 29.999000 0.040000
3417.764470 29.999000 0.080000
3419.827680 29.999000 0.045000
3422.750300 29.999000 0.058000
3424.789230 29.999000 0.044000
3426.771560 29.999000 0.048000
3430.849870 29.999000 0.049000
3436.775310 29.999000 0.038000
3439.764610 29.999000 0.054000
3443.710230 29.999000 0.061000
3445.737320 29.999000 0.078000
3447.751420 29.999000 0.082000
3452.679640 29.999000 0.051000
3454.729390 29.999000 0.041000
3456.741910 29.999000 0.040000
3458.731190 29.999000 0.053000
3460.743330 29.999000 0.044000
3468.682540 29.999000 0.076000
3470.691220 29.999000 0.048000
3472.699600 29.999000 0.056000
3476.854640 29.999000 0.071000
3478.761980 29.999000 0.040000
3480.754370 29.999000 0.049000
3489.628100 29.999000 0.048000
3491.634210 29.999000 0.046000
3495.630870 29.999000 0.042000
3497.668060 29.999000 0.049000
3500.675540 29.999000 0.057000
3502.698020 29.999000 0.093000
3508.726260 29.999000 0.036000
3510.774510 29.999000 0.039000
3512.627900 29.999000 0.053000
3516.630280 29.999000 0.048000
3524.538030 29.999000 0.052000
3528.559690 29.999000 0.047000
3530.571620 29.999000 0.044000
3539.571650 29.999000 0.042000
3550.536800 29.999000 0.048000
3558.642230 29.999000 0.070000
3560.648930 29.999000 0.088000
3563.486830 29.999000 0.039000
3565.488800 29.999000 0.057000
3569.551430 29.999000 0.040000
3573.555560 29.999000 0.041000
3575.573120 29.999000 0.044000
3583.519910 29.999000 0.055000
3585.572760 29.999000 0.052000
3588.509120 29.999000 0.041000
3699.855140 29.999000 0.062000
3719.829120 29.999000 0.044000
3724.826770 29.999000 0.041000
3727.829350 29.999000 0.076000
3731.848380 29.999000 0.052000
3735.818960 29.999000 0.066000
3739.802850 29.999000 0.055000
3750.807390 29.999000 0.046000
3753.839310 29.999000 0.053000
3756.816040 29.999000 0.045000
3759.836960 29.999000 0.064000
3765.817810 29.999000 0.066000
3769.772890 29.999000 0.076000
3772.805430 29.999000 0.078000
3775.781350 29.999000 0.079000
3778.766370 29.999000 0.087000
3790.749320 29.999000 0.074000
3792.801670 29.999000 0.047000
3795.733640 29.999000 0.046000
3797.862680 29.999000 0.040000
3800.718210 29.999000 0.051000
3803.709230 29.999000 0.070000
3808.747520 29.999000 0.048000
3810.816500 29.999000 0.050000
3813.686380 29.999000 0.072000
3817.743360 29.999000 0.051000
3819.780360 29.999000 0.048000
3822.660150 29.999000 0.059000
3824.720790 29.999000 0.043000
3826.714750 29.999000 0.040000
3828.750520 29.999000 0.046000
3835.686400 29.999000 0.042000
3837.723920 29.999000 0.065000
3847.705190 29.999000 0.048000
3849.668530 29.999000 0.047000
3851.668010 29.999000 0.045000
3853.706820 29.999000 0.044000
3858.593780 29.999000 0.077000
3860.621570 29.999000 0.054000
3862.599990 29.999000 0.042000
3864.626420 29.999000 0.045000
3866.641940 29.999000 0.040000
3868.679340 29.999000 0.055000
3872.672600 29.999000 0.058000
3875.765780 29.999000 0.056000
3881.623250 29.999000 0.039000
3883.693200 29.999000 0.059000
3887.650720 29.999000 0.042000
3889.650150 29.999000 0.049000
3891.578070 29.999000 0.044000
3893.587920 29.999000 0.045000
3896.651030 29.999000 0.041000
3898.687170 29.999000 0.054000
3900.694830 29.999000 0.050000
3902.710270 29.999000 0.051000
3905.487660 29.999000 0.049000
3907.507250 29.999000 0.042000
3910.660590 29.999000 0.055000
4090.822450 29.999000 0.051000
4103.850970 29.999000 0.069000
4106.843930 29.999000 0.049000
4126.834880 29.999000 0.041000
4129.818260 29.999000 0.040000
4132.800060 29.999000 0.049000
4135.784970 29.999000 0.069000
4141.781020 29.999000 0.060000
4147.754680 29.999000 0.049000
4151.715110 29.999000 0.041000
4153.806560 29.999000 0.049000
4156.737710 29.999000 0.053000
4158.811300 29.999000 0.048000
4160.823010 29.999000 0.040000
4162.779190 29.999000 0.073000
4164.786240 29.999000 0.066000
4167.738110 29.999000 0.043000
4172.790630 29.999000 0.058000
4175.693230 29.999000 0.052000
4177.832480 29.999000 0.069000
4180.713270 29.999000 0.043000
4182.809230 29.999000 0.045000
4187.889550 29.999000 0.041000
4190.647710 29.999000 0.039000
4192.695450 29.999000 0.045000
4194.737690 29.999000 0.039000
4200.687970 29.999000 0.039000
4203.688370 29.999000 0.068000
4205.693080 29.999000 0.043000
4208.759150 29.999000 0.054000
4212.806680 29.999000 0.043000
4215.748970 29.999000 0.047000
4228.634020 29.999000 0.048000
4230.637580 29.999000 0.045000
4232.635210 29.999000 0.039000
4234.637050 29.999000 0.043000
4238.697350 29.999000 0.056000
4245.565680 29.999000 0.048000
4246.752310 29.999000 0.048000
4250.506890 29.999000 0.041000
4253.729350 29.999000 0.048000
4256.570370 29.999000 0.039000
4258.591990 29.999000 0.041000
4266.700420 29.999000 0.045000
4274.539820 29.999000 0.041000
4277.561120 29.999000 0.042000
4283.605670 29.999000 0.072000
4431.849360 29.999000 0.046000
4435.842720 29.999000 0.048000
4439.844680 29.999000 0.048000
4443.841960 29.999000 0.038000
4453.821130 29.999000 0.060000
4457.820000 29.999000 0.044000
4461.811160 29.999000 0.046000
4464.829580 29.999000 0.052000
4467.853070 29.999000 0.047000
4471.817190 29.999000 0.047000
4476.832730 29.999000 0.061000
4479.828590 29.999000 0.047000
4487.824460 29.999000 0.045000
4491.800360 29.999000 0.045000
4494.803560 29.999000 0.043000
4498.815700 29.999000 0.043000
4501.797490 29.999000 0.042000
4504.786560 29.999000 0.046000
4507.781640 29.999000 0.051000
4510.778600 29.999000 0.057000
4516.797540 29.999000 0.077000
4518.805260 29.999000 0.044000
4520.856770 29.999000 0.046000
4523.736470 29.999000 0.039000
4525.800580 29.999000 0.039000
4530.822960 29.999000 0.041000
4533.850910 29.999000 0.040000
4536.738590 29.999000 0.039000
4538.776170 29.999000 0.040000
4540.827930 29.999000 0.054000
4543.686470 29.999000 0.060000
4547.751610 29.999000 0.044000
4552.738570 29.999000 0.039000
4554.766340 29.999000 0.042000
4561.695580 29.999000 0.051000
4563.730990 29.999000 0.042000
4565.779530 29.999000 0.039000
4567.839390 29.999000 0.061000
4570.606510 29.999000 0.041000
4572.646210 29.999000 0.042000
4574.666480 29.999000 0.051000
4576.694840 29.999000 0.059000
4579.802360 29.999000 0.040000
4583.598950 29.999000 0.042000
4586.627530 29.999000 0.046000
4588.677920 29.999000 0.045000
4590.755490 29.999000 0.045000
4593.550430 29.999000 0.045000
4595.599900 29.999000 0.044000
4597.589810 29.999000 0.040000
4599.619530 29.999000 0.043000
4601.624580 29.999000 0.051000
4603.652700 29.999000 0.041000
4607.653010 29.999000 0.039000
4609.713840 29.999000 0.054000
4611.680000 29.999000 0.070000
4616.546390 29.999000 0.039000
4618.579540 29.999000 0.045000
4623.671610 29.999000 0.051000
4626.533570 29.999000 0.039000
4630.565170 29.999000 0.039000
4632.593170 29.999000 0.067000
4807.836640 29.999000 0.047000
4815.822360 29.999000 0.066000
4819.855280 29.999000 0.047000
4823.823630 29.999000 0.046000
4827.814830 29.999000 0.048000
4831.813580 29.999000 0.047000
4834.838130 29.999000 0.048000
4838.802340 29.999000 0.055000
4845.850520 29.999000 0.041000
4848.829950 29.999000 0.066000
4851.855070 29.999000 0.045000
4855.832420 29.999000 0.054000
4860.873880 29.999000 0.039000
4863.830790 29.999000 0.044000
4866.821610 29.999000 0.046000
4869.815500 29.999000 0.043000
4872.780670 29.999000 0.046000
4875.845390 29.999000 0.052000
4881.744840 29.999000 0.048000
4884.733560 29.999000 0.050000
4887.782450 29.999000 0.056000
4890.739500 29.999000 0.053000
4894.757620 29.999000 0.048000
4898.776450 29.999000 0.046000
4902.778840 29.999000 0.052000
4905.730410 29.999000 0.051000
4908.684900 29.999000 0.056000
4914.729020 29.999000 0.060000
4916.822730 29.999000 0.053000
4919.660960 29.999000 0.077000
4921.820980 29.999000 0.070000
4926.699570 29.999000 0.047000
4929.748080 29.999000 0.057000
4932.700720 29.999000 0.054000
4934.725050 29.999000 0.049000
4936.762060 29.999000 0.060000
4938.822810 29.999000 0.047000
4959.636430 29.999000 0.048000
4968.780220 29.999000 0.062000
