2135.552560 11.931000 0.045000
2143.494450 12.252000 0.045000
2144.520440 12.245000 0.047000
2151.493870 12.555000 0.048000
3449.877310 11.473000 0.042000
3453.802790 11.421000 0.042000
2140.513710 12.103000 0.058000
3450.880810 11.475000 0.041000
3453.843800 11.460000 0.043000
1947.883740 12.163000 0.046000
1954.859210 12.786000 0.048000
1955.857200 12.766000 0.042000
1961.886500 13.026000 0.046000
1963.866870 13.336000 0.043000
1965.862440 13.476000 0.041000
1967.865000 13.613000 0.045000
2083.649110 12.114000 0.049000
2103.612440 11.422000 0.050000
2109.601740 11.433000 0.044000
2115.571630 11.498000 0.045000
2116.576640 11.523000 0.048000
2117.575500 11.518000 0.047000
2124.551460 11.652000 0.048000
2125.567300 11.648000 0.048000
2130.567890 11.782000 0.044000
2133.551420 11.808000 0.047000
2134.544940 11.877000 0.049000
2135.546010 11.933000 0.046000
2142.517250 12.238000 0.047000
2156.483390 12.853000 0.045000
2164.492100 13.332000 0.038000
2172.482510 13.538000 0.040000
2463.640630 13.636000 0.037000
2467.612440 13.680000 0.042000
2470.537200 13.532000 0.039000
2474.622500 13.274000 0.043000
2482.595890 13.018000 0.050000
2489.560350 12.358000 0.044000
2493.560260 12.459000 0.049000
2495.567360 12.340000 0.043000
2497.557870 12.306000 0.037000
2498.545970 12.289000 0.040000
2499.539510 12.133000 0.037000
2508.570560 12.350000 0.045000
2510.530660 12.110000 0.051000
2511.592330 12.211000 0.042000
2512.651390 12.362000 0.052000
2519.653660 12.430000 0.044000
2521.655670 12.483000 0.043000
2678.873120 11.040000 0.043000
2688.872900 10.944000 0.045000
2693.863570 11.016000 0.041000
2698.856800 11.140000 0.046000
2701.843530 11.219000 0.043000
2704.845660 11.320000 0.042000
2706.866530 11.393000 0.041000
2711.830900 11.625000 0.042000
2713.867420 11.722000 0.040000
2717.847580 11.937000 0.042000
2720.817800 12.164000 0.047000
2725.786820 12.528000 0.041000
2729.832670 12.790000 0.045000
2732.869270 13.092000 0.042000
2734.839910 13.159000 0.042000
2736.813160 13.312000 0.042000
2738.829160 13.468000 0.041000
2851.586700 13.355000 0.036000
2855.620880 13.252000 0.040000
2861.568260 12.624000 0.039000
2862.678140 12.586000 0.043000
2866.678940 12.193000 0.043000
2867.736390 12.103000 0.042000
2872.525580 11.770000 0.039000
2874.722860 11.531000 0.043000
2876.640200 11.536000 0.042000
2878.630410 11.514000 0.046000
2883.559840 11.455000 0.041000
2888.495220 11.536000 0.042000
2892.495970 11.593000 0.047000
2897.616940 11.722000 0.051000
2899.601380 11.831000 0.052000
2904.640020 11.950000 0.050000
2910.503200 12.245000 0.042000
2916.490190 12.627000 0.046000
2917.590140 12.733000 0.042000
2921.589270 13.143000 0.043000
2923.579800 13.136000 0.045000
2931.512750 13.493000 0.042000
2933.522110 13.701000 0.041000
2935.523390 13.621000 0.043000
2937.522440 13.876000 0.043000
2943.502830 13.997000 0.042000
3054.884190 11.992000 0.041000
3055.817170 11.956000 0.049000
3057.824220 11.681000 0.050000
3059.855940 11.573000 0.042000
3067.896810 11.474000 0.041000
3075.861160 11.435000 0.042000
3080.852280 11.413000 0.044000
3086.898610 11.547000 0.041000
3090.836580 11.622000 0.045000
3096.912840 11.809000 0.043000
3102.858790 12.006000 0.044000
3107.891340 12.361000 0.042000
3113.808020 12.608000 0.041000
3114.719110 12.567000 0.049000
3116.796170 12.837000 0.042000
3125.750380 13.595000 0.043000
3127.747930 13.555000 0.048000
3266.536290 11.085000 0.038000
3278.608640 11.122000 0.047000
3292.534500 11.719000 0.045000
3298.504180 11.886000 0.040000
3426.862420 13.053000 0.044000
3443.875030 11.762000 0.048000
3446.885370 11.625000 0.041000
3456.840810 11.437000 0.046000
3463.816540 11.449000 0.050000
3469.842120 11.403000 0.042000
3472.863910 11.392000 0.044000
3475.825950 11.443000 0.048000
3478.787560 11.457000 0.050000
3481.789400 11.520000 0.048000
3483.820580 11.597000 0.044000
3489.866520 11.753000 0.046000
3499.784270 11.990000 0.053000
3502.750370 12.210000 0.044000
3504.789850 12.401000 0.046000
3510.824680 12.562000 0.040000
3517.775010 13.022000 0.045000
3521.734670 13.489000 0.046000
3528.687160 13.655000 0.048000
3530.729380 13.860000 0.047000
3606.663200 13.910000 0.047000
3616.497670 13.281000 0.048000
3618.601790 13.228000 0.047000
3628.491320 13.011000 0.042000
3630.572050 12.706000 0.044000
3632.579190 12.394000 0.043000
3634.607250 12.204000 0.043000
3637.619230 12.235000 0.043000
3641.575760 11.881000 0.040000
3643.620260 11.770000 0.041000
3647.556670 11.681000 0.038000
3654.493710 11.588000 0.050000
3659.520890 11.570000 0.043000
3661.539240 11.538000 0.043000
3663.543060 11.494000 0.043000
3666.544970 11.816000 0.046000
3670.503030 11.549000 0.043000
3676.507380 11.695000 0.048000
3803.865260 13.089000 0.052000
3806.874550 13.119000 0.046000
3810.865340 12.758000 0.049000
3814.850630 12.342000 0.051000
3817.763970 12.189000 0.045000
3817.793460 12.201000 0.047000
3817.823840 12.187000 0.045000
3817.852910 12.170000 0.043000
3817.881540 12.143000 0.049000
3817.909400 12.184000 0.050000
3818.750470 12.123000 0.046000
3818.780280 12.116000 0.045000
3818.837760 12.168000 0.051000
3818.894870 12.157000 0.048000
3819.832480 12.035000 0.052000
3822.864440 11.937000 0.043000
3825.859610 11.725000 0.046000
3829.818930 11.560000 0.042000
3832.837830 11.362000 0.049000
3835.833260 11.314000 0.046000
3847.855400 11.245000 0.051000
3852.845250 11.321000 0.048000
3858.777070 11.457000 0.053000
3860.843280 11.533000 0.042000
3862.831730 11.541000 0.042000
3866.762190 11.574000 0.047000
3868.785160 11.576000 0.047000
3872.799880 11.718000 0.046000
3882.714170 12.048000 0.043000
3892.727660 12.446000 0.041000
3894.719760 12.489000 0.039000
3900.726290 12.772000 0.044000
3902.733480 12.810000 0.042000
3904.761830 13.129000 0.046000
3906.764190 13.125000 0.047000
3908.830210 13.116000 0.046000
4194.811120 13.280000 0.041000
4202.849950 12.865000 0.042000
4205.809040 12.692000 0.039000
4213.853930 12.210000 0.040000
4216.851650 12.019000 0.045000
4228.825310 11.763000 0.036000
4230.809790 11.721000 0.040000
4232.812920 11.825000 0.038000
4234.850700 11.771000 0.040000
4245.720140 11.839000 0.049000
4247.705130 11.767000 0.038000
4250.829860 11.905000 0.040000
4255.754470 11.943000 0.040000
4258.680060 12.125000 0.039000
4266.722750 12.451000 0.050000
4268.726600 12.712000 0.049000
4272.655190 13.044000 0.039000
4274.689900 13.205000 0.038000
4277.665240 13.221000 0.038000
4282.680260 13.600000 0.044000
4372.598640 13.670000 0.043000
4375.603340 13.531000 0.039000
4378.505010 13.346000 0.043000
4383.532950 13.433000 0.036000
4386.518110 13.090000 0.038000
4392.497140 12.900000 0.042000
4400.504620 12.547000 0.043000
4409.514080 12.326000 0.045000
4565.878660 13.473000 0.040000
4568.846870 13.047000 0.046000
4571.809410 13.324000 0.039000
4574.772500 12.903000 0.041000
4576.833650 12.765000 0.043000
4586.862750 12.506000 0.042000
4589.800610 12.123000 0.039000
4592.769770 11.912000 0.040000
4595.770960 11.942000 0.039000
4597.858330 11.792000 0.039000
4602.775820 11.605000 0.040000
4606.779770 11.527000 0.044000
4610.781420 11.478000 0.040000
4616.783590 11.365000 0.039000
4622.737510 11.322000 0.040000
4627.715470 11.242000 0.042000
4629.700800 11.293000 0.039000
4631.714670 11.304000 0.039000
4633.693970 11.302000 0.042000
4640.657530 11.377000 0.042000
4644.710630 11.502000 0.040000
4653.609710 11.962000 0.037000
4655.645850 12.076000 0.038000
4657.682440 12.203000 0.044000
4660.633770 12.442000 0.050000
4665.630480 12.691000 0.041000
4672.735120 13.246000 0.040000
4753.519200 13.786000 0.045000
4755.566890 13.819000 0.046000
4761.529170 13.288000 0.044000
4764.526060 13.518000 0.044000
4952.774600 13.358000 0.048000
4954.827800 13.284000 0.048000
4967.838820 12.587000 0.053000
5002.697360 11.165000 0.050000
5014.664450 11.451000 0.049000
5023.812400 11.733000 0.049000
5029.626980 12.019000 0.050000
5048.756040 13.490000 0.051000
1950.869340 12.272000 0.057000
2087.638990 11.787000 0.053000
2486.571320 12.585000 0.055000
2524.613380 12.707000 0.055000
3491.889920 11.706000 0.054000
3525.834000 13.749000 0.053000
3818.866030 12.131000 0.057000
4612.782790 11.254000 0.054000
4984.749610 11.163000 0.057000
4988.731320 11.057000 0.053000
5021.811480 11.584000 0.056000
5038.597590 12.534000 0.052000
5042.588710 13.026000 0.053000
5047.588120 13.201000 0.055000
1978.811970 29.999000 0.052000
1979.846050 29.999000 0.052000
1980.825050 29.999000 0.052000
1981.840120 29.999000 0.049000
1982.803770 29.999000 0.052000
1994.788660 29.999000 0.055000
1997.802470 29.999000 0.057000
2025.759740 29.999000 0.046000
2032.760860 29.999000 0.045000
2033.758750 29.999000 0.046000
2191.509580 29.999000 0.052000
2444.652220 29.999000 0.038000
2446.666270 29.999000 0.038000
2452.625710 29.999000 0.047000
2459.612820 29.999000 0.050000
2544.491660 29.999000 0.051000
2552.524260 29.999000 0.055000
2561.518280 29.999000 0.044000
2564.522320 29.999000 0.048000
2568.538530 29.999000 0.046000
2764.747500 29.999000 0.044000
2782.776360 29.999000 0.057000
2784.731450 29.999000 0.043000
2786.692230 29.999000 0.041000
2787.854650 29.999000 0.044000
2791.659460 29.999000 0.045000
2795.743520 29.999000 0.044000
2808.709760 29.999000 0.042000
2810.632950 29.999000 0.040000
2811.815720 29.999000 0.045000
2813.709120 29.999000 0.043000
2830.612630 29.999000 0.048000
2951.508000 29.999000 0.045000
3129.790930 29.999000 0.054000
3152.862280 29.999000 0.043000
3154.701840 29.999000 0.040000
3162.703430 29.999000 0.041000
3164.733690 29.999000 0.043000
3167.751730 29.999000 0.039000
3169.720320 29.999000 0.041000
3171.853240 29.999000 0.056000
3178.661490 29.999000 0.044000
3180.760540 29.999000 0.043000
3183.742810 29.999000 0.043000
3191.749470 29.999000 0.051000
3404.884030 29.999000 0.046000
3547.752840 29.999000 0.048000
3551.744810 29.999000 0.056000
3556.617340 29.999000 0.042000
3574.785470 29.999000 0.043000
3576.786620 29.999000 0.044000
3582.785070 29.999000 0.044000
3599.594620 29.999000 0.041000
3601.664520 29.999000 0.055000
3767.877720 29.999000 0.045000
3774.886550 29.999000 0.047000
3791.875720 29.999000 0.045000
4168.862800 29.999000 0.048000
4184.885180 29.999000 0.056000
4290.676410 29.999000 0.038000
4294.658760 29.999000 0.044000
4300.617570 29.999000 0.050000
4302.662540 29.999000 0.038000
4304.610340 29.999000 0.038000
4310.601570 29.999000 0.041000
4312.598600 29.999000 0.044000
4315.601130 29.999000 0.038000
4317.658190 29.999000 0.038000
4329.535020 29.999000 0.043000
4331.536980 29.999000 0.036000
4333.533330 29.999000 0.041000
4338.514340 29.999000 0.037000
4340.575790 29.999000 0.040000
4342.580470 29.999000 0.040000
4344.577460 29.999000 0.043000
4346.579940 29.999000 0.042000
4348.581590 29.999000 0.041000
4350.576760 29.999000 0.043000
4352.588990 29.999000 0.038000
4355.578060 29.999000 0.041000
4357.588030 29.999000 0.041000
4359.552130 29.999000 0.039000
4365.497960 29.999000 0.040000
4368.573140 29.999000 0.041000
4494.880170 29.999000 0.041000
4504.883770 29.999000 0.043000
4508.884910 29.999000 0.045000
4522.877090 29.999000 0.037000
4533.878400 29.999000 0.043000
4537.843700 29.999000 0.038000
4540.867880 29.999000 0.043000
4547.835240 29.999000 0.040000
4551.839690 29.999000 0.046000
4681.665010 29.999000 0.042000
4687.607670 29.999000 0.041000
4693.545400 29.999000 0.040000
4697.546890 29.999000 0.037000
4701.556810 29.999000 0.039000
4703.560970 29.999000 0.045000
4705.597190 29.999000 0.044000
4707.683750 29.999000 0.048000
4710.567860 29.999000 0.052000
4720.527580 29.999000 0.042000
4722.579580 29.999000 0.047000
4725.601960 29.999000 0.049000
4728.559750 29.999000 0.046000
4730.602370 29.999000 0.051000
4733.614410 29.999000 0.047000
4737.595960 29.999000 0.039000
4740.582410 29.999000 0.039000
4774.499890 29.999000 0.050000
4919.881150 29.999000 0.054000
4928.890620 29.999000 0.054000
5067.555020 29.999000 0.049000
5084.616290 29.999000 0.052000
5089.543900 29.999000 0.056000
5093.600490 29.999000 0.055000
5104.593670 29.999000 0.052000
5107.554950 29.999000 0.056000
5116.522010 29.999000 0.059000
5123.544530 29.999000 0.058000
1953.890540 12.431000 0.043000
1954.895730 12.605000 0.051000
1955.879750 12.549000 0.044000
1961.897260 13.168000 0.050000
1963.882200 13.010000 0.040000
1965.875440 13.202000 0.040000
1967.878010 13.441000 0.045000
2081.676160 12.227000 0.041000
2082.682850 12.191000 0.040000
2083.669310 12.105000 0.046000
2085.669450 11.994000 0.040000
2087.659260 12.589000 0.041000
2093.576460 11.559000 0.039000
2102.615340 11.467000 0.038000
2103.635090 11.429000 0.042000
2105.624120 11.448000 0.040000
2106.634010 11.413000 0.038000
2109.620010 11.494000 0.037000
2115.618440 11.502000 0.038000
2116.594980 11.508000 0.043000
2117.598330 11.522000 0.042000
2125.592500 11.625000 0.041000
2131.565420 11.848000 0.042000
2134.568370 11.843000 0.043000
2136.573130 11.926000 0.040000
2141.555620 12.148000 0.042000
2143.554720 12.173000 0.039000
2144.541310 12.273000 0.037000
2156.499920 12.758000 0.039000
2168.527950 13.284000 0.035000
2482.619200 12.788000 0.043000
2490.606690 12.614000 0.048000
2519.663950 12.518000 0.037000
2520.661830 12.429000 0.035000
2521.663730 12.526000 0.035000
2524.625390 12.680000 0.047000
2526.644120 12.747000 0.038000
2683.891710 10.983000 0.037000
2690.885520 11.044000 0.041000
2698.880430 11.196000 0.043000
2707.861650 11.453000 0.043000
2710.843940 11.565000 0.037000
2712.885370 11.749000 0.033000
2714.889320 11.753000 0.039000
2719.855760 12.036000 0.040000
2726.806130 12.610000 0.032000
2728.855260 12.656000 0.037000
2730.859580 12.835000 0.033000
2733.873620 13.290000 0.033000
2735.852690 13.188000 0.035000
2737.849920 13.311000 0.034000
2739.846900 13.557000 0.037000
2741.849970 13.872000 0.040000
2853.744710 13.202000 0.037000
2894.701560 11.658000 0.036000
3056.891960 11.756000 0.034000
3068.875560 11.460000 0.035000
3072.867360 11.477000 0.036000
3076.862260 11.511000 0.035000
3081.862260 11.482000 0.036000
3087.853480 11.559000 0.045000
3090.887710 11.655000 0.035000
3097.808110 11.836000 0.034000
3111.845810 12.348000 0.038000
3114.841070 12.637000 0.033000
3266.562340 11.061000 0.032000
3410.887570 13.820000 0.038000
3422.883900 13.280000 0.038000
3426.880500 13.041000 0.036000
3430.874540 12.574000 0.035000
3444.837570 11.673000 0.037000
3447.871300 11.568000 0.043000
3456.868440 11.389000 0.035000
3467.879660 11.431000 0.038000
3470.861300 11.402000 0.036000
3476.879660 11.386000 0.044000
3479.845090 11.493000 0.046000
3481.868830 11.503000 0.040000
3490.874990 11.598000 0.042000
3502.783750 12.156000 0.040000
3504.822040 12.264000 0.042000
3508.822870 12.484000 0.036000
3511.767040 12.681000 0.037000
3517.801690 12.891000 0.038000
3521.747000 13.324000 0.046000
3523.782770 13.405000 0.045000
3525.844150 13.488000 0.039000
3602.574540 13.831000 0.036000
3609.518390 13.659000 0.039000
3616.515390 13.318000 0.040000
3620.608620 13.263000 0.039000
3622.691860 12.981000 0.038000
3628.498790 12.682000 0.035000
3630.578760 12.756000 0.035000
3632.585140 12.456000 0.036000
3641.582190 11.921000 0.033000
3643.628700 11.775000 0.036000
3646.640260 12.301000 0.038000
3796.877840 14.126000 0.036000
3800.879710 13.195000 0.045000
3804.861620 13.125000 0.042000
3808.866380 12.892000 0.042000
3812.859000 12.566000 0.039000
3819.857710 11.946000 0.048000
3826.855980 11.628000 0.040000
3834.809300 11.392000 0.044000
3837.849920 11.259000 0.038000
3850.823960 11.223000 0.037000
3853.808570 11.345000 0.037000
3856.805150 11.397000 0.041000
3859.795750 11.492000 0.035000
3862.758140 11.588000 0.042000
3864.770210 11.543000 0.040000
3868.796380 11.648000 0.038000
3874.777930 11.814000 0.039000
3877.747980 11.827000 0.038000
3880.799710 12.001000 0.035000
3883.804690 12.071000 0.036000
3887.744700 12.393000 0.039000
3889.784970 12.222000 0.036000
3891.767290 12.407000 0.035000
3893.766850 12.462000 0.033000
3896.762150 12.539000 0.044000
3900.761640 12.719000 0.040000
3902.765270 12.885000 0.039000
3904.791890 13.032000 0.042000
3906.803910 13.161000 0.040000
3909.704580 13.302000 0.035000
3913.707500 13.517000 0.037000
4182.843910 14.218000 0.041000
4185.872120 13.704000 0.037000
4189.852770 13.414000 0.035000
4192.839330 13.485000 0.044000
4202.890460 12.809000 0.037000
4205.853240 12.667000 0.035000
4213.901610 12.148000 0.036000
4228.855110 11.778000 0.036000
4230.827840 11.727000 0.034000
4232.901400 11.781000 0.037000
4235.776490 11.738000 0.034000
4238.763650 11.732000 0.042000
4247.744730 11.720000 0.034000
4255.857960 12.142000 0.039000
4258.721490 12.122000 0.035000
4268.756480 12.582000 0.035000
4272.687360 12.912000 0.037000
4274.718830 12.883000 0.036000
4277.681440 13.084000 0.037000
4283.706210 13.334000 0.039000
4285.691600 13.410000 0.037000
4289.687750 13.619000 0.036000
4293.675100 13.916000 0.036000
4295.691830 14.094000 0.035000
4297.682300 14.316000 0.036000
4299.658310 14.393000 0.034000
4350.600270 14.516000 0.036000
4367.657350 14.121000 0.040000
4372.550390 13.681000 0.038000
4375.580000 13.666000 0.033000
4377.583190 13.121000 0.034000
4379.619480 13.509000 0.038000
4382.542210 13.318000 0.033000
4384.572970 13.225000 0.037000
4386.602090 12.978000 0.034000
4393.498450 12.737000 0.039000
4399.549560 12.760000 0.041000
4403.527290 12.463000 0.036000
4407.528130 12.432000 0.038000
4411.519270 12.219000 0.034000
4420.505540 11.938000 0.041000
4557.855990 14.065000 0.034000
4560.876920 13.847000 0.035000
4563.890860 13.512000 0.037000
4566.903110 13.349000 0.037000
4569.894810 13.120000 0.035000
4572.840140 12.819000 0.035000
4575.818650 12.626000 0.045000
4583.879450 12.397000 0.035000
4587.766340 12.206000 0.037000
4589.867230 12.137000 0.038000
4592.806560 11.915000 0.035000
4595.791700 11.793000 0.036000
4602.793070 11.565000 0.038000
4606.795970 11.566000 0.038000
4611.806950 11.367000 0.034000
4615.809330 11.316000 0.037000
4617.753070 11.330000 0.036000
4621.732100 11.333000 0.042000
4623.796030 11.266000 0.035000
4627.769620 11.213000 0.035000
4629.738030 11.267000 0.034000
4631.745040 11.238000 0.033000
4633.730820 11.294000 0.040000
4638.736020 11.321000 0.038000
4640.717160 11.413000 0.035000
4642.715120 11.486000 0.035000
4644.736130 11.528000 0.035000
4646.833440 11.612000 0.046000
4649.651090 11.783000 0.041000
4651.691660 11.817000 0.039000
4653.684580 11.931000 0.034000
4655.678290 11.984000 0.034000
4657.711490 12.121000 0.036000
4660.673940 12.345000 0.035000
4665.658430 12.609000 0.036000
4672.752160 13.102000 0.036000
4675.758670 13.233000 0.038000
4681.688340 13.884000 0.041000
4685.664110 13.925000 0.044000
4687.634440 14.233000 0.045000
4755.531590 14.031000 0.048000
4760.552730 13.632000 0.046000
4766.535790 13.258000 0.045000
4769.528530 13.019000 0.045000
4775.519430 12.949000 0.043000
4787.511420 12.421000 0.043000
4879.893940 14.322000 0.039000
4947.824850 13.501000 0.044000
4955.824100 12.886000 0.044000
4967.871630 12.427000 0.043000
4984.779030 11.153000 0.043000
4988.762930 11.040000 0.044000
4993.763600 11.042000 0.043000
5006.728330 11.200000 0.049000
5012.741270 11.701000 0.051000
5014.696920 11.435000 0.042000
5024.685390 11.763000 0.045000
5029.656770 12.025000 0.042000
5067.566730 14.136000 0.044000
1947.892550 12.177000 0.049000
2056.731300 14.015000 0.042000
3495.844650 11.815000 0.051000
3499.802050 11.923000 0.047000
3528.711390 13.785000 0.047000
3586.692460 14.796000 0.050000
3822.885750 11.862000 0.047000
3830.856000 11.478000 0.051000
3847.883230 11.194000 0.046000
4161.872090 14.186000 0.045000
4245.763770 11.658000 0.050000
4670.735930 13.449000 0.051000
4730.605710 14.778000 0.047000
4763.550430 13.458000 0.048000
4779.522000 12.555000 0.049000
4783.524350 12.565000 0.052000
4938.907420 13.825000 0.050000
4959.851160 12.717000 0.048000
4974.751630 11.888000 0.051000
5009.696930 11.208000 0.049000
5022.681470 11.578000 0.049000
5038.628930 12.469000 0.049000
5040.627450 12.887000 0.053000
5042.616690 12.643000 0.047000
5047.614580 12.925000 0.048000
5049.617830 13.420000 0.052000
1978.853080 29.999000 0.051000
1982.824020 29.999000 0.054000
1994.804280 29.999000 0.052000
2008.756710 29.999000 0.057000
2011.732460 29.999000 0.058000
2016.764570 29.999000 0.056000
2025.793290 29.999000 0.036000
2026.836470 29.999000 0.041000
2027.795260 29.999000 0.038000
2032.782770 29.999000 0.037000
2033.780690 29.999000 0.036000
2037.750930 29.999000 0.043000
2052.738320 29.999000 0.042000
2055.734640 29.999000 0.043000
2761.792440 29.999000 0.035000
2770.821380 29.999000 0.056000
2775.829680 29.999000 0.039000
2786.724680 29.999000 0.036000
2810.654090 29.999000 0.036000
2811.845110 29.999000 0.036000
2826.761590 29.999000 0.045000
2830.638450 29.999000 0.039000
3127.782170 29.999000 0.041000
3154.744210 29.999000 0.032000
3164.803160 29.999000 0.034000
3184.673410 29.999000 0.035000
3189.716320 29.999000 0.038000
3414.889430 29.999000 0.043000
3539.770110 29.999000 0.044000
3552.736320 29.999000 0.046000
3555.733390 29.999000 0.046000
3558.830700 29.999000 0.039000
3562.828120 29.999000 0.039000
3564.736760 29.999000 0.033000
3572.818610 29.999000 0.038000
3574.844070 29.999000 0.038000
3588.737970 29.999000 0.050000
3604.580980 29.999000 0.038000
3792.870920 29.999000 0.043000
4142.890180 29.999000 0.037000
4153.883240 29.999000 0.040000
4157.880110 29.999000 0.040000
4165.869290 29.999000 0.041000
4301.645830 29.999000 0.040000
4304.843360 29.999000 0.041000
4310.631920 29.999000 0.034000
4312.629750 29.999000 0.038000
4315.635810 29.999000 0.035000
4330.753360 29.999000 0.040000
4332.642750 29.999000 0.034000
4342.598300 29.999000 0.036000
4344.596090 29.999000 0.044000
4346.597780 29.999000 0.038000
4352.610220 29.999000 0.036000
4355.597630 29.999000 0.037000
4357.604030 29.999000 0.037000
4508.889830 29.999000 0.038000
4519.892890 29.999000 0.041000
4523.891370 29.999000 0.036000
4530.868980 29.999000 0.035000
4537.861720 29.999000 0.032000
4540.889330 29.999000 0.038000
4548.849180 29.999000 0.035000
4552.852760 29.999000 0.040000
4693.586590 29.999000 0.039000
4697.587460 29.999000 0.034000
4701.590340 29.999000 0.035000
4703.595620 29.999000 0.038000
4705.631520 29.999000 0.040000
4707.712560 29.999000 0.046000
4710.584580 29.999000 0.041000
4715.569480 29.999000 0.039000
4720.530880 29.999000 0.039000
4725.605300 29.999000 0.049000
4740.585720 29.999000 0.036000
4747.517470 29.999000 0.043000
4752.608770 29.999000 0.043000
4757.575100 29.999000 0.047000
4884.889060 29.999000 0.043000
4888.878610 29.999000 0.048000
4892.880250 29.999000 0.043000
4905.861410 29.999000 0.044000
4916.879510 29.999000 0.044000
4920.851740 29.999000 0.049000
4934.850980 29.999000 0.048000
5075.550040 29.999000 0.046000
5093.626630 29.999000 0.053000
5097.627310 29.999000 0.054000
5105.572290 29.999000 0.047000
