2685.869370 14.036000 0.031000
2695.797270 13.173000 0.036000
2703.868310 12.678000 0.040000
2726.775770 12.605000 0.031000
2728.772330 12.593000 0.032000
2744.827360 12.976000 0.034000
3575.464670 12.174000 0.037000
3575.467240 12.189000 0.039000
3575.469870 12.149000 0.047000
3575.472300 12.163000 0.041000
3575.474780 12.238000 0.041000
3575.477280 12.142000 0.055000
3575.479760 12.249000 0.045000
3575.482260 12.164000 0.041000
3575.484760 12.179000 0.041000
3575.488000 12.182000 0.038000
3575.490500 12.165000 0.040000
3575.493000 12.270000 0.057000
3575.495490 12.141000 0.046000
3575.498750 12.312000 0.046000
3575.505040 12.152000 0.054000
3575.512200 12.184000 0.055000
3575.517830 12.302000 0.050000
3575.523080 12.211000 0.042000
3575.536110 12.272000 0.052000
3575.550590 12.205000 0.038000
3575.580910 12.211000 0.038000
3575.609380 12.265000 0.044000
3575.637120 12.249000 0.050000
3575.665450 12.223000 0.040000
3575.693020 12.170000 0.043000
2701.783300 12.876000 0.041000
2454.562430 29.999000 0.041000
2463.539020 29.999000 0.039000
2783.630320 29.999000 0.048000
3134.730510 29.999000 0.035000
1914.855030 13.874000 0.054000
2025.668880 12.473000 0.056000
2026.682340 12.450000 0.055000
2027.674310 12.413000 0.059000
2031.675580 12.300000 0.055000
2032.661430 12.268000 0.060000
2033.653400 12.331000 0.058000
2055.611350 12.146000 0.065000
2056.615060 12.334000 0.059000
2057.603520 12.218000 0.053000
2058.607710 12.309000 0.066000
2067.605310 12.674000 0.065000
2081.553070 13.546000 0.063000
2083.539050 13.554000 0.053000
2085.548590 13.667000 0.055000
2086.548230 13.861000 0.065000
2087.544250 13.855000 0.065000
2088.542880 13.959000 0.065000
2093.545070 14.327000 0.062000
2094.549460 14.569000 0.058000
2158.503340 14.584000 0.056000
2440.567830 14.547000 0.033000
2443.564960 14.755000 0.029000
2520.514390 13.264000 0.036000
2694.900440 13.552000 0.038000
2697.837450 13.133000 0.039000
2699.810040 12.990000 0.037000
2707.783330 12.582000 0.036000
2709.782800 12.570000 0.037000
2711.770490 12.544000 0.038000
2713.770230 12.521000 0.036000
2715.760770 12.567000 0.038000
2721.829470 12.584000 0.047000
2724.776790 12.588000 0.038000
2725.741540 12.591000 0.035000
2727.763560 12.562000 0.037000
2734.718360 12.762000 0.038000
2736.720980 12.779000 0.040000
2738.739490 12.904000 0.040000
2744.711360 13.048000 0.040000
2749.847240 13.264000 0.047000
2751.671760 13.271000 0.039000
2755.684060 13.493000 0.037000
2757.664840 13.602000 0.042000
2759.711990 13.721000 0.042000
2761.653700 13.735000 0.039000
2764.705130 13.946000 0.039000
2853.534810 13.380000 0.034000
2858.569910 12.812000 0.037000
2862.540430 12.546000 0.036000
2872.547680 12.119000 0.038000
2876.502160 12.120000 0.042000
2878.503170 12.106000 0.037000
2886.490110 12.295000 0.039000
2905.486080 12.723000 0.035000
3031.854810 12.768000 0.037000
3035.848740 12.316000 0.039000
3052.822470 11.891000 0.039000
3055.846010 11.948000 0.039000
3061.830940 12.072000 0.037000
3064.875730 12.218000 0.042000
3068.767860 12.231000 0.039000
3070.860220 12.366000 0.037000
3073.800000 12.405000 0.044000
3077.848830 12.758000 0.035000
3082.848960 12.902000 0.040000
3086.823110 13.206000 0.038000
3089.760620 13.421000 0.044000
3096.812750 13.632000 0.041000
3104.777290 13.905000 0.045000
3176.542210 14.631000 0.036000
3268.496820 13.779000 0.045000
3386.863510 12.495000 0.048000
3395.869320 12.360000 0.047000
3399.834640 12.440000 0.052000
3406.828730 12.525000 0.046000
3413.823180 12.466000 0.060000
3419.856690 12.599000 0.045000
3425.814850 13.010000 0.040000
3436.827060 13.443000 0.051000
3517.721270 14.482000 0.050000
3521.831830 14.237000 0.055000
3523.640570 14.526000 0.043000
3542.576950 12.914000 0.046000
3554.685960 12.147000 0.041000
3562.547920 12.085000 0.054000
3564.547940 11.982000 0.038000
3570.629920 12.024000 0.053000
3574.575990 12.157000 0.046000
3576.601720 12.261000 0.046000
3578.601590 12.293000 0.061000
3584.586390 12.430000 0.041000
3601.565940 13.232000 0.049000
3603.572530 13.380000 0.057000
3606.576620 13.835000 0.054000
3618.502390 14.406000 0.041000
3742.862790 12.498000 0.039000
3751.849090 12.902000 0.042000
3754.858210 12.918000 0.043000
3761.847270 13.402000 0.051000
3765.847910 13.601000 0.052000
3773.861920 13.920000 0.041000
3783.862310 14.152000 0.048000
3789.808660 14.683000 0.054000
3880.714050 13.286000 0.056000
3882.760400 13.122000 0.038000
3887.633420 12.911000 0.057000
3889.632610 12.759000 0.043000
3891.604710 12.532000 0.040000
3899.642150 12.306000 0.066000
3901.690930 12.225000 0.045000
3903.697910 12.290000 0.038000
3905.687830 12.163000 0.057000
3907.689120 12.277000 0.039000
4203.764540 13.466000 0.057000
4205.760990 13.211000 0.052000
4208.853440 13.302000 0.058000
4213.811370 13.023000 0.056000
4227.732010 12.004000 0.039000
4229.734840 12.027000 0.052000
4233.741650 11.736000 0.047000
4235.740230 11.687000 0.060000
4246.670460 11.619000 0.035000
4255.742930 11.854000 0.048000
4258.567860 11.942000 0.044000
4273.630830 12.765000 0.034000
4284.526460 13.381000 0.065000
4292.584400 13.809000 0.041000
4294.592670 14.383000 0.041000
4557.804110 13.774000 0.042000
4560.735600 13.484000 0.038000
4562.801450 13.427000 0.062000
4565.730000 12.877000 0.063000
4567.775040 12.969000 0.046000
4570.704040 12.625000 0.035000
4572.736420 12.549000 0.039000
4574.724120 12.401000 0.042000
4580.741770 12.295000 0.041000
4583.876010 12.193000 0.041000
4589.711120 12.374000 0.040000
4591.716390 12.411000 0.058000
4593.751710 12.333000 0.050000
4595.815900 12.454000 0.039000
4597.706240 12.365000 0.040000
4601.734220 12.451000 0.061000
4607.730830 12.615000 0.061000
4610.599680 12.920000 0.055000
4612.650910 13.203000 0.040000
4617.628750 13.196000 0.042000
4620.638720 13.154000 0.051000
4622.804270 13.159000 0.056000
4643.692410 13.992000 0.057000
4726.496440 13.393000 0.061000
4729.490810 13.192000 0.041000
4734.479740 12.618000 0.044000
4954.654590 13.444000 0.050000
2016.700250 12.907000 0.055000
2018.696290 12.865000 0.056000
2040.653990 12.173000 0.065000
2052.600250 12.167000 0.068000
2053.633210 12.190000 0.067000
2054.629590 12.220000 0.072000
2068.590650 12.734000 0.071000
2069.588690 12.723000 0.074000
2070.576860 12.749000 0.070000
2079.543510 13.410000 0.072000
2096.529590 14.365000 0.059000
2498.512410 14.657000 0.046000
2510.509760 13.685000 0.062000
2894.485800 12.447000 0.044000
3080.776460 12.932000 0.052000
3390.856380 12.447000 0.061000
3409.868280 12.519000 0.075000
3416.874810 12.454000 0.068000
3422.851020 12.858000 0.079000
3521.635690 14.429000 0.069000
3551.711990 12.263000 0.047000
3558.561410 12.183000 0.070000
3586.612430 12.503000 0.071000
3875.645020 13.797000 0.074000
3877.724070 13.485000 0.057000
3897.637610 12.260000 0.062000
4107.862920 12.824000 0.052000
4216.796200 12.739000 0.063000
4231.742830 11.876000 0.071000
4253.712450 11.823000 0.052000
4286.536260 13.330000 0.065000
4587.639150 12.118000 0.049000
4907.843060 12.796000 0.054000
4915.823850 12.539000 0.050000
4918.759650 12.460000 0.052000
4921.753410 12.538000 0.051000
4926.852050 12.572000 0.063000
4937.711650 12.960000 0.049000
4939.761320 12.810000 0.054000
4945.687300 13.113000 0.063000
4947.745530 13.172000 0.079000
4949.751820 13.231000 0.061000
4951.845000 13.258000 0.078000
4967.711720 13.712000 0.060000
4969.725640 13.721000 0.062000
5057.592800 13.112000 0.056000
5085.517050 11.940000 0.051000
1918.843420 29.999000 0.059000
1920.857980 29.999000 0.053000
1932.834280 29.999000 0.039000
1936.850780 29.999000 0.038000
1961.828160 29.999000 0.034000
1967.777850 29.999000 0.036000
1978.755520 29.999000 0.044000
1979.764870 29.999000 0.048000
1983.878990 29.999000 0.043000
1993.793980 29.999000 0.049000
1997.750400 29.999000 0.045000
1998.743490 29.999000 0.053000
2019.693740 29.999000 0.061000
2102.500190 29.999000 0.056000
2104.512630 29.999000 0.050000
2131.508950 29.999000 0.060000
2133.522270 29.999000 0.053000
2135.530240 29.999000 0.062000
2141.530490 29.999000 0.058000
2441.568920 29.999000 0.038000
2442.565280 29.999000 0.031000
2464.525570 29.999000 0.037000
2466.505500 29.999000 0.031000
2470.522680 29.999000 0.035000
2481.469790 29.999000 0.042000
2494.479510 29.999000 0.047000
2659.822130 29.999000 0.040000
2671.858710 29.999000 0.039000
2674.840230 29.999000 0.040000
2689.831400 29.999000 0.040000
2791.764950 29.999000 0.040000
2809.624510 29.999000 0.040000
2810.763790 29.999000 0.037000
2812.588610 29.999000 0.038000
2819.655830 29.999000 0.034000
2821.648060 29.999000 0.038000
2831.527100 29.999000 0.035000
2832.642240 29.999000 0.035000
2835.657860 29.999000 0.036000
2838.637800 29.999000 0.035000
2843.573220 29.999000 0.040000
3108.779650 29.999000 0.041000
3113.738670 29.999000 0.043000
3115.759040 29.999000 0.045000
3118.830350 29.999000 0.038000
3122.697090 29.999000 0.038000
3124.735790 29.999000 0.040000
3126.696590 29.999000 0.039000
3131.709340 29.999000 0.041000
3133.710270 29.999000 0.039000
3162.643500 29.999000 0.040000
3169.552680 29.999000 0.053000
3191.705230 29.999000 0.060000
3443.809990 29.999000 0.055000
3447.843220 29.999000 0.044000
3462.747900 29.999000 0.041000
3474.764390 29.999000 0.048000
3479.741910 29.999000 0.050000
3487.734660 29.999000 0.055000
3525.666940 29.999000 0.074000
3630.501870 29.999000 0.037000
3633.499550 29.999000 0.051000
3795.822880 29.999000 0.044000
3798.821780 29.999000 0.054000
3802.792830 29.999000 0.057000
3808.796140 29.999000 0.065000
3815.838960 29.999000 0.049000
3818.761480 29.999000 0.049000
3820.850200 29.999000 0.045000
3823.751090 29.999000 0.046000
3825.804880 29.999000 0.051000
3831.726570 29.999000 0.079000
3833.772390 29.999000 0.066000
3837.753320 29.999000 0.046000
3850.763250 29.999000 0.050000
3852.804950 29.999000 0.050000
3861.726560 29.999000 0.046000
3863.703810 29.999000 0.045000
3869.798660 29.999000 0.056000
3871.805690 29.999000 0.072000
4191.747930 29.999000 0.050000
4200.762450 29.999000 0.048000
4491.851570 29.999000 0.052000
1922.848940 29.999000 0.050000
1924.842570 29.999000 0.047000
1930.811390 29.999000 0.043000
1938.867480 29.999000 0.034000
1946.806530 29.999000 0.051000
1948.835190 29.999000 0.045000
1958.810540 29.999000 0.036000
1963.782550 29.999000 0.036000
1964.842000 29.999000 0.035000
1965.882570 29.999000 0.039000
1976.839400 29.999000 0.040000
1984.785940 29.999000 0.047000
1985.778970 29.999000 0.043000
1995.717010 29.999000 0.043000
1996.751810 29.999000 0.050000
2000.741760 29.999000 0.046000
2014.710450 29.999000 0.052000
2106.503520 29.999000 0.050000
2115.482280 29.999000 0.053000
2124.581880 29.999000 0.076000
2129.475270 29.999000 0.060000
2444.560780 29.999000 0.034000
2452.527230 29.999000 0.031000
2456.528210 29.999000 0.036000
2467.533230 29.999000 0.031000
2469.487730 29.999000 0.035000
2476.492660 29.999000 0.051000
2490.515370 29.999000 0.042000
2651.855420 29.999000 0.042000
2655.863820 29.999000 0.040000
2662.840960 29.999000 0.037000
2677.813150 29.999000 0.042000
2679.850090 29.999000 0.043000
2785.639920 29.999000 0.038000
2787.640080 29.999000 0.040000
2834.560500 29.999000 0.033000
3010.859710 29.999000 0.040000
3098.794110 29.999000 0.053000
3111.704200 29.999000 0.047000
3128.669540 29.999000 0.053000
3153.758530 29.999000 0.040000
3159.635180 29.999000 0.050000
3164.660620 29.999000 0.039000
3166.774140 29.999000 0.040000
3186.557060 29.999000 0.041000
3448.773530 29.999000 0.070000
3450.822110 29.999000 0.080000
3453.719440 29.999000 0.060000
3453.729080 29.999000 0.073000
3455.735620 29.999000 0.039000
3459.836500 29.999000 0.052000
3464.792820 29.999000 0.066000
3469.824620 29.999000 0.057000
3472.721360 29.999000 0.043000
3477.699530 29.999000 0.062000
3481.720890 29.999000 0.068000
3490.733180 29.999000 0.053000
3496.709020 29.999000 0.043000
3499.710960 29.999000 0.051000
3501.757470 29.999000 0.084000
3504.617430 29.999000 0.056000
3509.630960 29.999000 0.044000
3515.730920 29.999000 0.047000
3769.869890 29.999000 0.047000
3810.827990 29.999000 0.044000
3828.729420 29.999000 0.038000
3835.769030 29.999000 0.057000
3855.675090 29.999000 0.069000
3859.739270 29.999000 0.065000
4126.852740 29.999000 0.041000
4133.867820 29.999000 0.041000
4137.844470 29.999000 0.040000
4144.827990 29.999000 0.043000
4152.852250 29.999000 0.039000
4158.836580 29.999000 0.043000
4161.810970 29.999000 0.046000
4164.804880 29.999000 0.043000
4174.761450 29.999000 0.062000
4179.831290 29.999000 0.057000
4182.771270 29.999000 0.041000
4189.736540 29.999000 0.042000
4193.741290 29.999000 0.043000
4290.620100 29.999000 0.041000
4296.588940 29.999000 0.044000
4298.595050 29.999000 0.044000
4307.519530 29.999000 0.074000
4309.611040 29.999000 0.048000
4312.544780 29.999000 0.050000
4315.551430 29.999000 0.041000
4317.597810 29.999000 0.044000
4334.491650 29.999000 0.038000
4339.492640 29.999000 0.037000
4346.505320 29.999000 0.060000
4348.528490 29.999000 0.078000
4350.534550 29.999000 0.078000
4353.495580 29.999000 0.035000
4356.493080 29.999000 0.041000
4362.499330 29.999000 0.063000
4371.484030 29.999000 0.064000
4480.861380 29.999000 0.044000
4486.864940 29.999000 0.071000
4499.841290 29.999000 0.042000
4502.867450 29.999000 0.044000
4506.842070 29.999000 0.042000
4510.835230 29.999000 0.044000
4516.808560 29.999000 0.053000
4519.825920 29.999000 0.058000
4525.886730 29.999000 0.048000
4528.827930 29.999000 0.040000
4531.815480 29.999000 0.055000
4535.817010 29.999000 0.038000
4538.789220 29.999000 0.040000
4540.839210 29.999000 0.047000
4543.783440 29.999000 0.037000
4545.841170 29.999000 0.072000
4552.822950 29.999000 0.057000
4555.743740 29.999000 0.038000
4639.685820 29.999000 0.043000
4641.696510 29.999000 0.053000
4650.644790 29.999000 0.062000
4652.661700 29.999000 0.052000
4656.619960 29.999000 0.077000
4662.514960 29.999000 0.055000
4664.544120 29.999000 0.038000
4666.595120 29.999000 0.052000
4672.583630 29.999000 0.046000
4683.539770 29.999000 0.053000
4691.565610 29.999000 0.066000
4697.562300 29.999000 0.038000
4701.569510 29.999000 0.036000
4703.573910 29.999000 0.050000
4722.499190 29.999000 0.048000
4839.865960 29.999000 0.073000
4843.860500 29.999000 0.062000
4847.852840 29.999000 0.050000
4862.837050 29.999000 0.061000
4866.868690 29.999000 0.053000
4870.827320 29.999000 0.048000
4875.873740 29.999000 0.049000
4881.822020 29.999000 0.046000
4884.846000 29.999000 0.054000
4962.696630 29.999000 0.056000
4972.783650 29.999000 0.070000
4991.633980 29.999000 0.051000
4994.696500 29.999000 0.062000
5021.628060 29.999000 0.059000
5023.631090 29.999000 0.052000
5048.574670 29.999000 0.057000
