1962.884720 11.765000 0.039000
1964.892900 11.692000 0.034000
1966.886440 11.740000 0.033000
1978.875440 11.731000 0.042000
1980.848850 11.736000 0.041000
1981.886960 11.630000 0.039000
1982.876420 11.663000 0.039000
1994.837870 11.509000 0.040000
2131.584060 10.975000 0.039000
2135.583210 11.064000 0.036000
2136.587190 11.089000 0.037000
2145.555480 11.213000 0.036000
2169.611860 11.485000 0.032000
2172.511310 11.489000 0.033000
2185.559580 11.500000 0.032000
2191.497270 11.553000 0.031000
2194.498070 11.661000 0.030000
2197.501280 11.651000 0.034000
2201.491420 11.634000 0.035000
2213.503620 11.688000 0.037000
2442.700230 11.203000 0.035000
2446.702290 11.243000 0.032000
2464.653310 11.482000 0.029000
2465.661410 11.546000 0.030000
2466.645190 11.590000 0.031000
2467.649030 11.521000 0.028000
2468.648190 11.592000 0.027000
2470.597680 11.577000 0.030000
2473.614840 11.640000 0.031000
2474.657160 11.624000 0.037000
2481.601060 11.550000 0.037000
2482.635460 11.669000 0.037000
2486.606110 11.686000 0.037000
2489.618540 11.612000 0.034000
2493.593010 11.692000 0.030000
2494.602850 11.674000 0.042000
2495.595560 11.655000 0.031000
2497.592840 11.717000 0.029000
2498.589890 11.742000 0.028000
2499.579020 11.727000 0.029000
2501.587320 11.771000 0.030000
2502.589590 11.706000 0.037000
2508.532850 11.743000 0.033000
2511.568740 11.736000 0.033000
2519.640440 11.747000 0.028000
2520.635750 11.761000 0.030000
2521.642740 11.778000 0.030000
2526.637740 11.768000 0.033000
2535.551510 11.722000 0.035000
2545.630450 11.780000 0.032000
2562.496500 11.689000 0.035000
2563.559460 11.712000 0.033000
2564.579850 11.761000 0.034000
2568.517450 11.687000 0.034000
2712.865750 11.024000 0.031000
2717.887960 11.164000 0.036000
2730.891280 11.356000 0.033000
2734.812230 11.414000 0.032000
2736.848800 11.524000 0.034000
2738.859060 11.460000 0.034000
2740.871520 11.474000 0.032000
2742.861600 11.479000 0.036000
2754.813080 11.585000 0.045000
2756.825550 11.585000 0.035000
2758.848620 11.604000 0.032000
2760.818060 11.678000 0.034000
2764.809510 11.636000 0.031000
2782.881320 11.726000 0.033000
2783.815420 11.696000 0.034000
2786.749490 11.756000 0.032000
2790.774620 11.753000 0.031000
2808.769460 11.750000 0.033000
2810.678590 11.721000 0.031000
2812.670110 11.716000 0.032000
2814.833630 11.767000 0.036000
2818.920070 11.775000 0.031000
2821.669030 11.723000 0.033000
2829.660590 11.794000 0.032000
2830.763670 11.794000 0.031000
2835.693360 11.762000 0.033000
2838.686560 11.765000 0.032000
2840.743090 11.762000 0.029000
2841.848080 11.788000 0.033000
2851.660610 11.715000 0.030000
2853.784440 11.740000 0.038000
2862.619520 11.637000 0.035000
2866.620050 11.654000 0.031000
2867.707020 11.642000 0.032000
2872.598220 11.651000 0.030000
2875.624380 11.618000 0.033000
2877.612500 11.608000 0.032000
2879.613160 11.618000 0.029000
2884.601340 11.566000 0.031000
2892.591980 11.502000 0.037000
2893.691700 11.582000 0.035000
2895.651770 11.446000 0.033000
2897.660950 11.466000 0.035000
2899.640550 11.447000 0.042000
2909.665100 11.328000 0.032000
2911.625620 11.304000 0.035000
3069.892660 11.609000 0.036000
3074.884690 11.637000 0.035000
3082.872120 11.603000 0.036000
3087.875790 11.757000 0.034000
3091.864400 11.733000 0.034000
3097.855810 11.741000 0.034000
3101.845980 11.723000 0.043000
3104.877290 11.741000 0.037000
3109.838150 11.718000 0.032000
3112.863610 11.787000 0.033000
3115.853980 11.794000 0.033000
3122.907330 11.808000 0.034000
3125.798270 11.822000 0.042000
3127.826570 11.686000 0.039000
3130.809880 11.687000 0.034000
3142.786130 11.788000 0.033000
3146.747800 11.773000 0.032000
3153.818120 11.725000 0.030000
3156.763190 11.745000 0.031000
3158.818960 11.718000 0.036000
3165.729770 11.727000 0.033000
3168.777930 11.622000 0.032000
3170.869700 11.615000 0.035000
3179.691420 11.517000 0.031000
3182.701940 11.484000 0.031000
3266.550280 10.135000 0.029000
3426.893060 11.793000 0.042000
3448.884140 11.771000 0.035000
3452.887850 11.621000 0.033000
3458.878980 11.610000 0.038000
3468.859010 11.577000 0.034000
3472.865100 11.579000 0.038000
3478.838780 11.401000 0.042000
3481.819160 11.339000 0.038000
3616.652470 11.322000 0.039000
3628.531280 11.417000 0.033000
3630.598350 11.496000 0.037000
3632.606540 11.474000 0.035000
3634.640150 11.442000 0.036000
3637.643120 11.563000 0.038000
3641.603130 11.549000 0.033000
3643.656260 11.613000 0.043000
3646.649810 11.661000 0.037000
3657.584620 11.672000 0.037000
3660.527430 11.677000 0.039000
3662.556870 11.685000 0.041000
3664.566340 11.694000 0.034000
3668.547030 11.679000 0.032000
3670.583280 11.718000 0.033000
3673.536640 11.759000 0.036000
3676.529560 11.784000 0.037000
3793.892220 11.282000 0.038000
3797.893590 11.220000 0.039000
3804.884610 11.231000 0.045000
3812.904300 11.064000 0.042000
4207.894710 11.266000 0.037000
4213.916510 11.364000 0.034000
4229.879570 11.519000 0.031000
4231.880790 11.532000 0.033000
4234.800860 11.534000 0.038000
4246.746550 11.692000 0.034000
4250.774940 11.672000 0.034000
4256.810880 11.683000 0.032000
4273.711800 11.808000 0.033000
4276.693940 11.796000 0.032000
4278.704370 11.745000 0.030000
4283.817710 11.800000 0.041000
4285.807760 11.867000 0.039000
4289.800570 11.896000 0.033000
4291.801820 11.810000 0.028000
4293.786010 11.805000 0.032000
4295.801940 11.773000 0.035000
4297.829070 11.779000 0.035000
4299.776930 11.861000 0.032000
4301.680480 11.723000 0.036000
4303.684180 11.739000 0.029000
4305.676260 11.701000 0.030000
4307.634260 11.799000 0.043000
4311.657800 11.750000 0.035000
4316.753850 11.794000 0.032000
4319.704490 11.769000 0.032000
4329.662470 11.673000 0.038000
4331.604510 11.739000 0.031000
4332.782820 11.675000 0.039000
4338.574250 11.628000 0.034000
4340.628870 11.563000 0.044000
4342.624070 11.561000 0.035000
4346.620830 11.567000 0.031000
4348.623240 11.527000 0.043000
4350.627850 11.522000 0.033000
4353.529000 11.527000 0.029000
4355.618700 11.608000 0.033000
4357.622890 11.461000 0.033000
4359.631620 11.443000 0.034000
4367.507980 11.392000 0.033000
4369.563620 11.447000 0.035000
4371.581630 11.317000 0.033000
4373.593870 11.382000 0.035000
4376.585170 11.326000 0.033000
4378.599610 11.352000 0.037000
4380.629070 11.290000 0.036000
4382.637190 11.297000 0.030000
4385.535700 11.301000 0.032000
4523.896250 11.511000 0.032000
4531.891150 11.671000 0.034000
4541.886680 11.689000 0.031000
4545.884580 11.651000 0.043000
4558.850030 11.699000 0.031000
4561.879990 11.721000 0.034000
4565.861340 11.725000 0.030000
4569.841020 11.744000 0.033000
4572.858780 11.763000 0.035000
4575.842710 11.678000 0.041000
4579.864750 11.871000 0.036000
4585.853260 11.760000 0.030000
4588.837990 11.766000 0.032000
4591.830390 11.768000 0.035000
4594.819040 11.763000 0.030000
4597.803640 11.745000 0.030000
4602.803950 11.683000 0.037000
4606.852730 11.704000 0.041000
4611.828900 11.687000 0.033000
4615.891620 11.615000 0.034000
4617.779910 11.621000 0.035000
4623.820810 11.520000 0.035000
4626.671590 11.508000 0.031000
4628.736410 11.495000 0.037000
4632.716010 11.407000 0.032000
4639.755680 11.280000 0.031000
4641.762910 11.261000 0.032000
4767.547540 10.985000 0.038000
4778.558330 11.159000 0.037000
4783.514830 11.269000 0.041000
4793.511840 11.335000 0.046000
4928.904880 11.293000 0.046000
4940.822670 11.204000 0.047000
5082.686360 11.509000 0.044000
5087.534150 11.647000 0.045000
5089.586560 11.630000 0.046000
5124.546130 11.806000 0.044000
1997.858860 11.440000 0.043000
2016.803210 11.191000 0.042000
2025.843090 11.117000 0.034000
2026.851660 11.066000 0.041000
2027.815240 11.118000 0.039000
2030.822370 11.085000 0.036000
2031.820470 11.073000 0.041000
2032.802520 11.100000 0.035000
2033.818420 11.068000 0.035000
2053.766600 10.379000 0.039000
2057.747180 10.288000 0.039000
2082.700850 10.000000 0.040000
2086.695650 10.064000 0.041000
2093.594870 10.152000 0.038000
2102.633590 10.347000 0.041000
2103.651150 10.393000 0.040000
2104.650530 10.394000 0.036000
2105.642460 10.408000 0.038000
2109.638370 10.524000 0.034000
2114.766580 10.633000 0.035000
2115.630040 10.644000 0.037000
2116.613360 10.678000 0.038000
2128.563040 10.895000 0.039000
2129.598130 10.979000 0.040000
2130.595970 10.968000 0.038000
2133.584040 11.023000 0.036000
2134.586960 11.018000 0.038000
2141.574240 11.104000 0.037000
2142.566280 11.133000 0.036000
2143.566760 11.147000 0.038000
2144.557750 11.174000 0.037000
2167.494640 11.469000 0.032000
2179.483950 11.549000 0.038000
2207.500610 11.736000 0.037000
2468.661810 11.565000 0.033000
2694.888480 10.574000 0.038000
2699.886530 10.720000 0.035000
2706.874380 10.855000 0.035000
2709.871340 10.949000 0.034000
2720.870940 11.194000 0.041000
2917.498670 11.134000 0.033000
2921.512790 10.983000 0.039000
2926.525310 10.846000 0.033000
2928.533080 10.812000 0.034000
2930.538970 10.680000 0.034000
2932.539750 10.596000 0.034000
2934.537720 10.481000 0.034000
2939.543720 10.219000 0.034000
2944.516380 10.018000 0.033000
2946.542800 9.953000 0.034000
2949.545540 9.892000 0.034000
2951.553850 9.846000 0.035000
2954.527650 9.851000 0.032000
2957.517360 9.880000 0.033000
2964.518510 9.968000 0.033000
3272.510110 10.125000 0.039000
3277.583850 10.166000 0.036000
3508.855540 10.828000 0.028000
3511.782340 10.744000 0.030000
3526.871800 10.600000 0.037000
3538.773130 10.401000 0.033000
3550.739190 10.189000 0.037000
3552.842960 10.178000 0.037000
3555.759660 10.188000 0.034000
3558.902170 10.180000 0.037000
3561.649060 10.229000 0.038000
3563.689660 10.262000 0.033000
3573.672180 10.472000 0.037000
3575.688280 10.461000 0.038000
3577.713260 10.522000 0.042000
3582.818240 10.592000 0.039000
3584.826730 10.692000 0.043000
3589.621050 10.747000 0.037000
3591.689510 10.764000 0.037000
3594.551840 10.868000 0.036000
3602.596050 11.030000 0.036000
3649.574610 11.650000 0.038000
3820.858880 10.838000 0.037000
3823.898450 10.747000 0.040000
3831.847580 10.506000 0.037000
3834.878600 10.417000 0.039000
3851.857020 10.234000 0.037000
3860.824280 10.344000 0.037000
3863.798870 10.406000 0.038000
3865.817390 10.433000 0.036000
3867.813040 10.458000 0.037000
3869.808640 10.503000 0.041000
3880.831810 10.661000 0.034000
3887.778410 10.762000 0.037000
3889.890700 10.774000 0.034000
3891.788810 10.809000 0.033000
3893.801770 10.835000 0.035000
3896.793710 10.888000 0.036000
3901.776080 10.986000 0.039000
3907.795780 11.084000 0.036000
3913.885240 11.235000 0.036000
4160.889320 10.434000 0.040000
4164.891060 10.438000 0.044000
4168.890310 10.525000 0.040000
4179.877560 10.717000 0.039000
4182.904110 10.842000 0.040000
4186.906130 10.891000 0.035000
4190.856670 10.997000 0.034000
4193.865100 11.028000 0.035000
4203.866850 11.153000 0.037000
4387.537890 11.237000 0.034000
4393.515980 11.179000 0.036000
4403.585360 10.902000 0.034000
4408.513140 10.684000 0.035000
4411.548030 10.531000 0.033000
4428.515000 10.187000 0.041000
4643.753830 11.248000 0.037000
4645.784540 11.239000 0.035000
4650.668590 11.185000 0.034000
4652.707560 11.181000 0.032000
4654.703220 11.157000 0.032000
4658.785440 11.215000 0.045000
4661.651330 11.083000 0.034000
4666.680140 11.019000 0.034000
4669.840480 11.017000 0.038000
4671.854190 10.977000 0.031000
4674.613390 10.924000 0.031000
4677.691100 10.869000 0.034000
4679.695620 10.846000 0.032000
4682.671450 10.752000 0.036000
4684.680800 10.728000 0.036000
4686.614280 10.687000 0.036000
4697.607170 10.337000 0.030000
4701.604930 10.238000 0.032000
4703.611780 10.218000 0.037000
4705.643730 10.124000 0.037000
4710.615710 10.039000 0.045000
4715.712960 9.950000 0.037000
4721.529070 9.923000 0.036000
4729.617130 9.987000 0.035000
4734.668850 10.098000 0.038000
4739.498120 10.194000 0.034000
4742.498780 10.372000 0.037000
4748.509430 10.489000 0.042000
4750.619240 10.540000 0.045000
4753.577690 10.637000 0.040000
4755.607050 10.710000 0.038000
4758.565340 10.766000 0.041000
4761.556180 10.834000 0.041000
4764.551290 10.892000 0.036000
4776.525380 11.141000 0.043000
4786.515540 11.268000 0.040000
4947.848140 11.167000 0.046000
4988.777230 10.423000 0.046000
5014.725460 10.287000 0.045000
5023.721510 10.458000 0.041000
5031.691840 10.735000 0.041000
2453.678450 11.405000 0.049000
2491.597610 11.625000 0.046000
2512.626450 11.760000 0.046000
2540.585330 11.783000 0.046000
2552.615940 11.771000 0.051000
2791.812740 11.839000 0.050000
2802.884990 11.798000 0.042000
2855.674990 11.650000 0.045000
3173.719620 11.610000 0.050000
3176.784100 11.570000 0.045000
3444.862980 11.680000 0.044000
3455.850370 11.683000 0.043000
3475.876830 11.376000 0.046000
3621.614070 11.357000 0.049000
3808.885950 11.129000 0.044000
4344.620450 11.574000 0.053000
4647.845780 11.170000 0.039000
4656.702420 11.098000 0.037000
4905.902820 11.697000 0.049000
4917.864340 11.544000 0.048000
5070.708730 11.413000 0.051000
5084.721810 11.528000 0.046000
5093.645020 11.760000 0.052000
5103.569120 11.672000 0.053000
5106.544810 11.773000 0.053000
5110.633190 11.651000 0.052000
5145.531390 11.772000 0.051000
1999.856290 11.467000 0.047000
2009.815360 11.303000 0.048000
2037.773580 10.977000 0.045000
2052.758250 10.464000 0.042000
2054.761430 10.349000 0.046000
2055.750090 10.261000 0.044000
2056.749030 10.244000 0.042000
2058.746190 10.167000 0.042000
2061.741630 10.093000 0.043000
2064.792090 9.990000 0.045000
2065.711570 9.984000 0.045000
2070.787550 9.913000 0.047000
2080.637560 9.920000 0.042000
2081.694150 9.983000 0.041000
2085.689770 10.033000 0.042000
2087.679550 10.057000 0.041000
2088.676150 10.079000 0.042000
2188.534330 11.594000 0.049000
2216.515900 11.734000 0.041000
2487.643450 11.682000 0.052000
2503.589760 11.806000 0.047000
3274.621160 10.127000 0.045000
3484.841510 11.348000 0.051000
3491.893910 11.155000 0.043000
3502.807150 10.967000 0.043000
3522.705800 10.627000 0.044000
3540.771670 10.361000 0.037000
3600.612610 10.965000 0.049000
3604.605360 11.041000 0.045000
3609.536770 11.113000 0.053000
3619.559900 11.342000 0.045000
3827.869030 10.634000 0.041000
3848.892150 10.187000 0.049000
3874.847920 10.547000 0.043000
3877.776330 10.572000 0.050000
3883.833170 10.659000 0.045000
4708.599510 10.075000 0.040000
4724.582210 9.936000 0.043000
4726.634050 9.961000 0.044000
4770.532880 11.024000 0.049000
4932.846130 11.253000 0.052000
4962.814330 11.065000 0.051000
4969.786880 10.972000 0.048000
4973.745350 10.831000 0.050000
4975.824000 10.746000 0.053000
4984.823110 10.534000 0.051000
4994.787250 10.317000 0.050000
5006.774240 10.177000 0.049000
5009.726010 10.262000 0.051000
5021.716410 10.425000 0.047000
5042.646210 11.013000 0.049000
5048.633540 11.025000 0.048000
3184.706000 29.999000 0.031000
4537.894270 29.999000 0.030000
2453.762190 11.394000 0.038000
2490.634870 11.696000 0.040000
2544.588690 11.749000 0.033000
2775.881170 11.738000 0.049000
2855.689060 11.833000 0.046000
2140.564740 11.136000 0.031000
