4151.860110 12.297000 0.040000
4191.882090 12.992000 0.037000
1954.841460 29.999000 0.044000
2040.784550 29.999000 0.050000
3448.867170 29.999000 0.041000
3452.839440 29.999000 0.038000
4165.868270 29.999000 0.053000
4227.796490 29.999000 0.037000
4233.808880 29.999000 0.038000
4535.891740 29.999000 0.038000
4586.809540 29.999000 0.036000
4151.837030 12.194000 0.043000
4167.856190 12.463000 0.039000
1954.828510 29.999000 0.045000
2040.695650 29.999000 0.054000
2156.534210 29.999000 0.043000
2172.535520 29.999000 0.045000
2176.514730 29.999000 0.053000
2179.503990 29.999000 0.050000
2185.503550 29.999000 0.049000
2190.482630 29.999000 0.048000
3390.868780 29.999000 0.044000
3396.873200 29.999000 0.042000
3448.840580 29.999000 0.054000
3452.795260 29.999000 0.044000
4227.755820 29.999000 0.036000
4535.876580 29.999000 0.037000
4670.684800 29.999000 0.053000
2085.603030 11.299000 0.043000
2102.555590 11.282000 0.047000
2103.577520 11.335000 0.050000
2104.577370 11.322000 0.051000
2109.569020 11.517000 0.046000
2115.529180 11.726000 0.044000
2116.541670 11.806000 0.048000
2125.538980 12.262000 0.051000
2140.485280 12.869000 0.048000
2659.860470 12.262000 0.042000
2665.866040 12.068000 0.042000
2670.853000 12.100000 0.040000
2674.871990 12.022000 0.038000
2681.825240 12.102000 0.039000
2683.877190 12.207000 0.038000
2686.832980 12.218000 0.040000
2689.824000 12.280000 0.040000
2693.834520 12.483000 0.040000
2699.818880 12.635000 0.039000
2702.841070 12.666000 0.038000
2705.805010 12.892000 0.040000
2709.836330 12.905000 0.038000
2711.846230 13.203000 0.043000
2713.822160 13.249000 0.040000
2721.805820 13.233000 0.048000
2723.805500 13.307000 0.044000
2740.780820 13.342000 0.037000
2930.524940 13.042000 0.041000
2932.525790 12.975000 0.040000
2934.524400 12.641000 0.040000
2937.505040 12.506000 0.041000
3274.579790 11.673000 0.042000
3277.554130 11.692000 0.046000
3509.751620 13.284000 0.040000
3511.815390 13.179000 0.040000
3515.788410 13.017000 0.040000
3517.793780 12.703000 0.045000
3521.715740 12.255000 0.046000
3523.720510 12.186000 0.045000
3525.753140 12.023000 0.047000
3538.667280 11.388000 0.043000
3540.668150 11.390000 0.045000
3542.804810 11.330000 0.045000
3544.764170 11.302000 0.048000
3547.827620 11.294000 0.048000
3551.813830 11.411000 0.048000
3554.461810 11.510000 0.040000
3554.464340 11.478000 0.040000
3554.467030 11.496000 0.037000
3554.473840 11.449000 0.039000
3554.480690 11.474000 0.041000
3554.494810 11.483000 0.036000
3554.508940 11.454000 0.040000
3554.525380 11.461000 0.039000
3554.554230 11.484000 0.042000
3554.583590 11.497000 0.038000
3554.613710 11.509000 0.040000
3554.642300 11.528000 0.038000
3554.697220 11.458000 0.040000
3554.723880 11.488000 0.040000
3554.757280 11.477000 0.041000
3554.782540 11.458000 0.044000
3554.811410 11.497000 0.039000
3554.844490 11.484000 0.044000
3558.599330 11.609000 0.045000
3560.605490 11.701000 0.047000
3562.604870 11.706000 0.048000
3564.591280 11.774000 0.039000
3570.578500 11.920000 0.041000
3573.642730 12.063000 0.040000
3575.657390 12.113000 0.038000
3577.687030 12.154000 0.047000
3587.660010 12.617000 0.040000
3594.578700 12.710000 0.041000
3804.818270 13.328000 0.048000
3808.819630 13.237000 0.047000
3811.896850 12.936000 0.045000
3814.867860 12.597000 0.043000
3817.848170 12.423000 0.048000
3820.821230 12.366000 0.046000
3826.817650 11.994000 0.043000
3829.808020 11.831000 0.044000
3832.778960 11.817000 0.046000
3834.819280 11.756000 0.043000
3836.846220 11.795000 0.044000
3847.817140 11.705000 0.048000
3849.799750 11.828000 0.041000
3852.739610 11.803000 0.047000
3860.771500 12.011000 0.044000
3862.700400 12.057000 0.046000
3864.694140 12.073000 0.044000
3866.681930 12.079000 0.043000
3868.742960 12.182000 0.046000
3870.757570 12.321000 0.042000
3872.753600 12.312000 0.041000
3875.854380 12.457000 0.042000
3881.726320 12.632000 0.043000
3886.707250 12.855000 0.041000
3890.699070 13.118000 0.041000
3892.696950 12.935000 0.050000
3894.689860 13.327000 0.041000
3900.617000 13.630000 0.044000
3902.668480 13.497000 0.041000
4128.870040 11.624000 0.041000
4132.864350 11.625000 0.047000
4144.855630 12.062000 0.045000
4161.828950 12.481000 0.041000
4164.882600 12.615000 0.046000
4172.864860 12.607000 0.040000
4184.829020 13.241000 0.042000
4191.772480 13.283000 0.037000
4677.639910 13.358000 0.041000
4679.651720 13.179000 0.037000
4684.621970 12.374000 0.045000
4686.578080 12.100000 0.040000
4691.630640 11.683000 0.044000
4694.678880 11.669000 0.046000
4698.635860 11.507000 0.044000
4702.643100 11.585000 0.038000
4704.637450 11.562000 0.045000
4706.667120 11.590000 0.040000
4720.556330 11.899000 0.046000
4722.600530 11.905000 0.046000
4728.575190 12.031000 0.045000
4734.568690 12.060000 0.048000
4738.571150 12.054000 0.043000
4741.548270 12.188000 0.044000
4744.503000 12.282000 0.047000
4753.536290 12.739000 0.046000
4756.515020 12.682000 0.043000
4759.503930 12.742000 0.044000
4762.505070 12.801000 0.046000
4765.500670 13.052000 0.043000
4992.862610 11.768000 0.051000
5012.645610 11.468000 0.048000
5014.612690 11.477000 0.049000
5021.723420 11.629000 0.048000
5023.725300 11.719000 0.047000
5031.577500 12.101000 0.045000
5042.569010 12.430000 0.051000
5047.598690 12.608000 0.051000
2725.800600 13.137000 0.042000
2727.799960 13.479000 0.043000
2731.895050 13.243000 0.040000
2734.750390 13.350000 0.040000
2736.757310 13.376000 0.041000
2738.796800 13.280000 0.040000
2752.751750 13.574000 0.037000
2808.675450 13.666000 0.041000
2926.511740 13.498000 0.044000
2928.519560 13.153000 0.042000
3052.881100 13.313000 0.039000
3057.812650 13.114000 0.041000
3074.874360 13.609000 0.039000
3191.745770 13.285000 0.051000
3796.833830 13.471000 0.043000
4193.849110 13.134000 0.038000
4203.784340 13.303000 0.043000
4392.526200 13.193000 0.042000
4682.633180 12.565000 0.041000
2083.611860 11.367000 0.051000
2142.522740 13.233000 0.051000
3529.884450 11.776000 0.049000
3585.639510 12.415000 0.053000
3589.692780 12.653000 0.048000
3597.628720 12.868000 0.053000
3823.818890 12.087000 0.051000
4700.633460 11.596000 0.047000
4709.623480 11.618000 0.051000
4731.515070 12.360000 0.055000
4768.498490 13.095000 0.049000
4975.727760 13.165000 0.053000
4988.696580 11.904000 0.053000
5002.657380 11.377000 0.054000
5006.658010 11.405000 0.052000
5009.612850 11.393000 0.053000
5019.695140 11.643000 0.054000
5040.581270 12.577000 0.052000
5049.613340 13.003000 0.052000
2802.833050 13.510000 0.052000
4178.845100 12.579000 0.053000
4973.638680 13.031000 0.057000
1932.873840 29.999000 0.044000
1935.861740 29.999000 0.043000
1938.849730 29.999000 0.044000
1955.840430 29.999000 0.045000
1958.896880 29.999000 0.052000
1962.798070 29.999000 0.047000
1966.811780 29.999000 0.049000
1976.903940 29.999000 0.052000
1981.795600 29.999000 0.051000
1984.817840 29.999000 0.055000
1985.825840 29.999000 0.054000
1994.717050 29.999000 0.059000
2025.705390 29.999000 0.044000
2440.627620 29.999000 0.037000
2442.624060 29.999000 0.043000
2446.624370 29.999000 0.034000
2452.582040 29.999000 0.053000
2454.601200 29.999000 0.045000
2459.542730 29.999000 0.053000
2463.580490 29.999000 0.037000
2465.580880 29.999000 0.043000
2481.525750 29.999000 0.053000
2486.538400 29.999000 0.053000
2493.527300 29.999000 0.048000
2503.568940 29.999000 0.048000
2508.669850 29.999000 0.039000
2520.542960 29.999000 0.037000
2544.539610 29.999000 0.048000
2547.548210 29.999000 0.045000
2560.526540 29.999000 0.041000
2561.533750 29.999000 0.041000
2563.534550 29.999000 0.043000
2578.497440 29.999000 0.045000
2719.808110 29.999000 0.047000
2744.748400 29.999000 0.043000
2761.731590 29.999000 0.038000
2766.794110 29.999000 0.042000
2770.715810 29.999000 0.037000
2775.755330 29.999000 0.049000
2782.735350 29.999000 0.051000
2784.692390 29.999000 0.042000
2794.651420 29.999000 0.039000
2811.689610 29.999000 0.037000
2812.832590 29.999000 0.043000
2816.819210 29.999000 0.044000
2829.649720 29.999000 0.052000
2833.701430 29.999000 0.042000
2840.642780 29.999000 0.039000
2845.630150 29.999000 0.036000
2855.596670 29.999000 0.036000
2858.653900 29.999000 0.036000
2861.639910 29.999000 0.040000
2866.528660 29.999000 0.039000
2872.496370 29.999000 0.037000
2879.549780 29.999000 0.038000
2882.575290 29.999000 0.050000
2884.561770 29.999000 0.045000
2892.594270 29.999000 0.045000
2898.572700 29.999000 0.040000
2900.567530 29.999000 0.044000
2909.554270 29.999000 0.040000
3042.876010 29.999000 0.041000
3057.780360 29.999000 0.048000
3077.851220 29.999000 0.039000
3088.832460 29.999000 0.052000
3098.857090 29.999000 0.039000
3108.839350 29.999000 0.039000
3122.756350 29.999000 0.039000
3128.772160 29.999000 0.040000
3132.803360 29.999000 0.040000
3164.781930 29.999000 0.042000
3176.616460 29.999000 0.042000
3182.598410 29.999000 0.040000
3184.628500 29.999000 0.039000
3405.882340 29.999000 0.043000
3409.852360 29.999000 0.041000
3427.862520 29.999000 0.047000
3445.846300 29.999000 0.045000
3462.806130 29.999000 0.043000
3464.902300 29.999000 0.042000
3476.777640 29.999000 0.046000
3478.810070 29.999000 0.045000
3491.795340 29.999000 0.043000
3497.801280 29.999000 0.040000
3501.672120 29.999000 0.048000
3628.594290 29.999000 0.039000
3631.519080 29.999000 0.040000
3649.519540 29.999000 0.050000
3652.506350 29.999000 0.043000
3754.871000 29.999000 0.050000
3758.860520 29.999000 0.042000
3763.875580 29.999000 0.048000
3772.857600 29.999000 0.045000
3783.888590 29.999000 0.045000
3800.873200 29.999000 0.046000
3908.762690 29.999000 0.043000
3912.710460 29.999000 0.041000
4196.843410 29.999000 0.046000
4199.796980 29.999000 0.046000
4213.815090 29.999000 0.038000
4216.805920 29.999000 0.037000
4228.777390 29.999000 0.040000
4283.629070 29.999000 0.039000
4488.866680 29.999000 0.043000
4493.864610 29.999000 0.040000
4504.861200 29.999000 0.040000
4508.854360 29.999000 0.040000
4516.869140 29.999000 0.052000
4523.851720 29.999000 0.036000
4527.842800 29.999000 0.041000
4530.873660 29.999000 0.040000
4535.882120 29.999000 0.041000
4538.859400 29.999000 0.038000
4541.857170 29.999000 0.040000
4547.832860 29.999000 0.042000
4559.794700 29.999000 0.038000
4562.786560 29.999000 0.038000
4564.868000 29.999000 0.043000
4567.787970 29.999000 0.038000
4570.766780 29.999000 0.037000
4572.792850 29.999000 0.037000
4574.782210 29.999000 0.038000
4576.786460 29.999000 0.040000
4585.748360 29.999000 0.037000
4599.696910 29.999000 0.041000
4610.670110 29.999000 0.041000
4616.726550 29.999000 0.038000
4626.602780 29.999000 0.036000
4637.824600 29.999000 0.043000
4640.634890 29.999000 0.040000
4642.636460 29.999000 0.038000
4644.654950 29.999000 0.040000
4646.644030 29.999000 0.047000
4648.670120 29.999000 0.043000
4650.717140 29.999000 0.046000
4652.742710 29.999000 0.037000
4654.730240 29.999000 0.040000
4656.674280 29.999000 0.037000
4658.714710 29.999000 0.043000
4661.578860 29.999000 0.040000
4663.659840 29.999000 0.047000
4665.709560 29.999000 0.044000
4669.550730 29.999000 0.040000
4671.625950 29.999000 0.037000
4750.524780 29.999000 0.050000
4865.874660 29.999000 0.053000
4869.867520 29.999000 0.045000
4877.842260 29.999000 0.038000
4881.866550 29.999000 0.039000
1946.861860 29.999000 0.046000
1949.836550 29.999000 0.047000
1950.888890 29.999000 0.055000
1953.843680 29.999000 0.045000
1964.811960 29.999000 0.047000
1979.743760 29.999000 0.057000
1980.769460 29.999000 0.056000
1982.770500 29.999000 0.052000
1983.906020 29.999000 0.058000
2031.724340 29.999000 0.050000
2441.627680 29.999000 0.035000
2460.605920 29.999000 0.056000
2464.579510 29.999000 0.042000
2467.575200 29.999000 0.035000
2468.572070 29.999000 0.036000
2473.513170 29.999000 0.049000
2482.549470 29.999000 0.058000
2489.529600 29.999000 0.050000
2495.507840 29.999000 0.054000
2497.501800 29.999000 0.041000
2501.530380 29.999000 0.042000
2502.564250 29.999000 0.045000
2510.641900 29.999000 0.045000
2524.548210 29.999000 0.053000
2526.585510 29.999000 0.049000
2535.511810 29.999000 0.045000
2545.581800 29.999000 0.041000
2552.539520 29.999000 0.052000
2558.500850 29.999000 0.051000
2707.835590 29.999000 0.050000
2715.828740 29.999000 0.044000
2742.757420 29.999000 0.046000
2750.864440 29.999000 0.039000
2755.727660 29.999000 0.041000
2757.735880 29.999000 0.039000
2759.796610 29.999000 0.042000
2763.712290 29.999000 0.042000
2785.831360 29.999000 0.045000
2787.764580 29.999000 0.040000
2790.895890 29.999000 0.042000
2804.672810 29.999000 0.040000
2809.818920 29.999000 0.042000
2820.551120 29.999000 0.036000
2826.628660 29.999000 0.040000
2830.740590 29.999000 0.038000
2832.581200 29.999000 0.046000
2838.586480 29.999000 0.036000
2842.617720 29.999000 0.047000
2853.679160 29.999000 0.038000
2859.721370 29.999000 0.039000
2867.679130 29.999000 0.042000
2875.553090 29.999000 0.051000
2885.592440 29.999000 0.038000
2888.590320 29.999000 0.041000
2894.563850 29.999000 0.040000
2896.585050 29.999000 0.039000
2904.554350 29.999000 0.044000
2906.552710 29.999000 0.039000
2911.525990 29.999000 0.041000
2923.503820 29.999000 0.039000
3060.848720 29.999000 0.040000
3080.866190 29.999000 0.039000
3085.901550 29.999000 0.040000
3091.816790 29.999000 0.039000
3096.872530 29.999000 0.039000
3101.788800 29.999000 0.040000
3103.858930 29.999000 0.041000
3106.775490 29.999000 0.041000
3111.774910 29.999000 0.039000
3113.832130 29.999000 0.038000
3116.746240 29.999000 0.038000
3124.809170 29.999000 0.038000
3126.787130 29.999000 0.040000
3130.772430 29.999000 0.040000
3134.842970 29.999000 0.039000
3144.699270 29.999000 0.037000
3146.863610 29.999000 0.040000
3152.914660 29.999000 0.052000
3154.657870 29.999000 0.037000
3157.778990 29.999000 0.042000
3159.700140 29.999000 0.049000
3162.759980 29.999000 0.041000
3169.793220 29.999000 0.040000
3178.753240 29.999000 0.040000
3186.659350 29.999000 0.040000
3189.669190 29.999000 0.041000
3402.873660 29.999000 0.042000
3421.840270 29.999000 0.043000
3424.864720 29.999000 0.044000
3430.858730 29.999000 0.045000
3438.849910 29.999000 0.041000
3442.873380 29.999000 0.039000
3454.878740 29.999000 0.047000
3457.771360 29.999000 0.047000
3459.776450 29.999000 0.044000
3467.819460 29.999000 0.038000
3470.792210 29.999000 0.041000
3473.781600 29.999000 0.041000
3480.837990 29.999000 0.044000
3484.832380 29.999000 0.049000
3489.759870 29.999000 0.049000
3503.754900 29.999000 0.040000
3506.767210 29.999000 0.037000
3602.642210 29.999000 0.043000
3609.482200 29.999000 0.050000
3616.538880 29.999000 0.048000
3620.630470 29.999000 0.047000
3625.605840 29.999000 0.046000
3633.538780 29.999000 0.044000
3639.565220 29.999000 0.039000
3642.568920 29.999000 0.044000
3646.552870 29.999000 0.038000
3654.535890 29.999000 0.043000
3657.547200 29.999000 0.042000
3660.507120 29.999000 0.042000
3662.529840 29.999000 0.050000
3665.516100 29.999000 0.048000
3669.515070 29.999000 0.040000
3673.502100 29.999000 0.043000
3767.872600 29.999000 0.045000
3789.848090 29.999000 0.042000
3792.887800 29.999000 0.052000
3904.692920 29.999000 0.044000
4181.867950 29.999000 0.052000
4188.836990 29.999000 0.042000
4205.842180 29.999000 0.045000
4230.775140 29.999000 0.035000
4232.773560 29.999000 0.045000
4234.813330 29.999000 0.036000
4246.716020 29.999000 0.039000
4250.709420 29.999000 0.038000
4253.781230 29.999000 0.037000
4256.641190 29.999000 0.037000
4258.694340 29.999000 0.039000
4266.780930 29.999000 0.040000
4269.607020 29.999000 0.039000
4272.651800 29.999000 0.037000
4274.655910 29.999000 0.038000
4284.794080 29.999000 0.051000
4286.783410 29.999000 0.053000
4290.773090 29.999000 0.039000
4292.744450 29.999000 0.035000
4296.754990 29.999000 0.043000
4298.755790 29.999000 0.039000
4300.664020 29.999000 0.049000
4302.706370 29.999000 0.039000
4304.631350 29.999000 0.038000
4307.655570 29.999000 0.041000
4309.669050 29.999000 0.049000
4311.707830 29.999000 0.044000
4314.742830 29.999000 0.038000
4317.556740 29.999000 0.039000
4329.547400 29.999000 0.041000
4331.545850 29.999000 0.039000
4336.513470 29.999000 0.037000
4339.605790 29.999000 0.041000
4341.608350 29.999000 0.040000
4343.615290 29.999000 0.049000
4345.621970 29.999000 0.052000
4347.626540 29.999000 0.043000
4349.627950 29.999000 0.046000
4351.628190 29.999000 0.047000
4354.587980 29.999000 0.037000
4356.606880 29.999000 0.040000
4358.590340 29.999000 0.040000
4360.573470 29.999000 0.038000
4362.606100 29.999000 0.036000
4364.585870 29.999000 0.036000
4368.561640 29.999000 0.040000
4372.583830 29.999000 0.045000
4376.517460 29.999000 0.040000
4378.540200 29.999000 0.042000
4381.518090 29.999000 0.042000
4384.514650 29.999000 0.037000
4387.496270 29.999000 0.038000
4402.496230 29.999000 0.045000
4520.837450 29.999000 0.046000
4550.852850 29.999000 0.042000
4580.811270 29.999000 0.040000
4587.788370 29.999000 0.042000
4590.726070 29.999000 0.041000
4592.827370 29.999000 0.036000
4594.775500 29.999000 0.037000
4596.806390 29.999000 0.035000
4601.742310 29.999000 0.037000
4603.747550 29.999000 0.038000
4607.816640 29.999000 0.042000
4618.731640 29.999000 0.043000
4621.866370 29.999000 0.055000
4624.652950 29.999000 0.041000
4630.671220 29.999000 0.038000
4632.674570 29.999000 0.039000
4885.848550 29.999000 0.055000
4890.840880 29.999000 0.052000
4902.887930 29.999000 0.052000
4906.810630 29.999000 0.052000
4917.846230 29.999000 0.050000
4920.816700 29.999000 0.052000
4924.866000 29.999000 0.054000
4928.859270 29.999000 0.053000
4938.825820 29.999000 0.050000
4947.736160 29.999000 0.050000
4949.823300 29.999000 0.049000
4952.722130 29.999000 0.054000
4954.781320 29.999000 0.049000
4959.774130 29.999000 0.051000
4967.779440 29.999000 0.050000
4969.817430 29.999000 0.049000
5067.609540 29.999000 0.052000
5075.615010 29.999000 0.054000
5083.610840 29.999000 0.057000
5087.628490 29.999000 0.053000
5090.510890 29.999000 0.050000
5092.614210 29.999000 0.051000
5099.536750 29.999000 0.051000
5124.515240 29.999000 0.056000
