2503.526650 11.834000 0.048000
2085.579910 11.592000 0.045000
2103.556580 12.465000 0.051000
2104.549590 12.305000 0.049000
2116.509380 12.997000 0.048000
2134.513070 13.920000 0.049000
2637.865100 11.627000 0.049000
2651.864110 11.523000 0.043000
2655.865320 11.677000 0.043000
2659.837760 11.721000 0.044000
2662.854010 11.851000 0.043000
2664.855860 11.965000 0.043000
2667.857110 12.034000 0.045000
2671.838170 12.154000 0.042000
2677.846670 12.387000 0.049000
2680.810500 12.410000 0.043000
2683.804930 12.628000 0.041000
2689.845450 12.682000 0.046000
2694.798360 12.985000 0.043000
2697.866160 13.116000 0.043000
2700.835130 13.096000 0.044000
2703.782230 13.291000 0.045000
2709.814860 13.755000 0.041000
2713.804940 13.924000 0.042000
2893.515090 13.858000 0.051000
2895.525490 13.544000 0.044000
2897.539070 13.072000 0.055000
2901.529680 12.659000 0.056000
2905.521470 12.152000 0.044000
2908.534410 11.903000 0.045000
2910.537400 11.785000 0.045000
2912.539500 11.715000 0.043000
2916.517640 11.532000 0.046000
2921.533670 11.347000 0.045000
2924.503380 11.260000 0.042000
2927.516840 11.142000 0.042000
2930.499620 11.059000 0.043000
3187.652440 14.069000 0.043000
3219.544570 10.841000 0.042000
3496.747740 13.302000 0.046000
3499.753500 12.927000 0.047000
3504.664910 12.801000 0.048000
3508.741460 12.468000 0.041000
3510.798420 12.267000 0.039000
3512.681800 12.142000 0.045000
3516.679900 12.046000 0.044000
3521.815110 11.861000 0.056000
3526.607270 12.018000 0.044000
3528.655800 11.985000 0.045000
3530.655560 11.935000 0.047000
3538.629070 11.933000 0.045000
3540.648750 11.988000 0.043000
3544.760950 12.043000 0.046000
3547.803880 12.044000 0.048000
3551.791910 12.249000 0.053000
3554.753940 12.208000 0.042000
3558.592640 12.409000 0.047000
3560.589700 12.530000 0.049000
3562.590160 12.569000 0.046000
3564.568740 12.696000 0.043000
3569.670800 12.962000 0.043000
3571.696150 13.202000 0.043000
3574.703590 13.078000 0.042000
3576.718040 13.498000 0.042000
3578.695350 13.422000 0.046000
3583.672730 13.606000 0.050000
3586.541480 13.932000 0.047000
3588.578480 13.733000 0.047000
3590.661840 14.223000 0.045000
3789.815750 13.440000 0.049000
3795.861120 12.783000 0.048000
3802.814790 11.880000 0.053000
3805.843660 11.490000 0.047000
3808.840900 11.234000 0.049000
3811.821310 11.096000 0.048000
3814.793230 10.915000 0.050000
3817.782910 10.790000 0.047000
3820.800630 10.701000 0.049000
3823.793320 10.635000 0.049000
3826.779510 10.597000 0.048000
3829.767200 10.588000 0.045000
3831.833010 10.609000 0.046000
3833.841050 10.673000 0.045000
3835.811580 10.686000 0.049000
3837.830960 10.725000 0.048000
3848.776550 11.078000 0.052000
3850.784070 11.223000 0.050000
3852.823180 11.378000 0.048000
3855.706510 11.545000 0.048000
3859.762740 11.714000 0.045000
3863.740960 11.976000 0.044000
3865.715310 12.067000 0.046000
3867.732410 12.202000 0.047000
3869.743030 12.277000 0.048000
3871.755640 12.501000 0.046000
3874.840380 12.530000 0.048000
3877.645250 12.748000 0.048000
3880.686830 12.902000 0.047000
3882.718620 12.931000 0.046000
3886.721100 13.067000 0.044000
3892.664960 13.318000 0.049000
3894.674830 13.512000 0.043000
3908.607700 13.902000 0.050000
4127.840500 10.618000 0.048000
4135.836540 10.857000 0.048000
4142.824760 11.267000 0.043000
4146.824230 11.455000 0.056000
4150.869040 11.749000 0.045000
4153.847930 11.884000 0.045000
4160.844060 12.372000 0.045000
4163.847520 12.626000 0.053000
4166.857800 12.749000 0.048000
4173.836730 13.559000 0.042000
4176.817560 13.490000 0.047000
4185.789880 13.818000 0.043000
4381.520520 14.061000 0.043000
4387.498770 13.488000 0.040000
4389.500930 13.041000 0.045000
4481.867220 13.892000 0.048000
4664.654200 13.689000 0.045000
4666.658570 13.467000 0.045000
4670.620650 13.289000 0.040000
4672.643830 12.645000 0.043000
4675.679680 12.337000 0.048000
4678.677410 12.028000 0.049000
4681.594730 11.734000 0.043000
4683.594780 11.555000 0.046000
4685.571700 11.484000 0.052000
4687.560110 11.356000 0.043000
4691.594330 11.134000 0.045000
4694.645000 11.088000 0.051000
4698.616230 11.063000 0.045000
4700.614450 11.012000 0.045000
4702.619510 11.047000 0.044000
4704.611190 11.049000 0.046000
4707.591550 11.073000 0.052000
4716.548140 11.299000 0.043000
4720.602850 11.295000 0.047000
4726.583610 11.556000 0.051000
4729.573460 11.498000 0.046000
4733.523880 11.580000 0.047000
4737.535960 11.670000 0.043000
4740.525770 11.818000 0.041000
4743.512750 11.930000 0.047000
4745.525970 11.975000 0.047000
4754.505350 12.320000 0.047000
4758.492720 12.424000 0.051000
4959.766220 13.224000 0.056000
4967.738680 11.926000 0.054000
4969.751940 11.727000 0.052000
4975.644160 11.297000 0.054000
4984.694120 10.946000 0.057000
4992.859440 10.838000 0.055000
5015.648310 11.125000 0.054000
5022.516130 11.435000 0.053000
5024.559830 11.443000 0.053000
5031.612480 11.693000 0.048000
5037.536030 11.946000 0.048000
5039.528750 12.037000 0.050000
5041.538090 12.187000 0.047000
5057.563940 13.050000 0.050000
5063.574000 13.548000 0.055000
2037.670160 11.033000 0.051000
2059.675560 10.714000 0.055000
2062.571920 10.708000 0.055000
2083.582010 11.445000 0.058000
2087.571430 11.635000 0.051000
3190.670570 13.386000 0.054000
3501.797310 12.833000 0.056000
3792.845580 13.356000 0.051000
3798.865550 12.322000 0.055000
4157.812910 12.076000 0.049000
4710.551980 11.162000 0.058000
4724.526290 11.449000 0.055000
4762.493850 12.599000 0.052000
4962.671760 12.957000 0.058000
4972.845020 11.436000 0.059000
4986.674600 10.923000 0.057000
4988.689140 10.881000 0.056000
5017.778490 11.225000 0.057000
5047.684330 12.425000 0.060000
1929.841950 29.999000 0.046000
1948.862390 29.999000 0.047000
1963.806030 29.999000 0.046000
1978.799260 29.999000 0.055000
1980.756280 29.999000 0.054000
2169.516780 29.999000 0.050000
2185.516060 29.999000 0.055000
2441.595560 29.999000 0.038000
2442.596350 29.999000 0.041000
2467.545180 29.999000 0.037000
2469.552100 29.999000 0.049000
2473.486780 29.999000 0.050000
2486.533180 29.999000 0.057000
2502.512630 29.999000 0.049000
2510.617690 29.999000 0.045000
2546.517380 29.999000 0.046000
2561.507680 29.999000 0.050000
2715.795960 29.999000 0.051000
2723.788810 29.999000 0.048000
2734.738820 29.999000 0.048000
2736.739080 29.999000 0.047000
2744.730000 29.999000 0.050000
2752.728740 29.999000 0.042000
2761.683580 29.999000 0.050000
2763.675400 29.999000 0.043000
2766.735380 29.999000 0.044000
2782.751600 29.999000 0.047000
2784.678310 29.999000 0.050000
2785.809100 29.999000 0.051000
2787.750430 29.999000 0.048000
2812.608940 29.999000 0.047000
2821.536120 29.999000 0.048000
2832.562260 29.999000 0.043000
2836.714200 29.999000 0.046000
2843.653170 29.999000 0.052000
2854.528320 29.999000 0.039000
2859.636410 29.999000 0.041000
2866.590560 29.999000 0.041000
2868.646670 29.999000 0.044000
3032.842330 29.999000 0.047000
3042.849520 29.999000 0.045000
3052.838310 29.999000 0.043000
3059.823810 29.999000 0.042000
3070.831340 29.999000 0.043000
3082.811940 29.999000 0.042000
3098.813610 29.999000 0.042000
3100.812850 29.999000 0.043000
3103.766000 29.999000 0.045000
3112.790100 29.999000 0.041000
3124.777900 29.999000 0.042000
3134.772720 29.999000 0.042000
3158.712890 29.999000 0.046000
3168.769080 29.999000 0.044000
3175.716340 29.999000 0.045000
3399.864860 29.999000 0.052000
3403.859350 29.999000 0.049000
3410.846910 29.999000 0.053000
3426.828990 29.999000 0.052000
3436.864710 29.999000 0.047000
3446.817230 29.999000 0.046000
3454.849420 29.999000 0.051000
3456.823070 29.999000 0.047000
3458.847380 29.999000 0.047000
3472.749120 29.999000 0.045000
3490.764220 29.999000 0.050000
3617.549240 29.999000 0.045000
3622.506360 29.999000 0.055000
3649.508010 29.999000 0.058000
3658.504880 29.999000 0.045000
3751.857720 29.999000 0.054000
3755.852880 29.999000 0.048000
3758.857710 29.999000 0.047000
3762.858760 29.999000 0.059000
3767.849740 29.999000 0.057000
3772.843850 29.999000 0.050000
3775.854170 29.999000 0.048000
3890.701010 29.999000 0.048000
3901.833430 29.999000 0.045000
4182.796350 29.999000 0.044000
4189.751070 29.999000 0.040000
4193.781280 29.999000 0.042000
4196.828610 29.999000 0.047000
4199.765620 29.999000 0.046000
4204.836940 29.999000 0.042000
4213.775020 29.999000 0.042000
4216.766850 29.999000 0.042000
4227.736000 29.999000 0.038000
4510.841550 29.999000 0.045000
4516.818110 29.999000 0.057000
4519.840450 29.999000 0.043000
4522.841730 29.999000 0.040000
4525.842150 29.999000 0.044000
4528.879880 29.999000 0.042000
4531.851970 29.999000 0.041000
4535.858540 29.999000 0.044000
4538.829260 29.999000 0.042000
4541.800800 29.999000 0.043000
4547.780690 29.999000 0.044000
4550.801330 29.999000 0.042000
4555.782460 29.999000 0.041000
4558.769870 29.999000 0.041000
4560.838490 29.999000 0.040000
4563.761960 29.999000 0.046000
4565.819690 29.999000 0.041000
4568.746870 29.999000 0.044000
4570.810680 29.999000 0.042000
4572.776000 29.999000 0.041000
4574.747260 29.999000 0.042000
4576.770800 29.999000 0.043000
4589.686700 29.999000 0.044000
4591.726800 29.999000 0.043000
4602.681820 29.999000 0.044000
4609.639120 29.999000 0.041000
4611.684200 29.999000 0.043000
4616.678270 29.999000 0.041000
4626.570240 29.999000 0.040000
4642.801410 29.999000 0.043000
4645.546670 29.999000 0.042000
4647.587470 29.999000 0.048000
4649.603520 29.999000 0.046000
4651.632220 29.999000 0.047000
4653.647440 29.999000 0.041000
4655.591600 29.999000 0.042000
4657.636050 29.999000 0.045000
4660.596980 29.999000 0.049000
4662.656530 29.999000 0.048000
4867.838020 29.999000 0.047000
4870.862180 29.999000 0.044000
4876.846560 29.999000 0.046000
1933.841360 29.999000 0.045000
1936.823920 29.999000 0.045000
1950.811210 29.999000 0.047000
1964.860280 29.999000 0.046000
1966.786990 29.999000 0.050000
1976.861770 29.999000 0.050000
1985.789920 29.999000 0.054000
1985.891260 29.999000 0.053000
2172.542480 29.999000 0.057000
2175.487530 29.999000 0.049000
2178.505570 29.999000 0.052000
2452.554340 29.999000 0.053000
2456.555500 29.999000 0.047000
2465.564380 29.999000 0.042000
2481.495730 29.999000 0.052000
2489.510500 29.999000 0.057000
2491.502030 29.999000 0.058000
2494.511060 29.999000 0.041000
2524.564060 29.999000 0.050000
2526.599440 29.999000 0.052000
2544.509110 29.999000 0.049000
2548.501620 29.999000 0.042000
2553.501140 29.999000 0.047000
2559.527010 29.999000 0.051000
2721.766950 29.999000 0.055000
2725.757340 29.999000 0.048000
2738.787710 29.999000 0.049000
2750.824380 29.999000 0.044000
2759.750860 29.999000 0.051000
2790.893060 29.999000 0.047000
2829.590070 29.999000 0.043000
2861.615120 29.999000 0.042000
2875.656690 29.999000 0.046000
3036.833620 29.999000 0.042000
3055.874230 29.999000 0.044000
3063.839370 29.999000 0.045000
3067.874670 29.999000 0.042000
3073.834210 29.999000 0.044000
3076.838430 29.999000 0.041000
3079.815190 29.999000 0.050000
3086.828370 29.999000 0.044000
3096.870060 29.999000 0.042000
3105.804190 29.999000 0.044000
3114.829470 29.999000 0.040000
3118.735880 29.999000 0.040000
3122.725320 29.999000 0.041000
3126.753180 29.999000 0.044000
3128.714760 29.999000 0.048000
3130.738070 29.999000 0.043000
3132.777040 29.999000 0.044000
3142.794380 29.999000 0.042000
3146.600970 29.999000 0.040000
3163.737900 29.999000 0.042000
3183.633140 29.999000 0.043000
3396.847270 29.999000 0.042000
3406.876920 29.999000 0.049000
3413.866410 29.999000 0.053000
3423.868230 29.999000 0.053000
3443.848040 29.999000 0.044000
3452.834200 29.999000 0.043000
3464.757480 29.999000 0.044000
3466.821960 29.999000 0.043000
3469.796660 29.999000 0.041000
3479.780720 29.999000 0.045000
3483.770410 29.999000 0.046000
3487.758020 29.999000 0.050000
3609.494320 29.999000 0.052000
3626.571800 29.999000 0.044000
3630.549670 29.999000 0.044000
3632.555960 29.999000 0.046000
3635.538140 29.999000 0.053000
3639.539710 29.999000 0.044000
3642.542930 29.999000 0.049000
3646.538540 29.999000 0.043000
3651.506750 29.999000 0.047000
3661.498420 29.999000 0.049000
4202.831540 29.999000 0.043000
4207.881620 29.999000 0.044000
4229.736290 29.999000 0.043000
4231.744370 29.999000 0.046000
4233.743250 29.999000 0.039000
4235.741830 29.999000 0.040000
4245.636720 29.999000 0.051000
4246.800280 29.999000 0.042000
4250.705650 29.999000 0.041000
4253.778180 29.999000 0.041000
4256.607060 29.999000 0.040000
4258.659210 29.999000 0.041000
4269.703630 29.999000 0.040000
4272.633890 29.999000 0.040000
4274.643190 29.999000 0.039000
4278.662500 29.999000 0.040000
4282.666210 29.999000 0.047000
4284.670470 29.999000 0.043000
4290.662220 29.999000 0.039000
4292.611210 29.999000 0.039000
4296.616720 29.999000 0.045000
4298.621340 29.999000 0.043000
4300.575290 29.999000 0.045000
4302.624630 29.999000 0.055000
4304.567170 29.999000 0.039000
4306.584110 29.999000 0.039000
4308.623110 29.999000 0.046000
4310.682500 29.999000 0.043000
4312.703430 29.999000 0.053000
4315.699150 29.999000 0.045000
4319.573070 29.999000 0.043000
4330.499570 29.999000 0.041000
4332.523300 29.999000 0.043000
4334.539740 29.999000 0.041000
4338.563460 29.999000 0.039000
4340.618080 29.999000 0.046000
4342.609780 29.999000 0.044000
4344.609660 29.999000 0.046000
4346.609290 29.999000 0.046000
4348.612490 29.999000 0.046000
4350.616350 29.999000 0.051000
4353.508510 29.999000 0.040000
4355.600560 29.999000 0.041000
4358.490760 29.999000 0.040000
4360.490450 29.999000 0.042000
4362.553610 29.999000 0.041000
4364.554190 29.999000 0.041000
4368.539830 29.999000 0.043000
4373.501470 29.999000 0.048000
4376.527780 29.999000 0.044000
4552.872790 29.999000 0.041000
4579.847130 29.999000 0.046000
4583.727010 29.999000 0.041000
4586.756030 29.999000 0.043000
4593.758530 29.999000 0.041000
4595.822940 29.999000 0.040000
4597.742960 29.999000 0.040000
4606.696320 29.999000 0.048000
4618.692580 29.999000 0.044000
4623.863540 29.999000 0.044000
4630.641130 29.999000 0.041000
4632.659050 29.999000 0.041000
4638.820960 29.999000 0.045000
4640.805910 29.999000 0.042000
1920.871060 29.999000 0.050000
1922.859580 29.999000 0.048000
1924.853630 29.999000 0.047000
1946.833080 29.999000 0.049000
1953.802370 29.999000 0.046000
1955.831980 29.999000 0.048000
1958.888420 29.999000 0.048000
1961.839770 29.999000 0.052000
1968.783630 29.999000 0.056000
1979.831630 29.999000 0.055000
1984.774320 29.999000 0.054000
1997.782670 29.999000 0.059000
2459.560590 29.999000 0.045000
2464.560640 29.999000 0.047000
2468.555480 29.999000 0.042000
2508.641350 29.999000 0.054000
2520.561700 29.999000 0.039000
2535.558010 29.999000 0.052000
2543.495150 29.999000 0.048000
2558.505880 29.999000 0.050000
2563.510710 29.999000 0.046000
2568.497230 29.999000 0.044000
2727.790850 29.999000 0.046000
2731.870810 29.999000 0.049000
2742.725560 29.999000 0.048000
2747.785740 29.999000 0.052000
2755.709160 29.999000 0.048000
2757.701470 29.999000 0.048000
2775.722020 29.999000 0.046000
2794.618710 29.999000 0.049000
2805.833030 29.999000 0.046000
2809.735010 29.999000 0.042000
2810.840810 29.999000 0.043000
2826.585250 29.999000 0.037000
2830.720340 29.999000 0.055000
2833.684340 29.999000 0.059000
2839.748050 29.999000 0.042000
2851.723210 29.999000 0.039000
2858.559630 29.999000 0.042000
2872.647490 29.999000 0.042000
2877.643360 29.999000 0.043000
2883.519870 29.999000 0.043000
2885.524660 29.999000 0.042000
3089.796710 29.999000 0.042000
3092.776010 29.999000 0.042000
3107.811150 29.999000 0.041000
3110.738730 29.999000 0.044000
3153.681250 29.999000 0.040000
3160.723840 29.999000 0.051000
3171.723110 29.999000 0.041000
3180.638420 29.999000 0.044000
3432.843640 29.999000 0.045000
3474.838630 29.999000 0.049000
3477.727940 29.999000 0.048000
3481.761790 29.999000 0.046000
3602.579960 29.999000 0.046000
3604.589320 29.999000 0.051000
3619.599490 29.999000 0.048000
3654.526410 29.999000 0.047000
4487.866090 29.999000 0.048000
4491.867960 29.999000 0.047000
4499.863880 29.999000 0.046000
4503.842470 29.999000 0.047000
4506.856450 29.999000 0.043000
4847.855340 29.999000 0.045000
4850.858140 29.999000 0.047000
4862.856480 29.999000 0.043000
4883.895460 29.999000 0.042000
4891.819800 29.999000 0.052000
4901.895470 29.999000 0.054000
4905.772830 29.999000 0.053000
4916.745420 29.999000 0.051000
4918.844150 29.999000 0.054000
4921.785510 29.999000 0.053000
4926.829200 29.999000 0.054000
4929.833360 29.999000 0.056000
4935.740910 29.999000 0.056000
4937.800040 29.999000 0.056000
4940.725610 29.999000 0.056000
4945.843640 29.999000 0.057000
4948.725990 29.999000 0.055000
4951.714330 29.999000 0.054000
5049.710930 29.999000 0.058000
5084.570410 29.999000 0.051000
5086.572870 29.999000 0.058000
5088.598490 29.999000 0.061000
5093.578200 29.999000 0.057000
5098.505880 29.999000 0.060000
5110.509170 29.999000 0.058000
1954.824410 29.999000 0.044000
2156.545340 29.999000 0.049000
2173.483140 29.999000 0.050000
2175.510480 29.999000 0.054000
2179.496970 29.999000 0.043000
2191.487480 29.999000 0.054000
3387.870790 29.999000 0.052000
3391.865700 29.999000 0.053000
3399.867270 29.999000 0.047000
2671.851960 12.196000 0.036000
2681.848570 12.514000 0.037000
2684.840480 12.474000 0.035000
2693.836680 12.906000 0.035000
2705.809320 13.447000 0.041000
2709.838350 13.846000 0.035000
2711.848220 13.957000 0.034000
2713.828780 13.935000 0.037000
3804.815500 11.633000 0.044000
3811.898950 11.040000 0.047000
3814.870020 10.893000 0.041000
3820.836030 10.670000 0.041000
3823.830330 10.620000 0.040000
3826.823840 10.586000 0.040000
4129.866940 10.620000 0.046000
4133.853130 10.778000 0.047000
4137.860740 10.987000 0.045000
4144.885890 11.296000 0.042000
4151.848780 11.820000 0.037000
4154.867050 11.915000 0.043000
4161.834740 12.384000 0.041000
4164.884800 12.701000 0.043000
4167.867690 12.635000 0.039000
4174.816350 12.977000 0.037000
4180.846670 13.799000 0.046000
4183.834310 13.413000 0.042000
4187.843370 13.970000 0.038000
4192.807350 14.049000 0.036000
4493.870860 14.221000 0.042000
4666.665640 13.388000 0.035000
4670.627840 12.724000 0.037000
4672.650380 12.596000 0.035000
4675.685420 12.271000 0.042000
4678.683310 12.042000 0.042000
4681.601330 11.736000 0.038000
4683.601620 11.587000 0.038000
4685.582180 11.485000 0.038000
4687.573130 11.320000 0.034000
4691.597690 11.105000 0.037000
4694.651690 11.061000 0.042000
4698.619460 10.991000 0.039000
4704.614500 11.028000 0.043000
4706.659030 11.081000 0.037000
4709.615240 11.165000 0.045000
4716.551410 11.293000 0.037000
4720.606060 11.321000 0.043000
4722.641660 11.483000 0.041000
4729.535230 11.505000 0.036000
4734.603720 11.641000 0.046000
4739.510190 11.747000 0.038000
4744.527740 11.955000 0.044000
4746.540820 12.090000 0.047000
4753.510420 12.173000 0.044000
4954.790960 13.776000 0.045000
4967.785000 11.882000 0.045000
4969.822860 11.741000 0.046000
4975.729750 11.258000 0.045000
4985.683100 10.949000 0.043000
4991.743720 10.831000 0.046000
4994.764190 10.840000 0.045000
5012.656940 11.090000 0.046000
5014.618190 11.160000 0.045000
5021.728680 11.331000 0.045000
5023.733050 11.342000 0.045000
5031.615490 11.637000 0.043000
5057.567950 12.977000 0.045000
5063.577190 13.385000 0.048000
3789.845510 13.703000 0.051000
4141.849900 11.167000 0.046000
4157.878440 12.041000 0.053000
4177.855140 13.200000 0.046000
4726.542700 11.523000 0.047000
4761.519190 12.577000 0.049000
4959.783840 13.065000 0.049000
4962.709080 12.943000 0.047000
4987.691880 10.960000 0.049000
4989.720400 10.812000 0.049000
5006.787940 10.968000 0.052000
5040.710950 12.159000 0.050000
5042.603250 12.038000 0.050000
5047.687490 12.369000 0.051000
5049.717600 12.475000 0.051000
5075.651370 13.727000 0.049000
2454.605420 29.999000 0.043000
2463.584730 29.999000 0.045000
2490.535710 29.999000 0.046000
2719.814770 29.999000 0.042000
2727.804130 29.999000 0.041000
2744.754710 29.999000 0.039000
2763.723140 29.999000 0.040000
2775.757050 29.999000 0.053000
3036.863100 29.999000 0.038000
3052.873550 29.999000 0.036000
3056.846370 29.999000 0.036000
3134.858680 29.999000 0.037000
3397.877340 29.999000 0.046000
3448.849000 29.999000 0.046000
3452.807470 29.999000 0.043000
3759.863140 29.999000 0.048000
3763.873130 29.999000 0.048000
3767.870170 29.999000 0.054000
3808.816610 29.999000 0.048000
3853.750620 29.999000 0.036000
4194.827040 29.999000 0.036000
4198.756370 29.999000 0.051000
4204.843910 29.999000 0.036000
4208.785850 29.999000 0.041000
4213.822540 29.999000 0.039000
4216.811860 29.999000 0.036000
4227.775640 29.999000 0.035000
4229.776690 29.999000 0.034000
4231.780860 29.999000 0.036000
4233.779530 29.999000 0.034000
4238.688910 29.999000 0.042000
4272.665480 29.999000 0.036000
4274.669790 29.999000 0.037000
4277.631220 29.999000 0.034000
4301.597940 29.999000 0.038000
4305.583580 29.999000 0.034000
4504.858660 29.999000 0.038000
4508.851010 29.999000 0.043000
4517.865170 29.999000 0.042000
4520.865320 29.999000 0.043000
4523.861060 29.999000 0.035000
4526.855690 29.999000 0.038000
4529.885460 29.999000 0.038000
4537.812390 29.999000 0.035000
4540.851850 29.999000 0.039000
4543.852280 29.999000 0.038000
4546.816310 29.999000 0.040000
4552.823380 29.999000 0.039000
4555.815320 29.999000 0.036000
4558.818140 29.999000 0.034000
4561.806900 29.999000 0.035000
4564.797060 29.999000 0.035000
4567.791040 29.999000 0.036000
4570.779160 29.999000 0.033000
4572.798440 29.999000 0.037000
4574.785700 29.999000 0.039000
4576.792560 29.999000 0.038000
4583.767890 29.999000 0.036000
4589.728200 29.999000 0.040000
4593.802030 29.999000 0.036000
4600.768190 29.999000 0.040000
4602.720640 29.999000 0.037000
4606.736900 29.999000 0.041000
4609.682810 29.999000 0.036000
4611.724370 29.999000 0.036000
4616.728450 29.999000 0.036000
4618.733550 29.999000 0.038000
4622.696100 29.999000 0.038000
4626.613120 29.999000 0.035000
4630.676130 29.999000 0.035000
4632.677490 29.999000 0.036000
4638.824510 29.999000 0.041000
4640.808840 29.999000 0.038000
4642.804290 29.999000 0.040000
4644.850730 29.999000 0.040000
4647.578250 29.999000 0.044000
4649.632260 29.999000 0.042000
4651.655720 29.999000 0.039000
4653.664070 29.999000 0.034000
4655.611920 29.999000 0.036000
4657.651560 29.999000 0.042000
4660.605090 29.999000 0.047000
4662.663780 29.999000 0.038000
4852.876870 29.999000 0.041000
4867.885230 29.999000 0.042000
4871.867610 29.999000 0.041000
4876.873570 29.999000 0.038000
4884.832940 29.999000 0.042000
4892.833870 29.999000 0.047000
4902.901950 29.999000 0.046000
4906.813730 29.999000 0.055000
4916.799990 29.999000 0.046000
4919.819130 29.999000 0.047000
4926.867510 29.999000 0.043000
4929.865760 29.999000 0.049000
4935.802110 29.999000 0.049000
4938.777990 29.999000 0.047000
4947.752740 29.999000 0.045000
4950.760770 29.999000 0.046000
5086.514630 29.999000 0.048000
5088.571200 29.999000 0.050000
5098.509150 29.999000 0.049000
5104.595780 29.999000 0.047000
1954.830510 29.999000 0.048000
2156.520920 29.999000 0.044000
2167.476160 29.999000 0.044000
2171.495910 29.999000 0.044000
2178.539400 29.999000 0.045000
2185.483410 29.999000 0.046000
2189.487280 29.999000 0.059000
2193.488730 29.999000 0.048000
2197.492380 29.999000 0.048000
2203.504340 29.999000 0.045000
3398.861250 29.999000 0.046000
