1879.846460 14.042000 0.035000
1881.840390 14.009000 0.034000
1903.790320 13.641000 0.035000
1905.789650 13.496000 0.037000
1907.785670 13.299000 0.034000
1913.835880 12.987000 0.030000
1915.798830 12.989000 0.032000
1919.869680 12.755000 0.038000
1921.780620 12.320000 0.035000
1922.879640 12.502000 0.038000
1925.816270 12.096000 0.035000
1926.817770 12.139000 0.033000
1928.839130 11.882000 0.036000
1929.849030 11.757000 0.037000
1931.751880 11.618000 0.044000
1933.756690 11.426000 0.034000
1935.846040 11.239000 0.037000
1937.779790 11.060000 0.040000
1939.774460 10.993000 0.036000
1945.839400 10.754000 0.038000
1947.778740 10.747000 0.037000
1949.724610 10.735000 0.058000
1950.751380 10.679000 0.055000
1953.754980 10.691000 0.043000
1963.750330 10.812000 0.045000
1964.752800 10.827000 0.043000
1965.738830 10.820000 0.043000
1966.736260 10.839000 0.042000
1967.752340 10.889000 0.046000
1978.732430 11.195000 0.057000
1979.711000 11.240000 0.056000
1982.702500 11.397000 0.049000
1984.692060 11.405000 0.050000
1985.693540 11.455000 0.051000
2025.580130 13.558000 0.029000
2030.584820 13.747000 0.038000
2031.606960 13.698000 0.037000
2032.582850 13.677000 0.039000
2033.586390 13.955000 0.037000
2034.584070 13.782000 0.034000
2037.607330 14.186000 0.043000
2068.532290 14.992000 0.042000
2463.468260 14.047000 0.032000
2467.488380 13.888000 0.035000
2508.478690 12.867000 0.036000
2512.479650 12.736000 0.036000
2521.472170 11.845000 0.033000
2526.474240 11.311000 0.055000
2622.837640 13.116000 0.036000
2625.836730 13.359000 0.040000
2635.802260 13.737000 0.043000
2769.704940 13.893000 0.030000
2782.569510 13.556000 0.031000
2783.715460 13.621000 0.030000
2785.649960 13.425000 0.027000
2787.603850 13.375000 0.030000
2790.629260 13.218000 0.030000
2791.733740 13.458000 0.030000
2794.592350 13.445000 0.031000
2809.667630 12.401000 0.028000
2811.628780 12.118000 0.030000
2813.610410 12.036000 0.032000
2820.619310 11.403000 0.029000
2822.658110 11.209000 0.038000
2830.540310 10.608000 0.032000
2832.520150 10.556000 0.030000
2834.521340 10.487000 0.031000
2836.518710 10.379000 0.031000
2842.513090 10.209000 0.039000
2845.509360 10.176000 0.031000
2851.511660 10.191000 0.034000
2854.502750 10.226000 0.035000
2858.503770 10.233000 0.032000
2860.503670 10.310000 0.035000
2862.506790 10.346000 0.032000
2866.506550 10.499000 0.030000
2875.484930 10.866000 0.030000
2877.486050 10.963000 0.027000
2879.495560 11.074000 0.027000
2883.484840 11.268000 0.028000
3056.772000 14.281000 0.027000
3064.740440 13.989000 0.029000
3067.790850 13.572000 0.029000
3069.788980 13.661000 0.030000
3073.858900 13.543000 0.028000
3078.757760 13.305000 0.031000
3080.778630 13.310000 0.041000
3082.832560 13.217000 0.028000
3086.806930 13.127000 0.031000
3089.667770 12.980000 0.030000
3091.708350 12.922000 0.029000
3093.718010 12.837000 0.033000
3097.695400 12.582000 0.028000
3099.741530 12.502000 0.029000
3101.772550 12.277000 0.029000
3103.796090 12.133000 0.030000
3105.780870 12.004000 0.029000
3107.783200 11.821000 0.028000
3109.793660 11.586000 0.027000
3112.607870 11.330000 0.028000
3114.671600 11.172000 0.032000
3116.664020 10.969000 0.027000
3121.638520 10.540000 0.031000
3125.639530 10.327000 0.028000
3127.654510 10.226000 0.032000
3129.699510 10.203000 0.031000
3131.715510 10.187000 0.030000
3144.730360 10.136000 0.028000
3153.547150 10.182000 0.028000
3155.597430 10.188000 0.036000
3158.648910 10.263000 0.030000
3160.647770 10.326000 0.031000
3163.655740 10.375000 0.027000
3165.657140 10.480000 0.031000
3168.680790 10.569000 0.028000
3171.666050 10.699000 0.034000
3175.653520 10.848000 0.028000
3177.676070 10.927000 0.031000
3180.594580 11.082000 0.028000
3183.596520 11.201000 0.027000
3185.590390 11.315000 0.029000
3187.606730 11.414000 0.029000
3190.626990 11.500000 0.031000
3430.849870 10.605000 0.034000
3449.778320 10.734000 0.038000
3452.677840 10.812000 0.029000
1961.744980 10.803000 0.044000
1962.765800 10.837000 0.047000
1968.733160 10.894000 0.046000
1971.750040 11.002000 0.049000
1977.689740 11.136000 0.053000
1980.702570 11.249000 0.058000
1981.720280 11.334000 0.050000
1994.681910 11.816000 0.058000
2452.459930 13.705000 0.043000
2473.463900 13.440000 0.046000
2491.497050 13.021000 0.053000
2495.468090 13.031000 0.047000
2502.521670 13.018000 0.055000
3061.802660 13.548000 0.029000
1995.690930 29.999000 0.059000
2038.603810 29.999000 0.039000
2056.549140 29.999000 0.042000
2057.542950 29.999000 0.041000
2062.529770 29.999000 0.042000
2064.528650 29.999000 0.042000
2067.508690 29.999000 0.045000
2070.488790 29.999000 0.040000
2088.488970 29.999000 0.041000
2105.505460 29.999000 0.038000
2116.470760 29.999000 0.039000
2125.517370 29.999000 0.039000
2129.522320 29.999000 0.034000
2459.487300 29.999000 0.039000
2465.503130 29.999000 0.044000
2638.827370 29.999000 0.037000
2651.822200 29.999000 0.033000
2664.818310 29.999000 0.034000
2669.813160 29.999000 0.031000
2672.791190 29.999000 0.028000
2674.827290 29.999000 0.032000
2676.794910 29.999000 0.031000
2678.774460 29.999000 0.033000
2680.779000 29.999000 0.030000
2684.746420 29.999000 0.032000
2688.750580 29.999000 0.029000
2690.757370 29.999000 0.039000
2697.723930 29.999000 0.032000
2699.741960 29.999000 0.036000
2701.742740 29.999000 0.039000
2709.699000 29.999000 0.036000
2711.666580 29.999000 0.034000
2712.802860 29.999000 0.035000
2714.689350 29.999000 0.030000
2717.694740 29.999000 0.036000
2721.725470 29.999000 0.035000
2723.693300 29.999000 0.038000
2724.857920 29.999000 0.029000
2732.800330 29.999000 0.041000
2736.658360 29.999000 0.038000
2740.661570 29.999000 0.037000
2742.589820 29.999000 0.029000
2743.744830 29.999000 0.028000
2749.777530 29.999000 0.028000
2751.590510 29.999000 0.027000
2752.793970 29.999000 0.036000
2756.744250 29.999000 0.031000
2757.830810 29.999000 0.047000
2759.840700 29.999000 0.042000
2761.617650 29.999000 0.037000
2955.861750 29.999000 0.036000
2963.856910 29.999000 0.038000
2977.828320 29.999000 0.033000
2981.829690 29.999000 0.033000
2996.809040 29.999000 0.029000
3036.791420 29.999000 0.029000
3040.874390 29.999000 0.028000
3043.784750 29.999000 0.029000
3071.777110 29.999000 0.032000
1875.851770 29.999000 0.042000
1877.852840 29.999000 0.036000
1887.830570 29.999000 0.034000
2052.530760 29.999000 0.045000
2053.556190 29.999000 0.043000
2055.540670 29.999000 0.045000
2058.534820 29.999000 0.044000
2081.587360 29.999000 0.035000
2083.555410 29.999000 0.037000
2086.483010 29.999000 0.041000
2093.460680 29.999000 0.040000
2103.474770 29.999000 0.034000
2133.475640 29.999000 0.036000
2136.484150 29.999000 0.035000
2145.479210 29.999000 0.038000
2454.519240 29.999000 0.053000
2469.493150 29.999000 0.047000
2482.502910 29.999000 0.050000
2641.846620 29.999000 0.035000
2644.837750 29.999000 0.034000
2649.827170 29.999000 0.037000
2654.857700 29.999000 0.036000
2658.783750 29.999000 0.031000
2660.817750 29.999000 0.032000
2662.799390 29.999000 0.028000
2666.857620 29.999000 0.037000
2686.754880 29.999000 0.035000
2694.757600 29.999000 0.034000
2703.741220 29.999000 0.042000
2705.733550 29.999000 0.040000
2707.732970 29.999000 0.044000
2728.695420 29.999000 0.035000
2730.691760 29.999000 0.041000
2734.666560 29.999000 0.028000
2738.656150 29.999000 0.041000
2745.696510 29.999000 0.042000
2755.611880 29.999000 0.035000
2763.833430 29.999000 0.029000
2985.828550 29.999000 0.031000
2992.847740 29.999000 0.033000
3007.789880 29.999000 0.031000
3016.840710 29.999000 0.029000
3025.781810 29.999000 0.027000
3030.778300 29.999000 0.029000
3033.802470 29.999000 0.031000
3047.739350 29.999000 0.031000
3051.724730 29.999000 0.028000
3053.816070 29.999000 0.030000
3354.837230 29.999000 0.049000
1878.841270 14.401000 0.038000
1880.838700 14.262000 0.040000
1900.787840 13.644000 0.039000
1918.773320 12.862000 0.039000
1954.764030 10.691000 0.043000
1955.767170 10.780000 0.039000
3219.544600 12.828000 0.040000
3358.844630 14.136000 0.047000
3386.853260 13.852000 0.036000
3390.791090 13.658000 0.034000
3394.838310 13.511000 0.036000
3397.812230 13.525000 0.036000
3400.803280 13.177000 0.040000
3403.819150 12.929000 0.047000
3406.784800 12.656000 0.044000
3409.786080 12.191000 0.043000
3417.757350 11.295000 0.040000
3424.801380 10.821000 0.046000
3430.848060 10.623000 0.040000
3433.716330 10.593000 0.040000
3436.767930 10.567000 0.036000
3439.757220 10.540000 0.041000
3443.705850 10.591000 0.035000
3445.746300 10.640000 0.043000
3447.763000 10.664000 0.035000
3454.727560 10.870000 0.037000
3456.739990 10.909000 0.036000
3458.729310 10.950000 0.037000
3460.741490 11.075000 0.036000
3463.637080 11.170000 0.037000
3468.685530 11.405000 0.034000
3470.694190 11.479000 0.037000
3472.702550 11.521000 0.034000
3479.658470 11.935000 0.043000
3481.651040 11.897000 0.035000
3483.670480 12.003000 0.043000
3486.790480 12.092000 0.040000
3489.793810 12.309000 0.043000
3491.814890 12.429000 0.038000
3499.564170 12.656000 0.042000
3501.600940 12.678000 0.035000
3503.653680 12.854000 0.037000
3506.670420 12.909000 0.046000
3511.700650 13.136000 0.034000
3515.716100 13.074000 0.036000
3517.704840 13.325000 0.036000
3556.559140 14.467000 0.034000
3708.851480 10.878000 0.039000
3714.852840 10.551000 0.045000
3724.829350 10.003000 0.037000
3727.834550 9.894000 0.050000
3731.855460 9.805000 0.048000
3735.826270 9.947000 0.046000
3739.805600 10.020000 0.037000
3746.847190 10.372000 0.043000
3747.744890 10.222000 0.038000
3747.803630 10.246000 0.045000
3747.809060 10.280000 0.037000
3747.811470 10.306000 0.039000
3747.814080 10.268000 0.037000
3747.816580 10.272000 0.037000
3747.819110 10.275000 0.038000
3750.813900 10.333000 0.045000
3753.852050 10.472000 0.042000
3756.825380 10.563000 0.039000
3759.848580 10.706000 0.036000
3762.820570 10.832000 0.047000
3765.805120 10.880000 0.043000
3768.797990 11.041000 0.046000
3772.746540 11.119000 0.045000
3775.776130 11.361000 0.042000
3778.778300 11.427000 0.040000
3788.800840 11.788000 0.038000
3793.799300 11.972000 0.036000
3796.731450 12.083000 0.041000
3798.798030 12.164000 0.040000
3801.704920 12.267000 0.037000
3804.715210 12.287000 0.039000
3806.757230 12.477000 0.042000
3811.793480 12.695000 0.044000
3813.862650 12.784000 0.047000
3816.675750 12.681000 0.045000
3820.779100 12.860000 0.035000
3822.832350 13.134000 0.043000
3825.654330 12.901000 0.041000
3827.697880 13.136000 0.046000
3829.757760 13.412000 0.035000
3831.809350 13.500000 0.037000
3835.713530 13.316000 0.045000
3837.735680 13.510000 0.040000
4090.825010 12.102000 0.047000
4104.801360 12.752000 0.042000
4107.833920 12.910000 0.033000
4126.827110 13.556000 0.037000
4129.824400 13.916000 0.038000
4143.878710 14.036000 0.036000
4273.617440 13.536000 0.042000
4278.592950 13.430000 0.034000
4284.604630 13.471000 0.036000
4290.599680 13.067000 0.035000
4294.572240 13.008000 0.037000
4296.567010 13.008000 0.037000
4298.575460 12.824000 0.037000
4300.523430 12.696000 0.038000
4302.596360 12.615000 0.038000
4304.540000 12.613000 0.038000
4306.557690 12.377000 0.036000
4309.576600 12.107000 0.043000
4312.537970 11.941000 0.041000
4315.544710 11.626000 0.039000
4319.511160 11.350000 0.038000
4330.506830 10.970000 0.037000
4333.500390 10.847000 0.037000
4337.502930 10.819000 0.040000
4341.492370 10.750000 0.038000
4344.479880 10.770000 0.042000
4347.482050 10.751000 0.040000
4351.474220 10.805000 0.042000
4438.848470 13.680000 0.040000
4442.845590 13.944000 0.036000
4541.778730 14.449000 0.038000
4545.744350 13.207000 0.043000
4550.657740 13.892000 0.049000
4552.736690 13.832000 0.038000
4554.764410 13.512000 0.039000
4559.645700 13.808000 0.040000
4561.688980 13.384000 0.036000
4563.727290 13.382000 0.040000
4565.776570 13.163000 0.036000
4567.833550 13.258000 0.037000
4570.618850 13.052000 0.036000
4572.644200 13.041000 0.039000
4576.689580 13.028000 0.040000
4579.800400 12.838000 0.037000
4586.622150 12.806000 0.036000
4588.673280 12.744000 0.038000
4590.750680 12.679000 0.041000
4593.558740 12.545000 0.036000
4595.596160 12.370000 0.036000
4597.587610 12.228000 0.040000
4599.612430 11.934000 0.038000
4601.618400 11.830000 0.040000
4603.650310 11.549000 0.040000
4607.669500 11.095000 0.040000
4610.552120 10.785000 0.042000
4612.600420 10.639000 0.041000
4616.733200 10.313000 0.038000
4622.688120 10.072000 0.041000
4627.533500 9.964000 0.036000
4629.543890 9.952000 0.039000
4631.589520 9.991000 0.040000
4633.606840 10.010000 0.038000
4639.644460 10.027000 0.041000
4641.669370 10.087000 0.036000
4643.666280 10.095000 0.041000
4645.671970 10.155000 0.041000
4652.638110 10.336000 0.037000
4654.607190 10.370000 0.040000
4656.588620 10.438000 0.040000
4659.576180 10.544000 0.039000
4664.598050 10.717000 0.043000
4667.537620 10.774000 0.035000
4671.531430 10.953000 0.036000
4677.554270 11.251000 0.037000
4682.544130 11.576000 0.044000
4684.541440 11.622000 0.043000
4686.523750 11.779000 0.045000
4691.532720 12.217000 0.049000
4698.528260 12.445000 0.045000
4701.487710 12.560000 0.037000
4704.480480 12.894000 0.049000
4708.483570 13.106000 0.046000
4711.476300 13.054000 0.039000
4856.828640 13.655000 0.037000
4860.860910 13.692000 0.038000
4863.840650 13.755000 0.040000
4866.854730 13.609000 0.037000
4869.806680 13.339000 0.040000
4875.842670 13.620000 0.041000
4884.744740 13.021000 0.037000
4906.761380 11.095000 0.045000
4918.659560 10.572000 0.042000
4926.745780 10.347000 0.047000
4946.725540 10.647000 0.048000
4948.801350 10.721000 0.046000
4967.669210 11.543000 0.045000
4969.682620 11.625000 0.043000
4972.723800 11.741000 0.046000
5021.573990 13.613000 0.048000
2242.851990 10.543000 0.056000
2244.845920 10.546000 0.057000
2250.832530 10.470000 0.056000
2252.823440 10.442000 0.053000
2257.835570 10.462000 0.055000
3412.778230 11.824000 0.047000
3477.606840 11.849000 0.048000
3791.738290 12.035000 0.052000
3809.756210 12.682000 0.047000
3818.726780 12.906000 0.049000
4648.542070 10.242000 0.048000
4662.588770 10.681000 0.054000
4887.780560 12.914000 0.050000
4890.737600 12.593000 0.054000
4894.742810 12.241000 0.049000
4904.707430 11.221000 0.048000
4937.612340 10.386000 0.049000
4960.616820 11.189000 0.048000
4985.550930 12.377000 0.056000
4991.671080 12.704000 0.048000
4994.719040 12.831000 0.048000
5010.524740 13.451000 0.049000
5013.577760 13.656000 0.052000
5015.593310 13.254000 0.052000
5039.534960 14.684000 0.050000
1888.835100 29.999000 0.041000
1907.793020 29.999000 0.037000
1926.820390 29.999000 0.038000
2054.556530 29.999000 0.046000
2452.466490 29.999000 0.040000
2622.839920 29.999000 0.035000
2625.839040 29.999000 0.033000
2638.841640 29.999000 0.035000
2979.828510 29.999000 0.035000
3362.845250 29.999000 0.046000
3540.632970 29.999000 0.038000
3543.601910 29.999000 0.040000
3550.637470 29.999000 0.036000
3553.652180 29.999000 0.040000
3559.574810 29.999000 0.043000
3561.594000 29.999000 0.037000
3563.588050 29.999000 0.034000
3570.571400 29.999000 0.037000
3574.552760 29.999000 0.035000
3576.580500 29.999000 0.036000
3578.589710 29.999000 0.034000
3584.560570 29.999000 0.037000
3587.504670 29.999000 0.038000
3589.531270 29.999000 0.039000
3592.489300 29.999000 0.043000
3594.538890 29.999000 0.045000
3602.524740 29.999000 0.037000
3606.486760 29.999000 0.043000
3619.474100 29.999000 0.044000
3833.715410 29.999000 0.047000
3850.689310 29.999000 0.051000
3852.698840 29.999000 0.034000
3856.770590 29.999000 0.039000
3859.632840 29.999000 0.047000
3861.619290 29.999000 0.036000
3863.611480 29.999000 0.040000
3865.629860 29.999000 0.035000
3867.673050 29.999000 0.050000
3871.672740 29.999000 0.037000
3874.752320 29.999000 0.036000
3877.515940 29.999000 0.037000
3880.605030 29.999000 0.041000
3882.631730 29.999000 0.036000
3886.672140 29.999000 0.036000
3890.642360 29.999000 0.037000
3894.657930 29.999000 0.036000
3897.702920 29.999000 0.044000
3900.528540 29.999000 0.037000
3902.563130 29.999000 0.036000
3904.573810 29.999000 0.034000
3906.591110 29.999000 0.042000
3908.585710 29.999000 0.038000
3913.659440 29.999000 0.037000
4132.812100 29.999000 0.043000
4135.794990 29.999000 0.040000
4141.775080 29.999000 0.039000
4150.779460 29.999000 0.037000
4152.831240 29.999000 0.038000
4155.738490 29.999000 0.055000
4158.735140 29.999000 0.039000
4160.786450 29.999000 0.033000
4162.782230 29.999000 0.039000
4164.789270 29.999000 0.039000
4167.732190 29.999000 0.036000
4172.788840 29.999000 0.038000
4175.687430 29.999000 0.040000
4177.802250 29.999000 0.040000
4180.720520 29.999000 0.048000
4182.812250 29.999000 0.040000
4185.667300 29.999000 0.035000
4188.734700 29.999000 0.035000
4190.738670 29.999000 0.036000
4192.728130 29.999000 0.036000
4194.761450 29.999000 0.035000
4197.756160 29.999000 0.039000
4200.695250 29.999000 0.035000
4203.694840 29.999000 0.036000
4205.700350 29.999000 0.038000
4208.769790 29.999000 0.045000
4213.728180 29.999000 0.047000
4216.718560 29.999000 0.042000
4227.624410 29.999000 0.038000
4229.631900 29.999000 0.042000
4231.640400 29.999000 0.045000
4233.638830 29.999000 0.036000
4235.637880 29.999000 0.040000
4237.653130 29.999000 0.043000
4246.594280 29.999000 0.036000
4253.652570 29.999000 0.042000
4255.689950 29.999000 0.038000
4257.691540 29.999000 0.040000
4276.546790 29.999000 0.045000
4282.593520 29.999000 0.042000
4453.837860 29.999000 0.041000
4457.835890 29.999000 0.045000
4461.823760 29.999000 0.039000
4464.838970 29.999000 0.041000
4468.815910 29.999000 0.041000
4477.841540 29.999000 0.038000
4480.835960 29.999000 0.052000
4484.841080 29.999000 0.037000
4487.827300 29.999000 0.038000
4491.789720 29.999000 0.041000
4494.820260 29.999000 0.036000
4498.825560 29.999000 0.041000
4501.804750 29.999000 0.039000
4504.793960 29.999000 0.044000
4507.779780 29.999000 0.039000
4510.771920 29.999000 0.039000
4517.744900 29.999000 0.038000
4519.782390 29.999000 0.049000
4522.734240 29.999000 0.037000
4524.788750 29.999000 0.037000
4526.849950 29.999000 0.037000
4529.720690 29.999000 0.037000
4531.770790 29.999000 0.039000
4535.722830 29.999000 0.039000
4537.757350 29.999000 0.038000
4539.813650 29.999000 0.051000
4543.819810 29.999000 0.038000
4547.761470 29.999000 0.040000
4574.660240 29.999000 0.045000
4802.841970 29.999000 0.038000
4807.848630 29.999000 0.040000
4815.837290 29.999000 0.049000
4820.818440 29.999000 0.038000
4824.819080 29.999000 0.044000
4828.812950 29.999000 0.056000
4836.808730 29.999000 0.037000
4839.839330 29.999000 0.039000
4842.832760 29.999000 0.039000
4846.797260 29.999000 0.039000
4849.826970 29.999000 0.039000
4852.840640 29.999000 0.037000
4872.778780 29.999000 0.038000
5023.575930 29.999000 0.047000
5037.545400 29.999000 0.051000
5041.541660 29.999000 0.047000
5048.548950 29.999000 0.047000
5064.497150 29.999000 0.056000
