1914.849950 11.808000 0.031000
1918.838280 12.125000 0.033000
1920.852810 12.176000 0.033000
1922.843750 12.606000 0.032000
1924.839670 12.314000 0.034000
1935.802140 12.489000 0.029000
2025.672760 10.381000 0.035000
2026.692990 10.470000 0.033000
2027.684980 10.509000 0.034000
2030.674850 10.661000 0.032000
2031.684030 10.674000 0.034000
2032.672190 10.766000 0.032000
2033.664140 10.813000 0.032000
2052.609060 11.807000 0.038000
2053.642080 12.081000 0.037000
2054.640670 11.756000 0.037000
2056.626220 11.848000 0.035000
2081.564590 12.103000 0.035000
2086.559870 12.738000 0.036000
2087.560560 12.315000 0.033000
2094.545430 12.015000 0.039000
2096.539040 12.131000 0.038000
2102.512050 12.061000 0.036000
2105.486820 12.061000 0.032000
2109.543170 11.823000 0.033000
2116.511200 11.491000 0.032000
2124.463200 11.008000 0.038000
2130.540230 10.712000 0.033000
2132.529500 10.478000 0.032000
2136.521900 10.094000 0.036000
2143.516440 9.498000 0.034000
2440.581620 10.080000 0.028000
2441.584920 10.114000 0.028000
2443.574240 10.203000 0.028000
2452.541180 10.714000 0.034000
2454.560080 10.811000 0.031000
2456.542250 10.933000 0.028000
2459.537650 11.140000 0.030000
2464.535110 11.328000 0.031000
2465.534970 11.389000 0.033000
2467.524840 11.450000 0.027000
2468.527840 11.547000 0.028000
2520.485060 12.167000 0.029000
2521.506730 12.030000 0.029000
2526.542840 11.845000 0.038000
2659.823710 12.867000 0.031000
2662.842500 12.507000 0.030000
2664.849500 12.816000 0.036000
2695.789910 10.734000 0.032000
2698.833570 10.568000 0.032000
2701.773730 10.454000 0.028000
2705.799890 10.237000 0.029000
2707.796090 10.111000 0.028000
2709.790930 10.024000 0.027000
2711.783930 9.983000 0.029000
2713.781230 9.907000 0.028000
2719.674700 9.827000 0.031000
2721.838580 9.912000 0.034000
2725.749660 10.046000 0.030000
2731.865570 10.388000 0.029000
2734.726630 10.551000 0.027000
2736.731540 10.680000 0.029000
2738.750120 10.837000 0.028000
2740.752930 11.009000 0.030000
2742.702390 11.170000 0.031000
2811.664150 12.581000 0.029000
2832.661840 11.438000 0.028000
2834.563380 11.459000 0.029000
2838.640730 11.289000 0.027000
2840.693040 11.202000 0.028000
2845.686010 10.860000 0.029000
2851.501710 10.463000 0.026000
2853.630270 10.385000 0.031000
2861.484890 10.254000 0.028000
2862.637500 10.264000 0.030000
2866.637320 10.334000 0.029000
2874.589370 10.528000 0.027000
2876.584950 10.607000 0.029000
2878.581510 10.712000 0.040000
2882.546930 10.978000 0.032000
2886.500500 11.198000 0.028000
2894.512810 11.734000 0.028000
2896.542470 11.882000 0.028000
2898.533070 12.189000 0.029000
2904.517580 12.132000 0.037000
3008.858110 9.941000 0.034000
3013.866690 10.086000 0.035000
3035.850480 11.472000 0.030000
3108.789210 11.331000 0.028000
3111.718880 11.278000 0.031000
3113.763950 11.070000 0.027000
3115.779500 11.065000 0.030000
3118.864340 10.815000 0.027000
3122.709010 10.638000 0.027000
3124.753600 10.474000 0.029000
3126.712630 10.398000 0.031000
3128.691390 10.311000 0.030000
3132.717610 10.147000 0.031000
3142.731430 10.091000 0.027000
3145.727610 10.173000 0.034000
3152.850740 10.348000 0.032000
3154.601060 10.446000 0.028000
3159.642010 10.790000 0.039000
3162.648890 10.982000 0.029000
3164.671360 11.117000 0.029000
3166.800980 11.190000 0.029000
3180.674110 11.780000 0.030000
3277.488040 9.691000 0.032000
3386.853670 11.425000 0.035000
3394.876150 10.980000 0.034000
3398.841280 10.597000 0.036000
3409.869890 9.606000 0.036000
3416.876350 9.439000 0.035000
3422.853460 9.553000 0.040000
3425.829500 9.749000 0.036000
3444.825470 10.836000 0.033000
3452.776290 11.443000 0.043000
3456.811150 11.746000 0.032000
3460.817360 11.855000 0.031000
3463.746380 11.907000 0.032000
3465.796720 12.093000 0.033000
3470.856270 12.740000 0.030000
3479.810230 12.094000 0.034000
3515.667260 12.183000 0.033000
3517.656800 12.401000 0.043000
3522.721430 12.302000 0.036000
3528.816410 11.769000 0.037000
3539.598460 11.210000 0.032000
3544.734460 11.006000 0.038000
3550.567370 10.952000 0.034000
3552.649470 10.585000 0.035000
3555.648070 10.458000 0.031000
3558.659140 10.330000 0.032000
3560.663090 10.194000 0.040000
3562.672430 10.169000 0.040000
3564.633580 10.106000 0.031000
3569.704610 10.122000 0.033000
3573.614310 10.154000 0.030000
3575.628720 10.227000 0.029000
3577.641630 10.303000 0.039000
3587.576890 10.947000 0.032000
3589.581240 11.137000 0.032000
3597.478480 11.686000 0.036000
3631.509470 12.386000 0.034000
3647.486030 12.611000 0.031000
3739.864500 11.597000 0.037000
3744.866330 11.714000 0.044000
3782.887920 13.092000 0.036000
3795.831410 12.659000 0.031000
3798.827370 12.660000 0.035000
3808.809920 12.093000 0.039000
3815.844190 11.616000 0.034000
3818.777790 11.445000 0.040000
3821.762130 11.312000 0.034000
3824.758200 11.175000 0.039000
3826.831320 11.026000 0.033000
3837.764250 10.689000 0.037000
3847.746550 10.560000 0.042000
3849.747180 10.545000 0.033000
3851.749150 10.505000 0.032000
3853.795730 10.469000 0.032000
3858.803160 10.472000 0.035000
3860.872860 10.512000 0.034000
3862.688310 10.516000 0.032000
3864.686140 10.547000 0.031000
3870.696620 10.791000 0.034000
3875.777960 11.035000 0.034000
3877.823650 11.164000 0.034000
3881.580700 11.526000 0.032000
3883.650690 11.511000 0.033000
3887.643770 11.719000 0.030000
3893.615390 11.842000 0.032000
3899.634650 12.385000 0.043000
3901.675180 12.774000 0.036000
4107.864820 11.184000 0.036000
4126.848710 9.947000 0.032000
4133.863720 9.928000 0.034000
4137.840350 10.013000 0.031000
4144.823010 10.270000 0.035000
4152.860350 10.770000 0.031000
4159.840770 11.339000 0.032000
4172.816580 12.163000 0.032000
4189.759250 12.505000 0.029000
4228.721460 11.942000 0.033000
4230.714040 11.975000 0.030000
4232.713010 11.750000 0.028000
4234.706010 11.661000 0.030000
4238.795020 11.472000 0.041000
4253.637340 10.829000 0.036000
4255.671080 10.741000 0.030000
4257.673680 10.640000 0.035000
4259.700670 10.630000 0.036000
4266.687180 10.279000 0.034000
4273.733520 9.981000 0.029000
4276.566070 9.924000 0.029000
4281.558170 9.862000 0.034000
4285.496810 9.999000 0.032000
4289.534990 10.123000 0.030000
4291.551950 10.252000 0.031000
4293.545500 10.365000 0.029000
4295.551410 10.500000 0.029000
4297.549590 10.648000 0.033000
4299.521790 10.797000 0.030000
4309.595690 11.592000 0.034000
4317.541480 12.287000 0.027000
4352.537740 12.586000 0.028000
4371.515840 11.859000 0.036000
4376.483000 11.647000 0.034000
4379.485230 11.404000 0.034000
4494.863590 12.380000 0.029000
4499.830890 12.702000 0.033000
4506.831610 12.504000 0.033000
4519.829900 11.641000 0.037000
4528.840660 11.180000 0.036000
4535.825270 10.738000 0.030000
4538.798130 10.504000 0.033000
4541.781180 10.405000 0.033000
4543.851750 10.295000 0.034000
4546.774600 10.184000 0.034000
4553.824290 10.075000 0.031000
4558.808070 10.043000 0.029000
4561.735870 10.097000 0.031000
4563.852810 10.128000 0.029000
4566.720830 10.173000 0.033000
4568.792500 10.258000 0.036000
4572.749460 10.385000 0.032000
4574.735070 10.463000 0.033000
4576.750280 10.588000 0.033000
4580.752650 10.841000 0.029000
4585.691570 11.154000 0.029000
4587.728160 11.384000 0.033000
4593.777070 11.920000 0.029000
4595.839200 11.783000 0.030000
4597.763230 11.944000 0.028000
4607.678540 12.263000 0.038000
4609.853390 12.124000 0.035000
4623.641410 12.576000 0.032000
4627.610360 12.260000 0.027000
4642.604580 12.207000 0.030000
4646.612510 12.896000 0.041000
4654.681780 11.981000 0.036000
4656.657370 11.856000 0.039000
4662.527180 11.542000 0.034000
4664.553900 11.275000 0.031000
4666.598310 11.126000 0.032000
4672.587050 10.847000 0.034000
4683.543160 10.360000 0.037000
4694.608330 9.996000 0.039000
4698.602670 10.056000 0.034000
4700.602320 10.090000 0.036000
4703.501690 10.099000 0.035000
4705.526690 10.141000 0.037000
4708.541490 10.161000 0.038000
4720.514250 10.639000 0.035000
4726.520790 10.979000 0.040000
4829.860340 9.921000 0.038000
4842.869030 9.475000 0.037000
4846.870620 9.559000 0.040000
4857.876720 10.202000 0.032000
4862.838860 10.634000 0.034000
4866.874830 10.995000 0.033000
4875.864380 11.662000 0.035000
4881.817690 12.295000 0.032000
4891.801580 12.142000 0.042000
4945.784880 11.750000 0.043000
4967.721530 11.037000 0.044000
4969.735520 10.816000 0.044000
1925.876560 12.007000 0.034000
1930.812910 12.101000 0.031000
1932.835780 12.149000 0.030000
1938.815080 12.029000 0.032000
1946.802580 12.419000 0.034000
1948.830410 12.023000 0.033000
2058.618910 11.768000 0.038000
2067.543180 11.906000 0.039000
2068.592970 11.924000 0.038000
2070.590510 11.925000 0.035000
2082.591390 11.966000 0.031000
2083.568870 11.940000 0.038000
2093.560320 11.925000 0.032000
2115.487540 11.373000 0.032000
2128.468940 10.664000 0.033000
2134.535080 10.297000 0.033000
2141.524620 9.581000 0.035000
2463.534520 11.269000 0.035000
2466.528950 11.404000 0.029000
2535.479420 11.451000 0.035000
2744.719700 11.293000 0.032000
2749.775800 11.567000 0.027000
2835.660770 11.294000 0.029000
3041.879910 11.698000 0.032000
3104.792160 11.535000 0.029000
3106.787620 11.438000 0.032000
3178.568260 11.659000 0.029000
3183.654690 11.840000 0.030000
3402.830150 10.280000 0.031000
3413.824710 9.662000 0.037000
3504.634120 12.166000 0.037000
3762.840590 12.066000 0.041000
3811.786900 11.636000 0.033000
3835.774010 10.714000 0.033000
3889.648540 11.719000 0.030000
3891.622600 11.732000 0.031000
4183.840900 12.223000 0.035000
4282.748970 10.080000 0.041000
4329.486970 12.042000 0.038000
4525.897680 11.256000 0.032000
4548.812370 10.215000 0.032000
4589.840310 11.380000 0.028000
4591.745280 11.474000 0.033000
4602.669630 11.862000 0.035000
4611.793510 12.095000 0.034000
4617.687890 12.174000 0.037000
4691.548790 10.203000 0.034000
4870.836000 11.291000 0.033000
4884.850080 11.914000 0.039000
4907.852250 12.255000 0.044000
1950.800790 12.407000 0.043000
1978.765980 11.507000 0.043000
1995.730270 10.938000 0.042000
1996.762110 10.881000 0.046000
2040.662600 11.227000 0.045000
2055.622480 11.795000 0.039000
2069.600070 12.498000 0.037000
2175.476530 10.573000 0.046000
2469.524820 11.560000 0.034000
2723.778940 9.930000 0.042000
2859.470050 10.250000 0.048000
3134.720060 10.094000 0.044000
3438.810890 10.300000 0.036000
3447.786640 11.458000 0.043000
3501.762240 12.724000 0.050000
3524.744860 11.980000 0.044000
3526.771510 11.916000 0.041000
3583.510710 10.650000 0.041000
3585.569170 10.921000 0.051000
3591.646210 11.329000 0.041000
3601.479710 11.874000 0.044000
3748.855090 11.773000 0.042000
3792.836050 12.114000 0.047000
3802.804640 12.467000 0.051000
3829.749060 10.917000 0.039000
3856.677280 10.461000 0.043000
4156.828410 11.172000 0.046000
4162.827950 11.579000 0.045000
4178.814920 12.332000 0.045000
4245.619190 11.142000 0.045000
4516.814300 11.863000 0.046000
4681.542760 10.417000 0.040000
4733.503690 11.578000 0.041000
4738.497980 11.852000 0.045000
4895.872600 12.444000 0.047000
4928.790270 12.626000 0.049000
4931.732120 12.292000 0.050000
4937.830500 12.152000 0.045000
4952.759630 11.715000 0.046000
4954.775570 11.636000 0.044000
4962.707240 11.256000 0.049000
4972.815090 10.703000 0.046000
4991.791750 10.382000 0.049000
5006.589600 10.935000 0.052000
5029.645170 12.164000 0.045000
5047.505490 12.436000 0.048000
5071.531400 12.306000 0.046000
5089.501170 11.355000 0.051000
5092.505400 11.178000 0.045000
5099.487750 10.862000 0.051000
1976.849690 11.506000 0.040000
1979.769100 11.398000 0.042000
1980.748750 11.365000 0.052000
1981.767380 11.326000 0.040000
1983.896130 11.283000 0.039000
1984.796480 11.271000 0.039000
1985.786930 11.269000 0.042000
1993.806530 11.005000 0.047000
3419.859050 9.680000 0.043000
3537.693530 11.260000 0.049000
3752.851160 11.951000 0.042000
3766.847970 12.097000 0.044000
4165.814840 11.594000 0.040000
4887.847500 11.990000 0.051000
4920.755860 12.283000 0.044000
4940.699080 11.943000 0.051000
1940.855770 29.999000 0.030000
1961.829440 29.999000 0.034000
1964.854740 29.999000 0.032000
1971.885950 29.999000 0.038000
2062.598020 29.999000 0.047000
2079.557290 29.999000 0.036000
2085.557920 29.999000 0.032000
2088.554510 29.999000 0.032000
2103.540770 29.999000 0.033000
2470.516570 29.999000 0.030000
2473.503160 29.999000 0.035000
2495.529010 29.999000 0.040000
2497.523150 29.999000 0.032000
2499.491190 29.999000 0.030000
2509.559260 29.999000 0.047000
2641.868110 29.999000 0.036000
2655.867820 29.999000 0.029000
2672.831470 29.999000 0.030000
2677.849770 29.999000 0.034000
2751.677890 29.999000 0.028000
2763.651880 29.999000 0.032000
2770.684940 29.999000 0.032000
2787.669880 29.999000 0.029000
2812.760120 29.999000 0.029000
2820.628940 29.999000 0.027000
2826.667340 29.999000 0.039000
2900.528000 29.999000 0.027000
3051.889460 29.999000 0.031000
3055.825120 29.999000 0.030000
3062.809560 29.999000 0.042000
3072.811680 29.999000 0.030000
3080.785950 29.999000 0.045000
3096.829620 29.999000 0.029000
3100.791950 29.999000 0.031000
3190.603180 29.999000 0.029000
3468.766390 29.999000 0.031000
3473.729910 29.999000 0.030000
3492.723730 29.999000 0.049000
3499.715640 29.999000 0.034000
3628.545900 29.999000 0.032000
3770.827920 29.999000 0.042000
3774.820420 29.999000 0.039000
3789.810230 29.999000 0.043000
3903.675230 29.999000 0.034000
3907.678690 29.999000 0.033000
4175.788820 29.999000 0.036000
4181.775090 29.999000 0.040000
4191.767690 29.999000 0.031000
4193.760520 29.999000 0.032000
4480.870260 29.999000 0.040000
4487.840930 29.999000 0.032000
4491.844970 29.999000 0.037000
4570.833020 29.999000 0.029000
4640.620420 29.999000 0.032000
4644.619240 29.999000 0.032000
4648.636060 29.999000 0.038000
4650.692370 29.999000 0.037000
4833.862760 29.999000 0.038000
4838.867300 29.999000 0.035000
1926.872910 29.999000 0.033000
1953.794230 29.999000 0.033000
1958.807320 29.999000 0.031000
1963.786320 29.999000 0.031000
1966.774500 29.999000 0.035000
1967.891000 29.999000 0.036000
2481.484040 29.999000 0.035000
2490.482420 29.999000 0.039000
2493.498610 29.999000 0.040000
2503.483310 29.999000 0.037000
2508.507850 29.999000 0.029000
2512.566620 29.999000 0.032000
2524.509470 29.999000 0.034000
2637.860080 29.999000 0.030000
2645.860010 29.999000 0.029000
2651.850120 29.999000 0.031000
2727.774050 29.999000 0.029000
2755.697050 29.999000 0.026000
2757.675610 29.999000 0.028000
2759.729680 29.999000 0.031000
2764.772430 29.999000 0.027000
2783.833330 29.999000 0.028000
2785.714580 29.999000 0.027000
2790.698150 29.999000 0.028000
2794.587130 29.999000 0.032000
2804.614940 29.999000 0.031000
2808.616470 29.999000 0.027000
2809.781220 29.999000 0.033000
2822.662690 29.999000 0.036000
2831.539350 29.999000 0.030000
2906.513360 29.999000 0.028000
2909.516910 29.999000 0.030000
3066.845920 29.999000 0.029000
3069.814420 29.999000 0.029000
3085.836690 29.999000 0.033000
3087.838960 29.999000 0.030000
3090.760080 29.999000 0.037000
3098.802460 29.999000 0.028000
3175.771930 29.999000 0.030000
3187.563890 29.999000 0.030000
3406.833140 29.999000 0.039000
3477.842620 29.999000 0.034000
3481.747220 29.999000 0.030000
3487.744220 29.999000 0.036000
3490.735230 29.999000 0.036000
3496.717200 29.999000 0.031000
3508.677080 29.999000 0.029000
3520.792170 29.999000 0.043000
3603.511610 29.999000 0.031000
3606.528240 29.999000 0.050000
3616.483680 29.999000 0.033000
3618.578500 29.999000 0.044000
3624.545500 29.999000 0.035000
3633.528970 29.999000 0.042000
3642.493570 29.999000 0.039000
3756.861500 29.999000 0.037000
3805.814550 29.999000 0.035000
3872.693300 29.999000 0.046000
3905.672620 29.999000 0.037000
3909.776780 29.999000 0.032000
3913.754400 29.999000 0.034000
4198.796990 29.999000 0.043000
4202.737510 29.999000 0.035000
4204.771080 29.999000 0.031000
4207.803720 29.999000 0.037000
4211.820450 29.999000 0.046000
4215.723080 29.999000 0.034000
4311.632130 29.999000 0.032000
4336.493440 29.999000 0.030000
4339.517000 29.999000 0.030000
4341.571760 29.999000 0.032000
4343.573520 29.999000 0.029000
4346.487970 29.999000 0.034000
4348.510180 29.999000 0.029000
4350.519320 29.999000 0.033000
4355.541140 29.999000 0.031000
4357.544320 29.999000 0.033000
4362.484180 29.999000 0.029000
4364.532490 29.999000 0.030000
4615.795680 29.999000 0.034000
4629.597560 29.999000 0.029000
4652.697420 29.999000 0.029000
4710.586830 29.999000 0.051000
4722.548950 29.999000 0.038000
4744.485580 29.999000 0.043000
4899.874180 29.999000 0.049000
4903.863290 29.999000 0.050000
4914.826330 29.999000 0.050000
4917.799200 29.999000 0.048000
4924.817210 29.999000 0.051000
4935.781210 29.999000 0.053000
4948.692580 29.999000 0.047000
4984.637280 29.999000 0.052000
5023.634240 29.999000 0.043000
5049.552000 29.999000 0.049000
2845.567500 10.867000 0.026000
2851.498670 10.444000 0.026000
2858.483760 10.233000 0.027000
2861.580920 10.215000 0.029000
2865.527340 10.260000 0.031000
2867.567310 10.307000 0.027000
2872.482350 10.437000 0.027000
2877.537710 10.612000 0.027000
2879.540400 10.748000 0.026000
2885.478210 11.080000 0.029000
2888.543020 11.303000 0.029000
2895.500120 11.794000 0.028000
2898.496600 11.830000 0.028000
2900.491570 12.097000 0.029000
2904.485710 12.290000 0.029000
2906.488990 12.020000 0.029000
3099.764630 11.937000 0.034000
3108.745980 11.351000 0.026000
3110.851720 11.318000 0.029000
3115.894450 11.006000 0.032000
3124.727620 10.534000 0.026000
3160.703050 10.861000 0.034000
3165.723780 11.260000 0.030000
3171.704550 11.439000 0.031000
2635.854720 12.082000 0.032000
2660.823530 11.941000 0.029000
2791.762350 12.036000 0.032000
2813.670630 11.961000 0.029000
2893.480390 11.568000 0.030000
3175.692690 11.616000 0.029000
3180.619700 11.720000 0.028000
3189.560670 12.066000 0.031000
3191.689190 11.846000 0.037000
2679.794150 11.613000 0.039000
2833.642980 11.355000 0.047000
2875.543750 10.518000 0.033000
3118.796140 10.778000 0.044000
2776.806920 12.021000 0.042000
