2140.588080 29.999000 0.057000
2578.528150 13.054000 0.046000
2739.868140 12.553000 0.040000
2754.871890 12.379000 0.040000
2756.896930 12.423000 0.039000
2758.915460 12.422000 0.037000
2760.884240 12.598000 0.035000
2765.818660 12.887000 0.035000
2853.782250 14.359000 0.039000
2867.719070 13.695000 0.045000
2872.612690 13.092000 0.040000
2875.634030 12.694000 0.044000
2877.622180 12.790000 0.044000
2879.622880 12.710000 0.036000
2884.611150 12.800000 0.038000
2886.550590 12.937000 0.037000
2892.570700 12.731000 0.058000
2893.680760 12.993000 0.047000
2895.638630 12.928000 0.043000
2897.650150 12.961000 0.042000
2902.504580 13.316000 0.044000
2902.515990 13.200000 0.041000
2902.518210 13.213000 0.053000
2902.520430 13.203000 0.044000
2902.522650 13.161000 0.047000
2902.527120 13.226000 0.039000
2902.529340 13.147000 0.040000
2902.531560 13.183000 0.040000
2902.536240 13.226000 0.037000
2902.538470 13.189000 0.041000
2902.543170 13.075000 0.049000
2902.547840 13.134000 0.045000
2902.552590 13.090000 0.048000
2902.554800 13.149000 0.045000
2902.557030 13.294000 0.041000
2902.559250 13.187000 0.038000
2902.561470 13.167000 0.046000
2902.563690 13.116000 0.044000
2902.565910 13.115000 0.045000
2902.568140 13.116000 0.040000
2902.570370 13.078000 0.039000
2902.572590 13.156000 0.038000
2902.574810 13.041000 0.045000
2902.577040 13.294000 0.043000
2902.579260 13.164000 0.044000
2902.581480 13.164000 0.047000
2902.583700 13.064000 0.045000
2902.585920 13.117000 0.046000
2902.588150 13.320000 0.041000
2902.592590 13.125000 0.042000
2902.594820 13.188000 0.043000
2902.597050 13.132000 0.049000
2902.599280 13.173000 0.049000
2902.601500 13.253000 0.046000
2902.603730 13.227000 0.044000
2902.605960 13.117000 0.043000
2902.608180 13.297000 0.044000
2902.610400 13.136000 0.046000
2902.612630 13.114000 0.047000
2902.614860 13.215000 0.044000
2902.617090 13.167000 0.047000
2902.619310 13.172000 0.041000
2902.621530 13.200000 0.044000
2902.623760 13.111000 0.042000
2902.625990 13.111000 0.042000
2902.628210 13.178000 0.046000
2902.630430 13.115000 0.041000
2902.632660 13.082000 0.046000
2902.634880 13.147000 0.048000
2902.637100 13.161000 0.042000
2902.639330 13.292000 0.046000
2902.641560 13.169000 0.043000
2902.643790 13.144000 0.041000
2902.646010 13.278000 0.043000
2902.648250 13.187000 0.045000
2902.650470 13.373000 0.045000
2902.652690 13.254000 0.048000
2902.654910 13.187000 0.043000
2902.657130 13.119000 0.046000
2902.659360 13.162000 0.048000
2902.661590 13.290000 0.048000
2902.663800 13.108000 0.045000
2902.666030 13.018000 0.049000
2903.506490 13.193000 0.049000
2903.544320 13.172000 0.044000
2903.551010 13.120000 0.049000
2903.553240 13.107000 0.046000
2905.662380 13.372000 0.037000
2906.492300 13.447000 0.040000
2906.532730 13.471000 0.044000
2906.572840 13.458000 0.041000
2906.654990 13.347000 0.038000
2908.504750 13.658000 0.037000
2908.543020 13.523000 0.043000
2908.579230 13.488000 0.043000
2908.611770 13.603000 0.038000
2909.502990 13.678000 0.038000
2909.541000 13.500000 0.046000
2909.576840 13.609000 0.042000
2910.546000 13.698000 0.042000
2910.569920 13.755000 0.043000
2910.596510 13.492000 0.044000
2910.620810 13.776000 0.045000
2910.648720 13.771000 0.042000
2911.488720 13.769000 0.037000
2911.562590 13.814000 0.044000
2911.638340 13.776000 0.040000
2912.564830 13.833000 0.046000
2912.588290 13.828000 0.039000
2912.610540 13.938000 0.044000
2912.631550 13.762000 0.040000
2917.573770 14.031000 0.041000
3122.913910 13.146000 0.042000
3124.879230 13.004000 0.036000
3124.922210 13.096000 0.039000
3125.872860 13.083000 0.042000
3125.901410 13.006000 0.036000
3126.900560 13.133000 0.048000
3128.906420 12.762000 0.040000
3129.891260 12.777000 0.047000
3130.868430 12.879000 0.048000
3130.900800 12.786000 0.038000
3131.850220 12.911000 0.042000
3131.887730 12.949000 0.038000
3132.879830 12.779000 0.045000
3133.876020 12.625000 0.049000
3141.830640 12.230000 0.045000
3142.837510 12.143000 0.040000
3142.865560 12.198000 0.037000
3142.891510 12.157000 0.039000
3144.825330 12.128000 0.040000
3144.861720 12.113000 0.039000
3144.903360 12.157000 0.038000
3146.840600 12.012000 0.043000
3146.870310 12.062000 0.039000
3146.907580 12.095000 0.039000
3153.839080 11.953000 0.044000
3153.887970 12.007000 0.035000
3153.937940 12.110000 0.042000
3154.768020 11.935000 0.047000
3154.796530 12.054000 0.036000
3154.820070 12.006000 0.037000
3154.844270 12.042000 0.035000
3154.874300 12.081000 0.036000
3154.916560 11.982000 0.040000
3156.833230 12.056000 0.040000
3156.869770 12.151000 0.037000
3156.904680 12.083000 0.037000
3158.783780 12.190000 0.043000
3158.810180 12.113000 0.043000
3158.840960 12.098000 0.040000
3158.871730 12.043000 0.043000
3158.912730 12.138000 0.043000
3162.815350 12.201000 0.038000
3163.776470 12.195000 0.038000
3163.808140 12.284000 0.040000
3163.842110 12.251000 0.036000
3163.870920 12.267000 0.038000
3163.902050 12.316000 0.039000
3164.770750 12.297000 0.040000
3164.796890 12.310000 0.034000
3164.822330 12.333000 0.037000
3164.848310 12.234000 0.040000
3164.881770 12.391000 0.037000
3164.911490 12.331000 0.040000
3166.776360 12.318000 0.036000
3166.803040 12.389000 0.038000
3166.832340 12.430000 0.041000
3166.863880 12.410000 0.039000
3166.892860 12.469000 0.038000
3167.765750 12.335000 0.038000
3168.766420 12.538000 0.037000
3168.802880 12.474000 0.037000
3168.841150 12.359000 0.037000
3168.871890 12.476000 0.037000
3168.908280 12.272000 0.038000
3169.750360 12.431000 0.047000
3169.776980 12.470000 0.037000
3169.803490 12.484000 0.043000
3169.829890 12.536000 0.043000
3169.860800 12.532000 0.044000
3169.891620 12.505000 0.039000
3170.792920 12.533000 0.047000
3170.821100 12.410000 0.043000
3170.850630 12.562000 0.045000
3170.879780 12.540000 0.037000
3170.908610 12.519000 0.041000
3171.749530 12.713000 0.049000
3171.812570 12.608000 0.043000
3171.901660 12.499000 0.044000
3171.933970 12.614000 0.041000
3174.784760 12.562000 0.044000
3175.779710 12.947000 0.038000
3175.837340 12.987000 0.038000
3175.876850 12.852000 0.038000
3175.919600 12.894000 0.035000
3176.736060 13.074000 0.043000
3176.775600 13.106000 0.040000
3178.742690 13.146000 0.039000
3178.769380 13.076000 0.044000
3179.775200 13.482000 0.037000
3179.804740 13.290000 0.041000
3179.830550 13.565000 0.040000
3179.857570 13.201000 0.038000
3179.887520 13.536000 0.042000
3180.724020 13.394000 0.051000
3180.754690 13.386000 0.041000
3180.780860 13.379000 0.038000
3180.807690 13.533000 0.037000
3180.838880 13.380000 0.049000
3180.872370 13.191000 0.039000
3183.726720 13.609000 0.039000
3183.820340 13.877000 0.040000
3183.889300 13.853000 0.043000
3185.828100 13.930000 0.041000
3185.854140 13.827000 0.038000
3277.612350 13.605000 0.045000
3280.549700 13.147000 0.048000
3447.904390 12.962000 0.039000
3457.885350 13.911000 0.042000
3550.747190 13.052000 0.049000
3552.853650 12.807000 0.057000
3555.765820 12.693000 0.045000
3561.722110 12.457000 0.046000
3563.775870 12.369000 0.054000
3569.697980 12.421000 0.045000
3573.696400 12.648000 0.041000
3575.710260 12.701000 0.055000
3582.807620 12.868000 0.054000
3585.608660 13.186000 0.042000
3587.647190 13.133000 0.050000
3668.556560 13.542000 0.050000
3671.541090 13.016000 0.054000
3677.530520 12.481000 0.046000
3832.880510 12.685000 0.040000
3836.882240 12.529000 0.044000
3863.872740 13.600000 0.041000
3865.902030 13.674000 0.043000
4246.776180 12.174000 0.046000
4250.799780 12.032000 0.042000
4256.821520 12.135000 0.050000
2466.683380 13.795000 0.050000
2470.645140 13.265000 0.051000
2040.757780 12.992000 0.074000
2185.558440 12.986000 0.064000
2188.537750 12.829000 0.073000
2194.503890 12.959000 0.074000
2197.516230 12.972000 0.067000
2201.499590 12.906000 0.073000
2207.510850 12.921000 0.075000
2902.668250 13.107000 0.050000
2903.508720 13.081000 0.062000
2903.517610 13.171000 0.054000
2903.519830 12.877000 0.046000
2903.522050 13.302000 0.046000
2903.533190 12.890000 0.055000
2903.535410 13.087000 0.045000
2903.537640 12.892000 0.049000
2903.539880 13.147000 0.045000
2903.542100 13.222000 0.056000
2903.546540 12.946000 0.071000
2903.548790 13.070000 0.058000
2903.555490 13.019000 0.055000
2903.557710 13.024000 0.051000
2903.577730 13.291000 0.055000
2903.597760 13.212000 0.044000
2903.599980 13.222000 0.054000
2903.631130 13.368000 0.056000
2903.633350 12.739000 0.061000
3115.863370 13.674000 0.065000
3124.842810 13.202000 0.069000
3125.818190 13.035000 0.060000
3125.849420 13.007000 0.061000
3126.867160 13.120000 0.065000
3127.812360 12.667000 0.067000
3127.882570 12.854000 0.055000
3128.833030 12.822000 0.064000
3128.870670 13.063000 0.064000
3130.831930 12.839000 0.064000
3131.813290 12.850000 0.061000
3132.814230 12.560000 0.063000
3132.848390 12.497000 0.059000
3133.813480 12.637000 0.062000
3133.847000 12.581000 0.061000
3141.794490 12.141000 0.065000
3142.803340 12.194000 0.065000
3146.804200 12.122000 0.061000
3156.764740 12.109000 0.072000
3156.798880 12.294000 0.065000
3157.835660 12.040000 0.047000
3157.911190 12.098000 0.066000
3158.747590 12.126000 0.061000
3159.813440 12.115000 0.045000
3160.780810 12.024000 0.063000
3160.812060 12.197000 0.047000
3162.851770 12.104000 0.053000
3162.940870 12.194000 0.049000
3164.735020 12.271000 0.057000
3165.726270 12.368000 0.058000
3165.761030 12.597000 0.048000
3165.788500 12.272000 0.056000
3165.813670 12.342000 0.042000
3166.742380 12.365000 0.065000
3170.757000 12.621000 0.063000
3172.757040 12.695000 0.059000
3173.752550 12.952000 0.056000
3179.707270 13.307000 0.067000
3182.706610 13.602000 0.060000
3182.744700 13.503000 0.039000
3184.699560 13.459000 0.066000
3293.587940 12.526000 0.059000
3299.558160 12.645000 0.062000
3453.894350 13.463000 0.052000
3559.698680 12.430000 0.074000
3577.735420 12.835000 0.066000
3589.659480 13.203000 0.078000
3591.714230 13.359000 0.075000
3664.576370 13.867000 0.069000
3674.543690 12.673000 0.068000
3808.907370 13.525000 0.044000
3815.903930 13.170000 0.050000
4253.891280 11.909000 0.057000
3159.785620 12.303000 0.066000
3480.861350 14.127000 0.047000
1979.899420 29.999000 0.060000
1985.880400 29.999000 0.062000
2443.735220 29.999000 0.045000
2444.735020 29.999000 0.046000
2454.724020 29.999000 0.062000
2481.639520 29.999000 0.067000
2558.517110 29.999000 0.052000
2562.511460 29.999000 0.039000
2563.574410 29.999000 0.043000
2566.525020 29.999000 0.049000
2568.558190 29.999000 0.050000
2782.871050 29.999000 0.039000
2786.788360 29.999000 0.035000
2810.728140 29.999000 0.044000
2815.838810 29.999000 0.040000
2832.661170 29.999000 0.039000
2862.639030 29.999000 0.044000
2882.670340 29.999000 0.052000
2902.670490 29.999000 0.056000
2902.672710 29.999000 0.054000
2903.495380 29.999000 0.062000
2903.497600 29.999000 0.066000
2903.513160 29.999000 0.060000
2903.515390 29.999000 0.057000
2903.593300 29.999000 0.056000
2911.514980 29.999000 0.039000
2912.486620 29.999000 0.040000
2912.540660 29.999000 0.039000
2917.588140 29.999000 0.042000
2918.536120 29.999000 0.051000
2918.566730 29.999000 0.044000
2918.616970 29.999000 0.040000
2921.503380 29.999000 0.047000
2921.552700 29.999000 0.042000
2922.497220 29.999000 0.041000
2922.545970 29.999000 0.038000
2923.493300 29.999000 0.043000
2924.516130 29.999000 0.039000
2924.567710 29.999000 0.043000
2924.592760 29.999000 0.041000
2926.566480 29.999000 0.044000
2927.492240 29.999000 0.042000
2928.492250 29.999000 0.039000
2928.517950 29.999000 0.044000
2929.518970 29.999000 0.045000
2930.567280 29.999000 0.043000
2931.493430 29.999000 0.042000
2931.517840 29.999000 0.042000
2931.542240 29.999000 0.040000
2931.591610 29.999000 0.042000
2933.520130 29.999000 0.043000
2933.545610 29.999000 0.044000
2933.571120 29.999000 0.043000
2934.494600 29.999000 0.045000
2935.498250 29.999000 0.043000
2935.575140 29.999000 0.041000
2937.520180 29.999000 0.041000
2937.545000 29.999000 0.036000
2939.497290 29.999000 0.046000
2945.539310 29.999000 0.047000
2946.511780 29.999000 0.045000
2950.505450 29.999000 0.043000
2951.502980 29.999000 0.042000
2953.507480 29.999000 0.045000
2955.505160 29.999000 0.038000
2956.505680 29.999000 0.038000
2958.506750 29.999000 0.037000
3075.905770 29.999000 0.052000
3081.897140 29.999000 0.051000
3089.907140 29.999000 0.047000
3090.898550 29.999000 0.049000
3091.902150 29.999000 0.053000
3092.905130 29.999000 0.052000
3099.908610 29.999000 0.059000
3103.880000 29.999000 0.057000
3104.873520 29.999000 0.064000
3105.875190 29.999000 0.065000
3106.850550 29.999000 0.061000
3106.884340 29.999000 0.055000
3109.882560 29.999000 0.062000
3109.916880 29.999000 0.038000
3110.915410 29.999000 0.041000
3112.915290 29.999000 0.040000
3114.870430 29.999000 0.069000
3114.907050 29.999000 0.061000
3116.905810 29.999000 0.037000
3172.828260 29.999000 0.048000
3183.763020 29.999000 0.038000
3183.791680 29.999000 0.039000
3183.852560 29.999000 0.041000
3184.727520 29.999000 0.035000
3186.709090 29.999000 0.060000
3186.842570 29.999000 0.042000
3186.869820 29.999000 0.040000
3187.781330 29.999000 0.039000
3187.831300 29.999000 0.039000
3187.857280 29.999000 0.039000
3191.754460 29.999000 0.058000
3193.871950 29.999000 0.044000
3472.910150 29.999000 0.042000
3487.896620 29.999000 0.047000
3491.918030 29.999000 0.075000
3509.856670 29.999000 0.043000
3512.799520 29.999000 0.044000
3530.773750 29.999000 0.044000
3602.653880 29.999000 0.041000
3616.608910 29.999000 0.045000
3624.620620 29.999000 0.047000
3628.594840 29.999000 0.045000
3632.672090 29.999000 0.063000
3638.656050 29.999000 0.072000
3641.628430 29.999000 0.052000
3867.859420 29.999000 0.047000
3871.836620 29.999000 0.081000
3875.831970 29.999000 0.046000
3891.813180 29.999000 0.041000
3893.810010 29.999000 0.042000
3901.830810 29.999000 0.071000
3908.745300 29.999000 0.044000
1981.904410 29.999000 0.061000
1983.900060 29.999000 0.061000
2114.764220 29.999000 0.049000
2445.726000 29.999000 0.044000
2508.544610 29.999000 0.059000
2521.507130 29.999000 0.038000
2540.574520 29.999000 0.069000
2545.624610 29.999000 0.041000
2553.523490 29.999000 0.081000
2784.807350 29.999000 0.039000
2790.804050 29.999000 0.040000
2802.863180 29.999000 0.059000
2804.733090 29.999000 0.041000
2808.815790 29.999000 0.041000
2812.715090 29.999000 0.039000
2830.792860 29.999000 0.042000
2835.725810 29.999000 0.037000
2838.719260 29.999000 0.036000
2851.658360 29.999000 0.036000
2860.634980 29.999000 0.039000
2866.639080 29.999000 0.040000
2903.488710 29.999000 0.055000
2903.490930 29.999000 0.059000
2903.493170 29.999000 0.059000
2903.504260 29.999000 0.065000
2903.510940 29.999000 0.055000
2903.530950 29.999000 0.058000
2903.595520 29.999000 0.050000
2903.602200 29.999000 0.058000
2903.626660 29.999000 0.059000
2903.628900 29.999000 0.050000
2903.644500 29.999000 0.056000
2906.613570 29.999000 0.038000
2910.494230 29.999000 0.041000
2910.519520 29.999000 0.039000
2913.607040 29.999000 0.059000
2913.632900 29.999000 0.047000
2917.495140 29.999000 0.040000
2917.521740 29.999000 0.046000
2917.547930 29.999000 0.049000
2917.602040 29.999000 0.041000
2917.617450 29.999000 0.041000
2917.632100 29.999000 0.042000
2918.591680 29.999000 0.046000
2921.601990 29.999000 0.042000
2922.611360 29.999000 0.043000
2923.519070 29.999000 0.044000
2923.544420 29.999000 0.048000
2923.570230 29.999000 0.040000
2923.596570 29.999000 0.044000
2924.490600 29.999000 0.041000
2926.528780 29.999000 0.039000
2926.604040 29.999000 0.041000
2927.529540 29.999000 0.038000
2928.543590 29.999000 0.045000
2928.591880 29.999000 0.042000
2929.493080 29.999000 0.046000
2929.544590 29.999000 0.047000
2929.570300 29.999000 0.044000
2929.596270 29.999000 0.041000
2930.492970 29.999000 0.041000
2930.517780 29.999000 0.044000
2930.542570 29.999000 0.039000
2930.592500 29.999000 0.042000
2931.566500 29.999000 0.045000
2932.494400 29.999000 0.039000
2932.518640 29.999000 0.044000
2932.543350 29.999000 0.041000
2932.567880 29.999000 0.043000
2934.520390 29.999000 0.045000
2934.545710 29.999000 0.040000
2934.572040 29.999000 0.042000
2935.523610 29.999000 0.045000
2935.549340 29.999000 0.043000
2936.496110 29.999000 0.051000
2936.520880 29.999000 0.052000
2936.572130 29.999000 0.050000
2937.569640 29.999000 0.039000
2939.535700 29.999000 0.043000
2940.497770 29.999000 0.060000
2940.535290 29.999000 0.050000
2944.513020 29.999000 0.046000
2944.538470 29.999000 0.044000
2945.513470 29.999000 0.041000
2946.537290 29.999000 0.047000
2947.522530 29.999000 0.043000
2949.507640 29.999000 0.038000
2954.507670 29.999000 0.041000
2959.508080 29.999000 0.042000
3076.897820 29.999000 0.054000
3077.900370 29.999000 0.049000
3082.902470 29.999000 0.055000
3093.897510 29.999000 0.060000
3098.910040 29.999000 0.059000
3100.879650 29.999000 0.054000
3101.901850 29.999000 0.054000
3112.867580 29.999000 0.060000
3113.883220 29.999000 0.056000
3127.918000 29.999000 0.043000
3141.858950 29.999000 0.041000
3178.925160 29.999000 0.041000
3180.899470 29.999000 0.038000
3182.780940 29.999000 0.042000
3182.814840 29.999000 0.038000
3182.851160 29.999000 0.040000
3182.892430 29.999000 0.043000
3185.711900 29.999000 0.052000
3185.740850 29.999000 0.045000
3185.770900 29.999000 0.039000
3185.801780 29.999000 0.038000
3185.884770 29.999000 0.037000
3186.754600 29.999000 0.042000
3186.781250 29.999000 0.039000
3186.809460 29.999000 0.039000
3187.708790 29.999000 0.046000
3187.732710 29.999000 0.038000
3187.755840 29.999000 0.036000
3187.804690 29.999000 0.039000
3190.741000 29.999000 0.055000
3190.774360 29.999000 0.057000
3190.805900 29.999000 0.059000
3190.859530 29.999000 0.057000
3191.701730 29.999000 0.056000
3191.728050 29.999000 0.059000
3191.788310 29.999000 0.055000
3191.814790 29.999000 0.057000
3191.840950 29.999000 0.043000
3191.870910 29.999000 0.059000
3272.550090 29.999000 0.050000
3464.881120 29.999000 0.054000
3468.878250 29.999000 0.046000
3476.885640 29.999000 0.058000
3483.904900 29.999000 0.045000
3496.887690 29.999000 0.059000
3500.871040 29.999000 0.064000
3503.851920 29.999000 0.047000
3525.785050 29.999000 0.040000
3539.786470 29.999000 0.051000
3619.555200 29.999000 0.050000
3621.609790 29.999000 0.081000
3630.666230 29.999000 0.051000
3635.570500 29.999000 0.066000
3644.540360 29.999000 0.069000
3648.538450 29.999000 0.048000
3650.568550 29.999000 0.061000
3652.547910 29.999000 0.043000
3655.536670 29.999000 0.080000
3657.606150 29.999000 0.073000
3660.536350 29.999000 0.063000
4594.863660 29.999000 0.041000
4615.841540 29.999000 0.043000
4766.524720 29.999000 0.048000
2468.691800 13.588000 0.046000
2727.889930 13.436000 0.038000
2730.896240 12.989000 0.035000
2737.880660 12.720000 0.041000
2743.872070 12.414000 0.037000
2754.878060 12.320000 0.034000
2756.914680 12.432000 0.037000
2759.889670 12.517000 0.045000
2761.880370 12.653000 0.037000
3156.824770 12.135000 0.031000
3278.572750 13.086000 0.053000
3280.612160 13.045000 0.051000
3296.606090 12.608000 0.045000
3454.902330 13.617000 0.039000
3538.806640 13.785000 0.039000
3540.799930 13.672000 0.044000
3543.750150 13.706000 0.046000
3550.824670 12.979000 0.043000
3555.880530 12.708000 0.043000
3559.716830 12.543000 0.037000
3561.756910 12.498000 0.053000
3563.802390 12.458000 0.037000
3569.718920 12.510000 0.043000
3573.718020 12.553000 0.038000
3575.731170 12.645000 0.042000
3577.755920 12.688000 0.050000
3587.631320 13.245000 0.036000
3589.673240 13.234000 0.040000
3597.667620 13.851000 0.035000
3656.525810 14.821000 0.050000
3669.553140 13.412000 0.041000
3671.583580 13.180000 0.048000
3674.567460 12.863000 0.053000
3677.551060 12.468000 0.061000
3823.899240 12.696000 0.037000
3849.891410 12.797000 0.048000
3853.873080 12.835000 0.048000
3859.893820 13.222000 0.038000
3862.883900 13.571000 0.036000
3867.876970 13.990000 0.048000
4227.872080 13.606000 0.045000
4231.833900 13.436000 0.039000
4234.853730 13.089000 0.045000
4246.809880 12.160000 0.046000
4258.757820 12.221000 0.042000
4273.770490 12.950000 0.038000
4276.745240 13.199000 0.044000
4278.756470 13.194000 0.037000
4282.722520 13.420000 0.059000
4285.773290 13.818000 0.044000
4289.765740 14.174000 0.042000
4293.753420 14.514000 0.041000
4343.654510 14.826000 0.046000
4345.654360 14.346000 0.057000
4347.655180 14.403000 0.059000
4351.649130 14.308000 0.057000
4354.602320 14.235000 0.060000
4356.625140 13.709000 0.047000
4358.641710 13.736000 0.048000
4362.628050 13.417000 0.045000
4367.557770 13.469000 0.051000
4369.586570 13.293000 0.044000
4371.605560 13.212000 0.061000
4373.617680 13.193000 0.057000
4376.610700 12.999000 0.038000
4378.626950 12.703000 0.052000
4381.541720 12.653000 0.050000
4383.589500 12.624000 0.042000
4385.620680 12.510000 0.041000
4388.501440 12.413000 0.052000
4400.535600 12.427000 0.044000
4408.509850 12.878000 0.061000
4411.546600 13.233000 0.059000
4559.901210 14.113000 0.039000
4563.898960 14.361000 0.043000
4567.892970 14.454000 0.038000
4628.777870 13.122000 0.062000
4630.760370 13.353000 0.056000
4632.753560 12.926000 0.041000
4640.798120 12.274000 0.038000
4642.793840 12.138000 0.037000
4644.835500 12.048000 0.040000
4647.728680 11.934000 0.040000
4649.761470 11.939000 0.044000
4651.822480 11.844000 0.044000
4653.834930 11.808000 0.040000
4655.759810 11.912000 0.042000
4657.793390 11.918000 0.042000
4661.668960 11.955000 0.056000
4663.727240 12.081000 0.043000
4671.696200 12.326000 0.039000
4674.667260 12.477000 0.035000
4677.728460 12.663000 0.061000
4679.731160 13.161000 0.042000
4682.709530 13.028000 0.044000
4684.718070 13.232000 0.036000
4686.660580 13.312000 0.052000
4690.659900 13.678000 0.053000
4698.672550 14.610000 0.053000
4755.584870 14.874000 0.062000
4769.549830 14.109000 0.048000
4772.531690 13.729000 0.062000
4777.520830 13.680000 0.044000
4782.520500 12.933000 0.042000
4785.523200 12.770000 0.053000
4972.846750 13.897000 0.040000
2040.792980 12.886000 0.068000
2721.899920 13.697000 0.044000
3294.570860 12.618000 0.064000
3458.902630 13.854000 0.065000
3546.859730 13.325000 0.049000
3582.810370 12.839000 0.072000
3584.820650 13.106000 0.068000
3591.778450 13.440000 0.077000
3665.563120 13.849000 0.068000
3871.878230 14.013000 0.074000
4403.573600 12.704000 0.063000
4792.511750 12.491000 0.057000
4931.894270 12.350000 0.046000
4935.904770 12.313000 0.048000
4945.878910 12.541000 0.043000
4949.876540 12.666000 0.054000
4962.870040 13.218000 0.050000
4968.897730 13.872000 0.055000
5042.687330 14.371000 0.049000
5056.690330 13.184000 0.051000
5069.704160 12.163000 0.050000
5082.680040 12.280000 0.051000
5084.718090 12.208000 0.058000
5089.603180 12.353000 0.046000
5093.666950 12.457000 0.051000
5097.683910 12.898000 0.048000
5099.677830 13.118000 0.046000
1995.880360 29.999000 0.066000
1999.890900 29.999000 0.068000
2544.580450 29.999000 0.043000
2790.824560 29.999000 0.038000
2819.771510 29.999000 0.037000
2829.724540 29.999000 0.038000
2855.705000 29.999000 0.039000
3113.887690 29.999000 0.055000
3273.546960 29.999000 0.051000
3275.669730 29.999000 0.046000
3473.885760 29.999000 0.046000
3477.882460 29.999000 0.043000
3480.905780 29.999000 0.054000
3492.883680 29.999000 0.041000
3496.913980 29.999000 0.040000
3500.900090 29.999000 0.036000
3508.890040 29.999000 0.039000
3511.840230 29.999000 0.053000
3515.850790 29.999000 0.041000
3520.860350 29.999000 0.039000
3525.799770 29.999000 0.041000
3601.646480 29.999000 0.042000
3603.654450 29.999000 0.035000
3619.574270 29.999000 0.064000
3621.630180 29.999000 0.084000
3624.643540 29.999000 0.040000
3628.646070 29.999000 0.038000
3630.699740 29.999000 0.065000
3638.664630 29.999000 0.046000
3641.637890 29.999000 0.042000
3650.571780 29.999000 0.058000
3652.552240 29.999000 0.083000
3658.597670 29.999000 0.077000
3875.843760 29.999000 0.038000
3882.824310 29.999000 0.045000
3886.851260 29.999000 0.049000
3889.804570 29.999000 0.036000
3891.833280 29.999000 0.046000
3893.843240 29.999000 0.038000
3902.821970 29.999000 0.035000
3904.852540 29.999000 0.068000
3906.902200 29.999000 0.055000
3909.757910 29.999000 0.037000
3913.779490 29.999000 0.073000
4191.894700 29.999000 0.040000
4204.898620 29.999000 0.044000
4291.767080 29.999000 0.040000
4295.762020 29.999000 0.044000
4299.724820 29.999000 0.048000
4301.703930 29.999000 0.061000
4303.701280 29.999000 0.048000
4305.701610 29.999000 0.041000
4307.675170 29.999000 0.044000
4312.703540 29.999000 0.067000
4315.699420 29.999000 0.044000
4329.646900 29.999000 0.041000
4331.633020 29.999000 0.041000
4333.607120 29.999000 0.038000
4336.590900 29.999000 0.041000
4339.654740 29.999000 0.056000
4341.654420 29.999000 0.053000
4349.648800 29.999000 0.056000
4428.513500 29.999000 0.068000
4571.886930 29.999000 0.038000
4574.907680 29.999000 0.040000
4579.919610 29.999000 0.040000
4586.902660 29.999000 0.045000
4589.905140 29.999000 0.045000
4592.895880 29.999000 0.042000
4595.864780 29.999000 0.041000
4601.813490 29.999000 0.039000
4606.889230 29.999000 0.053000
4609.834800 29.999000 0.043000
4615.872320 29.999000 0.042000
4617.850550 29.999000 0.044000
4621.810800 29.999000 0.048000
4623.858970 29.999000 0.049000
4696.771810 29.999000 0.045000
4700.668280 29.999000 0.058000
4702.676280 29.999000 0.048000
4704.712300 29.999000 0.040000
4706.742570 29.999000 0.046000
4709.660960 29.999000 0.050000
4715.667270 29.999000 0.046000
4722.572090 29.999000 0.039000
4725.590270 29.999000 0.057000
4728.552450 29.999000 0.041000
4730.593600 29.999000 0.046000
4733.606290 29.999000 0.044000
4737.593200 29.999000 0.043000
4740.580520 29.999000 0.040000
4743.540610 29.999000 0.040000
4745.553600 29.999000 0.037000
4750.520100 29.999000 0.052000
4753.534850 29.999000 0.057000
4757.610620 29.999000 0.042000
4760.575940 29.999000 0.041000
4763.574340 29.999000 0.056000
4766.559480 29.999000 0.053000
4975.830580 29.999000 0.045000
4984.851080 29.999000 0.055000
4988.837040 29.999000 0.048000
4990.831660 29.999000 0.045000
5013.720400 29.999000 0.054000
5015.720590 29.999000 0.045000
5018.733900 29.999000 0.043000
5022.857930 29.999000 0.056000
5024.772550 29.999000 0.055000
5038.720220 29.999000 0.055000
5040.694590 29.999000 0.045000
5105.523450 29.999000 0.049000
5107.572340 29.999000 0.061000
5116.530800 29.999000 0.061000
5123.553240 29.999000 0.072000
5145.526910 29.999000 0.064000
