1924.862370 11.582000 0.040000
1931.849030 11.584000 0.039000
1933.860550 11.628000 0.039000
1936.852550 11.685000 0.038000
1939.850140 11.664000 0.038000
1946.865910 11.881000 0.037000
1953.828390 12.061000 0.043000
1958.841020 12.323000 0.041000
1965.815860 12.742000 0.043000
1967.815770 12.712000 0.046000
2124.479520 13.986000 0.038000
2128.478450 13.600000 0.035000
2130.522770 13.379000 0.037000
2132.516540 13.188000 0.034000
2134.519780 13.071000 0.035000
2136.511160 12.855000 0.039000
2141.516070 12.534000 0.043000
2143.512370 12.599000 0.036000
2545.487890 13.855000 0.032000
2761.710450 14.137000 0.034000
2763.693190 14.550000 0.036000
2785.677800 13.309000 0.032000
2790.714510 12.922000 0.033000
2794.629320 12.656000 0.043000
2809.632180 11.975000 0.035000
2810.774650 11.974000 0.034000
2813.771460 11.835000 0.037000
2819.675840 11.772000 0.034000
2821.662890 11.865000 0.034000
2832.569660 11.860000 0.034000
2833.691700 11.873000 0.044000
2838.579320 12.008000 0.035000
2840.633110 12.087000 0.032000
2842.610470 12.139000 0.043000
2845.619690 12.245000 0.035000
2853.547850 12.689000 0.033000
2854.671940 12.655000 0.034000
2859.518270 13.084000 0.033000
2860.670600 13.150000 0.034000
2866.645300 13.384000 0.032000
2876.562080 14.286000 0.030000
3037.875790 11.428000 0.040000
3042.874460 11.487000 0.033000
3060.842340 11.821000 0.033000
3064.835200 11.959000 0.033000
3068.815970 12.116000 0.032000
3071.838140 12.329000 0.033000
3074.792990 12.447000 0.039000
3078.891370 12.621000 0.033000
3081.823400 12.896000 0.033000
3086.842280 13.090000 0.035000
3092.787810 13.589000 0.036000
3097.754000 14.164000 0.033000
3272.531500 12.033000 0.040000
3278.508220 12.240000 0.038000
3434.823760 14.376000 0.039000
3438.846370 13.863000 0.042000
3442.856520 13.501000 0.033000
3445.805690 13.154000 0.034000
3453.758070 12.022000 0.034000
3455.773870 11.721000 0.035000
3463.784660 11.191000 0.039000
3468.781310 11.070000 0.035000
3471.759150 11.034000 0.032000
3473.845430 11.054000 0.034000
3476.746450 11.067000 0.033000
3480.783390 11.089000 0.041000
3489.726160 11.320000 0.034000
3491.759340 11.376000 0.042000
3497.768540 11.592000 0.033000
3501.638450 11.749000 0.037000
3503.717090 11.863000 0.035000
3509.720100 12.190000 0.038000
3515.736350 12.461000 0.037000
3523.689030 13.192000 0.045000
3525.714140 13.306000 0.037000
3529.785360 13.594000 0.039000
3754.865860 13.995000 0.040000
3879.665630 13.557000 0.044000
3881.700660 13.665000 0.039000
3886.823260 13.318000 0.035000
3893.655660 12.761000 0.039000
3898.659210 12.573000 0.041000
3900.675880 12.511000 0.039000
3902.693370 12.284000 0.034000
3906.726420 12.087000 0.048000
3909.677870 12.027000 0.037000
3913.680730 11.912000 0.036000
3981.565920 13.951000 0.039000
4128.865390 11.497000 0.035000
4132.859780 11.370000 0.033000
4136.854500 11.336000 0.036000
4139.877220 11.317000 0.038000
4145.841780 11.369000 0.043000
4151.832110 11.477000 0.035000
4154.860290 11.559000 0.039000
4161.824630 11.737000 0.039000
4172.854330 12.067000 0.039000
4188.806530 12.992000 0.038000
4190.855480 12.880000 0.038000
4192.797280 12.857000 0.037000
4200.755090 13.571000 0.036000
4203.810280 13.501000 0.037000
4340.490240 12.425000 0.041000
4342.516080 12.060000 0.044000
4344.527190 11.809000 0.043000
4346.530700 11.613000 0.038000
4348.550890 11.531000 0.041000
4350.555210 11.491000 0.040000
4352.565960 11.337000 0.034000
4356.486860 11.375000 0.042000
4363.498470 11.331000 0.036000
4368.513840 11.424000 0.041000
4371.495630 11.469000 0.036000
4375.492240 11.537000 0.037000
4377.505750 11.536000 0.037000
4380.495110 11.599000 0.043000
4383.488600 11.678000 0.039000
4538.840590 13.845000 0.037000
4559.779260 12.970000 0.043000
4562.768470 12.749000 0.041000
4564.851870 12.535000 0.042000
4567.758990 12.380000 0.044000
4570.748800 12.217000 0.039000
4572.762380 12.008000 0.039000
4574.761350 12.001000 0.042000
4576.769280 11.923000 0.047000
4582.717290 11.866000 0.042000
4585.766440 11.738000 0.038000
4587.805130 11.808000 0.042000
4590.696150 11.795000 0.040000
4592.814820 11.795000 0.040000
4594.754270 11.709000 0.034000
4599.680980 11.802000 0.043000
4601.713160 11.669000 0.040000
4609.607760 11.809000 0.037000
4611.692330 11.906000 0.046000
4616.854650 12.110000 0.040000
4620.628290 12.170000 0.042000
4622.794420 12.363000 0.046000
4627.616810 12.626000 0.040000
4629.603240 12.717000 0.040000
4631.622680 12.749000 0.037000
4639.702710 13.542000 0.045000
4641.713190 13.374000 0.040000
4643.714140 13.437000 0.039000
4654.580880 14.305000 0.045000
1919.874070 11.695000 0.044000
1921.873550 11.657000 0.044000
1950.869260 11.928000 0.054000
1962.792390 12.571000 0.056000
2783.644130 13.443000 0.054000
3033.863250 11.351000 0.043000
3089.800780 13.340000 0.047000
3465.908650 11.124000 0.053000
3478.770960 11.113000 0.048000
3482.772160 11.164000 0.049000
3517.729790 12.753000 0.044000
3521.682690 12.900000 0.049000
4178.832540 12.310000 0.042000
4181.805490 12.495000 0.049000
4184.795360 12.563000 0.046000
5013.560270 11.589000 0.054000
5024.616560 11.696000 0.051000
5037.627080 11.709000 0.056000
5039.593110 11.703000 0.047000
5048.592360 11.820000 0.047000
5063.619140 12.257000 0.053000
1963.909350 29.999000 0.053000
1978.821560 29.999000 0.048000
1979.835080 29.999000 0.049000
1984.884530 29.999000 0.051000
1985.816180 29.999000 0.049000
1994.704760 29.999000 0.053000
1995.790030 29.999000 0.050000
1996.786800 29.999000 0.050000
1997.791190 29.999000 0.050000
1998.783700 29.999000 0.053000
2000.780500 29.999000 0.049000
2016.737990 29.999000 0.051000
2019.731440 29.999000 0.055000
2026.717040 29.999000 0.034000
2027.712150 29.999000 0.034000
2030.702090 29.999000 0.035000
2031.712320 29.999000 0.036000
2032.699390 29.999000 0.034000
2033.691370 29.999000 0.034000
2040.685310 29.999000 0.049000
2052.636430 29.999000 0.036000
2053.669380 29.999000 0.035000
2054.665760 29.999000 0.036000
2055.645340 29.999000 0.035000
2056.651350 29.999000 0.035000
2057.643460 29.999000 0.037000
2058.639500 29.999000 0.035000
2059.683770 29.999000 0.038000
2062.582440 29.999000 0.047000
2067.663320 29.999000 0.036000
2068.624970 29.999000 0.038000
2069.618520 29.999000 0.038000
2070.613410 29.999000 0.036000
2080.518570 29.999000 0.042000
2081.594740 29.999000 0.038000
2082.614540 29.999000 0.036000
2083.594270 29.999000 0.041000
2085.583150 29.999000 0.033000
2086.589020 29.999000 0.036000
2087.584310 29.999000 0.035000
2094.588580 29.999000 0.039000
2102.526080 29.999000 0.038000
2103.552570 29.999000 0.036000
2104.556850 29.999000 0.035000
2105.551520 29.999000 0.040000
2106.557820 29.999000 0.036000
2115.510670 29.999000 0.036000
2116.523100 29.999000 0.042000
2117.512860 29.999000 0.038000
2180.484990 29.999000 0.046000
2440.606960 29.999000 0.038000
2442.602030 29.999000 0.042000
2443.599550 29.999000 0.037000
2445.581800 29.999000 0.035000
2452.566550 29.999000 0.042000
2454.590460 29.999000 0.043000
2456.567540 29.999000 0.039000
2459.582090 29.999000 0.051000
2464.556770 29.999000 0.040000
2465.560480 29.999000 0.039000
2466.554370 29.999000 0.037000
2467.557040 29.999000 0.037000
2468.551480 29.999000 0.035000
2469.548080 29.999000 0.050000
2481.507170 29.999000 0.046000
2487.617020 29.999000 0.058000
2490.494250 29.999000 0.046000
2493.485680 29.999000 0.050000
2495.500160 29.999000 0.046000
2497.509880 29.999000 0.042000
2499.480360 29.999000 0.039000
2504.600400 29.999000 0.058000
2508.492490 29.999000 0.038000
2509.543780 29.999000 0.039000
2512.554860 29.999000 0.049000
2524.491220 29.999000 0.044000
2526.519060 29.999000 0.048000
2540.497540 29.999000 0.049000
2659.867760 29.999000 0.035000
2663.852870 29.999000 0.037000
2669.859610 29.999000 0.037000
2673.851260 29.999000 0.035000
2677.830440 29.999000 0.049000
2681.821700 29.999000 0.032000
2683.868890 29.999000 0.033000
2686.827250 29.999000 0.044000
2689.820620 29.999000 0.034000
2699.815700 29.999000 0.033000
2701.850790 29.999000 0.030000
2704.832190 29.999000 0.032000
2706.842020 29.999000 0.031000
2712.809090 29.999000 0.040000
2714.804720 29.999000 0.045000
2717.824150 29.999000 0.032000
2722.870040 29.999000 0.032000
2730.780850 29.999000 0.038000
2733.779300 29.999000 0.038000
2735.778260 29.999000 0.039000
2737.757300 29.999000 0.038000
2739.764460 29.999000 0.042000
2743.728720 29.999000 0.036000
2749.851210 29.999000 0.045000
2754.719410 29.999000 0.034000
2755.905300 29.999000 0.034000
2757.719220 29.999000 0.030000
2759.766320 29.999000 0.031000
2770.692040 29.999000 0.031000
2862.597380 29.999000 0.036000
2878.558620 29.999000 0.031000
2888.518250 29.999000 0.034000
2893.539850 29.999000 0.031000
2895.545540 29.999000 0.031000
2901.544790 29.999000 0.046000
2905.529380 29.999000 0.032000
2916.499660 29.999000 0.032000
3099.800780 29.999000 0.034000
3105.823390 29.999000 0.034000
3107.828480 29.999000 0.036000
3110.743810 29.999000 0.034000
3112.799680 29.999000 0.040000
3115.727090 29.999000 0.031000
3122.729650 29.999000 0.037000
3124.782210 29.999000 0.039000
3126.744520 29.999000 0.033000
3128.726450 29.999000 0.036000
3132.753940 29.999000 0.038000
3134.751060 29.999000 0.036000
3142.758990 29.999000 0.032000
3146.618160 29.999000 0.031000
3153.860580 29.999000 0.035000
3156.634010 29.999000 0.033000
3160.671850 29.999000 0.036000
3163.681570 29.999000 0.037000
3165.675860 29.999000 0.034000
3168.700300 29.999000 0.031000
3171.684320 29.999000 0.036000
3175.671930 29.999000 0.034000
3180.612820 29.999000 0.032000
3187.599000 29.999000 0.034000
3189.774560 29.999000 0.036000
3397.874500 29.999000 0.035000
3402.855490 29.999000 0.037000
3407.853520 29.999000 0.036000
3411.854570 29.999000 0.045000
3414.876470 29.999000 0.035000
3418.850060 29.999000 0.043000
3422.836620 29.999000 0.039000
3425.845220 29.999000 0.033000
3538.661650 29.999000 0.038000
3543.619700 29.999000 0.036000
3550.656870 29.999000 0.042000
3552.702330 29.999000 0.046000
3555.698580 29.999000 0.037000
3558.703940 29.999000 0.044000
3560.709670 29.999000 0.046000
3562.724520 29.999000 0.044000
3564.705210 29.999000 0.035000
3570.644220 29.999000 0.036000
3573.687990 29.999000 0.040000
3575.704890 29.999000 0.034000
3578.560580 29.999000 0.034000
3583.689270 29.999000 0.038000
3586.552400 29.999000 0.048000
3590.670130 29.999000 0.034000
3600.532550 29.999000 0.037000
3602.540330 29.999000 0.034000
3604.555130 29.999000 0.035000
3608.531310 29.999000 0.041000
3617.578280 29.999000 0.039000
3620.498060 29.999000 0.055000
3628.543660 29.999000 0.037000
3631.507200 29.999000 0.036000
3633.526570 29.999000 0.042000
3639.522340 29.999000 0.035000
3652.496580 29.999000 0.037000
3757.866280 29.999000 0.036000
3763.868460 29.999000 0.038000
3767.867360 29.999000 0.033000
3772.868140 29.999000 0.035000
3790.839070 29.999000 0.043000
3793.869850 29.999000 0.041000
3796.867110 29.999000 0.037000
3800.835930 29.999000 0.038000
3804.800230 29.999000 0.036000
3808.801830 29.999000 0.035000
3811.832550 29.999000 0.035000
3816.875290 29.999000 0.050000
3819.794710 29.999000 0.039000
3822.785260 29.999000 0.039000
3825.789480 29.999000 0.039000
3828.785780 29.999000 0.034000
3831.770560 29.999000 0.048000
3833.811700 29.999000 0.040000
3835.823500 29.999000 0.038000
3837.803140 29.999000 0.042000
3848.791200 29.999000 0.051000
3850.805070 29.999000 0.045000
3852.837800 29.999000 0.041000
3855.714240 29.999000 0.038000
3859.785320 29.999000 0.050000
3861.781660 29.999000 0.038000
3863.752730 29.999000 0.044000
3865.740540 29.999000 0.050000
3870.849020 29.999000 0.038000
3872.771870 29.999000 0.039000
4194.800050 29.999000 0.043000
4205.795220 29.999000 0.036000
4208.881590 29.999000 0.043000
4213.839640 29.999000 0.040000
4216.825700 29.999000 0.037000
4227.745990 29.999000 0.046000
4229.746270 29.999000 0.040000
4231.753660 29.999000 0.043000
4233.753240 29.999000 0.037000
4235.754100 29.999000 0.043000
4245.652200 29.999000 0.046000
4247.615580 29.999000 0.042000
4255.748340 29.999000 0.038000
4258.609140 29.999000 0.039000
4273.607990 29.999000 0.041000
4276.578910 29.999000 0.037000
4283.743540 29.999000 0.047000
4285.725140 29.999000 0.042000
4289.719530 29.999000 0.040000
4291.721510 29.999000 0.039000
4293.710110 29.999000 0.038000
4295.722730 29.999000 0.041000
4299.686020 29.999000 0.036000
4301.623610 29.999000 0.045000
4308.527480 29.999000 0.042000
4310.621990 29.999000 0.053000
4312.618990 29.999000 0.052000
4315.624920 29.999000 0.040000
4336.535480 29.999000 0.038000
4492.873560 29.999000 0.034000
4500.870110 29.999000 0.043000
4504.868780 29.999000 0.038000
4508.862160 29.999000 0.036000
4520.835090 29.999000 0.043000
4527.828080 29.999000 0.038000
4530.859740 29.999000 0.038000
4535.863070 29.999000 0.037000
4541.830420 29.999000 0.041000
4547.796660 29.999000 0.038000
4647.761290 29.999000 0.051000
4650.568390 29.999000 0.044000
4652.594740 29.999000 0.036000
4656.571940 29.999000 0.039000
4663.553690 29.999000 0.041000
4665.626270 29.999000 0.041000
4667.598880 29.999000 0.036000
4677.520940 29.999000 0.038000
4679.537820 29.999000 0.049000
4682.528030 29.999000 0.043000
4684.528500 29.999000 0.038000
4690.505150 29.999000 0.037000
4697.627040 29.999000 0.037000
4701.622980 29.999000 0.037000
4704.507100 29.999000 0.042000
4707.548420 29.999000 0.048000
4721.551920 29.999000 0.042000
4725.533140 29.999000 0.048000
4730.543760 29.999000 0.048000
4734.535100 29.999000 0.046000
4865.872180 29.999000 0.039000
4869.865100 29.999000 0.038000
4882.851220 29.999000 0.035000
4890.838790 29.999000 0.045000
4901.902770 29.999000 0.051000
4908.893830 29.999000 0.049000
4916.766070 29.999000 0.046000
4918.860420 29.999000 0.045000
4921.798910 29.999000 0.048000
4926.893390 29.999000 0.050000
4936.804980 29.999000 0.049000
4947.710380 29.999000 0.048000
4949.760910 29.999000 0.041000
4951.853080 29.999000 0.046000
4954.697220 29.999000 0.042000
4968.741720 29.999000 0.049000
4985.664950 29.999000 0.040000
5084.576790 29.999000 0.049000
5087.502510 29.999000 0.050000
5092.528770 29.999000 0.047000
5111.495380 29.999000 0.050000
2783.648710 13.460000 0.038000
3056.873250 11.712000 0.033000
2463.571750 29.999000 0.040000
2727.803280 29.999000 0.037000
2763.720330 29.999000 0.038000
