1922.813230 12.702000 0.049000
1935.737080 13.326000 0.044000
4229.658890 13.280000 0.056000
4558.689730 13.003000 0.053000
4616.755590 12.949000 0.043000
1902.839830 12.474000 0.057000
1904.841380 12.449000 0.059000
1906.839100 12.451000 0.048000
1914.799940 12.536000 0.060000
1918.879080 12.592000 0.043000
1920.826540 12.643000 0.048000
1924.800330 12.755000 0.053000
1929.858340 12.803000 0.043000
1931.804810 13.052000 0.045000
1933.805180 13.270000 0.040000
1937.821720 13.230000 0.043000
1939.820660 13.614000 0.041000
2025.619860 13.852000 0.052000
2026.639390 13.963000 0.060000
2027.631310 13.834000 0.064000
2030.617730 13.917000 0.067000
2031.634680 13.610000 0.062000
2032.620290 13.791000 0.053000
2033.607990 13.655000 0.057000
2034.601090 13.660000 0.051000
2037.650650 13.528000 0.051000
2053.587260 12.867000 0.053000
2054.597310 12.950000 0.057000
2056.576060 12.877000 0.062000
2057.564410 12.828000 0.060000
2058.565300 12.704000 0.072000
2067.556410 12.222000 0.053000
2068.549070 12.021000 0.069000
2069.549420 12.093000 0.070000
2070.542110 12.038000 0.064000
2081.512810 11.441000 0.061000
2082.529480 11.489000 0.062000
2085.486040 11.437000 0.055000
2086.520150 11.417000 0.058000
2087.511420 11.435000 0.065000
2088.521440 11.409000 0.057000
2093.476980 11.438000 0.063000
2102.465130 11.726000 0.048000
2104.534110 11.767000 0.056000
2106.534030 11.882000 0.054000
2125.496570 12.907000 0.054000
2129.499160 13.141000 0.050000
2132.479820 13.405000 0.049000
2135.482680 13.509000 0.052000
2141.486490 13.952000 0.052000
2442.530240 13.589000 0.047000
2452.487680 12.926000 0.041000
2456.511170 12.533000 0.047000
2463.477720 12.095000 0.045000
2465.487700 11.953000 0.046000
2467.474880 11.830000 0.042000
2469.475060 11.821000 0.048000
2491.473770 11.946000 0.049000
2624.846440 13.360000 0.039000
2629.844870 13.312000 0.034000
2635.839150 12.934000 0.035000
2639.837010 12.805000 0.033000
2643.831060 12.528000 0.035000
2646.832030 12.339000 0.037000
2650.814030 11.953000 0.033000
2652.843960 11.804000 0.033000
2659.858600 11.395000 0.035000
2662.797060 11.400000 0.036000
2666.803650 11.349000 0.037000
2669.843560 11.359000 0.035000
2672.847470 11.396000 0.034000
2677.825940 11.453000 0.039000
2679.828040 11.571000 0.043000
2681.807710 11.665000 0.037000
2683.795350 11.746000 0.033000
2694.776500 12.207000 0.034000
2699.773070 12.557000 0.037000
2707.754330 12.999000 0.037000
2709.725300 13.297000 0.041000
2713.708850 13.396000 0.032000
2714.813640 13.528000 0.036000
2717.735880 13.985000 0.036000
2720.780020 13.978000 0.038000
2731.830200 14.970000 0.040000
2811.709230 14.141000 0.033000
2813.639730 13.862000 0.039000
2821.518110 13.510000 0.035000
2826.527910 13.394000 0.037000
2840.562560 13.151000 0.037000
2842.563680 12.915000 0.042000
2845.551460 12.904000 0.041000
2851.587020 12.773000 0.038000
2866.539690 12.476000 0.037000
2875.500390 12.611000 0.043000
2877.499120 12.641000 0.037000
2879.504080 12.633000 0.035000
2886.505740 12.838000 0.036000
2893.483840 12.931000 0.037000
3003.853040 13.567000 0.039000
3007.834550 13.057000 0.035000
3011.829060 12.834000 0.039000
3017.848520 12.425000 0.036000
3030.840320 12.035000 0.035000
3034.814180 11.933000 0.036000
3041.822460 11.726000 0.037000
3043.829160 11.788000 0.044000
3051.815020 11.765000 0.039000
3054.814520 11.804000 0.039000
3060.790300 11.944000 0.041000
3068.851920 11.959000 0.038000
3070.811180 12.001000 0.036000
3071.858100 12.137000 0.035000
3072.869840 12.138000 0.037000
3075.806820 12.250000 0.040000
3078.735640 12.420000 0.037000
3080.792760 12.356000 0.039000
3085.786350 12.770000 0.039000
3087.785670 12.964000 0.041000
3090.708520 13.175000 0.039000
3092.745850 13.271000 0.037000
3096.749150 13.256000 0.037000
3098.729850 13.656000 0.036000
3103.732330 13.633000 0.034000
3107.727230 13.939000 0.037000
3111.809780 14.053000 0.035000
3179.631310 14.678000 0.037000
3190.583860 13.328000 0.034000
3405.811150 12.584000 0.045000
3408.834030 12.474000 0.044000
3414.814530 12.376000 0.042000
3425.813120 12.208000 0.053000
3431.830830 12.096000 0.046000
3442.773410 12.148000 0.051000
3452.728590 12.039000 0.067000
3454.764070 12.104000 0.041000
3458.759320 12.274000 0.072000
3463.685910 12.300000 0.048000
3465.732320 12.398000 0.042000
3468.718090 12.562000 0.039000
3470.733290 12.627000 0.053000
3472.780310 12.790000 0.046000
3474.861560 12.906000 0.048000
3481.691590 13.329000 0.071000
3489.704010 13.708000 0.050000
3564.493060 14.182000 0.042000
3569.613480 13.720000 0.040000
3573.590420 13.555000 0.040000
3575.602460 13.530000 0.043000
3577.616660 13.422000 0.042000
3583.599200 13.215000 0.065000
3586.521770 13.065000 0.039000
3597.499190 12.831000 0.048000
3603.522610 12.597000 0.041000
3760.814460 13.674000 0.058000
3763.868160 13.612000 0.062000
3767.819720 13.488000 0.052000
3775.827580 13.008000 0.055000
3788.839530 12.791000 0.055000
3805.819690 11.937000 0.046000
3808.763290 11.817000 0.066000
3816.805220 11.667000 0.042000
3819.713640 11.687000 0.060000
3821.802330 11.683000 0.063000
3824.701630 11.724000 0.048000
3826.752510 11.755000 0.041000
3829.686950 11.799000 0.063000
3833.724060 11.917000 0.070000
3835.726190 12.062000 0.069000
3847.864140 12.696000 0.047000
3849.793060 12.793000 0.047000
3858.817070 13.587000 0.061000
3861.601670 13.974000 0.053000
3863.638180 13.952000 0.072000
4207.744050 12.653000 0.057000
4235.668280 13.134000 0.048000
4348.488390 13.288000 0.047000
4353.487250 13.188000 0.039000
4536.736210 13.831000 0.043000
4538.802410 13.738000 0.043000
4543.793520 13.157000 0.049000
4560.738550 12.948000 0.054000
4565.669840 12.772000 0.043000
4567.723640 12.686000 0.066000
4569.710700 12.720000 0.041000
4571.711520 12.850000 0.038000
4578.781690 12.447000 0.040000
4580.731310 12.523000 0.061000
4589.656500 12.498000 0.062000
4591.670650 12.403000 0.060000
4593.707240 12.530000 0.060000
4597.644070 12.557000 0.042000
4599.709150 12.461000 0.043000
4602.551670 12.502000 0.052000
4622.704460 13.235000 0.042000
4917.735120 12.720000 0.049000
4947.791740 11.758000 0.046000
2474.478060 11.610000 0.057000
2502.526270 12.589000 0.057000
4648.524340 13.956000 0.070000
1928.774290 12.884000 0.075000
2052.561250 13.048000 0.074000
2055.568880 13.012000 0.075000
2071.546360 11.915000 0.060000
2079.504070 11.542000 0.080000
2497.481980 12.298000 0.051000
2500.480680 12.406000 0.056000
2689.788800 12.019000 0.040000
2697.800180 12.434000 0.039000
3411.823410 12.418000 0.080000
3417.812300 12.297000 0.043000
3420.797490 12.260000 0.062000
3423.790170 12.281000 0.051000
3438.777590 12.194000 0.077000
3444.786350 12.055000 0.075000
3446.801470 12.199000 0.084000
3449.731810 12.149000 0.053000
3460.770610 12.270000 0.077000
3479.688210 13.034000 0.092000
3560.510310 14.586000 0.085000
3562.502300 14.574000 0.067000
3601.498880 12.663000 0.049000
3606.534130 12.502000 0.050000
3772.821470 13.234000 0.074000
3779.782850 13.242000 0.084000
3783.794810 12.915000 0.063000
3791.795300 12.628000 0.077000
3803.761910 12.140000 0.077000
3814.784990 11.644000 0.090000
3852.620940 13.039000 0.071000
3854.671040 12.977000 0.075000
3856.717300 13.612000 0.092000
3981.515340 13.103000 0.062000
4196.746000 12.542000 0.060000
4204.717630 12.730000 0.067000
4562.805290 12.916000 0.068000
4587.590710 12.491000 0.054000
4595.671580 12.494000 0.058000
4606.659750 12.773000 0.082000
4608.663650 12.924000 0.083000
4909.728080 13.369000 0.063000
4914.771680 13.171000 0.072000
4935.827990 12.280000 0.046000
4940.691060 12.114000 0.070000
4945.736690 11.862000 0.064000
4952.701640 11.697000 0.073000
4954.670460 11.715000 0.061000
4961.644940 11.767000 0.068000
4968.576470 11.996000 0.059000
4975.714940 12.180000 0.050000
4993.700110 12.869000 0.049000
5009.557570 13.829000 0.053000
1885.861270 29.999000 0.060000
1945.882890 29.999000 0.042000
1947.831460 29.999000 0.040000
1949.789330 29.999000 0.067000
1950.848690 29.999000 0.058000
1964.794890 29.999000 0.043000
1966.794810 29.999000 0.044000
1968.789190 29.999000 0.046000
1971.793210 29.999000 0.050000
1976.808630 29.999000 0.053000
1979.742600 29.999000 0.056000
1982.801260 29.999000 0.050000
1993.740360 29.999000 0.062000
1995.764170 29.999000 0.056000
1996.707400 29.999000 0.058000
1997.704600 29.999000 0.059000
2000.694700 29.999000 0.062000
2711.720300 29.999000 0.039000
2740.710590 29.999000 0.035000
2742.640570 29.999000 0.036000
2743.796360 29.999000 0.037000
2747.708370 29.999000 0.039000
2750.745880 29.999000 0.042000
2755.831620 29.999000 0.035000
2759.658870 29.999000 0.037000
2760.740610 29.999000 0.041000
2762.705300 29.999000 0.046000
2769.743860 29.999000 0.046000
2782.655670 29.999000 0.045000
2785.702420 29.999000 0.043000
2787.655550 29.999000 0.036000
2790.680870 29.999000 0.037000
2793.545050 29.999000 0.036000
2808.650470 29.999000 0.036000
2831.646790 29.999000 0.041000
2862.525330 29.999000 0.038000
3025.849360 29.999000 0.034000
3130.657590 29.999000 0.035000
3132.658060 29.999000 0.038000
3134.661400 29.999000 0.035000
3158.579990 29.999000 0.038000
3160.589170 29.999000 0.038000
3168.611370 29.999000 0.036000
3171.609210 29.999000 0.032000
3175.599370 29.999000 0.038000
3177.599780 29.999000 0.035000
3497.730780 29.999000 0.056000
3509.655300 29.999000 0.037000
3516.791210 29.999000 0.060000
3524.683740 29.999000 0.046000
3526.669060 29.999000 0.067000
3528.672240 29.999000 0.055000
3530.685750 29.999000 0.088000
3554.619450 29.999000 0.038000
3727.840250 29.999000 0.058000
3738.838880 29.999000 0.039000
3746.824150 29.999000 0.064000
3750.835930 29.999000 0.069000
3831.741240 29.999000 0.042000
3870.631400 29.999000 0.047000
3872.630700 29.999000 0.058000
3877.783660 29.999000 0.059000
3881.567800 29.999000 0.068000
3887.594420 29.999000 0.076000
3896.558900 29.999000 0.046000
3898.582700 29.999000 0.053000
3900.602290 29.999000 0.048000
3902.619770 29.999000 0.037000
3904.638660 29.999000 0.055000
3906.656040 29.999000 0.054000
3908.646660 29.999000 0.055000
3912.677460 29.999000 0.044000
4501.811290 29.999000 0.042000
5080.494660 29.999000 0.065000
5085.495380 29.999000 0.069000
1955.807840 29.999000 0.046000
1961.783950 29.999000 0.044000
1962.832010 29.999000 0.050000
1965.779070 29.999000 0.042000
1967.801830 29.999000 0.046000
1977.741010 29.999000 0.052000
1978.811840 29.999000 0.058000
1984.736760 29.999000 0.058000
1994.753060 29.999000 0.057000
1998.700910 29.999000 0.068000
2009.726910 29.999000 0.071000
2722.721530 29.999000 0.037000
2734.658520 29.999000 0.036000
2754.677110 29.999000 0.034000
2810.552150 29.999000 0.040000
2830.514180 29.999000 0.043000
2989.848240 29.999000 0.037000
2995.848870 29.999000 0.035000
3105.727840 29.999000 0.039000
3109.731020 29.999000 0.038000
3114.636630 29.999000 0.034000
3116.687080 29.999000 0.034000
3121.679830 29.999000 0.035000
3125.670040 29.999000 0.034000
3142.666730 29.999000 0.035000
3145.680890 29.999000 0.035000
3153.593790 29.999000 0.034000
3163.597360 29.999000 0.033000
3165.597570 29.999000 0.035000
3185.505760 29.999000 0.037000
3187.546850 29.999000 0.039000
3500.747100 29.999000 0.050000
3503.581270 29.999000 0.045000
3520.624660 29.999000 0.094000
3522.647550 29.999000 0.064000
3544.496870 29.999000 0.086000
3547.597510 29.999000 0.058000
3556.672960 29.999000 0.063000
3588.558390 29.999000 0.054000
3754.818120 29.999000 0.041000
3868.637590 29.999000 0.065000
3875.720690 29.999000 0.061000
3883.634830 29.999000 0.091000
3891.572910 29.999000 0.069000
4109.854740 29.999000 0.083000
4131.864280 29.999000 0.083000
4134.859400 29.999000 0.040000
4154.851270 29.999000 0.079000
4160.767990 29.999000 0.045000
4162.820710 29.999000 0.071000
4164.828350 29.999000 0.053000
4175.743590 29.999000 0.045000
4183.719370 29.999000 0.073000
4198.787330 29.999000 0.081000
4202.684670 29.999000 0.073000
4212.864040 29.999000 0.044000
4237.680040 29.999000 0.045000
4246.600280 29.999000 0.043000
4253.581760 29.999000 0.047000
4254.733290 29.999000 0.054000
4257.559920 29.999000 0.046000
4259.585010 29.999000 0.043000
4267.582700 29.999000 0.050000
4269.614320 29.999000 0.059000
4272.568480 29.999000 0.053000
4278.514030 29.999000 0.050000
4282.552120 29.999000 0.069000
4284.571110 29.999000 0.061000
4286.565140 29.999000 0.055000
4290.578220 29.999000 0.038000
4292.539950 29.999000 0.037000
4294.552220 29.999000 0.042000
4296.543470 29.999000 0.048000
4298.548090 29.999000 0.050000
4300.506190 29.999000 0.075000
4306.476940 29.999000 0.057000
4308.560600 29.999000 0.046000
4311.547730 29.999000 0.048000
4316.581590 29.999000 0.038000
4333.489170 29.999000 0.047000
4337.492110 29.999000 0.044000
4340.515880 29.999000 0.046000
4343.499770 29.999000 0.042000
4345.507690 29.999000 0.045000
4350.504250 29.999000 0.052000
4497.859640 29.999000 0.050000
4507.828090 29.999000 0.044000
4510.817240 29.999000 0.047000
4514.833270 29.999000 0.049000
4517.804360 29.999000 0.042000
4520.664900 29.999000 0.049000
4524.842760 29.999000 0.054000
4527.766450 29.999000 0.041000
4541.736000 29.999000 0.055000
4545.782690 29.999000 0.076000
4547.773830 29.999000 0.043000
4551.767770 29.999000 0.075000
4573.707300 29.999000 0.051000
4633.540560 29.999000 0.072000
4639.595300 29.999000 0.055000
4641.631160 29.999000 0.052000
4643.631680 29.999000 0.058000
4652.612260 29.999000 0.055000
4654.582160 29.999000 0.046000
4660.484610 29.999000 0.056000
4662.628170 29.999000 0.069000
4664.625800 29.999000 0.051000
4666.639130 29.999000 0.044000
4677.515460 29.999000 0.043000
4679.532470 29.999000 0.057000
4682.521960 29.999000 0.091000
4694.520540 29.999000 0.068000
4698.522830 29.999000 0.048000
4700.532510 29.999000 0.052000
4703.489350 29.999000 0.069000
4705.506900 29.999000 0.051000
4709.500260 29.999000 0.074000
4722.481850 29.999000 0.071000
4835.838000 29.999000 0.042000
4843.825800 29.999000 0.051000
4847.834250 29.999000 0.053000
4856.854600 29.999000 0.065000
4868.855530 29.999000 0.046000
4871.835080 29.999000 0.047000
4881.804070 29.999000 0.042000
4884.793120 29.999000 0.052000
4887.810200 29.999000 0.056000
4894.813850 29.999000 0.092000
4906.794030 29.999000 0.044000
4924.914550 29.999000 0.079000
5006.672480 29.999000 0.050000
5015.496440 29.999000 0.057000
5022.628050 29.999000 0.055000
5024.628310 29.999000 0.048000
5037.499160 29.999000 0.062000
5048.510450 29.999000 0.059000
5057.512070 29.999000 0.067000
2040.622210 13.398000 0.065000
3384.868270 13.257000 0.043000
3388.839460 13.085000 0.054000
3396.831160 12.709000 0.045000
3399.852970 12.682000 0.060000
3454.766870 12.215000 0.039000
3458.772170 12.249000 0.047000
3460.783740 12.361000 0.058000
3468.734540 12.572000 0.064000
3470.764550 12.655000 0.046000
3472.804260 12.618000 0.034000
3497.746460 14.422000 0.039000
3760.820280 13.797000 0.037000
3764.814340 13.599000 0.042000
3769.818210 13.483000 0.036000
3773.816480 13.284000 0.036000
3776.822770 13.054000 0.046000
3779.827320 12.798000 0.051000
3788.842240 12.612000 0.045000
3806.745830 11.833000 0.042000
3821.813800 11.630000 0.060000
3824.707180 11.709000 0.036000
3826.755240 11.751000 0.034000
3850.746280 12.882000 0.057000
4183.725940 14.026000 0.056000
4185.782010 13.814000 0.058000
4189.701920 13.311000 0.041000
4191.726600 13.018000 0.048000
4204.720310 12.597000 0.047000
4216.765630 12.801000 0.051000
4227.711760 12.905000 0.040000
4229.715280 12.920000 0.035000
4233.722050 13.162000 0.033000
4524.845560 13.978000 0.059000
4530.766610 14.176000 0.038000
4536.762470 13.815000 0.038000
4538.814560 13.479000 0.043000
4541.738870 13.703000 0.042000
4543.800720 13.455000 0.040000
4555.850470 13.100000 0.040000
4558.696580 12.879000 0.044000
4560.746510 12.896000 0.053000
4562.815050 12.801000 0.067000
4567.726520 12.786000 0.044000
4569.716990 12.713000 0.053000
4571.717790 12.615000 0.044000
4573.713390 12.632000 0.059000
4580.744540 12.541000 0.059000
4585.628760 12.464000 0.043000
4587.673230 12.322000 0.051000
4589.714500 12.430000 0.062000
4593.754150 12.371000 0.057000
4595.818350 12.450000 0.038000
4597.710230 12.367000 0.052000
4606.716950 12.704000 0.047000
4609.558620 12.782000 0.059000
4610.775610 12.718000 0.055000
4617.614830 13.121000 0.047000
4620.613300 13.083000 0.039000
4623.602710 13.352000 0.055000
4652.651810 14.878000 0.037000
3791.808200 12.569000 0.086000
3814.790350 11.759000 0.085000
3816.810640 11.604000 0.083000
3861.705410 13.627000 0.070000
4180.859930 13.866000 0.045000
4196.748700 12.802000 0.046000
4213.780070 12.720000 0.059000
4238.580050 13.195000 0.053000
4545.822960 13.524000 0.063000
4551.776610 13.022000 0.073000
4553.800270 12.975000 0.071000
4591.718940 12.359000 0.075000
4906.801160 13.455000 0.070000
4926.812690 12.575000 0.073000
4947.794450 11.763000 0.050000
4952.705980 11.584000 0.073000
3463.698790 29.999000 0.043000
3486.716450 29.999000 0.056000
3500.764250 29.999000 0.052000
3524.700780 29.999000 0.069000
3528.716740 29.999000 0.060000
3547.657760 29.999000 0.059000
3735.855630 29.999000 0.040000
3739.846180 29.999000 0.035000
3747.842020 29.999000 0.040000
3751.826360 29.999000 0.061000
3803.771390 29.999000 0.043000
3852.784180 29.999000 0.045000
3887.688250 29.999000 0.052000
3896.609130 29.999000 0.037000
3906.706660 29.999000 0.055000
4104.857940 29.999000 0.040000
4125.820800 29.999000 0.038000
4128.842200 29.999000 0.035000
4132.817900 29.999000 0.075000
4135.851920 29.999000 0.044000
4142.884830 29.999000 0.042000
4145.823790 29.999000 0.052000
4149.827050 29.999000 0.050000
4152.793700 29.999000 0.035000
4157.794320 29.999000 0.063000
4160.777110 29.999000 0.034000
4162.833420 29.999000 0.039000
4172.840940 29.999000 0.073000
4175.747870 29.999000 0.055000
4202.688100 29.999000 0.042000
4207.746710 29.999000 0.074000
4253.695180 29.999000 0.050000
4255.719650 29.999000 0.047000
4311.560850 29.999000 0.050000
4459.855200 29.999000 0.038000
4470.863830 29.999000 0.065000
4478.864750 29.999000 0.044000
4482.867160 29.999000 0.054000
4486.846310 29.999000 0.076000
4490.845930 29.999000 0.043000
4497.874790 29.999000 0.060000
4501.820010 29.999000 0.039000
4504.856860 29.999000 0.038000
4507.851190 29.999000 0.038000
4510.824090 29.999000 0.044000
4514.838550 29.999000 0.064000
4517.814570 29.999000 0.041000
4527.776920 29.999000 0.044000
4565.677190 29.999000 0.039000
4639.674340 29.999000 0.055000
4641.690220 29.999000 0.039000
4643.685970 29.999000 0.037000
4654.626570 29.999000 0.069000
4664.638480 29.999000 0.049000
4667.552320 29.999000 0.041000
4671.545270 29.999000 0.047000
4677.570030 29.999000 0.072000
4679.577880 29.999000 0.059000
4703.510550 29.999000 0.051000
4828.860040 29.999000 0.059000
4836.851030 29.999000 0.064000
4844.863950 29.999000 0.036000
4847.813170 29.999000 0.072000
4852.829030 29.999000 0.034000
4856.866710 29.999000 0.040000
4861.851650 29.999000 0.044000
4865.841330 29.999000 0.047000
4868.859080 29.999000 0.045000
4871.874940 29.999000 0.045000
4879.823150 29.999000 0.054000
4891.782130 29.999000 0.067000
5024.639380 29.999000 0.057000
5037.570590 29.999000 0.065000
2657.860610 11.565000 0.035000
2724.754370 29.999000 0.040000
2744.813460 29.999000 0.047000
