2744.730000 13.292000 0.049000
3036.833620 13.133000 0.047000
3751.857720 13.500000 0.065000
3755.852880 13.784000 0.053000
3758.857710 13.958000 0.055000
4153.847930 14.020000 0.056000
4160.844060 13.171000 0.049000
4163.847520 12.661000 0.066000
4166.857800 12.270000 0.063000
4173.836730 11.822000 0.045000
4176.817560 11.759000 0.057000
4179.846350 11.783000 0.048000
4182.796350 11.788000 0.052000
4185.789880 11.795000 0.046000
4189.751070 11.734000 0.039000
4191.791720 11.805000 0.044000
4193.781280 11.854000 0.043000
4196.828610 11.978000 0.048000
4199.765620 11.976000 0.054000
4202.831540 12.135000 0.050000
4204.836940 12.187000 0.047000
4207.881620 12.323000 0.049000
4213.775020 12.661000 0.044000
4216.766850 12.770000 0.043000
4227.736000 13.540000 0.037000
4229.736290 13.469000 0.045000
4233.743250 13.796000 0.040000
4235.741830 13.937000 0.043000
4640.805910 13.975000 0.041000
4642.801410 13.516000 0.050000
4645.546670 13.306000 0.045000
4647.587470 13.296000 0.059000
4649.603520 12.899000 0.050000
4653.647440 12.900000 0.044000
4655.591600 12.697000 0.046000
4657.636050 12.798000 0.045000
4660.596980 13.108000 0.047000
4662.656530 12.595000 0.058000
4664.654200 12.559000 0.048000
4666.658570 12.722000 0.054000
4670.620650 12.891000 0.039000
4672.643830 12.786000 0.054000
4675.679680 13.002000 0.062000
4678.677410 13.089000 0.057000
4681.594730 13.195000 0.050000
4683.594780 13.308000 0.053000
4685.571700 13.446000 0.063000
4687.560110 13.631000 0.050000
4694.645000 13.674000 0.064000
4862.856480 13.404000 0.049000
4867.838020 13.302000 0.053000
4870.862180 12.849000 0.048000
4876.846560 12.204000 0.054000
4883.895460 12.058000 0.044000
4891.819800 12.135000 0.059000
4901.895470 12.350000 0.057000
4905.772830 12.425000 0.061000
4916.745420 12.943000 0.056000
4918.844150 12.868000 0.057000
4921.785510 13.194000 0.058000
4926.829200 13.245000 0.058000
4929.833360 13.402000 0.060000
4157.812910 13.670000 0.067000
2463.550460 29.999000 0.052000
2637.865100 29.999000 0.051000
2651.864110 29.999000 0.050000
2655.865320 29.999000 0.049000
2659.837760 29.999000 0.051000
2662.854010 29.999000 0.050000
2667.857110 29.999000 0.052000
2671.838170 29.999000 0.048000
2677.846670 29.999000 0.051000
2689.845450 29.999000 0.050000
2694.798360 29.999000 0.049000
2697.866160 29.999000 0.050000
2703.782230 29.999000 0.054000
2709.814860 29.999000 0.045000
2711.801510 29.999000 0.048000
2713.804940 29.999000 0.048000
2719.772920 29.999000 0.047000
2727.790850 29.999000 0.048000
3134.772720 29.999000 0.045000
3177.783310 29.999000 0.044000
3387.854120 29.999000 0.055000
3391.854480 29.999000 0.066000
3396.847270 29.999000 0.048000
3399.864860 29.999000 0.066000
3403.859350 29.999000 0.057000
3406.876920 29.999000 0.062000
3413.866410 29.999000 0.060000
3417.833070 29.999000 0.076000
3426.828990 29.999000 0.069000
3432.843640 29.999000 0.050000
3767.849740 29.999000 0.075000
3772.843850 29.999000 0.066000
3775.854170 29.999000 0.059000
3789.815750 29.999000 0.055000
3792.845580 29.999000 0.068000
3795.861120 29.999000 0.060000
3798.865550 29.999000 0.067000
3808.840900 29.999000 0.062000
3811.821310 29.999000 0.057000
3814.793230 29.999000 0.064000
3817.782910 29.999000 0.053000
3820.800630 29.999000 0.058000
3823.793320 29.999000 0.062000
3826.779510 29.999000 0.057000
3829.767200 29.999000 0.050000
3855.706510 29.999000 0.055000
3861.760280 29.999000 0.050000
4127.840500 29.999000 0.064000
4135.836540 29.999000 0.058000
4142.824760 29.999000 0.050000
4150.869040 29.999000 0.054000
4245.636720 29.999000 0.050000
4269.703630 29.999000 0.038000
4272.633890 29.999000 0.038000
4274.643190 29.999000 0.037000
4278.662500 29.999000 0.043000
4290.662220 29.999000 0.036000
4292.611210 29.999000 0.038000
4296.616720 29.999000 0.049000
4300.575290 29.999000 0.048000
4304.567170 29.999000 0.036000
4306.584110 29.999000 0.038000
4330.499570 29.999000 0.042000
4481.867220 29.999000 0.059000
4487.866090 29.999000 0.056000
4491.867960 29.999000 0.053000
4499.863880 29.999000 0.055000
4503.842470 29.999000 0.053000
4506.856450 29.999000 0.045000
4510.841550 29.999000 0.048000
4516.818110 29.999000 0.059000
4519.840450 29.999000 0.049000
4522.841730 29.999000 0.044000
4525.842150 29.999000 0.051000
4528.879880 29.999000 0.046000
4531.851970 29.999000 0.042000
4535.858540 29.999000 0.043000
4538.829260 29.999000 0.045000
4541.800800 29.999000 0.049000
4547.780690 29.999000 0.047000
4550.801330 29.999000 0.046000
4552.872790 29.999000 0.045000
4555.782460 29.999000 0.043000
4558.769870 29.999000 0.044000
4560.838490 29.999000 0.043000
4563.761960 29.999000 0.052000
4565.819690 29.999000 0.043000
4568.746870 29.999000 0.047000
4570.810680 29.999000 0.043000
4572.776000 29.999000 0.041000
4574.747260 29.999000 0.043000
4576.770800 29.999000 0.045000
4583.727010 29.999000 0.042000
4589.686700 29.999000 0.046000
4591.726800 29.999000 0.044000
4593.758530 29.999000 0.042000
4595.822940 29.999000 0.040000
4597.742960 29.999000 0.040000
4602.681820 29.999000 0.047000
4606.696320 29.999000 0.053000
4609.639120 29.999000 0.044000
4611.684200 29.999000 0.046000
4616.678270 29.999000 0.040000
4618.692580 29.999000 0.044000
4626.570240 29.999000 0.041000
4630.641130 29.999000 0.041000
4698.616230 29.999000 0.053000
4704.611190 29.999000 0.063000
4707.591550 29.999000 0.066000
4710.551980 29.999000 0.068000
4716.548140 29.999000 0.046000
4720.602850 29.999000 0.056000
4724.526290 29.999000 0.074000
4726.583610 29.999000 0.060000
4729.573460 29.999000 0.056000
4733.523880 29.999000 0.060000
4737.535960 29.999000 0.047000
4740.525770 29.999000 0.041000
4743.512750 29.999000 0.052000
4745.525970 29.999000 0.056000
4754.505350 29.999000 0.062000
4847.855340 29.999000 0.051000
4850.858140 29.999000 0.056000
4935.740910 29.999000 0.065000
4940.725610 29.999000 0.063000
4945.843640 29.999000 0.075000
4948.725990 29.999000 0.061000
4951.714330 29.999000 0.058000
4955.746290 29.999000 0.056000
4959.766220 29.999000 0.058000
4962.671760 29.999000 0.068000
4967.738680 29.999000 0.062000
4969.751940 29.999000 0.056000
4975.644160 29.999000 0.059000
4986.674600 29.999000 0.061000
4988.689140 29.999000 0.061000
5015.648310 29.999000 0.058000
5022.516130 29.999000 0.052000
5024.559830 29.999000 0.054000
5031.612480 29.999000 0.045000
5037.536030 29.999000 0.047000
5039.528750 29.999000 0.050000
5041.538090 29.999000 0.049000
5047.684330 29.999000 0.072000
5049.710930 29.999000 0.061000
5057.563940 29.999000 0.052000
5063.574000 29.999000 0.055000
5084.570410 29.999000 0.055000
5086.572870 29.999000 0.062000
5088.598490 29.999000 0.068000
5093.578200 29.999000 0.059000
5098.505880 29.999000 0.071000
5110.509170 29.999000 0.068000
2030.655470 14.292000 0.059000
2070.580400 12.309000 0.065000
2083.565760 12.571000 0.060000
2085.543610 12.718000 0.055000
2088.547040 12.680000 0.063000
2102.504840 13.583000 0.062000
2104.506100 13.551000 0.061000
2106.506060 13.912000 0.055000
2508.517450 13.443000 0.030000
2511.551100 13.237000 0.045000
2520.494890 12.462000 0.042000
2521.516580 12.356000 0.054000
2524.519360 12.329000 0.061000
2544.506300 12.332000 0.062000
2546.514590 12.302000 0.054000
2548.498820 12.438000 0.049000
2553.498390 12.580000 0.056000
2736.712020 14.056000 0.044000
2738.730540 13.764000 0.044000
2743.820690 13.301000 0.048000
2749.826170 12.780000 0.052000
2751.654960 12.738000 0.047000
2755.677540 12.576000 0.040000
2757.644590 12.534000 0.043000
2761.640320 12.552000 0.045000
2764.700980 12.478000 0.045000
2766.807780 12.466000 0.050000
2776.783290 12.429000 0.052000
2782.744530 12.581000 0.045000
2784.648130 13.034000 0.051000
2787.722120 12.916000 0.047000
2791.525760 13.049000 0.044000
2794.607030 13.274000 0.049000
2808.731260 13.592000 0.054000
2810.587290 13.866000 0.043000
2813.668000 14.013000 0.047000
2991.856410 12.633000 0.043000
3005.858560 12.282000 0.044000
3009.844400 12.161000 0.041000
3013.857230 12.238000 0.046000
3017.862080 12.329000 0.042000
3030.864910 12.740000 0.045000
3034.832670 13.013000 0.044000
3041.846370 13.530000 0.042000
3462.726440 13.636000 0.063000
3464.784140 13.594000 0.055000
3467.730990 13.349000 0.050000
3469.811070 12.987000 0.046000
3472.709920 12.789000 0.046000
3474.755730 12.667000 0.045000
3477.680140 12.404000 0.051000
3481.722350 12.307000 0.053000
3483.722530 12.227000 0.050000
3487.690760 12.225000 0.043000
3492.705390 12.198000 0.050000
3496.698140 12.285000 0.037000
3499.700810 12.173000 0.053000
3503.740610 12.299000 0.042000
3506.742980 12.555000 0.037000
3509.729920 12.639000 0.041000
3511.798000 12.701000 0.043000
3515.770620 12.972000 0.043000
3517.760990 12.972000 0.056000
3523.707030 13.542000 0.055000
3525.738050 13.848000 0.046000
3530.550470 13.906000 0.049000
3728.852370 12.612000 0.046000
3744.848820 13.192000 0.063000
3748.839050 13.502000 0.046000
3981.542690 13.274000 0.057000
4161.799340 12.987000 0.048000
4164.799860 12.742000 0.066000
4167.793740 12.270000 0.046000
4173.842310 11.894000 0.040000
4176.778240 11.910000 0.052000
4179.820280 11.835000 0.053000
4182.762820 11.778000 0.050000
4184.832390 11.796000 0.059000
4188.769890 11.899000 0.034000
4190.806820 11.841000 0.035000
4192.783200 11.896000 0.038000
4194.787460 11.921000 0.043000
4200.750470 12.102000 0.039000
4203.771550 12.256000 0.052000
4205.768070 12.303000 0.042000
4208.860510 12.473000 0.046000
4213.738770 12.740000 0.042000
4216.729240 12.830000 0.039000
4229.706170 13.581000 0.042000
4231.712910 14.104000 0.040000
4645.669940 13.493000 0.044000
4647.742150 13.172000 0.055000
4652.544130 12.982000 0.054000
4654.530320 12.958000 0.047000
4658.637530 13.019000 0.046000
4663.601860 12.716000 0.047000
4665.672610 12.687000 0.057000
4667.687980 13.023000 0.049000
4671.596000 12.969000 0.039000
4677.608910 13.079000 0.063000
4679.623840 13.211000 0.041000
4684.569800 13.309000 0.052000
4690.574930 13.867000 0.044000
4857.823320 14.074000 0.047000
4861.867470 13.668000 0.043000
4865.850000 13.522000 0.048000
4869.843110 13.194000 0.051000
4872.847060 12.609000 0.050000
4876.836760 12.277000 0.047000
4879.863370 12.270000 0.050000
4883.797150 12.132000 0.042000
4886.826340 12.159000 0.053000
4892.816880 12.197000 0.055000
4904.805770 12.423000 0.056000
4907.778960 12.604000 0.053000
4915.815040 12.861000 0.052000
4918.751100 12.963000 0.054000
4921.744800 13.259000 0.056000
4926.790520 13.528000 0.054000
4929.810860 13.681000 0.055000
2031.669180 14.319000 0.068000
2052.594260 12.319000 0.080000
2054.632690 12.442000 0.067000
2055.607690 13.373000 0.079000
2062.583110 12.208000 0.083000
2069.589950 12.264000 0.069000
2079.540570 12.483000 0.084000
2082.571440 12.435000 0.071000
2086.552270 12.704000 0.067000
2094.535790 13.127000 0.076000
2526.548150 12.186000 0.067000
2775.695040 12.544000 0.058000
3479.743290 12.280000 0.072000
3501.746630 12.316000 0.059000
3736.852110 12.768000 0.068000
3740.846300 12.911000 0.070000
3752.829620 13.705000 0.077000
4155.839280 13.840000 0.071000
4158.828500 13.455000 0.067000
4197.811450 11.968000 0.072000
4649.727980 13.051000 0.074000
4656.541620 12.595000 0.071000
4682.606760 13.454000 0.070000
1905.871030 29.999000 0.062000
1907.865270 29.999000 0.048000
1919.831200 29.999000 0.063000
1921.824900 29.999000 0.052000
1926.809090 29.999000 0.062000
1930.817870 29.999000 0.047000
1932.805510 29.999000 0.051000
1936.833970 29.999000 0.041000
1938.834510 29.999000 0.040000
1940.819810 29.999000 0.049000
1946.763900 29.999000 0.060000
1948.795960 29.999000 0.059000
1950.763670 29.999000 0.051000
1953.784870 29.999000 0.045000
1954.804480 29.999000 0.051000
1955.819010 29.999000 0.043000
1958.866290 29.999000 0.046000
1961.813060 29.999000 0.049000
1963.762450 29.999000 0.042000
1964.833690 29.999000 0.041000
1965.885940 29.999000 0.040000
1967.761980 29.999000 0.042000
1976.842070 29.999000 0.049000
1978.739990 29.999000 0.053000
1979.749290 29.999000 0.055000
1980.731660 29.999000 0.053000
1981.752470 29.999000 0.055000
1982.750650 29.999000 0.052000
1984.761230 29.999000 0.056000
1985.768000 29.999000 0.051000
1993.798690 29.999000 0.061000
1995.698840 29.999000 0.062000
1996.741950 29.999000 0.060000
1997.741560 29.999000 0.057000
2000.732950 29.999000 0.065000
2117.489540 29.999000 0.063000
2124.467770 29.999000 0.067000
2128.507460 29.999000 0.056000
2130.535920 29.999000 0.067000
2134.528540 29.999000 0.056000
2136.524450 29.999000 0.056000
2141.518300 29.999000 0.055000
2143.519140 29.999000 0.066000
2145.503670 29.999000 0.066000
2173.489730 29.999000 0.071000
2179.508380 29.999000 0.070000
2440.569300 29.999000 0.037000
2441.574900 29.999000 0.036000
2443.559750 29.999000 0.043000
2452.524540 29.999000 0.052000
2454.545930 29.999000 0.040000
2456.530220 29.999000 0.040000
2459.527970 29.999000 0.058000
2466.512280 29.999000 0.036000
2469.485630 29.999000 0.044000
2470.513900 29.999000 0.045000
2473.495920 29.999000 0.046000
2476.484030 29.999000 0.059000
2481.474880 29.999000 0.051000
2490.509480 29.999000 0.039000
2493.507680 29.999000 0.042000
2495.524690 29.999000 0.051000
2497.525600 29.999000 0.033000
2499.489190 29.999000 0.033000
2501.494290 29.999000 0.055000
2502.542350 29.999000 0.045000
2503.551470 29.999000 0.051000
2625.861090 29.999000 0.048000
2635.852680 29.999000 0.045000
2639.852630 29.999000 0.047000
2643.846470 29.999000 0.044000
2650.836280 29.999000 0.042000
2657.857480 29.999000 0.041000
2660.827810 29.999000 0.045000
2663.815430 29.999000 0.048000
2666.830280 29.999000 0.042000
2669.857850 29.999000 0.043000
2673.805160 29.999000 0.043000
2676.809490 29.999000 0.043000
2679.786220 29.999000 0.047000
2684.818690 29.999000 0.044000
2686.843520 29.999000 0.045000
2688.828320 29.999000 0.044000
2690.812860 29.999000 0.046000
2693.825760 29.999000 0.052000
2696.827710 29.999000 0.047000
2701.789300 29.999000 0.046000
2703.787470 29.999000 0.042000
2705.778490 29.999000 0.046000
2707.774730 29.999000 0.047000
2709.769460 29.999000 0.048000
2711.759390 29.999000 0.057000
2713.747080 29.999000 0.042000
2715.749600 29.999000 0.048000
2719.724020 29.999000 0.045000
2721.750330 29.999000 0.052000
2723.752710 29.999000 0.051000
2725.732640 29.999000 0.044000
2727.752380 29.999000 0.043000
2731.846120 29.999000 0.044000
2734.702380 29.999000 0.043000
2742.677340 29.999000 0.045000
2821.523510 29.999000 0.048000
2826.579730 29.999000 0.032000
2832.559410 29.999000 0.043000
2836.703610 29.999000 0.046000
2840.598680 29.999000 0.043000
2845.590520 29.999000 0.034000
2853.494940 29.999000 0.037000
2854.580470 29.999000 0.033000
2858.585520 29.999000 0.035000
2859.647950 29.999000 0.038000
2861.621820 29.999000 0.041000
2866.587580 29.999000 0.049000
2874.597600 29.999000 0.050000
2876.590000 29.999000 0.047000
2878.589320 29.999000 0.059000
2882.549810 29.999000 0.055000
2884.552940 29.999000 0.048000
2885.586310 29.999000 0.044000
2893.512170 29.999000 0.052000
2895.522570 29.999000 0.048000
2901.526800 29.999000 0.055000
2905.518600 29.999000 0.042000
2908.528470 29.999000 0.048000
2911.489540 29.999000 0.047000
2922.486320 29.999000 0.053000
3051.848610 29.999000 0.042000
3054.868450 29.999000 0.039000
3061.814040 29.999000 0.038000
3064.816420 29.999000 0.044000
3068.758730 29.999000 0.044000
3070.863580 29.999000 0.042000
3073.793290 29.999000 0.043000
3076.773530 29.999000 0.043000
3078.842450 29.999000 0.043000
3081.773350 29.999000 0.045000
3085.830790 29.999000 0.043000
3087.832210 29.999000 0.041000
3090.748790 29.999000 0.044000
3092.811970 29.999000 0.037000
3096.818380 29.999000 0.041000
3098.796090 29.999000 0.043000
3100.788140 29.999000 0.043000
3102.784680 29.999000 0.044000
3104.843040 29.999000 0.042000
3106.838380 29.999000 0.044000
3108.871300 29.999000 0.045000
3111.699570 29.999000 0.040000
3113.744640 29.999000 0.040000
3115.764990 29.999000 0.046000
3118.830930 29.999000 0.043000
3122.692570 29.999000 0.040000
3124.731250 29.999000 0.053000
3126.686470 29.999000 0.049000
3128.684940 29.999000 0.053000
3130.715280 29.999000 0.043000
3132.736680 29.999000 0.045000
3134.739100 29.999000 0.045000
3142.747040 29.999000 0.046000
3146.563570 29.999000 0.040000
3153.671920 29.999000 0.040000
3153.790970 29.999000 0.045000
3153.804460 29.999000 0.042000
3153.823200 29.999000 0.040000
3153.845310 29.999000 0.039000
3153.861560 29.999000 0.045000
3154.493960 29.999000 0.044000
3154.872050 29.999000 0.048000
3158.710100 29.999000 0.045000
3160.721030 29.999000 0.053000
3163.735040 29.999000 0.044000
3165.752900 29.999000 0.048000
3168.763120 29.999000 0.043000
3171.720200 29.999000 0.045000
3175.711090 29.999000 0.044000
3177.780360 29.999000 0.041000
3180.635370 29.999000 0.047000
3183.630080 29.999000 0.045000
3185.621280 29.999000 0.041000
3187.649370 29.999000 0.046000
3190.667450 29.999000 0.071000
3219.541290 29.999000 0.034000
3385.829540 29.999000 0.079000
3388.852660 29.999000 0.048000
3392.852550 29.999000 0.061000
3393.861880 29.999000 0.071000
3396.835090 29.999000 0.050000
3399.856310 29.999000 0.048000
3403.838320 29.999000 0.068000
3406.856160 29.999000 0.064000
3409.856270 29.999000 0.059000
3412.844590 29.999000 0.048000
3415.834030 29.999000 0.056000
3418.858560 29.999000 0.069000
3421.844210 29.999000 0.072000
3424.830930 29.999000 0.058000
3427.820700 29.999000 0.079000
3432.806850 29.999000 0.063000
3436.809690 29.999000 0.040000
3445.807550 29.999000 0.053000
3450.767000 29.999000 0.060000
3537.784340 29.999000 0.055000
3539.603270 29.999000 0.052000
3544.515790 29.999000 0.063000
3547.631140 29.999000 0.043000
3554.647180 29.999000 0.044000
3556.742310 29.999000 0.048000
3559.736610 29.999000 0.057000
3562.475300 29.999000 0.051000
3564.518540 29.999000 0.044000
3569.667650 29.999000 0.042000
3571.692980 29.999000 0.044000
3574.700410 29.999000 0.045000
3577.569970 29.999000 0.047000
3583.666050 29.999000 0.049000
3586.537550 29.999000 0.053000
3588.574410 29.999000 0.064000
3590.658610 29.999000 0.048000
3593.493540 29.999000 0.047000
3597.558610 29.999000 0.054000
3601.548650 29.999000 0.051000
3603.558900 29.999000 0.049000
3606.563920 29.999000 0.045000
3617.545960 29.999000 0.047000
3620.490430 29.999000 0.069000
3622.549370 29.999000 0.060000
3628.533220 29.999000 0.042000
3631.502470 29.999000 0.046000
3633.521860 29.999000 0.050000
3642.507800 29.999000 0.045000
3649.488450 29.999000 0.044000
3651.497200 29.999000 0.057000
3756.843850 29.999000 0.057000
3759.858210 29.999000 0.053000
3767.831390 29.999000 0.064000
3772.827420 29.999000 0.055000
3775.846180 29.999000 0.057000
3779.809330 29.999000 0.054000
3783.850150 29.999000 0.055000
3789.793460 29.999000 0.061000
3792.812880 29.999000 0.057000
3795.813590 29.999000 0.054000
3802.764640 29.999000 0.062000
3804.856640 29.999000 0.056000
3807.881570 29.999000 0.050000
3810.778860 29.999000 0.053000
3812.839330 29.999000 0.048000
3815.768680 29.999000 0.058000
3817.814090 29.999000 0.053000
3820.755460 29.999000 0.051000
3822.809530 29.999000 0.054000
3825.735140 29.999000 0.052000
3827.805670 29.999000 0.051000
3830.729750 29.999000 0.053000
3832.763230 29.999000 0.049000
3834.753650 29.999000 0.050000
3836.767900 29.999000 0.051000
3848.737750 29.999000 0.058000
3850.752800 29.999000 0.059000
3852.796520 29.999000 0.044000
3861.718110 29.999000 0.046000
3863.695380 29.999000 0.054000
3865.689420 29.999000 0.047000
3867.702540 29.999000 0.076000
3869.730800 29.999000 0.049000
3871.724080 29.999000 0.057000
3874.814940 29.999000 0.045000
3877.598120 29.999000 0.054000
3882.686650 29.999000 0.053000
3886.711940 29.999000 0.046000
3890.679980 29.999000 0.043000
3894.664690 29.999000 0.040000
3897.709870 29.999000 0.053000
3902.553870 29.999000 0.049000
3904.578490 29.999000 0.046000
3908.590650 29.999000 0.051000
4105.855940 29.999000 0.063000
4125.824730 29.999000 0.046000
4128.846010 29.999000 0.050000
4132.824030 29.999000 0.058000
4135.852930 29.999000 0.052000
4141.832740 29.999000 0.044000
4144.867010 29.999000 0.049000
4152.831560 29.999000 0.043000
4227.702570 29.999000 0.034000
4233.712390 29.999000 0.035000
4246.660870 29.999000 0.037000
4250.600550 29.999000 0.041000
4253.758280 29.999000 0.040000
4255.792690 29.999000 0.045000
4258.559750 29.999000 0.038000
4269.700760 29.999000 0.042000
4272.624960 29.999000 0.037000
4274.637000 29.999000 0.035000
4276.777740 29.999000 0.042000
4278.653390 29.999000 0.042000
4282.656400 29.999000 0.072000
4284.661440 29.999000 0.070000
4290.653170 29.999000 0.039000
4292.604050 29.999000 0.035000
4296.610310 29.999000 0.050000
4298.614930 29.999000 0.039000
4300.572210 29.999000 0.045000
4302.620700 29.999000 0.044000
4304.564060 29.999000 0.037000
4306.581000 29.999000 0.037000
4308.619190 29.999000 0.051000
4310.679340 29.999000 0.044000
4312.681860 29.999000 0.048000
4315.679180 29.999000 0.037000
4319.569880 29.999000 0.040000
4330.496380 29.999000 0.043000
4332.519300 29.999000 0.050000
4334.535760 29.999000 0.038000
4338.560270 29.999000 0.037000
4341.522870 29.999000 0.040000
4343.532080 29.999000 0.041000
4345.547570 29.999000 0.045000
4347.543130 29.999000 0.053000
4349.540950 29.999000 0.054000
4351.557470 29.999000 0.054000
4354.542420 29.999000 0.045000
4356.555230 29.999000 0.045000
4358.547840 29.999000 0.040000
4360.524590 29.999000 0.064000
4363.520990 29.999000 0.036000
4368.506800 29.999000 0.045000
4371.488530 29.999000 0.045000
4375.485240 29.999000 0.039000
4377.504290 29.999000 0.047000
4380.493690 29.999000 0.054000
4465.852630 29.999000 0.048000
4471.859550 29.999000 0.054000
4479.850370 29.999000 0.061000
4485.861970 29.999000 0.046000
4488.848340 29.999000 0.056000
4492.822060 29.999000 0.052000
4498.858640 29.999000 0.041000
4501.850900 29.999000 0.045000
4505.815020 29.999000 0.046000
4514.888950 29.999000 0.044000
4518.798380 29.999000 0.041000
4521.820100 29.999000 0.046000
4524.818240 29.999000 0.043000
4527.815430 29.999000 0.038000
4530.802930 29.999000 0.040000
4533.852850 29.999000 0.038000
4536.801400 29.999000 0.038000
4539.784370 29.999000 0.049000
4542.783500 29.999000 0.044000
4546.808190 29.999000 0.041000
4548.808020 29.999000 0.042000
4551.747880 29.999000 0.044000
4553.809420 29.999000 0.041000
4555.861770 29.999000 0.049000
4558.733750 29.999000 0.038000
4560.788310 29.999000 0.038000
4563.717900 29.999000 0.045000
4565.769700 29.999000 0.041000
4567.823070 29.999000 0.040000
4570.698520 29.999000 0.039000
4572.728560 29.999000 0.038000
4574.718740 29.999000 0.042000
4576.733350 29.999000 0.058000
4579.829240 29.999000 0.051000
4583.677710 29.999000 0.038000
4586.717200 29.999000 0.037000
4588.763770 29.999000 0.045000
4590.813940 29.999000 0.041000
4593.644850 29.999000 0.043000
4595.687110 29.999000 0.035000
4597.686040 29.999000 0.036000
4599.769540 29.999000 0.046000
4601.690150 29.999000 0.040000
4603.710770 29.999000 0.037000
4610.587590 29.999000 0.048000
4612.646080 29.999000 0.041000
4616.653120 29.999000 0.037000
4618.670830 29.999000 0.046000
4626.579380 29.999000 0.039000
4630.609190 29.999000 0.039000
4632.631720 29.999000 0.042000
4639.640250 29.999000 0.036000
4698.522660 29.999000 0.040000
4700.532420 29.999000 0.045000
4702.557180 29.999000 0.044000
4704.544910 29.999000 0.073000
4707.559630 29.999000 0.069000
4716.544900 29.999000 0.048000
4721.536290 29.999000 0.053000
4725.519740 29.999000 0.076000
4731.482980 29.999000 0.058000
4739.506390 29.999000 0.060000
4829.857800 29.999000 0.073000
4833.860120 29.999000 0.058000
4837.849870 29.999000 0.052000
4846.838710 29.999000 0.049000
4849.855290 29.999000 0.052000
4852.865070 29.999000 0.050000
4934.828800 29.999000 0.056000
4937.706200 29.999000 0.061000
4945.668800 29.999000 0.054000
4949.746490 29.999000 0.078000
4951.839620 29.999000 0.069000
4954.646110 29.999000 0.052000
4959.755310 29.999000 0.054000
4962.657290 29.999000 0.058000
4967.703260 29.999000 0.056000
4969.718110 29.999000 0.058000
4972.770790 29.999000 0.056000
4974.847300 29.999000 0.061000
4984.641890 29.999000 0.058000
4988.675200 29.999000 0.060000
4993.754060 29.999000 0.055000
5009.569570 29.999000 0.055000
5014.584650 29.999000 0.049000
5017.631620 29.999000 0.055000
5019.680270 29.999000 0.059000
5021.691890 29.999000 0.051000
5023.695090 29.999000 0.049000
5031.599250 29.999000 0.046000
5037.532110 29.999000 0.047000
5039.524820 29.999000 0.049000
5041.534820 29.999000 0.046000
5048.548630 29.999000 0.048000
5057.560720 29.999000 0.066000
5063.570810 29.999000 0.058000
5084.567260 29.999000 0.055000
5089.527420 29.999000 0.053000
5092.524520 29.999000 0.054000
5098.502660 29.999000 0.057000
5105.493100 29.999000 0.057000
5111.494000 29.999000 0.062000
