1899.794080 13.682000 0.032000
1900.860740 13.895000 0.030000
1903.713100 13.683000 0.031000
1904.838110 13.371000 0.028000
1905.820390 13.361000 0.031000
1906.840240 13.544000 0.030000
1907.800580 13.341000 0.032000
1913.764410 13.011000 0.028000
1914.768710 13.108000 0.029000
1919.705990 12.761000 0.032000
1920.751930 12.686000 0.029000
1921.760550 12.662000 0.033000
1922.749870 12.650000 0.033000
1924.744180 12.513000 0.031000
1926.741570 12.516000 0.032000
1928.738900 12.357000 0.029000
1929.737210 12.309000 0.032000
1930.734860 12.235000 0.033000
1932.727290 12.144000 0.034000
1933.730030 12.148000 0.035000
1934.724090 12.153000 0.032000
1935.765000 12.117000 0.032000
1938.666870 12.066000 0.033000
1939.719280 12.034000 0.033000
1940.763300 12.094000 0.033000
1945.727990 11.887000 0.036000
1946.727450 11.955000 0.034000
1948.665220 11.876000 0.035000
1953.683850 11.815000 0.038000
1954.686020 11.750000 0.040000
1955.678840 11.766000 0.035000
1958.663000 11.756000 0.037000
1961.701740 11.743000 0.037000
1962.693000 11.787000 0.040000
1963.665510 11.709000 0.039000
1964.662060 11.727000 0.037000
1965.655200 11.681000 0.037000
1966.657490 11.647000 0.038000
1967.652070 11.798000 0.039000
1968.647280 11.694000 0.041000
1970.703900 11.745000 0.044000
1981.632900 11.651000 0.042000
1982.620420 11.591000 0.042000
1984.612060 11.567000 0.044000
1985.615660 11.559000 0.045000
1994.544110 11.137000 0.044000
2025.494400 10.945000 0.028000
2027.498670 10.938000 0.031000
2032.495170 11.054000 0.032000
2034.498360 11.091000 0.034000
2038.475300 11.180000 0.032000
2053.457700 11.874000 0.030000
2055.467710 11.961000 0.032000
2057.473780 12.067000 0.029000
2059.491250 12.146000 0.035000
2064.467360 12.553000 0.032000
2068.464900 12.799000 0.032000
2070.497270 12.854000 0.033000
2080.500950 13.529000 0.035000
2083.488710 13.679000 0.037000
2086.513800 13.953000 0.030000
2184.877970 13.478000 0.043000
2190.873710 12.803000 0.038000
2192.872640 12.665000 0.040000
2194.873140 12.639000 0.039000
2197.861420 12.667000 0.037000
2206.835150 12.381000 0.039000
2216.834240 12.069000 0.044000
2224.852760 12.175000 0.041000
2226.823670 12.065000 0.042000
2228.813700 12.060000 0.045000
2230.812530 11.990000 0.042000
2233.782820 11.942000 0.042000
2445.473450 13.166000 0.031000
2468.457440 12.474000 0.043000
2557.869700 10.905000 0.044000
2561.859630 10.961000 0.038000
2565.868060 11.054000 0.038000
2578.866910 11.421000 0.042000
2622.730530 13.028000 0.031000
2627.821280 13.205000 0.035000
2636.859070 13.504000 0.037000
2639.775350 13.656000 0.037000
2642.769940 14.316000 0.038000
2645.753450 13.850000 0.031000
2652.764670 13.947000 0.037000
2662.761260 14.181000 0.030000
2674.738040 14.738000 0.028000
2697.685730 14.068000 0.030000
2701.679050 14.037000 0.040000
2705.667270 13.719000 0.028000
2707.665820 13.974000 0.030000
2711.823590 13.848000 0.033000
2713.691560 13.433000 0.029000
2717.663520 13.221000 0.036000
2721.682600 13.406000 0.028000
2722.800340 13.086000 0.029000
2726.670010 12.976000 0.027000
2728.656660 12.749000 0.028000
2732.741060 12.552000 0.028000
2734.594130 12.403000 0.037000
2736.569170 12.296000 0.031000
2737.773220 12.254000 0.029000
2739.688500 12.182000 0.034000
2741.644200 12.082000 0.045000
2742.753030 12.017000 0.031000
2744.636810 11.996000 0.029000
2747.696870 11.823000 0.034000
2751.566540 11.681000 0.028000
2754.567190 11.588000 0.029000
2760.575530 11.379000 0.029000
2762.571560 11.302000 0.033000
2764.556060 11.183000 0.034000
2766.613620 11.157000 0.029000
2770.608040 11.079000 0.036000
2775.502140 11.001000 0.031000
2776.608200 10.967000 0.031000
2784.529720 10.887000 0.039000
2786.527740 10.790000 0.039000
2791.551320 10.724000 0.035000
2794.510850 10.657000 0.034000
2797.503300 10.701000 0.036000
2804.477570 10.775000 0.033000
2811.492270 10.859000 0.034000
2821.481850 11.013000 0.032000
2826.471070 11.134000 0.033000
2830.471970 11.227000 0.035000
2832.488720 11.270000 0.031000
2834.492180 11.285000 0.032000
2836.494510 11.329000 0.030000
2841.464660 11.460000 0.030000
2843.473100 11.490000 0.042000
2910.893390 13.391000 0.034000
2934.862720 14.483000 0.031000
2958.832320 14.325000 0.026000
2965.827360 13.839000 0.029000
2968.831310 13.916000 0.028000
2975.785590 13.703000 0.027000
2977.821010 13.793000 0.031000
2980.792960 13.317000 0.026000
2986.820460 13.078000 0.029000
2989.815570 12.831000 0.030000
2992.805860 12.498000 0.030000
3005.776810 11.852000 0.028000
3007.800910 11.681000 0.030000
3010.744280 11.538000 0.029000
3013.746380 11.396000 0.028000
3016.804320 11.267000 0.029000
3018.821870 11.181000 0.036000
3023.784890 10.996000 0.028000
3030.714070 10.783000 0.035000
3035.689250 10.615000 0.029000
3042.727870 10.560000 0.033000
3044.758460 10.551000 0.028000
3047.697350 10.556000 0.027000
3050.668460 10.615000 0.027000
3052.811950 10.645000 0.026000
3057.689840 10.734000 0.030000
3059.728870 10.687000 0.029000
3061.783490 10.731000 0.029000
3064.616610 10.742000 0.035000
3067.666050 10.708000 0.031000
3069.680690 10.719000 0.031000
3071.711060 10.770000 0.032000
3073.761780 10.763000 0.028000
3075.762930 10.836000 0.030000
3077.812700 10.838000 0.039000
3086.628060 10.998000 0.027000
3088.633820 11.065000 0.029000
3090.646580 11.172000 0.032000
3092.636890 11.149000 0.029000
3096.617590 11.243000 0.028000
3098.630020 11.221000 0.029000
3100.641550 11.345000 0.029000
3102.645850 11.390000 0.029000
3104.659660 11.427000 0.031000
3106.654030 11.469000 0.029000
3108.659660 11.494000 0.028000
3110.651440 11.560000 0.028000
3112.660100 11.571000 0.026000
3114.716310 11.674000 0.027000
3116.724060 11.749000 0.027000
3121.515800 11.910000 0.029000
3123.542960 12.000000 0.026000
3125.568750 12.088000 0.028000
3127.603020 12.157000 0.028000
3129.649980 12.160000 0.030000
3131.639820 12.279000 0.029000
3133.640800 12.299000 0.028000
3144.650920 12.747000 0.027000
3153.480280 12.907000 0.031000
3154.613560 13.032000 0.028000
3158.545460 13.413000 0.030000
3160.559000 12.981000 0.029000
3163.565060 12.958000 0.027000
3165.569620 13.071000 0.027000
3168.572930 13.033000 0.026000
3171.578780 12.974000 0.038000
3175.567950 13.140000 0.029000
3178.537890 13.074000 0.028000
3182.537240 13.163000 0.029000
3186.504880 13.237000 0.028000
3189.522140 13.146000 0.032000
3276.892610 11.494000 0.042000
3356.810320 10.781000 0.029000
3380.836460 11.347000 0.030000
3386.732840 11.596000 0.036000
3388.799980 11.729000 0.036000
3391.723120 11.825000 0.040000
3394.766840 12.057000 0.032000
3397.699850 12.079000 0.035000
3399.754620 12.177000 0.036000
3413.787110 12.967000 0.037000
3415.812750 13.216000 0.031000
3418.646100 13.257000 0.041000
3420.695860 13.295000 0.032000
3426.723830 13.579000 0.031000
3430.744160 13.784000 0.037000
3443.834060 13.833000 0.036000
3445.781080 14.015000 0.033000
3447.810220 13.901000 0.039000
3456.747590 13.990000 0.037000
3458.747020 14.204000 0.031000
3460.763880 13.858000 0.037000
3465.587400 14.326000 0.030000
3497.609340 14.754000 0.029000
3511.579160 14.383000 0.035000
3523.557710 12.955000 0.030000
3525.584620 12.841000 0.029000
3538.498880 11.743000 0.029000
3543.544540 11.577000 0.043000
3547.530630 11.460000 0.038000
3556.503630 11.309000 0.042000
3560.478390 11.234000 0.031000
3562.481870 11.209000 0.034000
3564.480000 11.188000 0.033000
3570.463950 11.125000 0.030000
3643.891640 11.339000 0.032000
3650.885000 11.571000 0.037000
3655.879220 11.787000 0.039000
3659.870160 11.960000 0.033000
3663.873900 12.229000 0.035000
3671.852400 12.529000 0.034000
3675.843210 12.711000 0.032000
3702.830870 14.061000 0.033000
3713.777990 14.256000 0.041000
3775.730910 14.107000 0.031000
3780.656280 13.657000 0.034000
3783.705710 13.149000 0.036000
3789.762870 12.969000 0.038000
3792.668510 12.607000 0.034000
3794.717770 12.423000 0.034000
3796.829800 12.253000 0.031000
3801.659640 11.962000 0.032000
3813.572610 11.793000 0.034000
3815.619160 11.756000 0.033000
3817.644210 11.718000 0.034000
3819.663340 11.765000 0.040000
3821.730080 11.784000 0.030000
3825.772750 11.760000 0.036000
3830.606310 11.821000 0.040000
3832.622660 11.843000 0.040000
3834.612680 11.911000 0.035000
3836.645720 11.856000 0.038000
3847.557800 11.901000 0.035000
3849.608900 11.830000 0.031000
3851.606740 11.829000 0.031000
3853.617300 11.825000 0.029000
3860.641030 11.645000 0.043000
3862.586940 11.596000 0.033000
3864.612380 11.576000 0.030000
3868.666800 11.409000 0.038000
3870.661030 11.373000 0.035000
3876.612760 11.278000 0.034000
3882.569290 11.191000 0.030000
3886.569710 11.139000 0.038000
3890.567390 11.068000 0.039000
3896.575200 11.102000 0.037000
3899.504040 11.031000 0.035000
3901.535200 11.060000 0.030000
3903.556490 11.119000 0.035000
3907.546840 11.169000 0.032000
4090.772560 11.871000 0.030000
4103.820160 11.738000 0.032000
4106.767570 11.687000 0.031000
4125.722800 11.192000 0.031000
4127.775770 11.120000 0.030000
4130.694620 11.056000 0.030000
4132.748900 11.025000 0.037000
4136.804210 10.919000 0.038000
4139.674170 10.860000 0.033000
4141.724350 10.876000 0.039000
4145.807740 10.770000 0.035000
4149.683920 10.792000 0.031000
4151.730130 10.759000 0.028000
4153.713120 10.745000 0.035000
4157.810680 10.778000 0.032000
4160.618180 10.803000 0.032000
4162.665580 10.817000 0.032000
4164.689530 10.871000 0.042000
4167.646610 10.901000 0.029000
4172.689940 10.942000 0.037000
4174.703030 11.004000 0.033000
4176.783570 11.034000 0.038000
4181.742910 11.072000 0.040000
4183.765870 11.203000 0.045000
4185.800960 11.236000 0.038000
4189.632620 11.409000 0.031000
4191.654200 11.524000 0.036000
4193.686840 11.442000 0.032000
4196.724720 11.605000 0.043000
4202.525720 11.827000 0.033000
4204.640490 11.981000 0.037000
4213.549100 12.356000 0.032000
4216.599560 12.651000 0.039000
4228.578220 12.910000 0.035000
4230.581830 13.174000 0.036000
4232.585290 13.169000 0.039000
4234.587070 13.332000 0.030000
4238.611160 13.639000 0.038000
4247.531080 13.824000 0.030000
4250.537420 13.768000 0.033000
4256.599310 13.843000 0.031000
4259.504480 13.868000 0.039000
4278.497530 14.152000 0.031000
4306.462970 13.762000 0.037000
4364.900760 12.161000 0.041000
4379.886420 11.369000 0.035000
4384.881000 11.283000 0.037000
4408.851310 10.635000 0.039000
4413.864480 10.624000 0.036000
4422.848840 10.717000 0.033000
4427.838800 10.788000 0.034000
4430.837730 10.814000 0.039000
4437.837550 10.961000 0.037000
4440.834270 11.051000 0.039000
4448.780350 11.357000 0.033000
4457.800800 11.710000 0.035000
4460.794890 11.890000 0.037000
4463.783450 11.967000 0.033000
4466.789380 12.117000 0.035000
4469.779570 12.298000 0.037000
4479.757850 12.716000 0.036000
4482.781610 12.900000 0.035000
4485.811000 12.938000 0.033000
4490.774640 13.458000 0.032000
4492.830490 13.344000 0.032000
4498.780720 14.060000 0.036000
4501.688090 13.908000 0.032000
4508.750500 13.857000 0.034000
4519.756470 13.917000 0.033000
4521.791230 14.245000 0.032000
4530.812410 14.084000 0.033000
4542.682940 13.897000 0.034000
4566.712570 14.593000 0.032000
4568.727470 14.193000 0.038000
4589.657380 13.461000 0.035000
4591.670730 13.295000 0.038000
4594.542820 12.791000 0.031000
4596.548040 13.041000 0.035000
4602.591300 12.738000 0.031000
4606.598300 12.365000 0.043000
4608.600900 12.342000 0.044000
4611.551410 12.218000 0.037000
4616.484330 12.014000 0.035000
4618.539230 11.872000 0.033000
4622.535410 11.697000 0.036000
4626.602210 11.617000 0.032000
4631.527940 11.478000 0.033000
4633.577570 11.439000 0.035000
4639.489920 11.388000 0.039000
4641.546140 11.284000 0.033000
4643.548090 11.283000 0.040000
4652.477240 11.186000 0.042000
4654.487470 11.262000 0.039000
4656.495760 11.165000 0.032000
4664.475480 10.950000 0.040000
4669.459520 10.874000 0.039000
4746.879630 12.063000 0.039000
4756.879180 12.592000 0.042000
4761.863020 12.789000 0.035000
4765.851330 12.857000 0.038000
4769.851000 13.142000 0.034000
4773.835480 13.136000 0.033000
4777.846630 13.430000 0.032000
4784.816780 13.642000 0.031000
4792.807630 13.958000 0.035000
4807.829920 13.857000 0.035000
4855.768320 14.415000 0.030000
4867.774370 14.088000 0.038000
4870.697420 13.884000 0.033000
4883.642800 12.708000 0.035000
4907.753670 11.576000 0.042000
4917.693020 11.471000 0.039000
5032.461810 12.971000 0.042000
5131.862240 13.605000 0.042000
1870.804000 14.856000 0.036000
1874.792360 14.648000 0.038000
1949.701890 11.792000 0.047000
1950.681680 11.886000 0.052000
1978.648420 11.693000 0.049000
1979.625220 11.728000 0.049000
1980.628730 11.654000 0.047000
1995.590840 11.132000 0.052000
1996.589370 11.065000 0.054000
1997.590070 11.019000 0.056000
1998.587170 10.949000 0.057000
2016.537780 10.759000 0.059000
2040.611700 11.294000 0.043000
2199.868860 12.592000 0.052000
2201.866630 12.523000 0.055000
2221.853280 12.242000 0.049000
2235.794320 11.914000 0.057000
2237.794090 11.936000 0.050000
2242.775180 11.791000 0.053000
2244.782880 11.694000 0.057000
2248.740940 11.656000 0.049000
2250.762910 11.613000 0.054000
2251.846970 11.661000 0.057000
2253.757460 11.437000 0.052000
2255.760280 11.492000 0.048000
2256.859870 11.539000 0.058000
2258.776410 11.458000 0.056000
2464.465660 12.578000 0.050000
2624.789240 13.198000 0.046000
2789.523720 10.677000 0.049000
2813.492630 10.886000 0.048000
3404.766650 12.480000 0.041000
3409.723980 12.913000 0.047000
3411.790330 12.777000 0.047000
3424.721960 13.205000 0.045000
3521.555170 13.032000 0.039000
3529.593780 12.448000 0.043000
3799.618130 12.128000 0.042000
3803.835890 11.969000 0.044000
3805.770220 11.922000 0.049000
3808.727350 11.847000 0.048000
3810.795160 11.827000 0.044000
3823.753440 11.746000 0.046000
3828.548830 11.835000 0.042000
3856.531400 11.753000 0.047000
3866.624460 11.466000 0.044000
3872.659120 11.388000 0.041000
3905.546000 11.162000 0.037000
4134.786090 10.964000 0.049000
4179.732140 11.051000 0.046000
4198.753840 11.661000 0.047000
4472.837520 12.288000 0.042000
4476.774870 12.581000 0.043000
4646.483250 11.274000 0.050000
4649.481300 11.201000 0.051000
4660.495390 11.082000 0.044000
4886.685680 12.657000 0.046000
4888.782040 12.435000 0.049000
4894.721870 11.994000 0.046000
4902.729100 11.709000 0.051000
4911.640710 11.437000 0.043000
4919.743450 11.469000 0.052000
4926.577630 11.263000 0.045000
4936.622450 11.066000 0.044000
4946.591350 10.934000 0.045000
4948.632140 10.852000 0.045000
4959.581830 10.715000 0.046000
4969.596030 10.750000 0.046000
4972.649790 10.757000 0.043000
5022.496720 12.339000 0.049000
5024.507010 12.732000 0.046000
5037.460850 13.067000 0.044000
5146.858450 12.805000 0.044000
1977.627550 11.813000 0.051000
1876.793950 29.999000 0.032000
1880.783370 29.999000 0.034000
1884.791030 29.999000 0.030000
2095.451180 29.999000 0.046000
2634.820910 29.999000 0.041000
2666.750330 29.999000 0.028000
2678.713230 29.999000 0.039000
2680.713040 29.999000 0.038000
2684.659960 29.999000 0.032000
2689.695110 29.999000 0.040000
2699.681010 29.999000 0.028000
2944.821650 29.999000 0.038000
2955.819160 29.999000 0.026000
2962.810780 29.999000 0.030000
3440.712120 29.999000 0.037000
3450.566990 29.999000 0.034000
3467.762160 29.999000 0.032000
3472.560940 29.999000 0.031000
3480.649500 29.999000 0.049000
3500.613280 29.999000 0.041000
3719.819930 29.999000 0.030000
3751.739490 29.999000 0.034000
3759.715390 29.999000 0.039000
3762.701840 29.999000 0.034000
3765.690520 29.999000 0.048000
3770.807800 29.999000 0.033000
3773.683730 29.999000 0.031000
4254.538760 29.999000 0.033000
4267.484560 29.999000 0.032000
4269.518940 29.999000 0.031000
4274.547110 29.999000 0.032000
4282.499580 29.999000 0.052000
4284.524660 29.999000 0.040000
4286.518620 29.999000 0.038000
4291.463000 29.999000 0.034000
4293.474470 29.999000 0.032000
4295.475510 29.999000 0.031000
4297.478110 29.999000 0.031000
4299.471410 29.999000 0.034000
4301.477770 29.999000 0.036000
4506.676710 29.999000 0.039000
4515.668530 29.999000 0.034000
4517.728970 29.999000 0.034000
4524.625410 29.999000 0.031000
4526.667470 29.999000 0.033000
4528.718090 29.999000 0.039000
4536.693120 29.999000 0.030000
4538.735690 29.999000 0.041000
4540.792340 29.999000 0.038000
4546.714480 29.999000 0.037000
4548.724510 29.999000 0.037000
4551.656870 29.999000 0.032000
4553.690950 29.999000 0.035000
4555.702680 29.999000 0.036000
4557.754570 29.999000 0.036000
4560.579300 29.999000 0.031000
4562.626470 29.999000 0.037000
4571.521060 29.999000 0.031000
4573.563070 29.999000 0.031000
4575.588820 29.999000 0.035000
4579.589940 29.999000 0.036000
4581.706240 29.999000 0.037000
4585.550450 29.999000 0.036000
4587.622740 29.999000 0.039000
4872.766150 29.999000 0.035000
1868.854550 29.999000 0.031000
1872.799500 29.999000 0.032000
1878.783620 29.999000 0.032000
1888.752830 29.999000 0.034000
2647.770500 29.999000 0.036000
2655.729440 29.999000 0.039000
2664.757090 29.999000 0.036000
2670.761340 29.999000 0.039000
2672.750230 29.999000 0.032000
2676.729000 29.999000 0.036000
2693.709950 29.999000 0.042000
2703.674910 29.999000 0.044000
2714.794280 29.999000 0.029000
2927.858880 29.999000 0.032000
2931.859610 29.999000 0.030000
2940.860700 29.999000 0.031000
3452.688840 29.999000 0.032000
3454.738550 29.999000 0.036000
3463.531850 29.999000 0.033000
3470.517170 29.999000 0.029000
3474.602190 29.999000 0.035000
3476.666490 29.999000 0.038000
3478.654410 29.999000 0.034000
3482.656800 29.999000 0.043000
3489.540690 29.999000 0.035000
3495.555440 29.999000 0.033000
3502.625040 29.999000 0.044000
3574.464780 29.999000 0.032000
3706.806840 29.999000 0.037000
3716.815810 29.999000 0.036000
3726.797920 29.999000 0.031000
3730.812070 29.999000 0.038000
3733.823530 29.999000 0.030000
3736.779450 29.999000 0.032000
3739.780450 29.999000 0.041000
3742.778650 29.999000 0.040000
3745.762750 29.999000 0.046000
3748.750350 29.999000 0.040000
3754.721340 29.999000 0.032000
3756.788470 29.999000 0.037000
3768.687400 29.999000 0.032000
4143.728400 29.999000 0.044000
4454.818930 29.999000 0.037000
4503.784800 29.999000 0.036000
4511.649850 29.999000 0.034000
4564.711600 29.999000 0.034000
4796.841880 29.999000 0.030000
4800.794610 29.999000 0.035000
4804.824010 29.999000 0.040000
4812.832300 29.999000 0.034000
4815.813750 29.999000 0.033000
4819.833710 29.999000 0.035000
4822.807850 29.999000 0.034000
4825.809540 29.999000 0.032000
4828.782940 29.999000 0.036000
4831.788360 29.999000 0.033000
4834.778420 29.999000 0.035000
4837.762550 29.999000 0.034000
4843.749720 29.999000 0.031000
4846.777340 29.999000 0.031000
4849.738200 29.999000 0.034000
4852.739520 29.999000 0.037000
4861.781600 29.999000 0.046000
4875.735520 29.999000 0.039000
4877.761730 29.999000 0.034000
5113.879700 29.999000 0.048000
3400.837830 12.318000 0.044000
2212.865490 12.303000 0.041000
2545.894300 10.864000 0.042000
2622.755790 12.985000 0.029000
2728.677710 12.773000 0.042000
2744.763550 11.927000 0.032000
2956.838340 14.170000 0.028000
2976.796960 13.663000 0.039000
3053.779060 10.662000 0.028000
3365.834170 10.930000 0.035000
3382.825130 11.381000 0.033000
3384.734700 11.487000 0.033000
3390.753790 11.769000 0.031000
3393.796740 11.901000 0.039000
4104.759350 11.687000 0.036000
4107.784020 11.687000 0.030000
4111.822820 11.547000 0.036000
4128.728780 11.077000 0.033000
4132.779390 10.966000 0.031000
4134.794780 10.964000 0.032000
4136.812080 10.917000 0.035000
4141.748360 10.759000 0.039000
4143.748900 10.730000 0.040000
4145.842790 10.742000 0.037000
4149.696060 10.742000 0.030000
4151.752450 10.693000 0.037000
4155.752150 10.737000 0.040000
4158.649900 10.727000 0.038000
4160.699160 10.751000 0.035000
4162.702980 10.811000 0.032000
4164.727010 10.822000 0.030000
4167.679140 10.879000 0.035000
4172.730010 10.930000 0.037000
4174.753650 11.027000 0.041000
4176.814320 10.997000 0.041000
4181.782540 11.444000 0.042000
4184.588080 11.241000 0.041000
4191.688880 11.371000 0.033000
4193.702460 11.447000 0.037000
4204.653170 11.907000 0.035000
4207.684230 12.045000 0.038000
4213.557790 12.355000 0.030000
4216.605820 12.443000 0.034000
4228.581420 12.858000 0.040000
4230.585030 13.061000 0.035000
4385.877230 11.219000 0.037000
4408.865890 10.630000 0.039000
4423.841220 10.710000 0.034000
4428.838560 10.791000 0.035000
4432.823010 10.791000 0.037000
4435.847300 10.933000 0.033000
4439.810540 11.170000 0.042000
4443.811090 11.131000 0.036000
4458.785870 11.776000 0.034000
4461.838200 11.976000 0.036000
4464.813820 12.045000 0.037000
4467.802000 12.178000 0.037000
4470.798990 12.352000 0.038000
4474.798900 12.588000 0.033000
4478.739910 12.784000 0.040000
4481.805670 12.683000 0.034000
4485.767060 13.098000 0.036000
4487.805930 13.237000 0.036000
4490.747670 13.255000 0.032000
4492.789790 13.290000 0.031000
4494.802550 13.446000 0.032000
4503.820190 14.064000 0.037000
4506.699100 14.087000 0.037000
4508.772750 13.889000 0.037000
4511.687490 14.028000 0.032000
4517.749060 14.293000 0.033000
4524.646850 14.220000 0.031000
4526.707710 14.390000 0.036000
4528.764880 14.077000 0.036000
4531.647310 14.268000 0.033000
4535.641750 14.378000 0.035000
4537.688640 14.742000 0.032000
4567.632910 14.243000 0.035000
4569.634670 14.018000 0.033000
4571.625550 13.856000 0.033000
4573.651460 14.230000 0.037000
4579.669500 13.688000 0.032000
4585.724890 13.472000 0.034000
4587.732670 13.347000 0.044000
4590.504140 13.732000 0.036000
4592.565010 13.361000 0.035000
4594.606940 13.000000 0.032000
4596.612970 12.825000 0.033000
4602.616840 12.878000 0.042000
4608.622680 12.281000 0.040000
4611.562070 12.215000 0.032000
4639.493070 11.285000 0.041000
4641.549360 11.270000 0.033000
4653.491980 11.169000 0.035000
4655.490650 11.248000 0.043000
4659.491290 11.115000 0.035000
4669.502430 10.783000 0.039000
4677.462530 10.592000 0.035000
4759.874380 12.694000 0.035000
4765.871440 12.982000 0.035000
4770.852190 13.157000 0.038000
4774.854970 13.216000 0.038000
4778.838070 13.406000 0.032000
4786.855500 14.058000 0.033000
4798.828120 14.064000 0.031000
4806.796990 14.351000 0.033000
4861.735110 13.892000 0.036000
4867.779230 13.690000 0.039000
4870.710390 13.693000 0.033000
4872.770940 13.440000 0.036000
4877.766710 13.181000 0.033000
4883.670540 12.720000 0.043000
4889.645610 12.418000 0.037000
4905.769570 11.960000 0.037000
4921.591790 11.379000 0.039000
4936.575950 11.061000 0.039000
4966.595210 10.696000 0.042000
4968.647290 10.710000 0.038000
3356.840460 10.841000 0.045000
3665.873520 12.233000 0.043000
4090.790210 13.179000 0.044000
4139.707070 10.812000 0.040000
4179.753070 11.040000 0.047000
4196.753000 11.512000 0.046000
4198.791380 11.566000 0.045000
4391.875860 11.040000 0.045000
4454.838800 11.546000 0.045000
4547.738280 14.025000 0.044000
4645.557440 11.274000 0.043000
4647.569410 11.251000 0.045000
4650.527070 11.342000 0.048000
4662.497250 11.045000 0.043000
4848.766690 14.318000 0.044000
4875.741430 12.979000 0.042000
4891.713100 12.192000 0.044000
4899.721280 11.835000 0.055000
4903.725580 11.639000 0.052000
4908.618140 11.592000 0.045000
4916.676730 11.460000 0.051000
4918.788530 11.485000 0.044000
4926.597170 11.231000 0.046000
4938.627010 11.057000 0.046000
4948.537740 10.846000 0.046000
4952.679850 10.836000 0.045000
4954.632530 10.794000 0.041000
4959.549370 10.717000 0.044000
4961.599720 10.681000 0.042000
4986.563410 11.136000 0.046000
5024.510010 12.591000 0.047000
5037.463960 12.912000 0.046000
5039.483300 13.295000 0.042000
5131.872000 13.757000 0.051000
5146.860290 13.188000 0.045000
5159.852040 12.567000 0.045000
5164.819380 12.476000 0.051000
5168.825920 12.252000 0.045000
2685.708570 29.999000 0.034000
2695.707660 29.999000 0.033000
4515.692820 29.999000 0.033000
4519.774650 29.999000 0.034000
4539.686740 29.999000 0.039000
4541.682180 29.999000 0.032000
4543.684040 29.999000 0.035000
4550.620630 29.999000 0.041000
4552.707120 29.999000 0.032000
4554.736940 29.999000 0.036000
4558.811430 29.999000 0.040000
4561.587330 29.999000 0.035000
4563.606980 29.999000 0.036000
4565.621390 29.999000 0.035000
4672.478470 29.999000 0.042000
4794.812660 29.999000 0.039000
4802.800920 29.999000 0.036000
4810.802920 29.999000 0.031000
4814.788270 29.999000 0.036000
4818.830240 29.999000 0.032000
4821.826370 29.999000 0.033000
4824.818680 29.999000 0.033000
4827.820000 29.999000 0.033000
4830.839560 29.999000 0.038000
4833.816840 29.999000 0.036000
4836.794470 29.999000 0.038000
4839.784380 29.999000 0.032000
4842.773950 29.999000 0.039000
4845.831700 29.999000 0.033000
4851.754030 29.999000 0.046000
4857.737360 29.999000 0.032000
