1953.882660 12.011000 0.050000
2443.652350 11.929000 0.041000
2445.647310 11.948000 0.037000
2470.550490 13.027000 0.048000
2473.568490 13.484000 0.045000
2684.887400 11.884000 0.032000
2700.878480 12.365000 0.032000
2704.860100 12.579000 0.026000
2707.867680 12.594000 0.040000
2710.856960 13.041000 0.031000
2713.844680 13.120000 0.028000
2717.868940 13.629000 0.030000
2727.858580 14.404000 0.034000
2729.845680 14.187000 0.030000
2868.574770 14.045000 0.033000
2875.607970 13.698000 0.034000
2877.598660 13.612000 0.032000
2879.599300 13.608000 0.031000
2884.585380 13.583000 0.033000
2892.546240 13.537000 0.043000
2894.542830 13.466000 0.039000
2896.566120 13.461000 0.030000
2898.556680 13.339000 0.036000
2900.548670 13.126000 0.040000
2904.538260 13.012000 0.049000
2906.536590 13.100000 0.043000
2909.535370 13.056000 0.041000
2911.516740 12.875000 0.036000
2915.517040 12.676000 0.038000
2923.501740 12.475000 0.036000
2926.509640 12.418000 0.047000
2929.499500 12.544000 0.036000
2933.496240 12.606000 0.032000
3111.814950 13.497000 0.031000
3116.871170 12.559000 0.030000
3122.802040 11.842000 0.040000
3124.856140 11.715000 0.034000
3144.861070 11.677000 0.034000
3153.747380 12.098000 0.031000
3160.735590 12.207000 0.039000
3163.744120 12.361000 0.030000
3165.767510 12.482000 0.034000
3168.783140 12.439000 0.031000
3171.729430 12.426000 0.032000
3175.725050 12.620000 0.031000
3180.735240 12.827000 0.040000
3183.724210 12.966000 0.038000
3185.683870 12.908000 0.030000
3190.714990 13.696000 0.058000
3427.873290 13.032000 0.043000
3452.876420 14.715000 0.050000
3590.545390 13.058000 0.051000
3592.553650 12.867000 0.063000
3608.518820 12.358000 0.049000
3630.532040 11.796000 0.039000
3632.536790 11.858000 0.063000
3639.519100 11.976000 0.050000
3656.505370 12.392000 0.051000
4346.500560 11.814000 0.051000
4377.496160 12.598000 0.040000
1981.831400 12.754000 0.060000
1949.888870 11.964000 0.076000
1962.872700 12.206000 0.054000
2452.627670 12.247000 0.051000
2688.887650 11.924000 0.039000
3114.805720 12.873000 0.049000
3131.767240 11.442000 0.050000
3141.838090 11.579000 0.048000
3156.706650 12.136000 0.053000
3583.619320 14.131000 0.076000
3621.568680 11.785000 0.082000
3635.516380 11.928000 0.071000
3652.503920 12.363000 0.069000
4350.532680 11.923000 0.069000
2508.625900 29.999000 0.060000
2521.562440 29.999000 0.040000
2524.555630 29.999000 0.048000
2535.523860 29.999000 0.046000
2546.529850 29.999000 0.038000
2548.521100 29.999000 0.033000
2720.839540 29.999000 0.029000
2738.827340 29.999000 0.032000
2740.838080 29.999000 0.036000
2755.775580 29.999000 0.041000
2757.788500 29.999000 0.032000
2759.833190 29.999000 0.031000
2761.786390 29.999000 0.036000
2775.779030 29.999000 0.035000
2791.674160 29.999000 0.030000
2811.680840 29.999000 0.031000
2812.825530 29.999000 0.034000
2816.812750 29.999000 0.045000
2820.597090 29.999000 0.030000
2830.600600 29.999000 0.032000
2832.632500 29.999000 0.034000
2838.613740 29.999000 0.033000
2854.545800 29.999000 0.031000
2860.557640 29.999000 0.031000
2872.574430 29.999000 0.035000
3091.848600 29.999000 0.045000
3099.846920 29.999000 0.048000
3279.500800 29.999000 0.052000
2510.608840 29.999000 0.042000
2520.553030 29.999000 0.039000
2539.529590 29.999000 0.073000
2725.857610 29.999000 0.037000
2736.823630 29.999000 0.031000
2742.811130 29.999000 0.032000
2744.808450 29.999000 0.053000
2750.854780 29.999000 0.034000
2752.795850 29.999000 0.028000
2768.825460 29.999000 0.038000
2770.787940 29.999000 0.041000
2784.726960 29.999000 0.033000
2786.689950 29.999000 0.037000
2787.852290 29.999000 0.036000
2805.822080 29.999000 0.039000
2809.731560 29.999000 0.034000
2826.651430 29.999000 0.044000
2833.743350 29.999000 0.036000
2835.624080 29.999000 0.032000
2840.675770 29.999000 0.042000
2845.667850 29.999000 0.032000
2851.612330 29.999000 0.032000
2862.545940 29.999000 0.032000
2866.546500 29.999000 0.032000
3063.897000 29.999000 0.042000
3068.898640 29.999000 0.059000
3072.890150 29.999000 0.036000
3076.882340 29.999000 0.040000
3079.895850 29.999000 0.044000
3096.895530 29.999000 0.032000
3102.862710 29.999000 0.043000
3105.883590 29.999000 0.035000
3108.828560 29.999000 0.065000
3273.567110 29.999000 0.056000
3282.538630 29.999000 0.057000
3294.506170 29.999000 0.044000
4745.501250 29.999000 0.057000
3424.895720 12.580000 0.035000
3432.887560 13.150000 0.036000
3444.870240 14.148000 0.041000
3578.688360 14.475000 0.057000
3590.680960 13.011000 0.054000
3593.512510 12.988000 0.034000
3597.548300 12.411000 0.058000
3602.618950 12.214000 0.039000
3609.502080 12.067000 0.055000
3617.535100 11.841000 0.041000
3619.586540 11.766000 0.033000
3626.564170 11.761000 0.037000
3630.545060 11.833000 0.054000
3632.551350 11.750000 0.046000
3639.535050 11.990000 0.047000
3647.511250 12.088000 0.033000
3650.495220 12.229000 0.048000
3822.883650 13.691000 0.043000
3825.865240 13.793000 0.043000
3828.863520 13.540000 0.049000
3831.902440 13.091000 0.049000
3834.837300 12.847000 0.035000
3837.824690 12.486000 0.041000
3851.798030 11.815000 0.059000
3853.855780 11.806000 0.053000
3856.785280 11.780000 0.059000
3859.767960 11.787000 0.042000
3863.787350 11.839000 0.055000
3867.776980 11.861000 0.046000
3869.762790 11.938000 0.050000
3877.731830 12.001000 0.039000
3880.765120 12.019000 0.032000
3883.717370 12.221000 0.054000
3887.725200 12.232000 0.048000
3891.718870 12.366000 0.040000
3893.712770 12.486000 0.038000
3896.711910 12.639000 0.046000
3902.800030 12.981000 0.046000
3907.647550 13.204000 0.051000
4156.894750 13.389000 0.056000
4160.894120 13.890000 0.041000
4168.895340 14.300000 0.041000
4305.614010 14.524000 0.044000
4311.700040 13.677000 0.045000
4315.535100 13.211000 0.044000
4317.591360 12.871000 0.043000
4330.523840 11.859000 0.056000
4332.539130 11.884000 0.058000
4334.554780 11.869000 0.038000
4340.616460 11.693000 0.056000
4344.599620 11.798000 0.060000
4346.601320 11.842000 0.056000
4353.506740 11.836000 0.039000
4356.501550 11.914000 0.040000
4358.506810 12.012000 0.036000
4360.497290 11.978000 0.048000
4362.556940 12.061000 0.041000
4364.557490 12.124000 0.039000
4368.543140 12.256000 0.049000
4371.512920 12.315000 0.054000
4375.507050 12.594000 0.038000
4377.515510 12.556000 0.058000
4380.505750 12.674000 0.048000
4383.498450 12.737000 0.055000
4386.493350 12.976000 0.048000
4389.492750 13.022000 0.044000
4542.871290 14.078000 0.035000
4546.861880 13.966000 0.040000
4550.863220 13.329000 0.043000
4559.865380 11.885000 0.038000
4562.859350 11.592000 0.036000
4565.853970 11.347000 0.042000
4568.843810 11.142000 0.040000
4571.815650 11.020000 0.037000
4573.850870 10.968000 0.038000
4575.834310 10.944000 0.039000
4578.840180 10.866000 0.037000
4583.812800 10.836000 0.040000
4589.790300 10.806000 0.051000
4592.786690 10.860000 0.044000
4595.767550 10.823000 0.042000
4597.793890 10.840000 0.039000
4602.755980 10.979000 0.052000
4609.735950 11.182000 0.047000
4611.758860 11.264000 0.039000
4616.747870 11.386000 0.052000
4622.724950 11.724000 0.054000
4627.699130 11.924000 0.038000
4629.687270 12.100000 0.038000
4631.700710 12.201000 0.046000
4633.672440 12.331000 0.041000
4640.780640 12.866000 0.040000
4642.762250 13.092000 0.038000
4644.785390 13.205000 0.041000
4647.617780 13.649000 0.047000
4649.666740 13.633000 0.045000
4651.674460 13.439000 0.042000
4653.675090 13.793000 0.035000
2179.502580 11.501000 0.074000
3583.655830 14.278000 0.083000
3586.557130 13.381000 0.068000
3588.598250 13.291000 0.050000
3622.501060 11.869000 0.083000
3635.533520 11.957000 0.066000
3652.518310 12.215000 0.071000
3658.497450 12.434000 0.079000
3848.838720 11.924000 0.046000
3861.799610 11.830000 0.075000
3865.783050 11.868000 0.064000
3874.864770 12.136000 0.080000
3898.746520 12.715000 0.080000
3900.814650 12.714000 0.083000
3904.821200 12.969000 0.077000
3909.762790 13.269000 0.070000
3913.738300 13.608000 0.072000
4164.895860 14.132000 0.074000
4309.658920 14.032000 0.065000
4338.559150 11.779000 0.059000
4348.604500 11.803000 0.062000
4350.607550 11.936000 0.061000
4606.761840 11.055000 0.069000
4655.634160 14.060000 0.070000
5057.556940 13.931000 0.058000
5063.564580 13.585000 0.051000
3447.896860 29.999000 0.051000
3455.849790 29.999000 0.038000
3458.859620 29.999000 0.043000
3462.850000 29.999000 0.039000
3465.858740 29.999000 0.077000
3468.850120 29.999000 0.034000
3471.850960 29.999000 0.036000
3474.834780 29.999000 0.049000
3477.825860 29.999000 0.047000
3489.845920 29.999000 0.078000
3501.828540 29.999000 0.049000
3504.746420 29.999000 0.060000
3508.844160 29.999000 0.035000
3511.727270 29.999000 0.032000
3515.756010 29.999000 0.038000
3517.756150 29.999000 0.072000
3521.722360 29.999000 0.037000
3523.726400 29.999000 0.078000
3525.761310 29.999000 0.059000
3530.681050 29.999000 0.071000
3537.774350 29.999000 0.062000
3541.775890 29.999000 0.058000
3544.636120 29.999000 0.057000
3547.713940 29.999000 0.052000
3551.703780 29.999000 0.083000
3554.684380 29.999000 0.041000
3556.766830 29.999000 0.043000
3560.566020 29.999000 0.056000
3562.633020 29.999000 0.057000
3564.629450 29.999000 0.040000
3569.661150 29.999000 0.045000
3571.686470 29.999000 0.036000
3574.693950 29.999000 0.035000
3576.703760 29.999000 0.053000
3790.891100 29.999000 0.044000
3794.894780 29.999000 0.039000
3798.884010 29.999000 0.045000
3804.876160 29.999000 0.045000
3808.875670 29.999000 0.045000
3812.877010 29.999000 0.037000
3816.881510 29.999000 0.039000
3819.900670 29.999000 0.045000
4180.863690 29.999000 0.042000
4184.867520 29.999000 0.053000
4191.864890 29.999000 0.039000
4194.833770 29.999000 0.044000
4202.844560 29.999000 0.040000
4205.815240 29.999000 0.037000
4213.848950 29.999000 0.058000
4216.840830 29.999000 0.044000
4228.801930 29.999000 0.047000
4230.803170 29.999000 0.055000
4232.803610 29.999000 0.037000
4234.844360 29.999000 0.058000
4247.708080 29.999000 0.043000
4254.676830 29.999000 0.044000
4256.732690 29.999000 0.044000
4258.798880 29.999000 0.045000
4269.750760 29.999000 0.056000
4274.770130 29.999000 0.039000
4277.661280 29.999000 0.042000
4281.694880 29.999000 0.079000
4283.693520 29.999000 0.062000
4285.670540 29.999000 0.057000
4289.667380 29.999000 0.051000
4291.668550 29.999000 0.053000
4293.656710 29.999000 0.043000
4295.673410 29.999000 0.048000
4297.663820 29.999000 0.045000
4299.638260 29.999000 0.069000
4301.614140 29.999000 0.060000
4303.618060 29.999000 0.038000
4307.613310 29.999000 0.044000
4521.891930 29.999000 0.038000
4526.887100 29.999000 0.040000
4530.886220 29.999000 0.042000
4538.871080 29.999000 0.041000
4657.673300 29.999000 0.039000
4660.620850 29.999000 0.046000
4662.673790 29.999000 0.066000
4664.670750 29.999000 0.042000
4666.671120 29.999000 0.050000
4670.634860 29.999000 0.039000
4672.656710 29.999000 0.057000
4675.688670 29.999000 0.043000
4678.686350 29.999000 0.046000
4681.608720 29.999000 0.039000
4683.609150 29.999000 0.041000
4685.585980 29.999000 0.048000
4687.576990 29.999000 0.036000
4691.601660 29.999000 0.037000
4694.654690 29.999000 0.045000
4698.622440 29.999000 0.042000
4700.620600 29.999000 0.041000
4702.625670 29.999000 0.040000
4704.618190 29.999000 0.053000
4707.595130 29.999000 0.040000
4716.530420 29.999000 0.050000
4721.534880 29.999000 0.050000
4725.518180 29.999000 0.075000
4730.539630 29.999000 0.058000
4738.533000 29.999000 0.038000
4741.522380 29.999000 0.038000
4744.500770 29.999000 0.055000
4748.511090 29.999000 0.039000
4906.877970 29.999000 0.040000
4917.876600 29.999000 0.040000
4926.894800 29.999000 0.057000
4939.815450 29.999000 0.043000
4946.814490 29.999000 0.044000
4949.795040 29.999000 0.047000
4952.778080 29.999000 0.052000
4954.811680 29.999000 0.045000
4962.761860 29.999000 0.042000
4967.814540 29.999000 0.042000
4969.878650 29.999000 0.070000
4993.791350 29.999000 0.049000
5006.758740 29.999000 0.057000
5012.704870 29.999000 0.064000
5014.651320 29.999000 0.055000
5021.739820 29.999000 0.050000
5023.747950 29.999000 0.046000
5031.610140 29.999000 0.042000
5039.586300 29.999000 0.045000
5041.583440 29.999000 0.049000
5047.674290 29.999000 0.044000
