2463.546070 15.239000 0.036000
2724.780960 12.670000 0.034000
2726.777670 12.663000 0.032000
2744.824820 11.874000 0.030000
2454.567110 29.999000 0.045000
2685.850190 29.999000 0.039000
2703.830330 29.999000 0.036000
3392.863460 29.999000 0.035000
2026.677660 11.157000 0.030000
2027.671880 11.109000 0.031000
2030.659480 11.066000 0.033000
2031.679850 11.112000 0.031000
2032.670250 11.060000 0.033000
2033.648750 11.096000 0.031000
2051.656030 11.434000 0.037000
2053.562710 11.459000 0.032000
2054.627310 11.503000 0.039000
2055.606780 11.500000 0.039000
2056.612790 11.526000 0.031000
2057.612430 11.583000 0.033000
2058.603160 11.575000 0.038000
2062.579700 11.693000 0.033000
2065.760510 11.870000 0.038000
2067.603100 12.515000 0.034000
2068.597430 12.015000 0.035000
2069.584240 12.016000 0.036000
2070.574670 12.026000 0.033000
2081.545570 12.660000 0.031000
2083.548150 12.853000 0.036000
2085.546450 12.937000 0.034000
2086.557350 12.984000 0.035000
2087.555830 13.147000 0.029000
2088.540760 13.165000 0.033000
2093.547450 13.551000 0.032000
2094.551850 13.508000 0.033000
2096.527540 13.699000 0.034000
2102.498160 14.189000 0.036000
2106.499240 14.136000 0.034000
2115.480330 14.750000 0.035000
2490.506650 12.690000 0.042000
2503.473690 12.031000 0.040000
2508.500440 11.924000 0.035000
2520.510190 11.991000 0.034000
2521.527060 11.907000 0.030000
2707.792170 14.196000 0.032000
2709.777900 14.018000 0.028000
2711.780020 14.004000 0.034000
2713.762900 13.877000 0.038000
2715.762700 13.516000 0.031000
2723.763550 12.913000 0.036000
2725.745730 12.699000 0.037000
2727.758730 12.514000 0.031000
2731.863860 12.225000 0.037000
2736.725200 12.062000 0.032000
2738.730050 11.889000 0.045000
2740.748920 11.867000 0.032000
2742.683660 11.874000 0.036000
2743.854900 11.797000 0.030000
2749.809000 11.726000 0.032000
2751.673770 11.628000 0.029000
2755.695180 11.632000 0.029000
2759.723170 11.664000 0.031000
2761.646650 11.680000 0.036000
2764.700390 11.714000 0.035000
2766.830310 11.820000 0.033000
2770.680670 11.816000 0.033000
2782.665400 12.159000 0.036000
2783.831190 12.227000 0.029000
2787.665410 12.343000 0.031000
2790.693650 12.661000 0.036000
2791.805820 12.631000 0.032000
2810.578950 13.695000 0.031000
2811.727270 13.726000 0.029000
2813.654720 13.880000 0.042000
2832.640200 14.737000 0.034000
3008.853160 11.763000 0.035000
3012.857170 12.012000 0.033000
3019.819380 12.224000 0.040000
3031.846630 12.841000 0.029000
3035.843280 13.073000 0.030000
3041.870040 13.592000 0.033000
3051.887510 13.931000 0.029000
3055.817940 14.347000 0.031000
3182.560900 14.078000 0.029000
3186.565370 12.874000 0.030000
3189.601030 12.543000 0.029000
3191.729190 12.163000 0.046000
3425.809140 12.774000 0.043000
3436.816280 12.168000 0.035000
3443.797550 11.954000 0.043000
3453.719440 11.691000 0.035000
3455.732790 11.592000 0.032000
3460.803500 11.563000 0.033000
3463.735440 11.544000 0.044000
3465.789060 11.516000 0.041000
3468.764350 11.507000 0.034000
3470.854080 11.509000 0.035000
3473.706780 11.551000 0.033000
3479.775180 11.772000 0.036000
3481.740160 11.741000 0.043000
3483.711690 11.890000 0.032000
3490.713630 12.205000 0.044000
3496.711380 12.484000 0.034000
3508.683870 13.277000 0.033000
3508.790030 13.182000 0.033000
3508.792520 13.278000 0.032000
3509.460690 13.310000 0.034000
3511.610990 13.455000 0.031000
3515.678330 13.860000 0.036000
3517.661980 13.705000 0.038000
3521.630260 14.189000 0.042000
3739.862210 12.800000 0.038000
3748.852880 12.999000 0.041000
3752.849090 13.496000 0.039000
3756.847570 13.583000 0.035000
3761.841610 14.198000 0.033000
3875.770270 13.981000 0.039000
3877.821300 14.040000 0.035000
3881.571130 13.842000 0.038000
3887.641320 13.379000 0.037000
3889.642990 13.081000 0.038000
3891.619360 12.947000 0.034000
3893.612780 12.747000 0.036000
3901.671730 11.786000 0.038000
3903.672530 11.626000 0.041000
3907.675270 11.419000 0.034000
4125.867850 12.747000 0.039000
4129.854620 12.327000 0.044000
4133.834540 11.921000 0.043000
4137.824380 11.716000 0.035000
4152.849520 11.409000 0.034000
4158.833030 11.454000 0.032000
4161.813800 11.440000 0.037000
4164.813170 11.595000 0.033000
4174.748810 11.775000 0.040000
4176.843520 11.842000 0.045000
4179.833360 11.871000 0.042000
4182.779060 11.980000 0.042000
4185.754170 11.960000 0.036000
4188.894850 12.091000 0.037000
4191.715850 12.073000 0.035000
4193.758610 12.292000 0.039000
4202.723610 12.639000 0.042000
4204.769110 12.617000 0.038000
4207.801730 12.873000 0.045000
4216.697420 13.232000 0.041000
4230.770660 14.277000 0.036000
4232.769000 14.096000 0.033000
4362.492030 13.043000 0.034000
4367.497410 12.866000 0.040000
4375.480900 12.233000 0.035000
4583.873340 13.528000 0.034000
4589.698120 12.840000 0.042000
4591.710070 12.493000 0.040000
4593.748960 12.111000 0.035000
4595.813160 11.809000 0.036000
4597.703600 11.649000 0.037000
4601.730680 11.327000 0.035000
4607.664380 11.012000 0.039000
4609.804950 11.010000 0.036000
4611.788690 10.947000 0.034000
4615.828290 10.867000 0.039000
4617.690530 10.876000 0.039000
4623.643820 10.843000 0.036000
4627.604420 10.810000 0.034000
4629.591430 10.856000 0.035000
4638.763680 11.024000 0.040000
4640.736370 11.063000 0.041000
4642.723200 11.102000 0.040000
4644.743900 11.205000 0.043000
4647.504850 11.207000 0.039000
4649.570460 11.281000 0.043000
4651.612460 11.310000 0.042000
4653.635800 11.420000 0.034000
4655.576720 11.541000 0.038000
4662.511890 11.825000 0.034000
4664.541720 12.023000 0.036000
4666.592930 12.101000 0.037000
4670.555150 12.248000 0.042000
4672.581360 12.522000 0.039000
4837.856180 13.129000 0.042000
4846.855350 12.270000 0.032000
4862.844520 11.820000 0.041000
4866.864770 11.853000 0.037000
4870.824470 11.897000 0.039000
4875.857600 11.976000 0.038000
4881.815740 12.185000 0.038000
4884.848190 12.239000 0.045000
4894.851730 12.788000 0.042000
4917.793930 13.599000 0.044000
3219.480640 11.550000 0.035000
2016.697770 12.090000 0.050000
2018.691560 11.755000 0.055000
2040.647120 11.220000 0.047000
2079.554850 12.583000 0.049000
2493.518390 12.426000 0.051000
2497.536090 12.251000 0.048000
2509.551860 11.891000 0.053000
2808.658650 13.524000 0.048000
3419.837340 13.461000 0.049000
3422.842900 13.003000 0.052000
3445.843530 11.888000 0.044000
3477.830920 11.647000 0.047000
3492.718740 12.375000 0.045000
3499.713310 12.556000 0.043000
3501.759900 12.699000 0.049000
3504.630990 13.153000 0.056000
3744.864140 12.934000 0.045000
3765.839610 14.031000 0.047000
3872.680090 14.368000 0.050000
3883.641450 13.849000 0.047000
3899.632020 11.998000 0.047000
3905.669870 11.636000 0.051000
4144.814710 11.478000 0.042000
4155.843740 11.385000 0.054000
4198.782670 12.465000 0.049000
4681.535800 13.174000 0.055000
4857.862680 11.878000 0.050000
4887.838290 12.422000 0.049000
4898.872820 13.073000 0.053000
4902.828130 13.138000 0.052000
4907.839270 13.267000 0.052000
5080.507100 12.019000 0.054000
5087.496480 11.764000 0.048000
5090.492340 11.683000 0.048000
1914.857070 29.999000 0.031000
1930.801680 29.999000 0.033000
1935.792720 29.999000 0.032000
1946.796860 29.999000 0.036000
1948.827930 29.999000 0.035000
1950.796810 29.999000 0.056000
1958.812430 29.999000 0.040000
1961.823300 29.999000 0.042000
1963.775260 29.999000 0.039000
1967.889340 29.999000 0.040000
1979.760040 29.999000 0.048000
1980.744900 29.999000 0.057000
1983.892190 29.999000 0.044000
1998.747640 29.999000 0.049000
2014.703450 29.999000 0.049000
2135.526060 29.999000 0.036000
2141.467000 29.999000 0.032000
2440.576910 29.999000 0.033000
2443.562800 29.999000 0.034000
2452.538650 29.999000 0.043000
2456.537440 29.999000 0.034000
2459.532780 29.999000 0.040000
2464.532480 29.999000 0.037000
2466.514750 29.999000 0.034000
2468.504590 29.999000 0.035000
2481.479030 29.999000 0.039000
2635.858960 29.999000 0.034000
2642.869580 29.999000 0.039000
2653.857480 29.999000 0.032000
2674.837660 29.999000 0.043000
2677.810600 29.999000 0.040000
2679.840400 29.999000 0.053000
2697.827470 29.999000 0.050000
2699.840190 29.999000 0.028000
2703.802710 29.999000 0.032000
2705.786840 29.999000 0.045000
2821.526240 29.999000 0.034000
2831.525040 29.999000 0.032000
2834.558460 29.999000 0.033000
2835.655830 29.999000 0.038000
2838.633010 29.999000 0.035000
2840.687630 29.999000 0.031000
2854.515690 29.999000 0.032000
2858.544430 29.999000 0.038000
2876.504740 29.999000 0.035000
2892.545670 29.999000 0.032000
2905.505190 29.999000 0.028000
3062.799320 29.999000 0.033000
3069.807100 29.999000 0.030000
3080.784020 29.999000 0.045000
3090.755820 29.999000 0.030000
3096.827640 29.999000 0.028000
3098.800450 29.999000 0.030000
3101.637030 29.999000 0.050000
3106.780330 29.999000 0.037000
3111.698790 29.999000 0.031000
3115.774530 29.999000 0.030000
3122.691760 29.999000 0.029000
3124.730430 29.999000 0.029000
3164.656630 29.999000 0.029000
3169.548720 29.999000 0.030000
3385.862840 29.999000 0.040000
3397.848780 29.999000 0.035000
3406.825990 29.999000 0.045000
3409.865480 29.999000 0.039000
3547.723120 29.999000 0.035000
3554.688570 29.999000 0.035000
3562.550590 29.999000 0.048000
3571.670510 29.999000 0.037000
3574.675750 29.999000 0.036000
3591.511500 29.999000 0.038000
3769.856290 29.999000 0.047000
3773.849260 29.999000 0.040000
3779.816190 29.999000 0.043000
3783.854530 29.999000 0.038000
3789.805050 29.999000 0.031000
3792.834140 29.999000 0.039000
3798.814710 29.999000 0.049000
3804.844760 29.999000 0.046000
3810.786190 29.999000 0.034000
3815.830890 29.999000 0.041000
3818.769420 29.999000 0.044000
3821.756050 29.999000 0.045000
3823.838710 29.999000 0.048000
3826.740560 29.999000 0.036000
3831.728730 29.999000 0.044000
3833.766130 29.999000 0.043000
3835.762900 29.999000 0.044000
3847.915110 29.999000 0.036000
3849.812650 29.999000 0.038000
3856.752010 29.999000 0.043000
3861.647460 29.999000 0.036000
3866.527310 29.999000 0.037000
4106.863580 29.999000 0.042000
4486.874230 29.999000 0.043000
4525.883920 29.999000 0.040000
4555.745920 29.999000 0.040000
4914.820660 29.999000 0.052000
4920.750480 29.999000 0.047000
4926.786450 29.999000 0.039000
4929.805950 29.999000 0.047000
4935.766380 29.999000 0.053000
4937.817300 29.999000 0.044000
4940.687340 29.999000 0.047000
4945.775890 29.999000 0.050000
4948.669750 29.999000 0.044000
4950.797870 29.999000 0.047000
1902.861400 29.999000 0.037000
1907.867090 29.999000 0.038000
1918.845460 29.999000 0.035000
1920.848600 29.999000 0.034000
1922.841920 29.999000 0.035000
1924.830880 29.999000 0.032000
1925.874750 29.999000 0.033000
1932.831790 29.999000 0.034000
1937.869020 29.999000 0.034000
1940.814060 29.999000 0.033000
1964.837160 29.999000 0.037000
1966.765220 29.999000 0.041000
1976.848020 29.999000 0.043000
1978.750670 29.999000 0.045000
1984.792280 29.999000 0.046000
1985.774110 29.999000 0.045000
1997.745590 29.999000 0.044000
2000.736990 29.999000 0.047000
2104.510610 29.999000 0.042000
2124.559980 29.999000 0.040000
2129.464280 29.999000 0.033000
2133.511130 29.999000 0.032000
2143.524890 29.999000 0.032000
2158.487520 29.999000 0.037000
2441.580250 29.999000 0.036000
2442.563120 29.999000 0.034000
2469.522170 29.999000 0.048000
2658.833180 29.999000 0.034000
2661.831380 29.999000 0.030000
2663.842060 29.999000 0.037000
2668.831270 29.999000 0.041000
2671.849030 29.999000 0.053000
2684.859320 29.999000 0.029000
2686.858240 29.999000 0.032000
2688.857490 29.999000 0.035000
2690.823330 29.999000 0.033000
2694.897860 29.999000 0.038000
2701.802210 29.999000 0.036000
2826.536790 29.999000 0.031000
2845.677710 29.999000 0.034000
2851.612320 29.999000 0.030000
2859.618180 29.999000 0.032000
2861.604500 29.999000 0.035000
2866.546130 29.999000 0.029000
2868.574360 29.999000 0.031000
2872.576460 29.999000 0.028000
2878.505770 29.999000 0.037000
2886.485790 29.999000 0.029000
2895.495590 29.999000 0.029000
3072.807290 29.999000 0.032000
3077.851020 29.999000 0.036000
3085.825830 29.999000 0.031000
3087.828730 29.999000 0.030000
3092.824100 29.999000 0.042000
3104.779540 29.999000 0.032000
3108.781910 29.999000 0.030000
3113.761810 29.999000 0.029000
3118.843620 29.999000 0.030000
3126.691620 29.999000 0.030000
3128.679220 29.999000 0.032000
3131.711740 29.999000 0.034000
3133.713510 29.999000 0.029000
3144.726860 29.999000 0.029000
3153.649540 29.999000 0.030000
3159.629550 29.999000 0.037000
3162.640970 29.999000 0.030000
3166.771640 29.999000 0.028000
3172.688410 29.999000 0.041000
3176.536800 29.999000 0.032000
3178.681010 29.999000 0.036000
3277.495790 29.999000 0.031000
3389.866730 29.999000 0.042000
3413.817320 29.999000 0.054000
3475.783510 29.999000 0.045000
3508.805610 29.999000 0.036000
3523.634290 29.999000 0.040000
3529.653790 29.999000 0.056000
3537.752880 29.999000 0.039000
3542.580560 29.999000 0.041000
3558.567650 29.999000 0.042000
3560.572760 29.999000 0.054000
3564.551380 29.999000 0.035000
3569.629010 29.999000 0.034000
3577.563460 29.999000 0.031000
3583.619790 29.999000 0.035000
3586.528270 29.999000 0.047000
3588.565820 29.999000 0.046000
3597.506330 29.999000 0.035000
3601.509190 29.999000 0.033000
3603.532220 29.999000 0.032000
3606.543510 29.999000 0.044000
3617.518220 29.999000 0.037000
3628.509490 29.999000 0.037000
3631.495500 29.999000 0.035000
3634.486880 29.999000 0.035000
3641.487700 29.999000 0.034000
3795.824990 29.999000 0.036000
3802.779730 29.999000 0.048000
3807.876830 29.999000 0.033000
3828.835050 29.999000 0.045000
3837.749750 29.999000 0.035000
3852.666890 29.999000 0.032000
3854.732240 29.999000 0.055000
3870.681900 29.999000 0.035000
4212.905950 29.999000 0.041000
4228.773000 29.999000 0.039000
4234.783850 29.999000 0.046000
4246.639420 29.999000 0.038000
4253.643810 29.999000 0.044000
4255.679970 29.999000 0.043000
4257.678590 29.999000 0.041000
4259.711360 29.999000 0.045000
4267.595540 29.999000 0.037000
4269.622970 29.999000 0.042000
4272.580600 29.999000 0.035000
4274.599220 29.999000 0.039000
4283.636810 29.999000 0.040000
4285.630240 29.999000 0.040000
4289.629790 29.999000 0.038000
4291.633470 29.999000 0.040000
4293.623050 29.999000 0.034000
4295.636300 29.999000 0.034000
4297.630140 29.999000 0.037000
4299.599400 29.999000 0.042000
4301.560850 29.999000 0.047000
4307.516570 29.999000 0.045000
4309.608890 29.999000 0.046000
4311.659270 29.999000 0.044000
4315.500610 29.999000 0.042000
4317.569320 29.999000 0.034000
4329.585000 29.999000 0.036000
4334.486990 29.999000 0.039000
4338.490380 29.999000 0.040000
4340.557440 29.999000 0.036000
4342.562100 29.999000 0.045000
4344.562930 29.999000 0.050000
4346.561820 29.999000 0.036000
4349.501070 29.999000 0.035000
4351.543040 29.999000 0.038000
4354.533130 29.999000 0.032000
4480.849260 29.999000 0.039000
4491.832940 29.999000 0.042000
4499.826060 29.999000 0.038000
4502.848740 29.999000 0.045000
4506.825920 29.999000 0.060000
4516.799600 29.999000 0.043000
4519.828030 29.999000 0.041000
4528.818460 29.999000 0.041000
4535.807180 29.999000 0.037000
4538.782250 29.999000 0.039000
4540.848590 29.999000 0.039000
4543.776390 29.999000 0.043000
4545.832450 29.999000 0.040000
4547.860040 29.999000 0.037000
4552.816000 29.999000 0.040000
4557.820600 29.999000 0.035000
4560.726520 29.999000 0.037000
4562.792540 29.999000 0.035000
4565.718360 29.999000 0.040000
4567.772130 29.999000 0.043000
4570.706370 29.999000 0.035000
4572.733690 29.999000 0.036000
4574.728890 29.999000 0.039000
4580.738130 29.999000 0.039000
4587.629060 29.999000 0.044000
4683.536730 29.999000 0.046000
4694.610220 29.999000 0.045000
4699.486020 29.999000 0.049000
4701.504440 29.999000 0.039000
4703.523980 29.999000 0.045000
4705.554530 29.999000 0.039000
4708.555780 29.999000 0.042000
4721.513410 29.999000 0.041000
4725.506710 29.999000 0.051000
4728.492450 29.999000 0.050000
4954.717630 29.999000 0.052000
4962.693130 29.999000 0.055000
4967.716680 29.999000 0.051000
4969.730590 29.999000 0.046000
4972.805170 29.999000 0.040000
4984.631320 29.999000 0.050000
4991.631490 29.999000 0.041000
4994.694000 29.999000 0.039000
5006.701950 29.999000 0.049000
5009.563980 29.999000 0.047000
5019.602830 29.999000 0.053000
5021.623330 29.999000 0.044000
5023.626290 29.999000 0.042000
5025.637020 29.999000 0.053000
5047.628690 29.999000 0.052000
5057.525700 29.999000 0.045000
5066.532130 29.999000 0.054000
5099.498410 29.999000 0.049000
2040.653990 11.222000 0.046000
3450.771510 11.781000 0.046000
3386.863510 29.999000 0.037000
3390.856380 29.999000 0.046000
