2027.773190 11.079000 0.066000
2030.762430 11.053000 0.068000
2032.765140 11.040000 0.069000
2068.741340 11.504000 0.058000
2727.837110 11.924000 0.045000
2762.747870 12.660000 0.058000
3059.866490 11.334000 0.046000
3409.880270 12.763000 0.049000
3413.880120 12.782000 0.069000
4311.643530 12.277000 0.042000
4316.691650 11.862000 0.040000
4319.670120 11.720000 0.042000
4330.554890 11.474000 0.054000
4332.563650 11.535000 0.047000
4338.596370 11.497000 0.037000
4340.658870 11.520000 0.060000
4342.652330 11.607000 0.057000
4344.652660 11.714000 0.061000
4348.659010 11.829000 0.051000
4350.666770 11.856000 0.057000
4353.532510 12.139000 0.043000
4355.622200 12.063000 0.043000
4357.626610 12.194000 0.043000
4364.503750 12.140000 0.038000
4371.637140 12.856000 0.064000
4377.542340 12.624000 0.062000
4379.545340 12.668000 0.054000
4381.589410 12.756000 0.068000
4392.509170 13.223000 0.050000
4633.685930 12.484000 0.047000
4638.854510 11.858000 0.057000
4640.834390 11.786000 0.052000
4642.833280 11.620000 0.055000
4645.629260 11.422000 0.048000
4647.686310 11.361000 0.050000
4649.694400 11.257000 0.052000
4651.722860 11.327000 0.065000
4653.738040 11.161000 0.047000
4655.673590 11.084000 0.050000
4657.708370 11.145000 0.046000
4664.633380 11.150000 0.044000
4666.645880 11.191000 0.043000
4670.613550 11.205000 0.042000
4672.637140 11.206000 0.045000
4675.676160 11.293000 0.045000
4678.673070 11.771000 0.062000
4681.590330 11.309000 0.046000
4685.569960 11.452000 0.049000
4687.564620 11.404000 0.067000
4691.744450 11.609000 0.052000
4694.718310 11.666000 0.060000
4700.649660 11.823000 0.064000
4702.658270 11.867000 0.053000
4704.672820 11.957000 0.052000
4706.681550 12.048000 0.046000
4733.557550 13.131000 0.064000
4969.843470 12.319000 0.062000
4985.712570 11.743000 0.057000
5014.666650 12.143000 0.060000
5021.674790 12.261000 0.049000
2164.496560 14.015000 0.048000
2168.540630 14.112000 0.061000
2172.480270 13.781000 0.059000
2184.513140 14.007000 0.056000
2188.493570 14.115000 0.057000
2191.505020 14.060000 0.064000
2194.510450 14.027000 0.068000
2205.489690 14.155000 0.063000
3298.528950 13.744000 0.044000
3453.800320 13.754000 0.063000
3458.856520 13.779000 0.055000
3463.818880 13.618000 0.059000
3469.839010 13.802000 0.057000
3478.802940 13.844000 0.064000
3481.776530 13.991000 0.053000
3511.733860 14.127000 0.055000
3526.858970 14.016000 0.056000
3547.762750 13.856000 0.054000
3551.754710 14.162000 0.062000
3556.613700 14.003000 0.053000
3561.692090 14.013000 0.056000
3563.650670 14.056000 0.047000
3578.571590 14.114000 0.051000
3585.743910 14.216000 0.052000
3587.757580 13.882000 0.045000
3590.575650 13.765000 0.058000
3599.669180 13.904000 0.043000
3603.724430 14.105000 0.057000
3626.585240 14.145000 0.041000
3637.564520 13.862000 0.050000
3775.878130 13.769000 0.060000
3799.858740 14.069000 0.059000
3806.868670 13.851000 0.061000
3818.832700 13.822000 0.066000
3830.876000 14.014000 0.066000
3859.765270 13.907000 0.049000
3861.805420 13.930000 0.050000
3863.819870 14.049000 0.055000
3865.788810 14.116000 0.062000
3886.832980 13.997000 0.052000
3905.751620 14.204000 0.055000
3907.772070 13.728000 0.068000
3909.880700 14.188000 0.050000
4146.879610 13.891000 0.060000
4152.874760 13.987000 0.054000
4184.822540 13.600000 0.061000
4205.829820 14.151000 0.051000
4229.824060 14.250000 0.043000
4231.823270 13.820000 0.042000
4234.747420 14.188000 0.062000
4247.702470 14.013000 0.042000
4255.765530 13.550000 0.044000
4258.677380 13.974000 0.043000
4408.517380 13.833000 0.045000
4413.518340 13.878000 0.042000
4505.883450 14.068000 0.053000
4518.863740 13.766000 0.047000
4522.879700 14.060000 0.049000
4529.852080 13.893000 0.050000
4533.875860 13.697000 0.053000
4546.894010 13.695000 0.057000
4562.855320 14.004000 0.048000
4565.859790 13.899000 0.050000
4575.850670 13.768000 0.053000
4583.825180 14.055000 0.044000
4589.793570 13.830000 0.047000
4595.764060 13.917000 0.043000
4597.855580 13.916000 0.044000
4622.846570 13.455000 0.050000
4740.548640 13.587000 0.044000
4756.584300 13.755000 0.063000
4759.554560 13.564000 0.062000
4765.545830 13.780000 0.057000
4768.541450 13.903000 0.069000
4883.881290 14.125000 0.057000
4891.879350 14.085000 0.056000
4949.791400 14.065000 0.059000
4952.771160 13.913000 0.063000
2025.770980 11.184000 0.060000
2033.754030 11.032000 0.060000
2443.656880 12.811000 0.040000
2474.626700 13.056000 0.039000
2486.566570 12.994000 0.052000
2489.569090 12.890000 0.035000
2685.876150 11.460000 0.045000
2688.865960 11.351000 0.047000
2693.865950 11.270000 0.049000
2697.862130 11.296000 0.047000
2701.822450 11.409000 0.049000
2704.838920 11.422000 0.048000
2706.856050 11.473000 0.049000
2711.826370 11.502000 0.048000
2717.835570 11.687000 0.050000
2720.810470 11.695000 0.045000
2740.811940 12.276000 0.048000
2783.663790 12.875000 0.044000
3055.867300 11.131000 0.048000
3080.849770 12.332000 0.047000
3417.880200 12.969000 0.061000
3446.880340 13.343000 0.059000
3540.707150 13.222000 0.055000
3661.544340 12.675000 0.046000
3663.548480 12.690000 0.049000
3666.557900 12.439000 0.058000
3670.508230 12.205000 0.046000
3673.515580 12.302000 0.052000
3676.512680 11.917000 0.049000
4304.621630 12.781000 0.038000
4309.606330 12.537000 0.049000
4359.640040 12.109000 0.040000
4367.595800 12.385000 0.042000
4369.615070 12.456000 0.046000
4375.535880 12.675000 0.062000
4384.528320 12.852000 0.043000
4386.560460 12.856000 0.039000
4402.539060 13.404000 0.051000
4627.717610 12.782000 0.048000
4629.713080 12.681000 0.046000
4631.717760 12.441000 0.049000
4683.590390 11.747000 0.043000
4698.651120 11.792000 0.056000
4721.597860 12.811000 0.050000
4730.529610 13.093000 0.053000
4967.797510 12.574000 0.058000
5023.677230 12.311000 0.046000
5040.726530 12.637000 0.051000
5057.624750 12.889000 0.056000
5063.629160 12.923000 0.052000
2069.683430 11.505000 0.082000
4346.649770 11.675000 0.066000
4660.643180 11.182000 0.049000
4709.640260 12.226000 0.070000
4975.777310 11.951000 0.061000
4992.809780 11.774000 0.061000
5006.812440 11.917000 0.058000
5009.687550 11.981000 0.058000
5012.731110 12.206000 0.061000
5019.663250 12.297000 0.059000
3592.581050 14.002000 0.073000
3810.859610 13.948000 0.075000
3827.856150 13.706000 0.079000
3889.692890 14.012000 0.064000
3901.756750 14.094000 0.072000
3913.839590 14.117000 0.073000
4156.867020 14.409000 0.071000
4746.513720 13.388000 0.074000
4762.551950 13.970000 0.074000
4916.836310 13.863000 0.065000
4919.866230 13.972000 0.063000
1997.793230 12.961000 0.057000
2500.518110 13.064000 0.061000
5025.686380 12.301000 0.051000
5038.758390 12.664000 0.055000
5042.665020 12.829000 0.054000
5047.722330 12.914000 0.064000
1947.877680 29.999000 0.063000
1949.895210 29.999000 0.055000
2136.549850 29.999000 0.066000
2198.493800 29.999000 0.069000
2441.669820 29.999000 0.039000
2465.617930 29.999000 0.044000
2467.618920 29.999000 0.038000
2493.555540 29.999000 0.046000
2495.564930 29.999000 0.043000
2499.548370 29.999000 0.038000
2508.565750 29.999000 0.046000
2511.587630 29.999000 0.047000
2713.853360 29.999000 0.046000
3090.826110 29.999000 0.047000
3436.902810 29.999000 0.048000
3443.867150 29.999000 0.069000
3455.840690 29.999000 0.056000
3466.848150 29.999000 0.058000
3483.814920 29.999000 0.055000
3489.849050 29.999000 0.060000
3508.869590 29.999000 0.041000
3633.636400 29.999000 0.050000
3642.615810 29.999000 0.043000
3654.506990 29.999000 0.052000
3882.711490 29.999000 0.053000
3903.751250 29.999000 0.048000
4282.694660 29.999000 0.047000
4284.698220 29.999000 0.048000
4290.689970 29.999000 0.040000
4294.664260 29.999000 0.041000
4296.654610 29.999000 0.066000
4298.663630 29.999000 0.048000
4300.633940 29.999000 0.049000
4302.683720 29.999000 0.043000
4306.602660 29.999000 0.040000
4550.844040 29.999000 0.047000
4578.852130 29.999000 0.044000
4586.853230 29.999000 0.044000
4606.776220 29.999000 0.052000
4774.509470 29.999000 0.071000
4872.882700 29.999000 0.052000
1955.859570 29.999000 0.048000
1979.843850 29.999000 0.052000
2156.492310 29.999000 0.059000
2179.523850 29.999000 0.060000
2452.632220 29.999000 0.047000
2460.645350 29.999000 0.034000
2481.567380 29.999000 0.060000
2760.748130 29.999000 0.046000
2770.803520 29.999000 0.046000
2786.698790 29.999000 0.045000
3067.889120 29.999000 0.048000
3074.852050 29.999000 0.049000
3432.801900 29.999000 0.053000
3472.852090 29.999000 0.052000
3499.781620 29.999000 0.079000
3522.759720 29.999000 0.073000
3559.663560 29.999000 0.060000
3571.625710 29.999000 0.045000
3601.705320 29.999000 0.053000
3607.521180 29.999000 0.054000
3617.589440 29.999000 0.048000
3619.694150 29.999000 0.065000
3629.616370 29.999000 0.048000
3649.529100 29.999000 0.054000
3795.862250 29.999000 0.049000
3867.783640 29.999000 0.050000
4139.883430 29.999000 0.071000
4160.863100 29.999000 0.073000
4168.854060 29.999000 0.070000
4174.848190 29.999000 0.058000
4177.870140 29.999000 0.051000
4180.879420 29.999000 0.050000
4188.876360 29.999000 0.043000
4191.827120 29.999000 0.044000
4194.820100 29.999000 0.050000
4216.857910 29.999000 0.046000
4273.664820 29.999000 0.038000
4278.676160 29.999000 0.040000
4540.865470 29.999000 0.057000
4559.861560 29.999000 0.044000
4568.840080 29.999000 0.045000
4571.802570 29.999000 0.044000
4573.873460 29.999000 0.050000
4592.783150 29.999000 0.049000
4610.789610 29.999000 0.045000
4612.796740 29.999000 0.051000
4616.869370 29.999000 0.044000
4724.638030 29.999000 0.071000
4737.559760 29.999000 0.052000
4748.555740 29.999000 0.074000
4754.551780 29.999000 0.067000
4879.876540 29.999000 0.056000
4904.898730 29.999000 0.060000
4926.909500 29.999000 0.060000
4940.814760 29.999000 0.061000
4946.820100 29.999000 0.057000
5083.662390 29.999000 0.061000
5085.676980 29.999000 0.054000
5088.552720 29.999000 0.056000
5092.649500 29.999000 0.056000
5104.582820 29.999000 0.053000
5111.595800 29.999000 0.055000
5123.528030 29.999000 0.065000
1954.866140 29.999000 0.054000
1981.837920 29.999000 0.049000
1994.779120 29.999000 0.056000
2058.703790 29.999000 0.083000
2442.660610 29.999000 0.043000
2444.660990 29.999000 0.039000
2446.663750 29.999000 0.038000
2463.622080 29.999000 0.049000
2468.609110 29.999000 0.033000
2470.541430 29.999000 0.041000
2473.575530 29.999000 0.039000
2491.564910 29.999000 0.058000
2497.562190 29.999000 0.041000
2498.548020 29.999000 0.039000
2510.525460 29.999000 0.067000
2734.837580 29.999000 0.046000
2776.628340 29.999000 0.049000
2791.685410 29.999000 0.045000
3278.620910 29.999000 0.056000
3293.568010 29.999000 0.049000
3449.874820 29.999000 0.067000
3475.816750 29.999000 0.080000
3491.883930 29.999000 0.056000
3502.747610 29.999000 0.057000
3520.729820 29.999000 0.054000
3538.714870 29.999000 0.057000
3573.793790 29.999000 0.048000
3575.799770 29.999000 0.048000
3583.699240 29.999000 0.052000
3622.517130 29.999000 0.056000
3646.566490 29.999000 0.044000
3656.555410 29.999000 0.048000
3659.531220 29.999000 0.048000
3791.861620 29.999000 0.057000
3803.859150 29.999000 0.073000
3813.878720 29.999000 0.067000
3821.869480 29.999000 0.068000
3824.867360 29.999000 0.057000
3833.835090 29.999000 0.069000
3836.831720 29.999000 0.053000
3848.850370 29.999000 0.061000
3856.835470 29.999000 0.049000
3869.775580 29.999000 0.051000
3872.810610 29.999000 0.055000
3891.753800 29.999000 0.045000
3893.722990 29.999000 0.048000
3896.726740 29.999000 0.063000
4202.847450 29.999000 0.053000
4213.863590 29.999000 0.054000
4227.826650 29.999000 0.042000
4250.824230 29.999000 0.042000
4292.656190 29.999000 0.038000
4602.773160 29.999000 0.049000
4937.883610 29.999000 0.063000
2140.508690 13.910000 0.057000
2521.555350 13.998000 0.050000
2560.560840 14.099000 0.052000
2876.632300 13.973000 0.045000
2883.552120 13.745000 0.039000
2897.602120 13.798000 0.042000
2910.498280 13.970000 0.045000
2930.562120 13.925000 0.042000
2932.560430 13.896000 0.041000
2934.557420 13.953000 0.040000
3126.828280 13.797000 0.039000
3154.682040 13.984000 0.037000
1963.846440 13.082000 0.045000
1994.763420 13.126000 0.058000
2130.560460 13.458000 0.059000
1939.880390 13.062000 0.043000
1949.865790 13.226000 0.052000
1953.838570 12.922000 0.043000
1961.864000 13.158000 0.052000
1967.839380 13.094000 0.045000
1982.778820 13.061000 0.052000
1985.834280 13.115000 0.050000
2027.759640 11.583000 0.052000
2104.595850 12.493000 0.055000
2105.588210 12.574000 0.061000
2109.585190 12.599000 0.054000
2116.560130 12.737000 0.057000
2117.558980 12.796000 0.057000
2124.535000 12.872000 0.060000
2125.553010 12.962000 0.056000
2128.534220 12.975000 0.056000
2132.549820 12.885000 0.060000
2133.534590 13.045000 0.057000
2441.649190 12.880000 0.033000
2443.640860 12.749000 0.038000
2446.649800 12.796000 0.039000
2460.631330 12.919000 0.035000
2465.603870 12.895000 0.043000
2467.598120 13.018000 0.033000
2468.595070 13.028000 0.034000
2469.591510 12.913000 0.043000
2481.546500 13.047000 0.055000
2482.582930 13.086000 0.055000
2486.556980 13.108000 0.054000
2491.547620 13.267000 0.057000
2494.551520 13.118000 0.048000
2497.548090 13.001000 0.043000
2498.536270 13.076000 0.044000
2499.531980 13.101000 0.040000
2502.567220 13.181000 0.044000
2503.571920 13.169000 0.047000
2508.672810 13.164000 0.039000
2510.647660 13.248000 0.044000
2520.545930 12.964000 0.034000
2524.551190 13.318000 0.061000
2526.588470 13.059000 0.058000
2535.514790 13.065000 0.043000
2543.622320 13.301000 0.043000
2544.545050 13.337000 0.060000
2545.589480 13.143000 0.045000
2549.555760 13.068000 0.051000
2558.533150 13.271000 0.044000
2559.546380 13.035000 0.044000
2561.563510 13.496000 0.046000
2563.539700 13.140000 0.044000
2566.540910 13.114000 0.054000
2578.500190 13.137000 0.044000
2721.833660 11.890000 0.044000
2742.790560 12.188000 0.043000
2751.695740 12.592000 0.040000
2755.761460 12.580000 0.038000
2759.825880 12.614000 0.038000
2782.768560 12.947000 0.043000
2786.668040 13.004000 0.042000
2787.813560 12.914000 0.041000
2791.640680 12.954000 0.040000
2802.835370 12.773000 0.059000
2808.711380 13.031000 0.038000
2810.620790 13.270000 0.038000
2811.796010 13.120000 0.041000
2820.699130 13.204000 0.034000
2826.793320 13.015000 0.034000
2830.597970 13.111000 0.036000
2831.733480 13.004000 0.039000
2838.723050 13.063000 0.034000
2845.741340 13.127000 0.033000
2851.580970 13.028000 0.032000
2855.617850 13.037000 0.032000
2858.668850 12.942000 0.038000
2860.619100 12.959000 0.035000
2861.711210 13.056000 0.033000
2867.619150 13.059000 0.042000
2874.712300 13.322000 0.043000
2878.627520 13.026000 0.042000
2885.539900 13.114000 0.040000
2893.596380 13.117000 0.044000
2895.590820 13.063000 0.042000
2904.624870 13.016000 0.050000
2906.627770 13.183000 0.039000
2912.519240 13.233000 0.042000
2915.545530 13.127000 0.040000
2917.573360 13.117000 0.039000
2921.570790 13.160000 0.039000
2923.569870 13.144000 0.041000
2940.502550 13.235000 0.048000
2942.506370 13.234000 0.044000
2945.527400 13.006000 0.043000
2950.500710 13.148000 0.042000
2954.503180 13.279000 0.041000
3099.820290 12.815000 0.039000
3105.880610 13.131000 0.037000
3108.805050 13.044000 0.039000
3111.795960 12.913000 0.041000
3114.786020 12.965000 0.037000
3116.853550 12.969000 0.037000
3122.798960 13.038000 0.037000
3124.853010 13.229000 0.037000
3128.814870 12.955000 0.041000
3130.823670 13.100000 0.038000
3141.814210 12.954000 0.039000
3144.852390 13.225000 0.038000
3152.922740 13.111000 0.049000
3157.803300 13.074000 0.048000
3162.765120 13.207000 0.036000
3164.792390 12.959000 0.038000
3169.814540 13.136000 0.041000
3172.785230 13.001000 0.044000
3176.640570 13.195000 0.037000
3178.784850 13.527000 0.045000
3182.625260 13.082000 0.039000
3184.636520 13.205000 0.037000
3189.761270 13.153000 0.043000
1984.791570 12.577000 0.052000
2025.736780 11.133000 0.048000
2030.751100 11.084000 0.056000
2031.757730 11.050000 0.059000
2032.742600 11.072000 0.053000
2033.740440 11.064000 0.056000
2085.625700 11.849000 0.054000
2102.578460 12.395000 0.058000
2103.595940 12.449000 0.060000
2115.552170 12.714000 0.051000
2452.609240 12.709000 0.052000
2464.602460 13.019000 0.040000
2466.599930 12.971000 0.042000
2473.549980 13.312000 0.045000
2493.545990 13.052000 0.047000
2495.553080 13.012000 0.049000
2678.871560 11.711000 0.041000
2688.849910 11.360000 0.040000
2692.862600 11.289000 0.042000
2694.855610 11.256000 0.039000
2697.883830 11.295000 0.040000
2706.823670 11.392000 0.038000
2710.849890 11.539000 0.040000
2714.839120 11.678000 0.038000
2723.839170 11.745000 0.041000
2725.838010 11.823000 0.038000
2729.820370 11.858000 0.040000
2732.843690 12.016000 0.039000
2734.799080 12.097000 0.038000
2736.798110 12.149000 0.042000
2738.815590 12.271000 0.039000
2740.798480 12.286000 0.039000
2757.774290 12.546000 0.038000
2761.774570 12.548000 0.040000
2784.715060 12.967000 0.039000
3053.874220 11.002000 0.040000
3057.893300 11.185000 0.037000
3061.894620 11.386000 0.037000
3066.883410 11.679000 0.037000
3069.863700 11.727000 0.045000
3077.821890 12.148000 0.039000
3080.878240 12.300000 0.053000
3086.878330 12.543000 0.037000
3089.890760 12.730000 0.037000
3092.859120 12.753000 0.037000
3096.905560 12.727000 0.037000
2087.622540 12.204000 0.077000
2106.594680 12.742000 0.063000
2129.544440 13.082000 0.064000
2131.537040 12.889000 0.066000
2134.553530 12.967000 0.064000
2135.535810 12.950000 0.065000
2926.568390 12.959000 0.057000
2936.557170 13.064000 0.056000
2008.736920 12.188000 0.063000
2016.811420 11.576000 0.064000
2037.700750 10.994000 0.069000
2052.702230 11.157000 0.075000
2054.705360 11.096000 0.081000
2055.693850 11.150000 0.072000
2056.695090 11.208000 0.076000
2057.686450 11.129000 0.073000
2058.690060 11.261000 0.074000
2061.684480 11.297000 0.070000
2067.634910 11.312000 0.076000
2068.651220 11.430000 0.071000
2069.667330 11.522000 0.075000
2070.659920 11.485000 0.071000
2080.564440 11.812000 0.080000
2081.637200 11.782000 0.063000
2082.650670 11.861000 0.066000
2083.632670 11.863000 0.075000
2086.631640 11.932000 0.065000
2088.623530 12.059000 0.073000
2094.584210 12.227000 0.069000
1965.839840 29.999000 0.041000
1977.773790 29.999000 0.051000
1995.830830 29.999000 0.067000
2552.542430 29.999000 0.057000
2804.677410 29.999000 0.040000
2834.616300 29.999000 0.040000
3159.708360 29.999000 0.046000
1979.791850 29.999000 0.058000
1980.800330 29.999000 0.058000
2747.873030 29.999000 0.047000
2865.747970 29.999000 0.052000
1981.808490 29.999000 0.051000
2663.868650 29.999000 0.045000
2489.548210 29.999000 0.049000
2832.773930 29.999000 0.039000
3187.535990 29.999000 0.048000
3294.541410 29.999000 0.051000
1948.883580 14.141000 0.059000
2082.677690 12.984000 0.062000
2025.777200 11.168000 0.050000
2026.822630 11.153000 0.061000
2035.737560 11.025000 0.063000
2037.719880 10.980000 0.064000
2086.654620 12.000000 0.065000
2102.601100 12.553000 0.056000
2109.614730 12.866000 0.050000
2683.859590 11.482000 0.038000
2686.869130 11.430000 0.039000
2689.869180 11.305000 0.040000
2693.886790 11.285000 0.042000
2699.869260 11.457000 0.037000
2703.843850 11.417000 0.035000
2706.846330 11.447000 0.038000
2711.835550 11.486000 0.037000
2713.874210 11.606000 0.035000
2717.849580 11.665000 0.037000
2720.819750 11.738000 0.037000
2722.848570 11.770000 0.038000
2724.845140 11.857000 0.036000
2726.858010 11.873000 0.036000
2728.846420 11.952000 0.036000
2730.846030 12.037000 0.035000
2733.859970 12.101000 0.037000
2735.846020 12.128000 0.035000
2737.835250 12.330000 0.035000
2739.823390 12.156000 0.036000
2743.814370 12.225000 0.036000
2751.735410 12.518000 0.037000
3055.875180 11.094000 0.038000
3070.882250 11.800000 0.038000
3079.847180 12.455000 0.036000
3082.878660 12.363000 0.038000
3086.900840 12.549000 0.037000
3090.838740 12.645000 0.037000
3103.849960 13.043000 0.038000
1982.808030 13.684000 0.056000
2140.536610 13.920000 0.085000
2014.801320 11.841000 0.065000
2051.797360 11.144000 0.079000
2067.641500 11.463000 0.067000
2080.598440 11.871000 0.072000
2093.571240 12.298000 0.066000
3074.857090 12.027000 0.047000
1963.864610 29.999000 0.045000
1978.825640 29.999000 0.056000
1980.833920 29.999000 0.054000
1981.855840 29.999000 0.051000
1995.862470 29.999000 0.068000
1999.808360 29.999000 0.065000
2454.644430 29.999000 0.049000
2508.681100 29.999000 0.037000
2764.751310 29.999000 0.036000
2786.702890 29.999000 0.036000
3112.825710 29.999000 0.036000
3131.809590 29.999000 0.037000
1961.879710 29.999000 0.052000
1979.855280 29.999000 0.056000
1984.814140 29.999000 0.052000
1985.845260 29.999000 0.051000
1994.790510 29.999000 0.055000
2124.570400 29.999000 0.063000
2463.630850 29.999000 0.041000
2510.652770 29.999000 0.044000
2754.811380 29.999000 0.038000
2756.779260 29.999000 0.034000
2775.815580 29.999000 0.039000
2811.832330 29.999000 0.039000
2820.746500 29.999000 0.033000
2853.731810 29.999000 0.033000
2880.692590 29.999000 0.049000
3097.801770 29.999000 0.036000
3115.815800 29.999000 0.036000
3125.754860 29.999000 0.038000
3127.763610 29.999000 0.043000
3154.722960 29.999000 0.037000
