2454.604120 12.195000 0.042000
2703.819210 13.335000 0.037000
2727.807390 13.659000 0.034000
3056.875410 12.092000 0.037000
2744.758250 29.999000 0.035000
2763.733720 29.999000 0.053000
1931.850970 13.601000 0.047000
1933.862480 13.391000 0.043000
1936.855260 13.578000 0.041000
1939.852860 13.239000 0.045000
1953.837530 13.195000 0.044000
1958.845160 13.182000 0.044000
1964.808110 13.101000 0.046000
2025.697530 12.446000 0.052000
2026.723530 12.655000 0.051000
2027.720840 12.654000 0.049000
2030.708520 12.672000 0.054000
2031.718830 12.660000 0.052000
2032.705840 12.739000 0.050000
2033.697830 12.765000 0.042000
2052.643020 13.574000 0.062000
2053.676010 13.568000 0.060000
2056.657980 13.687000 0.069000
2057.650090 13.879000 0.061000
2058.648410 13.808000 0.066000
2068.631740 14.248000 0.066000
2136.498130 14.326000 0.044000
2141.500800 14.142000 0.046000
2143.506050 14.024000 0.048000
2441.614740 12.208000 0.039000
2442.608820 12.225000 0.040000
2443.606350 12.108000 0.037000
2444.606800 12.266000 0.039000
2446.607660 12.233000 0.044000
2452.573400 12.341000 0.050000
2456.574460 12.230000 0.041000
2463.583260 12.467000 0.032000
2464.568350 12.365000 0.040000
2465.567500 12.528000 0.039000
2466.559110 12.444000 0.039000
2467.561730 12.501000 0.037000
2468.560730 12.584000 0.035000
2469.555080 12.655000 0.046000
2473.501700 12.702000 0.044000
2481.511980 12.916000 0.048000
2489.506260 13.152000 0.042000
2494.495020 13.468000 0.046000
2510.590470 13.957000 0.042000
2520.553800 14.075000 0.038000
2521.563210 14.468000 0.043000
2652.874000 12.435000 0.034000
2662.862910 12.662000 0.032000
2670.857950 12.870000 0.030000
2678.844170 12.915000 0.039000
2683.875570 12.861000 0.031000
2689.822490 12.878000 0.035000
2699.813030 13.183000 0.031000
2704.829520 13.311000 0.033000
2706.851150 13.353000 0.032000
2710.818770 13.460000 0.031000
2712.813660 13.560000 0.032000
2714.806580 13.474000 0.034000
2722.871890 13.547000 0.034000
2730.789590 13.751000 0.027000
2735.784670 13.740000 0.029000
2737.763800 13.705000 0.031000
2739.770860 14.039000 0.031000
2743.740250 14.000000 0.033000
2755.722010 14.670000 0.028000
2757.716690 14.304000 0.032000
2759.772810 14.505000 0.028000
2766.776620 14.576000 0.034000
2770.705620 14.444000 0.029000
2787.697870 14.246000 0.033000
2790.726150 14.059000 0.031000
2794.636220 13.935000 0.034000
2809.648970 13.323000 0.034000
2810.794800 13.144000 0.031000
2812.607830 13.115000 0.031000
2832.574420 12.341000 0.034000
2833.699200 12.309000 0.037000
2838.584130 12.167000 0.030000
2840.637940 12.168000 0.032000
2842.615290 12.108000 0.043000
2845.627670 12.010000 0.033000
2854.521730 12.017000 0.031000
2859.634300 12.074000 0.036000
2861.612970 12.057000 0.034000
2866.549970 12.183000 0.032000
2868.578210 12.186000 0.035000
2872.580310 12.211000 0.035000
2875.611380 12.296000 0.035000
2877.602050 12.277000 0.032000
2888.502290 12.574000 0.031000
2894.553480 12.660000 0.031000
2898.564680 12.709000 0.030000
2900.556670 12.776000 0.030000
2904.546260 12.918000 0.040000
2909.546050 13.117000 0.037000
2915.510830 13.255000 0.032000
2921.501440 13.430000 0.038000
2924.495210 13.418000 0.032000
2928.492420 13.583000 0.034000
3033.867800 12.619000 0.034000
3037.872240 12.566000 0.035000
3042.883740 12.589000 0.032000
3064.837300 12.150000 0.032000
3068.818120 12.088000 0.033000
3071.845090 12.159000 0.032000
3074.867470 12.103000 0.031000
3078.896470 12.179000 0.032000
3081.830730 12.216000 0.031000
3085.874780 12.363000 0.034000
3088.806970 12.348000 0.033000
3091.797290 12.415000 0.032000
3096.851040 12.532000 0.032000
3098.835610 12.465000 0.031000
3105.827130 12.624000 0.031000
3107.830730 12.754000 0.033000
3110.757520 12.852000 0.031000
3112.812490 12.836000 0.029000
3115.742160 12.876000 0.032000
3118.806100 13.042000 0.031000
3122.739590 13.154000 0.031000
3124.792250 13.148000 0.032000
3126.759940 13.308000 0.036000
3128.723720 13.458000 0.033000
3132.831070 13.368000 0.033000
3144.716610 14.138000 0.030000
3270.499140 12.267000 0.053000
3292.493030 12.491000 0.048000
3434.833790 13.706000 0.074000
3438.866120 13.637000 0.048000
3442.853600 13.201000 0.070000
3455.778690 13.007000 0.041000
3457.812650 12.916000 0.041000
3462.757450 12.841000 0.045000
3464.830650 12.890000 0.037000
3467.789090 12.806000 0.044000
3470.768220 12.714000 0.046000
3473.755810 12.655000 0.041000
3475.843290 12.684000 0.057000
3478.739300 12.680000 0.074000
3480.789600 12.629000 0.065000
3482.780410 12.561000 0.047000
3489.728320 12.504000 0.065000
3497.770800 12.506000 0.042000
3501.640750 12.495000 0.057000
3503.730870 12.429000 0.039000
3506.733060 12.462000 0.040000
3515.707290 12.456000 0.038000
3517.698540 12.444000 0.050000
3523.695780 12.534000 0.036000
3525.724570 12.619000 0.046000
3537.758700 12.811000 0.050000
3543.628260 13.000000 0.041000
3550.608030 13.247000 0.058000
3552.672490 13.204000 0.038000
3558.677860 13.353000 0.037000
3560.688020 13.586000 0.048000
3564.677770 13.874000 0.048000
3576.636850 14.225000 0.049000
3576.723790 14.437000 0.051000
3577.616940 14.568000 0.048000
3646.523270 14.008000 0.040000
3653.512090 13.553000 0.048000
3658.493180 13.620000 0.036000
3763.870720 13.168000 0.074000
3767.864310 13.061000 0.038000
3772.861690 13.272000 0.036000
3775.868120 13.368000 0.058000
3793.885260 14.344000 0.057000
3871.729710 13.964000 0.040000
3874.819880 13.776000 0.057000
3877.653460 13.711000 0.040000
3880.702340 13.629000 0.034000
3882.743960 13.565000 0.056000
3886.749300 13.606000 0.057000
3892.694410 13.590000 0.042000
3898.656770 13.477000 0.058000
3900.669970 13.205000 0.059000
3902.688050 13.278000 0.054000
3906.724000 13.150000 0.051000
3908.807170 13.153000 0.046000
3912.722770 12.937000 0.065000
4133.850980 12.896000 0.048000
4137.857890 12.671000 0.060000
4154.862340 12.454000 0.072000
4161.826660 12.243000 0.062000
4164.880370 12.207000 0.068000
4181.817050 12.508000 0.048000
4190.876280 12.574000 0.051000
4192.805750 12.481000 0.038000
4194.807340 12.674000 0.058000
4200.767050 12.885000 0.033000
4203.818270 12.882000 0.064000
4205.802490 13.124000 0.039000
4208.889700 13.230000 0.059000
4213.786790 13.263000 0.048000
4216.784520 13.506000 0.042000
4319.541120 13.443000 0.039000
4339.617120 12.999000 0.037000
4343.619410 13.173000 0.054000
4346.496400 12.946000 0.048000
4348.518600 13.028000 0.038000
4352.546120 12.982000 0.034000
4355.549520 12.881000 0.040000
4357.556990 13.007000 0.038000
4363.491240 12.787000 0.037000
4369.522010 12.775000 0.039000
4371.533840 12.525000 0.043000
4375.519350 12.487000 0.036000
4378.497670 12.476000 0.045000
4381.493250 12.548000 0.040000
4384.489180 12.528000 0.034000
4530.869070 13.542000 0.036000
4538.852120 13.478000 0.045000
4541.838430 13.099000 0.049000
4547.803910 13.088000 0.045000
4554.856720 12.668000 0.047000
4557.785230 12.487000 0.043000
4560.773850 12.460000 0.041000
4563.777230 12.485000 0.044000
4565.829720 12.359000 0.058000
4568.755390 12.534000 0.048000
4570.815480 12.481000 0.037000
4572.780710 12.389000 0.037000
4574.771660 12.333000 0.045000
4576.781190 12.359000 0.046000
4582.726870 12.358000 0.056000
4587.832670 12.086000 0.044000
4590.708040 12.042000 0.042000
4592.825240 12.121000 0.045000
4594.761680 12.162000 0.036000
4596.780320 12.088000 0.050000
4599.688630 12.017000 0.038000
4603.731260 12.106000 0.036000
4609.649230 12.115000 0.044000
4611.697190 12.127000 0.046000
4615.846650 12.260000 0.044000
4623.671170 12.487000 0.053000
4627.629330 12.743000 0.048000
4629.610740 12.892000 0.037000
4640.755710 13.133000 0.045000
4642.735040 13.145000 0.044000
4644.755520 13.395000 0.062000
4649.596850 13.639000 0.067000
4951.855320 13.769000 0.053000
4968.749160 13.016000 0.051000
4991.663010 12.635000 0.048000
5041.501420 12.060000 0.042000
1962.796670 13.021000 0.049000
1966.810450 13.059000 0.045000
4188.814990 12.260000 0.042000
4585.774120 12.132000 0.048000
4638.778740 13.121000 0.054000
1950.887280 13.351000 0.055000
1976.902750 12.849000 0.055000
1981.771250 12.422000 0.052000
1985.889880 12.563000 0.059000
1995.791860 12.024000 0.062000
1996.793100 12.041000 0.060000
2014.716350 12.134000 0.065000
2055.654190 13.669000 0.078000
2151.555260 13.644000 0.071000
2491.497240 13.207000 0.053000
3445.821450 13.301000 0.085000
3491.761520 12.420000 0.090000
3495.756920 12.637000 0.065000
3521.689570 12.469000 0.088000
3555.671540 13.476000 0.063000
3562.701190 13.518000 0.066000
3577.702760 14.063000 0.050000
3790.841130 14.102000 0.080000
3904.711640 13.057000 0.091000
3981.529540 12.734000 0.066000
4299.609250 14.161000 0.070000
4365.545390 12.966000 0.056000
4755.490110 13.114000 0.073000
4949.766870 13.823000 0.063000
4954.707650 13.340000 0.055000
4966.698990 12.992000 0.049000
4984.684570 12.863000 0.051000
4993.837380 12.548000 0.068000
5006.713730 12.147000 0.059000
5009.596500 12.268000 0.049000
5012.629790 12.089000 0.050000
5022.605090 11.962000 0.057000
5024.608250 12.240000 0.058000
5031.553530 12.123000 0.053000
5057.532220 12.576000 0.052000
5084.551690 13.704000 0.065000
1994.706600 12.180000 0.059000
4617.705570 12.609000 0.055000
1997.809270 12.199000 0.057000
1998.790020 12.176000 0.062000
2000.786830 12.126000 0.060000
2016.742120 12.377000 0.061000
2081.601540 29.999000 0.064000
2105.556250 29.999000 0.053000
2106.555830 29.999000 0.045000
2116.525640 29.999000 0.055000
2130.493800 29.999000 0.042000
2543.491900 29.999000 0.046000
2546.504570 29.999000 0.037000
2548.488760 29.999000 0.041000
2659.862910 29.999000 0.032000
2761.719220 29.999000 0.032000
2805.648760 29.999000 0.039000
2824.676630 29.999000 0.046000
3156.631420 29.999000 0.032000
3170.833260 29.999000 0.035000
3190.682100 29.999000 0.060000
3407.850660 29.999000 0.042000
3411.851660 29.999000 0.038000
3418.847110 29.999000 0.043000
3577.730440 29.999000 0.053000
3608.495520 29.999000 0.077000
3808.803890 29.999000 0.070000
3811.853060 29.999000 0.041000
3850.802320 29.999000 0.049000
3852.835060 29.999000 0.038000
3855.720490 29.999000 0.061000
4508.858460 29.999000 0.038000
1919.871580 29.999000 0.058000
1921.871070 29.999000 0.047000
2059.688170 29.999000 0.072000
2067.670610 29.999000 0.050000
2071.654920 29.999000 0.066000
2086.593640 29.999000 0.064000
2096.566850 29.999000 0.060000
2103.564070 29.999000 0.049000
2104.563880 29.999000 0.048000
2132.503470 29.999000 0.046000
3153.694990 29.999000 0.036000
3576.693960 29.999000 0.043000
4184.806670 29.999000 0.057000
4232.785750 29.999000 0.045000
4269.694110 29.999000 0.038000
4285.642690 29.999000 0.065000
4291.642440 29.999000 0.046000
4310.638350 29.999000 0.053000
4350.528520 29.999000 0.058000
4492.868270 29.999000 0.047000
4520.829430 29.999000 0.053000
4527.830260 29.999000 0.057000
4601.721290 29.999000 0.042000
4705.637420 29.999000 0.065000
4892.852720 29.999000 0.046000
4917.831760 29.999000 0.057000
4920.807660 29.999000 0.071000
4926.837340 29.999000 0.061000
4929.837850 29.999000 0.050000
4939.746670 29.999000 0.060000
4947.716960 29.999000 0.046000
4959.745910 29.999000 0.053000
1926.858360 29.999000 0.051000
1979.742610 29.999000 0.059000
2070.622390 29.999000 0.073000
2080.520890 29.999000 0.065000
2082.619100 29.999000 0.055000
2085.589980 29.999000 0.045000
2087.588960 29.999000 0.065000
2088.586630 29.999000 0.066000
2134.510820 29.999000 0.048000
2544.496490 29.999000 0.060000
2686.831420 29.999000 0.031000
3414.867450 29.999000 0.034000
3575.648560 29.999000 0.035000
5088.580400 29.999000 0.058000
1924.859880 29.999000 0.049000
1946.871680 29.999000 0.043000
2062.587020 29.999000 0.068000
2069.629800 29.999000 0.061000
2083.598900 29.999000 0.063000
2094.595770 29.999000 0.050000
2109.553080 29.999000 0.054000
2115.515470 29.999000 0.048000
2117.524460 29.999000 0.048000
2124.495810 29.999000 0.049000
2524.556370 29.999000 0.061000
2535.531620 29.999000 0.045000
2750.798210 29.999000 0.036000
2752.737040 29.999000 0.029000
3060.844470 29.999000 0.032000
3163.686950 29.999000 0.036000
3165.681410 29.999000 0.033000
3168.705650 29.999000 0.032000
3176.684500 29.999000 0.032000
3182.584660 29.999000 0.033000
3184.600040 29.999000 0.031000
3187.667160 29.999000 0.033000
3422.833710 29.999000 0.035000
3425.842210 29.999000 0.038000
3509.725320 29.999000 0.042000
3570.551790 29.999000 0.054000
3573.631220 29.999000 0.036000
3577.646120 29.999000 0.067000
3577.672060 29.999000 0.053000
3583.632440 29.999000 0.041000
3585.689570 29.999000 0.041000
3587.685890 29.999000 0.045000
3590.541500 29.999000 0.058000
3599.626740 29.999000 0.038000
3602.485910 29.999000 0.042000
3604.521880 29.999000 0.050000
3616.607430 29.999000 0.040000
3619.539240 29.999000 0.069000
3626.551680 29.999000 0.034000
3630.535740 29.999000 0.037000
3632.543810 29.999000 0.037000
3639.525320 29.999000 0.039000
3642.528470 29.999000 0.039000
3756.866720 29.999000 0.042000
3796.869240 29.999000 0.054000
3800.868360 29.999000 0.063000
3804.803360 29.999000 0.038000
3816.877400 29.999000 0.083000
3819.813860 29.999000 0.057000
3822.798780 29.999000 0.062000
3825.794130 29.999000 0.039000
3828.790700 29.999000 0.047000
3831.778000 29.999000 0.065000
3833.828260 29.999000 0.036000
3836.760180 29.999000 0.046000
3848.785700 29.999000 0.051000
3859.787540 29.999000 0.054000
3861.783890 29.999000 0.040000
3863.754940 29.999000 0.074000
3865.745460 29.999000 0.044000
4228.790960 29.999000 0.038000
4230.785340 29.999000 0.039000
4234.828950 29.999000 0.036000
4246.690770 29.999000 0.038000
4255.712850 29.999000 0.034000
4257.714520 29.999000 0.039000
4272.631810 29.999000 0.043000
4283.652610 29.999000 0.066000
4289.638710 29.999000 0.051000
4293.632800 29.999000 0.046000
4295.648620 29.999000 0.041000
4297.639210 29.999000 0.039000
4301.567180 29.999000 0.070000
4308.530240 29.999000 0.064000
4312.637670 29.999000 0.063000
4315.642060 29.999000 0.047000
4329.611790 29.999000 0.037000
4336.523290 29.999000 0.043000
4341.616090 29.999000 0.047000
4500.866440 29.999000 0.045000
4504.865110 29.999000 0.053000
4516.857500 29.999000 0.053000
4647.549800 29.999000 0.056000
4651.629820 29.999000 0.056000
4653.644930 29.999000 0.052000
4655.583880 29.999000 0.060000
4657.628090 29.999000 0.036000
4663.560080 29.999000 0.053000
4664.739230 29.999000 0.039000
4666.743780 29.999000 0.047000
4672.702820 29.999000 0.054000
4677.515510 29.999000 0.046000
4679.531780 29.999000 0.046000
4682.521180 29.999000 0.053000
4684.525510 29.999000 0.058000
4697.601020 29.999000 0.036000
4701.598700 29.999000 0.039000
4703.605540 29.999000 0.049000
4708.593160 29.999000 0.041000
4710.609160 29.999000 0.053000
4720.573530 29.999000 0.053000
4724.516580 29.999000 0.068000
4726.574830 29.999000 0.069000
4729.564430 29.999000 0.053000
4733.513240 29.999000 0.068000
4737.527010 29.999000 0.053000
4745.502370 29.999000 0.071000
4865.865090 29.999000 0.046000
4869.858790 29.999000 0.056000
4882.840080 29.999000 0.037000
4885.878270 29.999000 0.053000
4902.874920 29.999000 0.068000
4908.890830 29.999000 0.063000
3576.465880 14.224000 0.044000
3576.484870 14.474000 0.045000
3576.489850 14.526000 0.048000
3576.494870 14.330000 0.048000
3576.497350 14.297000 0.045000
3576.500680 14.294000 0.062000
3576.507000 14.150000 0.046000
3576.553070 14.704000 0.045000
3577.559930 14.476000 0.057000
3577.589850 14.384000 0.055000
4235.806940 14.668000 0.039000
4535.886240 13.211000 0.043000
4557.805140 12.516000 0.038000
2040.758720 13.088000 0.067000
2156.543050 13.480000 0.058000
2171.501970 13.042000 0.065000
2177.498090 12.905000 0.055000
3448.844030 13.056000 0.051000
3452.813470 13.209000 0.045000
3576.468290 14.196000 0.044000
3576.470780 14.150000 0.044000
3576.473310 14.248000 0.050000
3576.475830 14.219000 0.051000
3576.478320 14.286000 0.055000
3576.482370 14.140000 0.043000
3576.487340 14.171000 0.044000
3576.492360 14.149000 0.045000
3576.513180 14.256000 0.065000
3576.519280 14.061000 0.068000
3576.539250 14.221000 0.055000
3576.581060 14.287000 0.061000
3576.608700 14.139000 0.056000
3765.869220 12.889000 0.048000
3770.881630 13.237000 0.047000
3886.845390 13.541000 0.041000
4131.871140 12.643000 0.052000
4135.866880 12.677000 0.042000
4139.858550 12.645000 0.047000
4145.856550 12.568000 0.055000
4151.866240 12.448000 0.056000
4155.860970 12.394000 0.064000
4158.869110 12.268000 0.052000
4165.883950 12.189000 0.060000
4173.872430 12.247000 0.055000
4176.847000 12.207000 0.068000
4179.852030 12.333000 0.063000
4182.826450 12.318000 0.066000
4185.815160 12.334000 0.060000
4193.846970 12.574000 0.054000
4200.778240 12.875000 0.039000
4203.823250 13.154000 0.060000
4216.837140 13.610000 0.058000
4528.835390 13.625000 0.054000
4531.868520 13.578000 0.043000
4541.844810 13.091000 0.040000
4547.828190 12.732000 0.048000
4554.879520 12.738000 0.049000
4560.795750 12.543000 0.058000
4563.792180 12.378000 0.061000
4585.795540 12.142000 0.043000
4592.863210 12.521000 0.056000
4595.707450 12.056000 0.037000
4597.747820 12.078000 0.036000
4609.732090 12.160000 0.049000
4611.720170 12.136000 0.039000
4622.829770 12.549000 0.061000
4629.623600 12.703000 0.050000
4639.708450 13.134000 0.052000
4641.718940 13.221000 0.056000
4643.724350 13.208000 0.057000
4868.868990 14.116000 0.056000
3576.525440 14.285000 0.070000
4191.832450 12.651000 0.051000
3577.530910 14.231000 0.088000
4538.869680 13.178000 0.056000
4571.814550 12.385000 0.053000
4227.774090 29.999000 0.041000
4229.775130 29.999000 0.059000
4231.779270 29.999000 0.044000
4233.777950 29.999000 0.035000
4289.725630 29.999000 0.046000
4315.655270 29.999000 0.052000
4505.873480 29.999000 0.040000
4520.874610 29.999000 0.050000
4566.782260 29.999000 0.041000
4631.630590 29.999000 0.052000
4872.860670 29.999000 0.073000
3576.663540 29.999000 0.041000
3577.501380 29.999000 0.067000
4189.779440 29.999000 0.039000
4238.687310 29.999000 0.052000
4247.636520 29.999000 0.050000
4256.730250 29.999000 0.038000
4258.797180 29.999000 0.035000
4501.875260 29.999000 0.042000
4664.751370 29.999000 0.045000
4672.725520 29.999000 0.066000
4877.854800 29.999000 0.066000
4882.863860 29.999000 0.073000
4890.863830 29.999000 0.070000
4904.854920 29.999000 0.072000
4926.898810 29.999000 0.054000
4945.821840 29.999000 0.054000
4948.736090 29.999000 0.079000
