2104.600920 14.129000 0.058000
2106.597490 14.179000 0.053000
3450.884750 12.953000 0.042000
3453.848490 13.272000 0.039000
2102.585730 29.999000 0.051000
2109.590180 29.999000 0.050000
2115.559400 29.999000 0.051000
2116.567280 29.999000 0.051000
2117.563900 29.999000 0.051000
2124.539840 29.999000 0.064000
2782.738210 13.361000 0.057000
1953.882660 12.388000 0.050000
2443.652350 13.616000 0.041000
2445.647310 13.559000 0.037000
2470.550490 13.918000 0.048000
2684.887400 11.582000 0.032000
2700.878480 11.753000 0.032000
2704.860100 11.860000 0.026000
2707.867680 11.869000 0.040000
2710.856960 11.969000 0.031000
2713.844680 12.013000 0.028000
2717.868940 12.061000 0.030000
2720.839540 12.120000 0.029000
2725.857610 12.215000 0.037000
2727.858580 12.236000 0.034000
2729.845680 12.280000 0.030000
2738.827340 12.367000 0.032000
2740.838080 12.476000 0.036000
2742.811130 12.656000 0.032000
2750.854780 12.711000 0.034000
2752.795850 12.788000 0.028000
2755.775580 12.883000 0.041000
2757.788500 12.793000 0.032000
2759.833190 12.920000 0.031000
2761.786390 12.919000 0.036000
2768.825460 13.069000 0.038000
2770.787940 13.142000 0.041000
2784.726960 13.266000 0.033000
2786.689950 13.477000 0.037000
2787.852290 13.346000 0.036000
2791.674160 13.437000 0.030000
2805.822080 13.466000 0.039000
2809.731560 13.842000 0.034000
2911.516740 14.162000 0.036000
2923.501740 13.617000 0.036000
2929.499500 13.497000 0.036000
3063.897000 12.030000 0.042000
3072.890150 12.267000 0.036000
3076.882340 12.221000 0.040000
3091.848600 12.677000 0.045000
3096.895530 12.875000 0.032000
3102.862710 13.010000 0.043000
3105.883590 13.305000 0.035000
3111.814950 13.358000 0.031000
3116.871170 13.527000 0.030000
3122.802040 13.643000 0.040000
3124.856140 13.532000 0.034000
3279.500800 13.856000 0.052000
3294.506170 13.628000 0.044000
3416.890730 12.128000 0.039000
3427.873290 12.448000 0.043000
3431.877650 12.628000 0.037000
3434.886160 12.644000 0.050000
3447.880450 13.039000 0.066000
3456.874890 13.256000 0.038000
3459.839210 13.313000 0.041000
3462.855120 13.354000 0.037000
3465.845230 13.472000 0.034000
3468.852960 13.555000 0.048000
3471.853620 13.702000 0.056000
3474.832520 13.909000 0.043000
3477.816040 13.852000 0.044000
3480.808290 13.943000 0.036000
3489.796160 14.222000 0.047000
3503.793530 14.180000 0.041000
3509.792050 14.346000 0.037000
3512.691810 14.285000 0.034000
3587.679060 14.689000 0.050000
3639.519100 13.975000 0.050000
3642.527310 14.233000 0.039000
3649.497230 13.833000 0.050000
3656.505370 13.426000 0.051000
3659.502480 13.202000 0.054000
3662.493050 13.198000 0.042000
3790.882920 13.083000 0.043000
3794.892170 13.184000 0.033000
3798.877930 13.308000 0.057000
3803.895560 13.546000 0.041000
3807.898150 13.406000 0.039000
3811.884340 13.510000 0.046000
3815.844670 13.512000 0.037000
3818.878170 13.874000 0.040000
3822.849710 13.909000 0.038000
3825.870430 13.538000 0.052000
3831.860700 13.885000 0.041000
3834.815610 14.004000 0.042000
3850.794950 14.412000 0.064000
3858.779850 14.620000 0.041000
3862.804900 14.350000 0.044000
3893.708040 14.722000 0.039000
4145.890540 12.981000 0.043000
4174.877690 13.735000 0.039000
4185.859820 14.059000 0.054000
4189.840920 14.217000 0.051000
4258.753500 14.741000 0.038000
4272.741510 14.941000 0.049000
4274.743150 14.673000 0.037000
4277.659200 14.749000 0.051000
4285.651310 14.658000 0.062000
4295.657500 14.458000 0.059000
4303.615950 14.610000 0.038000
4319.561550 14.481000 0.040000
4329.584330 14.095000 0.051000
4331.562330 13.634000 0.055000
4333.539160 13.553000 0.042000
4336.573710 13.474000 0.042000
4341.640670 13.491000 0.057000
4346.500560 13.376000 0.051000
4352.550310 13.327000 0.043000
4355.553740 13.278000 0.056000
4357.564720 13.244000 0.045000
4359.541070 13.165000 0.046000
4363.505760 13.122000 0.050000
4365.554720 12.982000 0.046000
4369.532080 12.872000 0.039000
4371.543970 13.001000 0.050000
4373.556640 12.975000 0.056000
4377.496160 13.034000 0.040000
4379.528890 13.167000 0.049000
4382.504630 12.967000 0.039000
4385.503840 12.993000 0.044000
4524.889730 14.100000 0.050000
4527.894260 14.175000 0.046000
4541.873910 14.345000 0.037000
4555.865290 14.397000 0.038000
4558.855570 14.607000 0.038000
4570.825820 15.116000 0.041000
4644.726640 14.904000 0.060000
4649.608340 14.296000 0.042000
4653.658210 14.430000 0.043000
4655.642100 14.565000 0.062000
4663.623910 14.262000 0.050000
4665.684050 14.039000 0.037000
4671.600730 13.902000 0.053000
4677.613900 13.674000 0.041000
4679.628660 13.685000 0.041000
4682.611530 14.050000 0.055000
4684.577360 13.617000 0.053000
4686.552530 13.755000 0.045000
4690.606240 13.788000 0.053000
4697.653340 13.620000 0.042000
4703.646950 13.393000 0.045000
4709.545300 13.372000 0.057000
4720.564570 13.245000 0.048000
4724.515400 13.010000 0.062000
4726.572870 13.181000 0.067000
4729.559850 13.040000 0.044000
4733.512130 12.898000 0.048000
4737.525970 12.852000 0.048000
4740.518100 12.695000 0.037000
4745.501250 12.726000 0.057000
4748.525950 12.413000 0.042000
4755.503510 12.167000 0.045000
4882.893920 13.633000 0.039000
4886.893610 13.933000 0.043000
4891.894680 14.263000 0.042000
4910.883890 14.755000 0.043000
5014.647670 14.083000 0.046000
5029.652680 13.898000 0.046000
1949.888870 12.838000 0.076000
1954.894630 12.434000 0.057000
1962.872700 11.874000 0.054000
1981.831400 11.230000 0.060000
2688.887650 11.706000 0.039000
2736.823630 12.398000 0.031000
2744.808450 12.588000 0.053000
3068.898640 12.041000 0.059000
3079.895850 12.360000 0.044000
3099.846920 12.953000 0.048000
3108.828560 13.007000 0.065000
3114.805720 13.271000 0.049000
3273.567110 13.754000 0.056000
3585.678890 14.605000 0.079000
3619.526560 14.262000 0.087000
3621.568680 14.450000 0.082000
3635.516380 13.872000 0.071000
3652.503920 13.412000 0.069000
3828.858370 13.997000 0.072000
3860.852150 14.623000 0.071000
4158.890460 13.343000 0.070000
4166.874070 13.600000 0.058000
4343.637590 13.227000 0.069000
4348.526640 13.295000 0.070000
4350.532680 13.418000 0.069000
4701.643480 13.606000 0.082000
4759.495880 12.130000 0.076000
4939.821720 13.611000 0.075000
5006.696720 14.242000 0.056000
5022.639490 14.123000 0.061000
5024.637210 13.670000 0.055000
5040.620660 13.720000 0.053000
5042.584790 13.684000 0.047000
5047.628370 13.518000 0.064000
5088.566010 13.006000 0.052000
5097.534960 12.833000 0.048000
5103.558860 12.434000 0.054000
2169.515210 29.999000 0.076000
2173.481840 29.999000 0.070000
2177.497170 29.999000 0.062000
2180.517150 29.999000 0.072000
2185.514170 29.999000 0.073000
2191.485890 29.999000 0.084000
2452.627670 29.999000 0.051000
2473.568490 29.999000 0.045000
2508.625900 29.999000 0.060000
2510.608840 29.999000 0.042000
2520.553030 29.999000 0.039000
2521.562440 29.999000 0.040000
2524.555630 29.999000 0.048000
2535.523860 29.999000 0.046000
2539.529590 29.999000 0.073000
2546.529850 29.999000 0.038000
2548.521100 29.999000 0.033000
2775.779030 29.999000 0.035000
2811.680840 29.999000 0.031000
2812.825530 29.999000 0.034000
2816.812750 29.999000 0.045000
2820.597090 29.999000 0.030000
2826.651430 29.999000 0.044000
2830.600600 29.999000 0.032000
2832.632500 29.999000 0.034000
2833.743350 29.999000 0.036000
2835.624080 29.999000 0.032000
2838.613740 29.999000 0.033000
2840.675770 29.999000 0.042000
2845.667850 29.999000 0.032000
2851.612330 29.999000 0.032000
2854.545800 29.999000 0.031000
2860.557640 29.999000 0.031000
2862.545940 29.999000 0.032000
2866.546500 29.999000 0.032000
2868.574770 29.999000 0.033000
2872.574430 29.999000 0.035000
2875.607970 29.999000 0.034000
2877.598660 29.999000 0.032000
2879.599300 29.999000 0.031000
2884.585380 29.999000 0.033000
2892.546240 29.999000 0.043000
2894.542830 29.999000 0.039000
2896.566120 29.999000 0.030000
2898.556680 29.999000 0.036000
2900.548670 29.999000 0.040000
2904.538260 29.999000 0.049000
2906.536590 29.999000 0.043000
2909.535370 29.999000 0.041000
2915.517040 29.999000 0.038000
2926.509640 29.999000 0.047000
2933.496240 29.999000 0.032000
3131.767240 29.999000 0.050000
3141.838090 29.999000 0.048000
3144.861070 29.999000 0.034000
3153.747380 29.999000 0.031000
3156.706650 29.999000 0.053000
3160.735590 29.999000 0.039000
3163.744120 29.999000 0.030000
3165.767510 29.999000 0.034000
3168.783140 29.999000 0.031000
3171.729430 29.999000 0.032000
3175.725050 29.999000 0.031000
3180.735240 29.999000 0.040000
3183.724210 29.999000 0.038000
3185.683870 29.999000 0.030000
3190.714990 29.999000 0.058000
3282.538630 29.999000 0.057000
3491.817390 29.999000 0.046000
3501.734450 29.999000 0.045000
3516.731800 29.999000 0.046000
3520.710790 29.999000 0.057000
3522.738370 29.999000 0.041000
3524.770130 29.999000 0.071000
3537.750650 29.999000 0.043000
3543.686100 29.999000 0.070000
3550.702600 29.999000 0.052000
3552.743670 29.999000 0.076000
3555.738080 29.999000 0.047000
3559.606320 29.999000 0.045000
3563.628100 29.999000 0.049000
3570.614770 29.999000 0.059000
3573.663200 29.999000 0.040000
3575.681050 29.999000 0.042000
3577.700830 29.999000 0.058000
3583.619320 29.999000 0.076000
3590.545390 29.999000 0.051000
3592.553650 29.999000 0.063000
3599.639310 29.999000 0.040000
3602.506950 29.999000 0.065000
3608.518820 29.999000 0.049000
3616.569620 29.999000 0.039000
3626.544990 29.999000 0.038000
3630.532040 29.999000 0.039000
3837.833530 29.999000 0.038000
3847.909530 29.999000 0.050000
3852.831130 29.999000 0.050000
3855.791550 29.999000 0.057000
3864.755860 29.999000 0.057000
3866.764820 29.999000 0.040000
3868.770030 29.999000 0.054000
3871.789660 29.999000 0.040000
3874.881920 29.999000 0.051000
3877.734700 29.999000 0.067000
3880.793130 29.999000 0.037000
3883.710950 29.999000 0.040000
3887.720520 29.999000 0.053000
3891.727770 29.999000 0.060000
3896.704730 29.999000 0.045000
3898.743560 29.999000 0.052000
3900.812170 29.999000 0.068000
3902.793880 29.999000 0.046000
3907.638430 29.999000 0.074000
3909.735870 29.999000 0.057000
4192.822370 29.999000 0.047000
4196.845680 29.999000 0.052000
4202.852880 29.999000 0.041000
4205.827050 29.999000 0.059000
4213.845910 29.999000 0.061000
4216.838480 29.999000 0.053000
4228.795650 29.999000 0.060000
4230.796850 29.999000 0.060000
4232.798080 29.999000 0.045000
4234.837140 29.999000 0.060000
4247.699440 29.999000 0.045000
4250.765540 29.999000 0.054000
4253.883620 29.999000 0.057000
4256.689170 29.999000 0.044000
4269.745800 29.999000 0.045000
4283.667760 29.999000 0.046000
4289.647440 29.999000 0.052000
4291.651940 29.999000 0.048000
4293.641620 29.999000 0.055000
4297.648670 29.999000 0.061000
4299.619450 29.999000 0.059000
4301.612080 29.999000 0.077000
4305.611870 29.999000 0.055000
4308.594040 29.999000 0.058000
4310.671040 29.999000 0.062000
4312.672810 29.999000 0.072000
4520.882910 29.999000 0.040000
4537.879810 29.999000 0.045000
4545.868010 29.999000 0.056000
4548.880640 29.999000 0.045000
4552.861940 29.999000 0.040000
4561.849950 29.999000 0.048000
4564.837680 29.999000 0.041000
4567.834770 29.999000 0.041000
4572.850790 29.999000 0.038000
4574.822880 29.999000 0.059000
4576.830790 29.999000 0.040000
4583.805320 29.999000 0.037000
4586.832560 29.999000 0.042000
4589.797510 29.999000 0.041000
4592.773450 29.999000 0.039000
4595.757620 29.999000 0.046000
4597.785790 29.999000 0.049000
4602.753020 29.999000 0.040000
4606.755500 29.999000 0.054000
4609.765860 29.999000 0.064000
4611.773970 29.999000 0.045000
4615.825290 29.999000 0.045000
4617.731240 29.999000 0.041000
4621.702590 29.999000 0.041000
4623.726000 29.999000 0.049000
4627.702750 29.999000 0.063000
4629.690210 29.999000 0.053000
4631.689170 29.999000 0.037000
4633.682570 29.999000 0.065000
4638.761610 29.999000 0.056000
4640.734490 29.999000 0.039000
4642.704640 29.999000 0.041000
4646.799330 29.999000 0.074000
4651.648890 29.999000 0.044000
4657.679520 29.999000 0.045000
4667.703740 29.999000 0.038000
4916.898230 29.999000 0.052000
4919.888250 29.999000 0.043000
4926.882910 29.999000 0.076000
4929.885370 29.999000 0.068000
4932.838840 29.999000 0.051000
4936.871260 29.999000 0.050000
4946.802160 29.999000 0.043000
4949.788430 29.999000 0.055000
4954.815480 29.999000 0.070000
4959.800450 29.999000 0.053000
4967.801250 29.999000 0.047000
4969.852960 29.999000 0.059000
4975.757340 29.999000 0.056000
4984.746210 29.999000 0.061000
5002.694600 29.999000 0.052000
5049.635650 29.999000 0.057000
