1907.851960 14.862000 0.043000
1926.864300 14.504000 0.044000
1937.826020 14.707000 0.045000
2026.668490 14.331000 0.069000
2027.660470 14.327000 0.047000
2030.642470 14.290000 0.044000
2031.664010 14.281000 0.041000
2032.642760 14.283000 0.042000
2053.535280 13.989000 0.062000
2054.607220 13.844000 0.069000
2068.575530 13.900000 0.068000
2070.570860 13.796000 0.068000
2081.542130 13.787000 0.057000
2083.535760 13.779000 0.052000
2085.540910 13.817000 0.051000
2086.542850 13.763000 0.065000
2088.537570 13.642000 0.061000
2093.509140 13.618000 0.058000
2102.495500 13.570000 0.057000
2106.494450 13.539000 0.056000
2115.471410 13.538000 0.056000
2117.491640 13.628000 0.053000
2124.555970 13.306000 0.066000
2128.511900 13.504000 0.053000
2130.542640 13.396000 0.057000
2132.536530 13.371000 0.055000
2134.537640 13.377000 0.062000
2136.529060 13.233000 0.055000
2142.528520 12.935000 0.057000
2144.511060 12.767000 0.057000
2158.477410 11.505000 0.063000
2545.507730 14.681000 0.037000
2548.485050 14.275000 0.042000
2624.851690 13.893000 0.037000
2630.848300 13.149000 0.036000
2635.845780 12.728000 0.041000
2639.845680 12.455000 0.036000
2643.839500 12.297000 0.037000
2646.843090 12.100000 0.036000
2650.826980 11.980000 0.036000
2657.836780 11.818000 0.039000
2660.802410 11.759000 0.042000
2663.810630 11.713000 0.040000
2669.848600 11.667000 0.042000
2672.868780 11.761000 0.041000
2677.828430 11.767000 0.042000
2684.813940 11.949000 0.036000
2686.815570 12.036000 0.038000
2688.819050 12.063000 0.042000
2690.802720 12.132000 0.042000
2693.808780 12.240000 0.038000
2696.801710 12.354000 0.042000
2699.749190 12.440000 0.038000
2701.775080 12.515000 0.042000
2703.768770 12.544000 0.044000
2705.761250 12.524000 0.042000
2707.760630 12.617000 0.041000
2709.746980 12.692000 0.047000
2711.739350 12.811000 0.049000
2717.827630 12.845000 0.041000
2720.682750 12.900000 0.036000
2722.736860 13.068000 0.038000
2724.756380 13.128000 0.043000
2726.766910 13.185000 0.041000
2728.762310 13.295000 0.041000
2730.760990 13.333000 0.043000
2733.754880 13.284000 0.045000
2735.753630 13.354000 0.040000
2737.701530 13.471000 0.040000
2739.739790 13.439000 0.039000
2741.700370 13.482000 0.040000
2743.680450 13.641000 0.042000
2750.868710 13.713000 0.043000
2755.651850 13.732000 0.036000
2757.639390 13.815000 0.044000
2759.698020 13.884000 0.041000
2764.695790 14.040000 0.041000
2766.772240 13.995000 0.039000
2786.853540 14.114000 0.043000
2853.559080 14.434000 0.036000
3011.841320 14.444000 0.038000
3017.822620 14.155000 0.038000
3025.866020 14.579000 0.034000
3030.852340 14.202000 0.037000
3034.817480 14.066000 0.037000
3054.846150 14.010000 0.034000
3061.795420 13.991000 0.034000
3064.808440 13.891000 0.039000
3075.870890 14.236000 0.037000
3078.766290 13.857000 0.037000
3087.816500 13.967000 0.036000
3090.729580 13.870000 0.038000
3096.792430 13.475000 0.037000
3098.772660 13.017000 0.037000
3100.770210 12.782000 0.037000
3102.773520 12.701000 0.036000
3104.826480 12.494000 0.037000
3106.822320 12.251000 0.035000
3108.854740 12.072000 0.034000
3111.677910 11.778000 0.034000
3113.725120 11.610000 0.036000
3115.732900 11.488000 0.036000
3122.681620 11.225000 0.033000
3124.720280 11.139000 0.035000
3126.672760 11.066000 0.039000
3128.669540 11.017000 0.048000
3130.709410 10.998000 0.038000
3132.730800 10.937000 0.037000
3134.733240 10.898000 0.035000
3142.743840 10.874000 0.035000
3146.557780 10.887000 0.041000
3154.567060 11.003000 0.032000
3158.762560 11.060000 0.038000
3165.810010 11.181000 0.046000
3169.514650 11.316000 0.035000
3175.767930 11.559000 0.036000
3178.556230 11.581000 0.036000
3180.667710 11.663000 0.036000
3183.640370 11.728000 0.035000
3185.633940 11.771000 0.040000
3187.656900 11.854000 0.039000
3190.675000 11.926000 0.064000
3434.784010 14.571000 0.056000
3490.813050 14.209000 0.049000
3496.798930 14.318000 0.039000
3511.669250 14.520000 0.042000
3517.743460 14.236000 0.040000
3561.564310 13.863000 0.046000
3563.569770 14.161000 0.040000
3576.613510 13.611000 0.037000
3578.617880 13.676000 0.048000
3584.613840 12.994000 0.067000
3586.633180 12.822000 0.064000
3591.544020 12.676000 0.055000
3593.546670 12.486000 0.046000
3601.578860 12.271000 0.040000
3603.584760 12.085000 0.037000
3606.586310 12.084000 0.041000
3618.525870 11.918000 0.056000
3620.548970 11.929000 0.050000
3629.479100 12.007000 0.044000
3629.481700 12.021000 0.056000
3629.484960 11.972000 0.050000
3629.487510 11.873000 0.061000
3629.489990 12.004000 0.042000
3629.492510 11.983000 0.044000
3629.494940 11.914000 0.041000
3629.497370 12.037000 0.043000
3629.499880 11.972000 0.043000
3629.502380 11.993000 0.041000
3629.504910 12.019000 0.039000
3629.507440 12.089000 0.039000
3629.509970 11.991000 0.043000
3629.512470 11.971000 0.039000
3629.518050 11.995000 0.039000
3629.523900 12.029000 0.040000
3629.529220 12.057000 0.042000
3629.532050 11.996000 0.040000
3629.534240 12.015000 0.044000
3629.549330 12.081000 0.046000
3632.497300 12.066000 0.050000
3641.503530 12.064000 0.041000
3644.498510 12.200000 0.050000
3650.486970 12.228000 0.041000
3726.855940 13.678000 0.062000
3738.851140 13.713000 0.052000
3757.843780 14.141000 0.056000
3773.810630 14.330000 0.056000
3794.831060 14.102000 0.048000
4104.860450 11.862000 0.054000
4109.865490 11.906000 0.049000
4128.821210 12.068000 0.039000
4131.865690 12.113000 0.045000
4134.873280 12.053000 0.051000
4141.830230 12.317000 0.035000
4144.860270 12.335000 0.039000
4152.825320 12.466000 0.035000
4155.820600 12.559000 0.063000
4158.806760 12.506000 0.052000
4161.783970 12.676000 0.042000
4164.776930 12.697000 0.056000
4167.784090 12.687000 0.036000
4173.839480 12.794000 0.037000
4176.761610 13.030000 0.053000
4179.805930 12.912000 0.036000
4182.740390 12.856000 0.046000
4184.809060 12.990000 0.044000
4188.751270 12.980000 0.033000
4190.791560 12.998000 0.035000
4192.780260 13.057000 0.035000
4194.784500 13.040000 0.042000
4197.808460 13.396000 0.039000
4200.741600 13.171000 0.034000
4203.752690 13.095000 0.035000
4205.752620 13.309000 0.036000
4208.842550 13.235000 0.038000
4215.708440 13.559000 0.038000
4227.760310 13.597000 0.038000
4229.762070 13.504000 0.040000
4231.765350 13.793000 0.041000
4233.764830 13.628000 0.032000
4235.784480 13.487000 0.040000
4238.596690 13.793000 0.039000
4246.694580 13.915000 0.034000
4258.548940 13.980000 0.033000
4268.577720 14.071000 0.048000
4278.608500 14.150000 0.034000
4310.671660 14.129000 0.044000
4462.855450 13.448000 0.047000
4466.845690 13.423000 0.050000
4482.854140 13.700000 0.041000
4486.833050 13.503000 0.040000
4490.831690 13.513000 0.041000
4494.809800 13.583000 0.041000
4498.856200 13.727000 0.044000
4501.848290 13.777000 0.062000
4505.811650 13.635000 0.037000
4508.877300 13.571000 0.036000
4511.860070 13.408000 0.036000
4516.761360 13.575000 0.046000
4518.823100 13.347000 0.035000
4521.813990 13.222000 0.042000
4524.803020 12.946000 0.034000
4526.875870 12.668000 0.038000
4529.790270 12.389000 0.031000
4532.786610 11.980000 0.034000
4536.748580 11.687000 0.034000
4539.758050 11.402000 0.055000
4541.847920 11.253000 0.033000
4546.798710 10.985000 0.038000
4548.800860 10.930000 0.036000
4551.726090 10.859000 0.042000
4555.838770 10.824000 0.036000
4558.714760 10.806000 0.040000
4560.766350 10.814000 0.049000
4563.695220 10.854000 0.038000
4565.762070 10.867000 0.032000
4567.815420 10.893000 0.032000
4570.674690 10.947000 0.033000
4572.713510 10.923000 0.036000
4574.703820 10.981000 0.037000
4576.730290 11.026000 0.036000
4583.665160 11.192000 0.033000
4586.695080 11.266000 0.037000
4588.745670 11.598000 0.054000
4590.803020 11.360000 0.038000
4593.641370 11.380000 0.035000
4595.666080 11.438000 0.033000
4597.669330 11.464000 0.035000
4599.754030 11.531000 0.035000
4601.677160 11.541000 0.034000
4603.700760 11.587000 0.037000
4607.745800 11.860000 0.046000
4610.577080 11.772000 0.042000
4612.638520 11.896000 0.041000
4617.633900 12.208000 0.040000
4620.643030 12.079000 0.037000
4622.814030 12.151000 0.046000
4630.664580 12.244000 0.033000
4632.670300 12.392000 0.035000
4639.742720 12.483000 0.037000
4641.741740 12.498000 0.037000
4643.740750 12.739000 0.045000
4645.768930 12.578000 0.060000
4648.574290 12.693000 0.044000
4650.650270 12.600000 0.042000
4652.670280 12.736000 0.035000
4654.650500 12.816000 0.042000
4656.628050 12.741000 0.039000
4658.673420 12.964000 0.043000
4661.561410 12.836000 0.046000
4663.639090 12.903000 0.054000
4665.695180 13.005000 0.048000
4669.539650 13.147000 0.036000
4671.616050 13.046000 0.036000
4677.629150 13.177000 0.062000
4679.641530 13.121000 0.052000
4682.624030 13.111000 0.066000
4684.607560 13.366000 0.064000
4686.565320 13.227000 0.062000
4690.589880 13.287000 0.056000
4698.574540 13.181000 0.051000
4700.578120 13.469000 0.064000
4702.592200 13.391000 0.054000
4704.582190 13.561000 0.063000
4707.582090 13.485000 0.043000
4856.858900 14.418000 0.038000
4879.849600 13.991000 0.035000
4882.830090 14.223000 0.035000
4885.828820 13.994000 0.045000
4888.813060 14.093000 0.044000
4891.807400 14.146000 0.044000
4915.808250 13.527000 0.045000
4918.739940 13.455000 0.045000
4921.731280 13.220000 0.049000
4927.857800 13.274000 0.056000
4937.751530 13.158000 0.046000
4939.832300 13.215000 0.047000
4945.659460 13.203000 0.044000
4947.730390 13.220000 0.041000
4949.743270 13.459000 0.047000
4951.836500 13.197000 0.044000
4954.625390 13.367000 0.045000
4960.704400 13.575000 0.044000
4972.758300 13.463000 0.041000
4985.619240 13.242000 0.044000
4989.690120 13.166000 0.046000
4991.714610 13.458000 0.046000
4994.742930 13.006000 0.042000
5013.610760 11.812000 0.048000
5015.622350 11.849000 0.046000
5018.681940 11.560000 0.054000
5024.691480 11.313000 0.058000
5037.667810 11.076000 0.046000
5039.618360 11.121000 0.048000
5041.599790 11.122000 0.044000
5048.624420 11.198000 0.048000
5071.570820 11.918000 0.063000
5085.529980 11.888000 0.049000
5099.513560 12.323000 0.049000
5111.486430 12.519000 0.046000
2051.649450 13.818000 0.074000
2055.591140 13.773000 0.076000
2056.604060 13.690000 0.078000
2067.585450 13.849000 0.073000
2069.580400 13.824000 0.070000
2079.535560 13.973000 0.073000
2094.526410 13.601000 0.077000
2096.517310 13.630000 0.076000
2173.494940 10.924000 0.070000
2679.837300 11.863000 0.051000
3597.597540 12.325000 0.076000
3635.489070 12.159000 0.050000
3742.849730 14.122000 0.072000
3750.844050 14.065000 0.074000
4967.693140 13.309000 0.072000
4969.707130 13.435000 0.073000
4987.651640 13.332000 0.048000
5022.686710 11.301000 0.055000
5069.541830 11.520000 0.048000
5088.525950 12.060000 0.052000
1903.842280 29.999000 0.067000
1905.855490 29.999000 0.057000
1914.808340 29.999000 0.059000
1919.814560 29.999000 0.059000
1921.813600 29.999000 0.048000
1924.877660 29.999000 0.047000
1925.867870 29.999000 0.046000
1929.805440 29.999000 0.048000
1932.800970 29.999000 0.046000
1935.757080 29.999000 0.042000
1939.828810 29.999000 0.045000
1946.754080 29.999000 0.056000
1948.792880 29.999000 0.053000
1950.761380 29.999000 0.043000
1953.782530 29.999000 0.051000
1955.812100 29.999000 0.048000
1958.820350 29.999000 0.059000
1961.803890 29.999000 0.054000
1963.741560 29.999000 0.051000
1964.810520 29.999000 0.051000
1965.810800 29.999000 0.050000
1966.848180 29.999000 0.053000
1968.733620 29.999000 0.053000
1976.832780 29.999000 0.059000
1977.761010 29.999000 0.059000
1980.726810 29.999000 0.066000
1981.747600 29.999000 0.061000
1982.745740 29.999000 0.056000
1984.751730 29.999000 0.064000
1985.749520 29.999000 0.060000
1985.879480 29.999000 0.067000
1993.786990 29.999000 0.066000
1995.675310 29.999000 0.066000
1996.722620 29.999000 0.065000
1997.727490 29.999000 0.063000
1998.720580 29.999000 0.068000
2000.716630 29.999000 0.069000
2025.693310 29.999000 0.046000
2033.628350 29.999000 0.046000
2037.641760 29.999000 0.070000
2040.635880 29.999000 0.073000
2440.561970 29.999000 0.049000
2441.565360 29.999000 0.046000
2442.559530 29.999000 0.050000
2443.557000 29.999000 0.049000
2452.521860 29.999000 0.058000
2454.540710 29.999000 0.049000
2456.518470 29.999000 0.052000
2459.518540 29.999000 0.049000
2464.506790 29.999000 0.055000
2466.498400 29.999000 0.052000
2473.488290 29.999000 0.062000
2476.486070 29.999000 0.065000
2481.467910 29.999000 0.065000
2490.502660 29.999000 0.046000
2493.512210 29.999000 0.050000
2495.531430 29.999000 0.058000
2497.527850 29.999000 0.041000
2499.493740 29.999000 0.043000
2501.496580 29.999000 0.064000
2502.544660 29.999000 0.056000
2503.553800 29.999000 0.060000
2508.519810 29.999000 0.040000
2511.553490 29.999000 0.055000
2512.589600 29.999000 0.047000
2521.530930 29.999000 0.052000
2524.526870 29.999000 0.049000
2529.519340 29.999000 0.076000
2540.505780 29.999000 0.076000
2553.487040 29.999000 0.049000
2744.813130 29.999000 0.043000
2761.632830 29.999000 0.048000
2770.664090 29.999000 0.040000
2775.791930 29.999000 0.038000
2783.618880 29.999000 0.050000
2785.625980 29.999000 0.047000
2791.724470 29.999000 0.040000
2809.639860 29.999000 0.044000
2810.780460 29.999000 0.038000
2812.589810 29.999000 0.043000
2813.758170 29.999000 0.043000
2819.688870 29.999000 0.038000
2821.673440 29.999000 0.042000
2830.577500 29.999000 0.047000
2833.657460 29.999000 0.048000
2840.591170 29.999000 0.035000
2845.577980 29.999000 0.035000
2855.552710 29.999000 0.036000
2860.588330 29.999000 0.033000
2862.565350 29.999000 0.034000
2867.500480 29.999000 0.043000
2874.568060 29.999000 0.046000
2878.565800 29.999000 0.035000
2882.538160 29.999000 0.042000
2884.543560 29.999000 0.038000
2885.574250 29.999000 0.035000
2894.497430 29.999000 0.041000
2896.531040 29.999000 0.039000
2898.524760 29.999000 0.045000
2900.519750 29.999000 0.041000
2904.511740 29.999000 0.049000
2906.507550 29.999000 0.034000
2909.511110 29.999000 0.037000
2912.506130 29.999000 0.037000
2995.851340 29.999000 0.037000
3003.857940 29.999000 0.036000
3007.839220 29.999000 0.039000
3041.833290 29.999000 0.036000
3051.838220 29.999000 0.034000
3070.855580 29.999000 0.037000
3073.774510 29.999000 0.037000
3085.815110 29.999000 0.039000
3092.796230 29.999000 0.043000
3384.853800 29.999000 0.051000
3388.825980 29.999000 0.039000
3392.852550 29.999000 0.048000
3395.862350 29.999000 0.040000
3399.811310 29.999000 0.044000
3402.853430 29.999000 0.036000
3405.842190 29.999000 0.051000
3411.839270 29.999000 0.044000
3414.843690 29.999000 0.043000
3417.849990 29.999000 0.053000
3426.776210 29.999000 0.070000
3431.859070 29.999000 0.053000
3438.796810 29.999000 0.051000
3442.791370 29.999000 0.045000
3444.816500 29.999000 0.046000
3447.757920 29.999000 0.039000
3454.795570 29.999000 0.039000
3456.792760 29.999000 0.048000
3458.812160 29.999000 0.038000
3461.714580 29.999000 0.047000
3463.796520 29.999000 0.034000
3466.713480 29.999000 0.045000
3469.755570 29.999000 0.032000
3471.773570 29.999000 0.032000
3474.678840 29.999000 0.049000
3476.753760 29.999000 0.037000
3478.728940 29.999000 0.041000
3480.734910 29.999000 0.048000
3482.727640 29.999000 0.052000
3484.761490 29.999000 0.059000
3487.880640 29.999000 0.047000
3502.619520 29.999000 0.046000
3509.605590 29.999000 0.035000
3525.671980 29.999000 0.078000
3538.694750 29.999000 0.042000
3540.690990 29.999000 0.051000
3543.667810 29.999000 0.047000
3550.692330 29.999000 0.041000
3559.536650 29.999000 0.054000
3570.655610 29.999000 0.039000
3574.585090 29.999000 0.034000
3734.859140 29.999000 0.052000
3760.858390 29.999000 0.079000
3764.821820 29.999000 0.070000
3769.819280 29.999000 0.059000
3781.807120 29.999000 0.044000
3788.885940 29.999000 0.047000
3791.829630 29.999000 0.048000
3797.800590 29.999000 0.047000
3800.796950 29.999000 0.044000
3803.788910 29.999000 0.048000
3806.767040 29.999000 0.049000
3809.790650 29.999000 0.047000
3812.759000 29.999000 0.053000
3815.749330 29.999000 0.052000
3817.810370 29.999000 0.044000
3820.733270 29.999000 0.054000
3822.801220 29.999000 0.047000
3825.715300 29.999000 0.045000
3827.791080 29.999000 0.041000
3830.706500 29.999000 0.049000
3832.751490 29.999000 0.053000
3834.743190 29.999000 0.048000
3836.752060 29.999000 0.049000
3848.753630 29.999000 0.046000
3850.765850 29.999000 0.044000
3852.808510 29.999000 0.039000
3859.721390 29.999000 0.039000
3861.711570 29.999000 0.038000
3867.699470 29.999000 0.046000
3869.723390 29.999000 0.038000
3871.713870 29.999000 0.045000
3874.803250 29.999000 0.039000
3877.590760 29.999000 0.049000
3880.634170 29.999000 0.046000
3882.680050 29.999000 0.044000
3887.619620 29.999000 0.043000
3889.622100 29.999000 0.043000
3891.599740 29.999000 0.043000
3893.602780 29.999000 0.042000
3896.663270 29.999000 0.052000
3898.699330 29.999000 0.039000
3900.710470 29.999000 0.044000
3902.725220 29.999000 0.038000
3904.752780 29.999000 0.045000
3906.749510 29.999000 0.041000
3909.690110 29.999000 0.035000
3913.692190 29.999000 0.047000
4250.590890 29.999000 0.037000
4253.749150 29.999000 0.039000
4255.789670 29.999000 0.043000
4273.641400 29.999000 0.034000
4276.561480 29.999000 0.040000
4283.747830 29.999000 0.040000
4285.732570 29.999000 0.040000
4289.727090 29.999000 0.038000
4291.728330 29.999000 0.038000
4293.717020 29.999000 0.037000
4296.469420 29.999000 0.036000
4298.505760 29.999000 0.036000
4300.486240 29.999000 0.040000
4302.589820 29.999000 0.051000
4304.533590 29.999000 0.034000
4306.552100 29.999000 0.035000
4308.594720 29.999000 0.051000
4312.674230 29.999000 0.054000
4315.671570 29.999000 0.038000
4319.562290 29.999000 0.037000
4330.600880 29.999000 0.050000
4332.599940 29.999000 0.058000
4334.589410 29.999000 0.041000
4339.502100 29.999000 0.036000
4341.562310 29.999000 0.036000
4343.564150 29.999000 0.039000
4345.580570 29.999000 0.038000
4348.499520 29.999000 0.044000
4350.512130 29.999000 0.039000
4352.533890 29.999000 0.035000
4355.536620 29.999000 0.042000
4357.539120 29.999000 0.036000
4359.530390 29.999000 0.040000
4361.529000 29.999000 0.037000
4364.522530 29.999000 0.038000
4369.500690 29.999000 0.041000
4372.495390 29.999000 0.048000
4376.490140 29.999000 0.036000
4380.486260 29.999000 0.042000
4470.853880 29.999000 0.058000
4478.851640 29.999000 0.049000
4722.512520 29.999000 0.047000
4726.508580 29.999000 0.062000
4729.501460 29.999000 0.050000
4731.527300 29.999000 0.065000
4740.493890 29.999000 0.035000
4743.498760 29.999000 0.047000
4821.856280 29.999000 0.043000
4829.848010 29.999000 0.037000
4833.848010 29.999000 0.040000
4837.836410 29.999000 0.039000
4845.865790 29.999000 0.041000
4849.822460 29.999000 0.038000
4852.858500 29.999000 0.033000
4861.846080 29.999000 0.054000
4865.835650 29.999000 0.051000
4869.823010 29.999000 0.039000
4872.840310 29.999000 0.042000
4876.833410 29.999000 0.042000
4904.842500 29.999000 0.052000
4907.760860 29.999000 0.048000
4962.868940 29.999000 0.046000
4974.840170 29.999000 0.050000
