2025.709360 12.825000 0.056000
2026.739740 12.874000 0.053000
2027.737010 12.855000 0.060000
2030.724800 12.746000 0.050000
2031.737300 12.736000 0.056000
2032.719900 12.624000 0.050000
2033.709580 12.578000 0.057000
2052.679430 11.885000 0.066000
2058.669450 11.476000 0.050000
2081.618640 11.125000 0.055000
2085.607180 11.154000 0.046000
2093.535790 11.347000 0.066000
2102.559830 11.501000 0.057000
2103.579490 11.496000 0.061000
2104.581640 11.493000 0.051000
2105.571810 11.539000 0.065000
2106.578240 11.550000 0.059000
2109.571030 11.619000 0.055000
2115.533520 11.759000 0.053000
2116.543740 11.858000 0.055000
2117.540350 11.805000 0.056000
2124.517830 11.976000 0.060000
2125.534310 12.046000 0.058000
2128.520040 12.149000 0.060000
2129.552910 12.145000 0.060000
2135.500010 12.311000 0.063000
2140.492350 12.317000 0.053000
2142.520580 12.490000 0.061000
2144.489050 12.483000 0.063000
2440.631700 10.961000 0.035000
2442.628140 11.043000 0.041000
2445.607950 11.077000 0.036000
2452.592880 11.246000 0.050000
2454.605420 11.258000 0.044000
2459.551760 11.439000 0.051000
2460.610130 11.387000 0.036000
2463.584730 11.402000 0.044000
2465.585120 11.505000 0.045000
2466.576750 11.445000 0.044000
2468.576320 11.527000 0.036000
2469.572830 11.629000 0.046000
2473.524360 11.630000 0.046000
2495.516820 12.299000 0.052000
2499.520150 12.328000 0.040000
2502.562000 12.556000 0.044000
2503.566690 12.389000 0.048000
2508.667710 12.670000 0.038000
2510.639770 12.713000 0.045000
2520.564680 13.129000 0.037000
2524.567030 13.543000 0.053000
2526.602400 13.565000 0.049000
2535.560970 13.729000 0.055000
2545.482710 14.023000 0.046000
2547.490620 14.414000 0.050000
2709.838350 14.228000 0.041000
2725.802480 13.704000 0.038000
2734.767600 13.743000 0.038000
2736.761410 13.328000 0.036000
2740.782620 13.195000 0.037000
2742.759200 13.341000 0.039000
2755.738530 13.074000 0.038000
2759.798340 12.912000 0.036000
2761.747020 12.932000 0.046000
2763.723140 13.000000 0.038000
2766.819080 12.663000 0.039000
2782.753830 12.105000 0.040000
2784.698760 12.042000 0.037000
2786.636020 11.982000 0.037000
2787.789970 11.886000 0.038000
2790.910730 11.830000 0.042000
2805.835520 11.711000 0.047000
2812.625340 11.731000 0.039000
2813.795390 11.745000 0.049000
2821.568450 11.776000 0.036000
2826.615540 11.973000 0.030000
2830.727880 12.021000 0.036000
2832.583170 12.086000 0.035000
2833.703410 12.041000 0.038000
2838.588500 12.225000 0.031000
2845.632220 12.389000 0.032000
2851.731320 12.555000 0.033000
2854.531220 12.799000 0.030000
2858.562550 12.819000 0.032000
2859.639340 12.883000 0.035000
2860.720100 12.899000 0.036000
2867.699860 13.126000 0.042000
2874.709470 13.231000 0.038000
2876.629440 13.419000 0.039000
2883.549310 13.478000 0.040000
2885.537120 13.876000 0.040000
2888.562050 13.827000 0.041000
2893.518070 13.933000 0.049000
2895.528460 14.009000 0.044000
2906.607870 14.411000 0.037000
3060.854100 13.855000 0.039000
3064.843810 13.594000 0.039000
3074.876630 13.483000 0.036000
3080.868430 13.377000 0.038000
3085.906420 13.158000 0.037000
3091.826840 13.038000 0.038000
3096.879820 12.956000 0.039000
3098.859220 12.936000 0.039000
3101.808730 12.891000 0.038000
3104.787340 12.852000 0.038000
3106.850600 12.825000 0.039000
3109.775760 12.744000 0.036000
3112.764040 12.852000 0.035000
3114.823840 12.688000 0.045000
3122.760930 12.640000 0.035000
3124.813790 12.587000 0.036000
3126.796770 12.692000 0.041000
3128.779800 12.616000 0.040000
3130.777250 12.561000 0.040000
3132.808200 12.589000 0.039000
3134.858680 12.485000 0.043000
3144.712400 12.337000 0.035000
3153.722340 12.160000 0.037000
3156.671820 12.036000 0.040000
3158.755020 11.967000 0.039000
3163.774000 11.801000 0.039000
3165.802390 11.733000 0.045000
3171.741500 11.626000 0.041000
3175.742360 11.632000 0.038000
3178.607340 11.531000 0.037000
3180.705020 11.532000 0.038000
3183.696760 11.509000 0.037000
3185.663600 11.475000 0.044000
3187.700160 11.472000 0.039000
3219.498850 11.897000 0.045000
3427.859870 13.912000 0.057000
3430.852310 13.930000 0.066000
3433.856050 13.698000 0.064000
3448.849000 13.742000 0.062000
1935.871310 13.868000 0.041000
1946.885040 13.765000 0.052000
2560.558410 14.017000 0.051000
2671.851960 13.848000 0.040000
2699.828120 13.755000 0.038000
2711.848220 13.671000 0.037000
2750.866200 13.481000 0.042000
2752.758150 13.274000 0.038000
2757.742250 13.290000 0.041000
2910.486350 13.933000 0.040000
2933.533780 13.772000 0.043000
3036.863100 13.905000 0.040000
3405.879930 13.969000 0.052000
1964.814060 13.711000 0.046000
2464.583730 11.513000 0.042000
2489.531760 12.033000 0.048000
2490.535710 12.118000 0.047000
2493.529470 12.280000 0.046000
2723.807400 13.715000 0.040000
2732.815170 13.141000 0.040000
2744.754710 13.731000 0.038000
2809.740060 11.812000 0.045000
2862.612410 13.104000 0.040000
2927.512740 14.022000 0.037000
3088.842680 12.176000 0.037000
3118.775330 12.768000 0.049000
2037.681820 12.453000 0.083000
2053.697480 11.672000 0.067000
2054.688880 11.611000 0.078000
2055.673290 11.617000 0.070000
2056.674520 11.574000 0.075000
2057.670330 11.533000 0.077000
2068.637250 11.172000 0.071000
2069.646610 11.252000 0.073000
2070.639190 11.152000 0.071000
2080.534360 11.154000 0.080000
2082.634320 11.132000 0.067000
2086.610820 11.235000 0.067000
2087.606170 11.121000 0.070000
2088.604940 11.271000 0.069000
2094.572850 11.281000 0.077000
2096.582120 11.283000 0.075000
2131.490570 12.248000 0.070000
2151.490580 12.770000 0.074000
2481.530090 11.880000 0.054000
2482.551550 11.934000 0.056000
2775.757050 12.411000 0.046000
2842.619770 12.502000 0.056000
2878.621940 13.746000 0.060000
3160.791200 11.904000 0.047000
3168.807940 11.749000 0.055000
2529.538920 13.505000 0.070000
2696.879840 13.505000 0.054000
2491.535660 12.242000 0.059000
2501.518430 12.724000 0.061000
1953.845870 29.999000 0.045000
1962.800190 29.999000 0.053000
1966.813860 29.999000 0.048000
1976.908210 29.999000 0.053000
1981.797550 29.999000 0.050000
1983.907970 29.999000 0.053000
1996.807250 29.999000 0.057000
1998.811120 29.999000 0.063000
2000.808440 29.999000 0.060000
2552.489330 29.999000 0.056000
2558.530710 29.999000 0.043000
2559.543940 29.999000 0.045000
2561.557820 29.999000 0.041000
2563.537300 29.999000 0.042000
2565.519770 29.999000 0.048000
2578.509700 29.999000 0.045000
2663.857100 29.999000 0.045000
2666.866680 29.999000 0.047000
2678.848570 29.999000 0.037000
2681.848570 29.999000 0.038000
2684.840480 29.999000 0.042000
2693.836680 29.999000 0.042000
2713.828780 29.999000 0.036000
2721.813170 29.999000 0.043000
2912.514090 29.999000 0.041000
3052.873550 29.999000 0.037000
3056.846370 29.999000 0.041000
3071.865760 29.999000 0.037000
1932.876220 29.999000 0.045000
1938.856180 29.999000 0.043000
1979.752690 29.999000 0.059000
1980.773690 29.999000 0.062000
1984.819770 29.999000 0.056000
1995.810730 29.999000 0.062000
2008.716540 29.999000 0.064000
2016.769880 29.999000 0.059000
2566.538540 29.999000 0.055000
2660.859360 29.999000 0.045000
2707.837630 29.999000 0.045000
2715.830690 29.999000 0.037000
2719.814770 29.999000 0.039000
2901.532640 29.999000 0.056000
2915.540410 29.999000 0.044000
2921.565280 29.999000 0.039000
2923.562660 29.999000 0.040000
2929.525670 29.999000 0.040000
2931.529880 29.999000 0.039000
2935.535080 29.999000 0.044000
3032.873680 29.999000 0.045000
3043.828390 29.999000 0.043000
1949.845770 29.999000 0.047000
1958.899020 29.999000 0.056000
1982.772440 29.999000 0.050000
1985.827770 29.999000 0.052000
2511.688570 29.999000 0.056000
2519.561020 29.999000 0.065000
2689.858720 29.999000 0.038000
2702.852520 29.999000 0.036000
2705.809320 29.999000 0.041000
2727.804130 29.999000 0.037000
3452.807470 29.999000 0.062000
3443.849700 13.692000 0.046000
3446.859880 13.689000 0.050000
3453.778380 13.574000 0.060000
3462.811460 13.498000 0.051000
3465.827000 13.297000 0.047000
3468.833870 13.311000 0.043000
3471.807060 13.373000 0.043000
3474.810560 13.102000 0.041000
3477.798710 13.438000 0.051000
3481.817660 13.176000 0.043000
3492.821500 13.038000 0.043000
3496.805450 12.907000 0.045000
3512.714090 12.440000 0.037000
3516.766750 12.262000 0.044000
3520.704440 12.164000 0.057000
3522.732110 11.926000 0.050000
3524.761650 11.854000 0.050000
3526.782960 11.747000 0.054000
3554.738910 11.033000 0.039000
3564.617710 11.295000 0.042000
3573.660400 11.571000 0.035000
3592.537200 12.342000 0.050000
3790.860640 13.722000 0.062000
3794.871820 13.448000 0.061000
3797.889450 13.449000 0.054000
3806.838720 13.206000 0.054000
3809.870030 13.244000 0.049000
3820.858070 13.240000 0.049000
3823.883800 13.093000 0.055000
3826.882150 13.000000 0.045000
3829.838880 13.307000 0.053000
3835.814480 13.096000 0.056000
3847.852880 12.900000 0.059000
3849.853340 12.909000 0.051000
3852.776230 12.673000 0.041000
3860.819300 12.532000 0.042000
3864.741880 12.304000 0.049000
3866.733610 12.522000 0.047000
3871.786690 11.945000 0.046000
3877.708430 11.616000 0.045000
3880.759250 11.440000 0.043000
3883.697300 11.212000 0.044000
3887.714120 11.044000 0.042000
3891.730760 10.851000 0.041000
3893.699960 10.790000 0.038000
4173.882220 14.117000 0.051000
4176.875090 13.577000 0.046000
4180.833150 13.350000 0.042000
4183.861070 13.868000 0.048000
4190.838180 13.398000 0.037000
4193.816790 13.125000 0.041000
4197.820680 13.267000 0.048000
4202.825930 12.970000 0.038000
4204.872600 12.955000 0.035000
4212.847710 12.912000 0.040000
4215.848120 12.771000 0.035000
4228.798430 12.505000 0.035000
4230.799690 12.421000 0.034000
4232.800930 12.304000 0.037000
4234.840890 12.274000 0.037000
4245.687620 11.773000 0.045000
4247.679280 11.616000 0.043000
4250.757770 11.440000 0.036000
4269.638760 11.112000 0.043000
4272.689290 11.106000 0.036000
4274.679910 11.099000 0.035000
4277.646390 11.079000 0.036000
4283.664930 11.125000 0.038000
4284.811710 11.060000 0.062000
4290.784570 11.289000 0.038000
4292.759370 11.321000 0.045000
4296.783310 11.484000 0.045000
4298.773280 11.484000 0.054000
4300.739720 11.557000 0.048000
4302.771600 11.557000 0.042000
4304.634310 11.695000 0.042000
4308.591380 11.719000 0.042000
4310.667540 11.852000 0.040000
4315.663780 12.071000 0.034000
4319.558140 12.059000 0.036000
4329.550530 12.338000 0.043000
4331.549000 12.547000 0.034000
4333.536690 12.660000 0.042000
4336.570460 12.764000 0.038000
4338.720130 12.845000 0.045000
4341.545910 12.920000 0.040000
4343.556650 12.999000 0.042000
4345.575220 13.013000 0.045000
4347.577300 13.019000 0.042000
4349.575170 13.187000 0.051000
4351.577900 13.098000 0.042000
4353.670050 13.076000 0.034000
4356.510840 13.425000 0.048000
4358.517600 13.610000 0.043000
4360.503400 13.418000 0.041000
4363.514220 13.514000 0.033000
4368.611630 13.776000 0.037000
4531.838450 14.330000 0.053000
4543.822970 14.040000 0.045000
4546.832670 14.224000 0.041000
4555.796360 13.753000 0.040000
4558.836440 13.551000 0.036000
4561.826480 13.739000 0.044000
4564.813870 13.599000 0.038000
4567.804890 13.493000 0.040000
4570.797140 13.477000 0.038000
4572.847040 13.484000 0.035000
4574.800500 13.321000 0.054000
4576.827020 14.122000 0.045000
4583.801520 13.363000 0.034000
4586.826980 13.493000 0.037000
4589.764510 13.466000 0.042000
4592.740650 13.430000 0.045000
4594.822540 13.437000 0.034000
4597.725160 13.094000 0.037000
4602.734290 13.033000 0.053000
4606.751580 12.761000 0.041000
4609.703660 12.744000 0.038000
4611.748990 12.600000 0.038000
4617.727280 12.268000 0.036000
4623.732180 11.919000 0.037000
4627.695690 11.787000 0.039000
4629.673400 11.690000 0.035000
4631.685290 11.646000 0.038000
4633.662940 11.540000 0.042000
4638.744500 11.451000 0.038000
4640.711330 11.449000 0.035000
4642.684840 11.446000 0.035000
4644.704330 11.395000 0.038000
4646.716430 11.496000 0.048000
4653.588260 11.503000 0.035000
4655.622530 11.548000 0.040000
4657.661410 11.605000 0.039000
4660.612420 11.718000 0.045000
4663.620240 11.783000 0.045000
4664.764920 12.219000 0.039000
4666.759940 11.896000 0.037000
4672.711420 11.945000 0.056000
4681.658720 12.324000 0.049000
4683.658130 12.362000 0.057000
4685.639090 12.481000 0.039000
4687.594450 12.616000 0.052000
4690.545830 12.618000 0.035000
4697.640160 12.781000 0.035000
4701.632960 12.992000 0.047000
4703.634790 13.356000 0.057000
4705.666280 13.113000 0.052000
4715.610040 13.117000 0.045000
4720.559540 13.381000 0.040000
4728.578430 13.323000 0.050000
4741.509780 13.934000 0.043000
4882.875990 14.150000 0.043000
4886.858820 13.854000 0.054000
4890.872280 13.549000 0.045000
4904.880610 13.272000 0.047000
4907.866930 13.178000 0.050000
4916.811320 13.164000 0.058000
4919.849980 13.165000 0.051000
4937.796100 12.796000 0.054000
4939.863900 12.932000 0.050000
4946.775200 12.909000 0.054000
4951.789170 12.766000 0.048000
4954.747310 12.745000 0.057000
4967.807680 12.074000 0.049000
4969.871680 11.902000 0.049000
4975.760150 11.623000 0.050000
5006.692990 10.422000 0.051000
5012.695800 10.510000 0.046000
5014.643830 10.467000 0.047000
5021.734360 10.587000 0.053000
5023.739700 10.682000 0.043000
5031.606930 10.890000 0.042000
5042.581180 11.195000 0.045000
5048.774630 11.449000 0.047000
5075.635110 12.534000 0.051000
5083.621800 12.707000 0.051000
5087.640330 13.120000 0.052000
5092.622890 13.220000 0.045000
3449.859980 13.658000 0.049000
3504.775970 13.065000 0.067000
3562.570290 11.083000 0.082000
3813.828930 13.254000 0.080000
3817.838330 13.214000 0.072000
3832.828790 12.998000 0.068000
3858.757770 12.540000 0.072000
4208.807390 13.392000 0.074000
4648.759720 11.526000 0.077000
4650.820960 11.440000 0.063000
4678.728800 12.022000 0.068000
4708.619610 13.160000 0.069000
4730.617810 13.670000 0.071000
4924.908110 12.832000 0.053000
4928.887460 12.909000 0.052000
4931.825830 12.814000 0.057000
4984.742280 10.991000 0.051000
4988.712920 10.846000 0.051000
4990.757890 10.731000 0.055000
5002.690770 10.464000 0.051000
5019.704060 10.612000 0.052000
5040.594340 11.162000 0.050000
5047.601810 11.303000 0.053000
5067.612780 12.263000 0.059000
5069.610110 12.406000 0.072000
5099.540000 13.430000 0.060000
3404.869600 29.999000 0.059000
3408.870180 29.999000 0.052000
3416.863520 29.999000 0.041000
3420.855960 29.999000 0.052000
3427.840390 29.999000 0.081000
3436.892050 29.999000 0.045000
3455.824630 29.999000 0.061000
3759.868440 29.999000 0.051000
3774.869710 29.999000 0.054000
3802.874840 29.999000 0.060000
4133.873520 29.999000 0.066000
4141.873880 29.999000 0.057000
4145.868140 29.999000 0.045000
4151.876700 29.999000 0.046000
4155.871360 29.999000 0.068000
4158.879420 29.999000 0.076000
4162.849010 29.999000 0.049000
4166.847300 29.999000 0.053000
4187.877530 29.999000 0.039000
4365.557520 29.999000 0.037000
4376.545560 29.999000 0.039000
4378.568920 29.999000 0.043000
4380.597160 29.999000 0.042000
4383.551980 29.999000 0.038000
4386.533450 29.999000 0.034000
4392.522590 29.999000 0.042000
4400.518740 29.999000 0.049000
4407.512300 29.999000 0.042000
4411.506900 29.999000 0.044000
4502.872530 29.999000 0.053000
4506.870420 29.999000 0.049000
4510.865930 29.999000 0.054000
4517.892960 29.999000 0.042000
4521.857200 29.999000 0.045000
4524.878160 29.999000 0.036000
4527.875270 29.999000 0.047000
4535.900830 29.999000 0.037000
4539.839970 29.999000 0.050000
4550.822900 29.999000 0.049000
4710.638090 29.999000 0.065000
4722.603710 29.999000 0.063000
4725.622120 29.999000 0.076000
4733.625640 29.999000 0.060000
4738.516720 29.999000 0.039000
4745.509630 29.999000 0.060000
4747.543960 29.999000 0.063000
4750.567260 29.999000 0.060000
4753.557460 29.999000 0.050000
4756.533920 29.999000 0.059000
4759.525720 29.999000 0.057000
4762.524610 29.999000 0.044000
4765.520220 29.999000 0.039000
4768.515570 29.999000 0.043000
4772.498470 29.999000 0.040000
4776.516670 29.999000 0.061000
4852.869340 29.999000 0.046000
4869.880920 29.999000 0.066000
4877.874740 29.999000 0.040000
5097.513310 29.999000 0.051000
5106.499070 29.999000 0.053000
5111.537990 29.999000 0.064000
2156.520920 12.960000 0.059000
2171.495910 13.441000 0.063000
2178.539400 13.692000 0.060000
2185.483410 14.026000 0.061000
2197.492380 14.296000 0.065000
3438.849910 13.744000 0.051000
3445.846300 13.607000 0.064000
3462.806130 13.504000 0.051000
3467.819460 13.410000 0.042000
3476.777640 13.141000 0.062000
3478.810070 13.290000 0.055000
3491.795340 13.197000 0.051000
3497.801280 13.037000 0.046000
3506.767210 12.809000 0.036000
3509.751620 12.686000 0.044000
3517.793780 12.161000 0.055000
3523.720510 11.951000 0.050000
3525.753140 11.799000 0.051000
3538.667280 11.049000 0.050000
3540.668150 11.008000 0.056000
3542.804810 10.919000 0.056000
3544.764170 10.962000 0.059000
3547.827620 10.894000 0.058000
3551.813830 10.942000 0.055000
3558.599330 11.135000 0.053000
3560.605490 11.196000 0.057000
3562.604870 11.205000 0.059000
3564.591280 11.235000 0.041000
3570.578500 11.473000 0.044000
3573.642730 11.586000 0.041000
3575.657390 11.641000 0.039000
3587.660010 12.009000 0.046000
3594.578700 12.326000 0.048000
3602.642210 12.584000 0.044000
3609.482200 13.153000 0.056000
3616.538880 13.302000 0.046000
3620.630470 13.214000 0.065000
3625.605840 13.160000 0.049000
3633.538780 13.387000 0.048000
3639.565220 14.084000 0.045000
3642.568920 13.798000 0.042000
3646.552870 14.121000 0.037000
3654.535890 14.396000 0.045000
3789.848090 13.836000 0.055000
3796.833830 13.710000 0.054000
3800.873200 13.641000 0.053000
3808.819630 13.198000 0.054000
3817.848170 13.437000 0.066000
3820.821230 13.297000 0.057000
3826.817650 13.124000 0.051000
3829.808020 13.423000 0.053000
3834.819280 13.217000 0.051000
3836.846220 13.121000 0.049000
3847.817140 12.834000 0.058000
3852.739610 13.059000 0.059000
3862.700400 12.479000 0.060000
3864.694140 12.456000 0.052000
3870.757570 12.084000 0.046000
3875.854380 11.768000 0.050000
3900.617000 10.753000 0.051000
3902.668480 10.717000 0.046000
3904.692920 10.754000 0.051000
3908.762690 10.836000 0.050000
3912.710460 10.888000 0.048000
4191.772480 13.356000 0.040000
4203.784340 12.960000 0.056000
4258.694340 11.206000 0.038000
4274.655910 11.175000 0.038000
4290.773090 11.286000 0.039000
4302.706370 11.578000 0.043000
4309.669050 11.891000 0.058000
4311.707830 11.872000 0.053000
4314.742830 11.965000 0.039000
4317.556740 12.067000 0.048000
4331.545850 12.600000 0.037000
4336.513470 12.841000 0.035000
4339.605790 12.930000 0.047000
4341.608350 12.765000 0.040000
4343.615290 12.760000 0.065000
4351.628190 13.395000 0.060000
4354.587980 13.198000 0.042000
4364.585870 13.651000 0.035000
4378.540200 14.056000 0.047000
4538.859400 14.101000 0.045000
4541.857170 14.074000 0.047000
4559.794700 13.637000 0.042000
4572.792850 13.526000 0.037000
4580.811270 13.574000 0.045000
4585.748360 13.586000 0.035000
4592.827370 13.605000 0.039000
4594.775500 13.186000 0.036000
4607.816640 12.788000 0.047000
4610.670110 12.723000 0.050000
4624.652950 11.984000 0.043000
4626.602780 11.831000 0.040000
4630.671220 11.730000 0.040000
4640.634890 11.597000 0.038000
4642.636460 11.478000 0.038000
4671.625950 12.013000 0.039000
4679.651720 12.296000 0.040000
4684.621970 12.333000 0.056000
4698.635860 12.734000 0.052000
4720.556330 13.526000 0.061000
4881.866550 13.841000 0.044000
4917.846230 13.137000 0.051000
4938.825820 12.658000 0.057000
4959.774130 12.478000 0.053000
4969.817430 11.963000 0.055000
4992.862610 10.732000 0.052000
5014.612690 10.514000 0.049000
5031.577500 10.882000 0.043000
5090.510890 12.971000 0.048000
2167.476160 13.454000 0.060000
3442.873380 13.681000 0.044000
3459.776450 13.400000 0.056000
3464.902300 13.454000 0.052000
3470.792210 13.759000 0.045000
3473.781600 13.240000 0.047000
3480.837990 13.424000 0.050000
3501.672120 12.930000 0.056000
3503.754900 13.031000 0.045000
3511.815390 12.625000 0.046000
3515.788410 12.426000 0.041000
3521.715740 12.084000 0.057000
3554.757280 11.059000 0.046000
3577.687030 11.712000 0.052000
3628.594290 13.730000 0.038000
3772.857600 13.755000 0.057000
3811.896850 12.963000 0.053000
3814.867860 13.084000 0.047000
3832.778960 13.102000 0.055000
3849.799750 12.877000 0.045000
3860.771500 12.411000 0.049000
3866.681930 12.303000 0.049000
3868.742960 12.198000 0.051000
3872.753600 12.010000 0.049000
3881.726320 11.370000 0.051000
3886.707250 11.089000 0.045000
3890.699070 10.928000 0.044000
3892.696950 10.829000 0.056000
3894.689860 10.835000 0.042000
4193.849110 13.444000 0.039000
4196.843410 12.913000 0.045000
4199.796980 13.072000 0.055000
4205.842180 13.067000 0.061000
4213.815090 12.853000 0.042000
4216.805920 12.685000 0.037000
4228.777390 12.589000 0.043000
4230.775140 12.391000 0.037000
4232.773560 12.360000 0.055000
4234.813330 12.194000 0.038000
4246.716020 11.699000 0.039000
4250.709420 11.482000 0.039000
4253.781230 11.420000 0.038000
4256.641190 11.297000 0.037000
4266.780930 11.121000 0.037000
4269.607020 11.117000 0.037000
4272.651800 11.100000 0.037000
4283.629070 11.143000 0.043000
4292.744450 11.350000 0.034000
4296.754990 11.483000 0.044000
4298.755790 11.492000 0.039000
4300.664020 11.539000 0.064000
4304.631350 11.668000 0.036000
4307.655570 11.710000 0.047000
4329.547400 12.628000 0.041000
4347.626540 13.128000 0.057000
4349.627950 13.112000 0.066000
4356.606880 13.511000 0.045000
4358.590340 13.426000 0.042000
4360.573470 13.602000 0.038000
4362.606100 13.495000 0.035000
4368.561640 13.652000 0.042000
4376.517460 14.494000 0.042000
4523.851720 14.029000 0.037000
4535.882120 13.797000 0.049000
4547.832860 13.596000 0.046000
4562.786560 13.681000 0.041000
4567.787970 13.779000 0.042000
4570.766780 13.452000 0.040000
4574.782210 13.388000 0.042000
4576.786460 13.602000 0.045000
4590.726070 13.276000 0.043000
4596.806390 13.168000 0.036000
4599.696910 13.145000 0.044000
4601.742310 13.024000 0.039000
4603.747550 13.062000 0.037000
4616.726550 12.334000 0.037000
4618.731640 12.304000 0.045000
4632.674570 11.545000 0.046000
4637.824600 11.584000 0.044000
4644.654950 11.473000 0.042000
4646.644030 11.458000 0.051000
4648.670120 11.432000 0.054000
4652.742710 11.530000 0.041000
4654.730240 11.576000 0.052000
4656.674280 11.596000 0.043000
4658.714710 11.667000 0.042000
4661.578860 11.743000 0.045000
4663.659840 11.692000 0.064000
4665.709560 11.938000 0.055000
4669.550730 12.143000 0.039000
4677.639910 12.198000 0.048000
4682.633180 12.605000 0.048000
4686.578080 12.547000 0.043000
4691.630640 12.641000 0.060000
4694.678880 12.633000 0.055000
4702.643100 12.991000 0.041000
4704.637450 13.053000 0.061000
4706.667120 13.137000 0.040000
4722.600530 13.624000 0.063000
4947.736160 12.650000 0.055000
4949.823300 12.779000 0.053000
4954.781320 12.620000 0.052000
4967.779440 12.067000 0.053000
5012.645610 10.489000 0.049000
5021.723420 10.663000 0.047000
5023.725300 10.724000 0.047000
5042.569010 11.215000 0.051000
5047.598690 11.452000 0.051000
5092.614210 13.036000 0.056000
2193.488730 14.139000 0.067000
3457.771360 13.468000 0.069000
3489.759870 13.316000 0.067000
3585.639510 12.059000 0.070000
3589.692780 12.225000 0.070000
3792.887800 13.247000 0.064000
3823.818890 13.249000 0.072000
4284.794080 11.194000 0.067000
4345.621970 13.284000 0.068000
4621.866370 12.142000 0.062000
4700.633460 12.950000 0.068000
4709.623480 13.110000 0.068000
4885.848550 13.643000 0.065000
4906.810630 13.523000 0.058000
4924.866000 12.799000 0.056000
4928.859270 13.059000 0.055000
4988.696580 10.847000 0.054000
5040.581270 11.138000 0.049000
5075.615010 12.510000 0.057000
5087.628490 13.140000 0.058000
3529.884450 11.546000 0.070000
4286.783410 11.156000 0.065000
4650.717140 11.550000 0.067000
4890.840880 13.329000 0.054000
4902.887930 13.320000 0.058000
4920.816700 13.172000 0.057000
4952.722130 12.651000 0.060000
4973.638680 11.759000 0.062000
4975.727760 11.595000 0.055000
5002.657380 10.462000 0.054000
5006.658010 10.417000 0.052000
5009.612850 10.470000 0.056000
5019.695140 10.583000 0.056000
5049.613340 11.542000 0.051000
5067.609540 12.268000 0.057000
5083.610840 12.987000 0.059000
1954.830510 29.999000 0.051000
1955.840430 29.999000 0.045000
2189.487280 29.999000 0.062000
3398.861250 29.999000 0.065000
3402.873660 29.999000 0.051000
3409.852360 29.999000 0.048000
3424.864720 29.999000 0.054000
3427.862520 29.999000 0.052000
3430.858730 29.999000 0.056000
3597.628720 29.999000 0.056000
3631.519080 29.999000 0.046000
3649.519540 29.999000 0.050000
3652.506350 29.999000 0.050000
3660.507120 29.999000 0.047000
3662.529840 29.999000 0.057000
3673.502100 29.999000 0.048000
3763.875580 29.999000 0.053000
3767.872600 29.999000 0.052000
4128.870040 29.999000 0.056000
4144.855630 29.999000 0.060000
4161.828950 29.999000 0.051000
4178.845100 29.999000 0.056000
4184.829020 29.999000 0.046000
4188.836990 29.999000 0.039000
4381.518090 29.999000 0.047000
4384.514650 29.999000 0.036000
4387.496270 29.999000 0.038000
4516.869140 29.999000 0.053000
4520.837450 29.999000 0.057000
4550.852850 29.999000 0.047000
4564.868000 29.999000 0.057000
4587.788370 29.999000 0.042000
4728.575190 29.999000 0.048000
4731.515070 29.999000 0.064000
4738.571150 29.999000 0.046000
4741.548270 29.999000 0.056000
4750.524780 29.999000 0.063000
4753.536290 29.999000 0.064000
4756.515020 29.999000 0.049000
4759.503930 29.999000 0.050000
4762.505070 29.999000 0.057000
4765.500670 29.999000 0.047000
4768.498490 29.999000 0.068000
2203.504340 29.999000 0.065000
3405.882340 29.999000 0.049000
3421.840270 29.999000 0.053000
3454.878740 29.999000 0.070000
3484.832380 29.999000 0.054000
3657.547200 29.999000 0.053000
3665.516100 29.999000 0.050000
3669.515070 29.999000 0.040000
3754.871000 29.999000 0.061000
3758.860520 29.999000 0.050000
3783.888590 29.999000 0.055000
3804.818270 29.999000 0.054000
4132.864350 29.999000 0.062000
4151.845690 29.999000 0.057000
4164.882600 29.999000 0.057000
4172.864860 29.999000 0.050000
4181.867950 29.999000 0.056000
4372.583830 29.999000 0.054000
4392.526200 29.999000 0.045000
4402.496230 29.999000 0.054000
4488.866680 29.999000 0.050000
4493.864610 29.999000 0.046000
4504.861200 29.999000 0.042000
4508.854360 29.999000 0.048000
4527.842800 29.999000 0.047000
4530.873660 29.999000 0.048000
4865.874660 29.999000 0.072000
4869.867520 29.999000 0.058000
4877.842260 29.999000 0.043000
5099.536750 29.999000 0.051000
5124.515240 29.999000 0.065000
