1981.808490 12.768000 0.051000
1982.778820 12.822000 0.052000
1985.834280 12.502000 0.050000
2025.736780 11.807000 0.048000
2027.759640 11.853000 0.052000
2030.751100 11.911000 0.056000
2103.595940 14.455000 0.060000
2467.598120 13.678000 0.033000
2468.595070 13.505000 0.034000
2481.546500 13.125000 0.055000
2482.582930 12.794000 0.055000
2486.556980 12.463000 0.054000
2495.553080 12.055000 0.049000
2497.548090 11.964000 0.043000
2499.531980 11.879000 0.040000
2503.571920 11.907000 0.047000
2508.672810 11.814000 0.039000
2510.647660 11.843000 0.044000
2520.545930 11.926000 0.034000
2521.555350 11.983000 0.050000
2524.551190 12.117000 0.061000
2526.588470 12.059000 0.058000
2535.514790 12.537000 0.043000
2543.622320 13.074000 0.043000
2544.545050 13.066000 0.060000
2549.555760 13.304000 0.051000
2723.839170 13.821000 0.041000
2725.838010 14.023000 0.038000
2727.830580 13.749000 0.038000
2732.843690 13.465000 0.039000
2734.799080 13.240000 0.038000
2738.815590 12.898000 0.039000
2747.873030 12.417000 0.047000
2755.761460 11.971000 0.038000
2757.774290 11.907000 0.038000
2761.774570 11.840000 0.040000
2763.762060 11.815000 0.045000
2775.787850 11.887000 0.039000
2782.768560 12.050000 0.043000
2784.715060 12.146000 0.039000
2786.668040 12.223000 0.042000
2787.813560 12.288000 0.041000
2791.640680 12.468000 0.040000
2802.835370 12.864000 0.059000
2808.711380 13.586000 0.038000
2810.620790 13.604000 0.038000
2820.699130 14.299000 0.034000
3053.874220 13.017000 0.040000
3057.893300 13.421000 0.037000
3066.883410 13.695000 0.037000
3069.863700 13.591000 0.045000
3077.821890 14.138000 0.039000
3471.807060 14.132000 0.043000
3487.794520 12.343000 0.047000
3512.714090 11.972000 0.037000
3516.766750 12.128000 0.044000
3524.761650 12.385000 0.050000
3528.823870 12.484000 0.048000
3537.732880 12.862000 0.050000
3544.743440 13.131000 0.057000
3547.790050 13.151000 0.048000
3554.738910 13.328000 0.039000
3564.617710 13.916000 0.042000
3585.642670 14.453000 0.054000
3809.870030 12.730000 0.049000
3820.858070 13.562000 0.049000
3823.883800 13.795000 0.055000
3981.507010 13.866000 0.050000
4232.800930 12.395000 0.037000
4247.679280 11.261000 0.043000
4250.757770 11.192000 0.036000
4256.670140 11.149000 0.034000
4266.783510 11.367000 0.034000
4269.638760 11.471000 0.043000
4272.689290 11.584000 0.036000
4277.646390 11.714000 0.036000
4283.664930 11.978000 0.038000
4284.811710 11.997000 0.062000
4308.591380 13.442000 0.042000
4315.663780 13.599000 0.034000
4319.558140 13.982000 0.036000
4502.872530 11.686000 0.053000
4517.892960 11.773000 0.042000
4524.878160 12.093000 0.036000
4527.875270 12.294000 0.047000
4539.839970 12.706000 0.050000
4543.822970 13.043000 0.045000
4555.796360 13.707000 0.040000
4558.836440 13.744000 0.036000
4690.545830 14.227000 0.035000
4720.559540 13.210000 0.040000
4741.509780 11.748000 0.043000
4753.557460 11.315000 0.050000
4759.525720 11.266000 0.057000
4762.524610 11.258000 0.044000
4765.520220 11.293000 0.039000
4768.515570 11.350000 0.043000
4772.498470 11.478000 0.040000
5012.695800 11.595000 0.046000
5014.643830 11.616000 0.047000
5021.734360 11.794000 0.053000
5048.774630 12.920000 0.047000
1984.791570 12.518000 0.052000
1994.763420 11.942000 0.058000
2031.757730 12.042000 0.059000
2032.742600 12.025000 0.053000
2033.740440 12.039000 0.056000
2085.625700 13.998000 0.054000
2102.578460 14.726000 0.058000
2463.601260 14.020000 0.044000
2464.602460 13.983000 0.040000
2466.599930 13.995000 0.042000
2473.549980 13.150000 0.045000
2489.548210 12.195000 0.049000
2491.547620 12.202000 0.057000
2493.545990 12.034000 0.047000
2494.551520 11.988000 0.048000
2498.536270 11.924000 0.044000
2502.567220 11.889000 0.044000
2545.589480 13.102000 0.045000
2560.560840 14.028000 0.052000
2561.563510 13.756000 0.046000
2563.539700 14.202000 0.044000
2566.540910 14.283000 0.054000
2729.820370 13.754000 0.040000
2736.798110 13.030000 0.042000
2740.798480 12.794000 0.039000
2742.790560 12.865000 0.043000
2744.781460 12.456000 0.039000
2751.695740 12.075000 0.040000
2759.825880 11.854000 0.038000
2770.776140 11.825000 0.047000
2804.677410 13.313000 0.040000
2811.796010 13.636000 0.041000
3061.894620 13.400000 0.037000
3124.853010 14.545000 0.037000
3294.541410 11.797000 0.051000
3477.798710 13.394000 0.051000
3481.817660 12.785000 0.043000
3492.821500 12.015000 0.043000
3496.805450 11.959000 0.045000
3508.807930 11.927000 0.035000
3520.704440 12.242000 0.057000
3522.732110 12.287000 0.050000
3526.782960 12.387000 0.054000
3556.837670 13.528000 0.044000
3570.611090 13.935000 0.038000
3573.660400 13.980000 0.035000
3583.585570 14.518000 0.057000
3759.868440 11.382000 0.051000
3774.869710 11.429000 0.054000
3790.860640 11.868000 0.062000
3794.871820 12.070000 0.061000
3797.889450 12.141000 0.054000
3802.874840 12.581000 0.060000
3806.838720 12.690000 0.054000
3826.882150 13.887000 0.045000
3829.838880 13.919000 0.053000
4228.798430 12.713000 0.035000
4230.799690 12.596000 0.034000
4234.840890 12.175000 0.037000
4245.687620 11.386000 0.045000
4253.879830 11.081000 0.046000
4258.745090 11.130000 0.034000
4274.679910 11.597000 0.035000
4290.784570 12.336000 0.038000
4292.759370 12.436000 0.045000
4296.783310 12.458000 0.045000
4298.773280 12.764000 0.054000
4300.739720 12.787000 0.048000
4302.771600 12.939000 0.042000
4304.634310 13.112000 0.042000
4310.667540 13.350000 0.040000
4506.870420 11.689000 0.049000
4510.865930 11.589000 0.054000
4521.857200 11.912000 0.045000
4531.838450 12.335000 0.053000
4535.900830 12.620000 0.037000
4546.832670 13.184000 0.041000
4561.826480 13.924000 0.044000
4572.847040 14.198000 0.035000
4728.578430 12.502000 0.050000
4733.625640 12.288000 0.060000
4738.516720 11.981000 0.039000
4745.509630 11.604000 0.060000
4750.567260 11.364000 0.060000
4756.533920 11.214000 0.059000
4776.516670 11.489000 0.061000
4951.789170 14.409000 0.048000
4975.760150 12.977000 0.050000
5006.692990 11.525000 0.051000
5023.739700 11.894000 0.043000
5031.606930 12.176000 0.042000
5042.581180 12.611000 0.045000
1980.800330 12.969000 0.058000
2037.700750 12.135000 0.069000
2052.702230 12.831000 0.075000
2054.705360 12.957000 0.081000
2056.695090 13.067000 0.076000
2058.690060 13.120000 0.074000
2061.684480 13.169000 0.070000
2068.651220 13.547000 0.071000
2069.667330 13.603000 0.075000
2070.659920 13.643000 0.071000
2080.564440 14.036000 0.080000
2081.637200 14.049000 0.063000
2083.632670 14.065000 0.075000
2106.594680 14.484000 0.063000
2131.537040 14.536000 0.066000
2490.564300 12.227000 0.062000
3479.861830 13.041000 0.091000
3504.775970 11.900000 0.067000
3510.834480 11.939000 0.057000
3551.774180 13.316000 0.076000
3562.570290 13.785000 0.082000
4730.617810 12.475000 0.071000
4984.742280 12.114000 0.051000
4988.712920 11.955000 0.051000
5002.690770 11.533000 0.051000
5040.594340 12.650000 0.050000
5047.601810 12.912000 0.053000
1979.791850 12.909000 0.058000
1995.830830 11.696000 0.067000
2008.736920 11.437000 0.063000
2016.811420 11.478000 0.064000
2055.693850 13.006000 0.072000
2057.686450 13.037000 0.073000
2067.634910 13.462000 0.076000
2082.650670 14.093000 0.066000
2086.631640 14.102000 0.065000
3813.828930 12.938000 0.080000
3817.838330 13.310000 0.072000
3832.828790 14.307000 0.068000
4722.603710 13.167000 0.063000
4725.622120 12.875000 0.076000
4747.543960 11.463000 0.063000
4990.757890 11.841000 0.055000
5019.704060 11.682000 0.052000
5067.612780 14.335000 0.059000
1939.880390 29.999000 0.043000
1949.865790 29.999000 0.052000
1953.838570 29.999000 0.043000
1955.848810 29.999000 0.045000
1963.846440 29.999000 0.045000
1965.839840 29.999000 0.041000
2087.622540 29.999000 0.077000
2094.584210 29.999000 0.069000
2109.585190 29.999000 0.054000
2115.552170 29.999000 0.051000
2128.534220 29.999000 0.056000
2129.544440 29.999000 0.064000
2132.549820 29.999000 0.060000
2205.517300 29.999000 0.069000
2441.649190 29.999000 0.033000
2443.640860 29.999000 0.038000
2452.609240 29.999000 0.052000
2465.603870 29.999000 0.043000
2469.591510 29.999000 0.043000
2558.533150 29.999000 0.044000
2678.871560 29.999000 0.041000
2685.850540 29.999000 0.041000
2692.862600 29.999000 0.042000
2697.883830 29.999000 0.040000
2706.823670 29.999000 0.038000
2714.839120 29.999000 0.038000
2831.733480 29.999000 0.039000
2832.773930 29.999000 0.039000
2835.732400 29.999000 0.040000
2838.723050 29.999000 0.034000
2845.741340 29.999000 0.033000
2851.580970 29.999000 0.032000
2855.617850 29.999000 0.032000
2858.668850 29.999000 0.038000
2876.632300 29.999000 0.045000
2883.552120 29.999000 0.039000
2893.596380 29.999000 0.044000
2897.602120 29.999000 0.042000
2904.624870 29.999000 0.050000
2912.519240 29.999000 0.042000
2915.545530 29.999000 0.040000
2930.562120 29.999000 0.042000
2934.557420 29.999000 0.040000
2940.502550 29.999000 0.048000
2945.527400 29.999000 0.043000
2950.500710 29.999000 0.042000
3086.878330 29.999000 0.037000
3096.905560 29.999000 0.037000
3108.805050 29.999000 0.039000
3128.814870 29.999000 0.041000
3130.823670 29.999000 0.038000
3157.803300 29.999000 0.048000
3172.785230 29.999000 0.044000
3178.784850 29.999000 0.045000
3189.761270 29.999000 0.043000
3404.869600 29.999000 0.059000
3408.870180 29.999000 0.052000
3416.863520 29.999000 0.041000
3420.855960 29.999000 0.052000
3436.892050 29.999000 0.045000
3455.824630 29.999000 0.061000
3457.879650 29.999000 0.059000
3468.833870 29.999000 0.043000
3603.668300 29.999000 0.037000
3628.597480 29.999000 0.038000
3631.522390 29.999000 0.043000
3852.776230 29.999000 0.041000
3858.757770 29.999000 0.072000
3860.819300 29.999000 0.042000
3864.741880 29.999000 0.049000
3866.733610 29.999000 0.047000
3868.767060 29.999000 0.072000
3871.786690 29.999000 0.046000
3877.708430 29.999000 0.045000
3887.714120 29.999000 0.042000
3891.730760 29.999000 0.041000
3893.699960 29.999000 0.038000
3900.805270 29.999000 0.043000
3902.790100 29.999000 0.039000
3904.811870 29.999000 0.082000
3906.861700 29.999000 0.072000
3909.697940 29.999000 0.054000
3913.700830 29.999000 0.056000
4133.873520 29.999000 0.066000
4141.873880 29.999000 0.057000
4151.876700 29.999000 0.046000
4158.879420 29.999000 0.076000
4162.849010 29.999000 0.049000
4166.847300 29.999000 0.053000
4183.861070 29.999000 0.048000
4190.838180 29.999000 0.037000
4197.820680 29.999000 0.048000
4202.825930 29.999000 0.038000
4208.807390 29.999000 0.074000
4212.847710 29.999000 0.040000
4215.848120 29.999000 0.035000
4331.549000 29.999000 0.034000
4341.545910 29.999000 0.040000
4347.577300 29.999000 0.042000
4567.804890 29.999000 0.040000
4574.800500 29.999000 0.054000
4576.827020 29.999000 0.045000
4583.801520 29.999000 0.034000
4589.764510 29.999000 0.042000
4592.740650 29.999000 0.045000
4597.725160 29.999000 0.037000
4602.734290 29.999000 0.053000
4606.751580 29.999000 0.041000
4609.703660 29.999000 0.038000
4611.748990 29.999000 0.038000
4617.727280 29.999000 0.036000
4623.732180 29.999000 0.037000
4627.695690 29.999000 0.039000
4629.673400 29.999000 0.035000
4631.685290 29.999000 0.038000
4633.662940 29.999000 0.042000
4638.744500 29.999000 0.038000
4640.711330 29.999000 0.035000
4642.684840 29.999000 0.035000
4644.704330 29.999000 0.038000
4646.716430 29.999000 0.048000
4648.759720 29.999000 0.077000
4650.820960 29.999000 0.063000
4653.588260 29.999000 0.035000
4657.661410 29.999000 0.039000
4660.612420 29.999000 0.045000
4663.620240 29.999000 0.045000
4664.764920 29.999000 0.039000
4666.759940 29.999000 0.037000
4678.728800 29.999000 0.068000
4683.658130 29.999000 0.057000
4685.639090 29.999000 0.039000
4687.594450 29.999000 0.052000
4701.632960 29.999000 0.047000
4703.634790 29.999000 0.057000
4705.666280 29.999000 0.052000
4710.638090 29.999000 0.065000
4715.610040 29.999000 0.045000
1961.864000 29.999000 0.052000
1967.839380 29.999000 0.045000
1977.773790 29.999000 0.051000
2088.623530 29.999000 0.073000
2104.595850 29.999000 0.055000
2105.588210 29.999000 0.061000
2116.560130 29.999000 0.057000
2117.558980 29.999000 0.057000
2124.535000 29.999000 0.060000
2125.553010 29.999000 0.056000
2133.534590 29.999000 0.057000
2134.553530 29.999000 0.064000
2140.508690 29.999000 0.057000
2203.495600 29.999000 0.068000
2446.649800 29.999000 0.039000
2454.621770 29.999000 0.050000
2460.631330 29.999000 0.035000
2552.542430 29.999000 0.057000
2559.546380 29.999000 0.044000
2578.500190 29.999000 0.044000
2663.868650 29.999000 0.045000
2688.849910 29.999000 0.040000
2694.855610 29.999000 0.039000
2703.830330 29.999000 0.039000
2710.849890 29.999000 0.040000
2712.842280 29.999000 0.040000
2719.823640 29.999000 0.041000
2721.833660 29.999000 0.044000
2830.597970 29.999000 0.036000
2834.616300 29.999000 0.040000
2840.760450 29.999000 0.038000
2853.711560 29.999000 0.035000
2860.619100 29.999000 0.035000
2861.711210 29.999000 0.033000
2865.747970 29.999000 0.052000
2867.619150 29.999000 0.042000
2874.712300 29.999000 0.043000
2878.627520 29.999000 0.042000
2885.539900 29.999000 0.040000
2886.678970 29.999000 0.041000
2895.590820 29.999000 0.042000
2906.627770 29.999000 0.039000
2910.498280 29.999000 0.045000
2917.573360 29.999000 0.039000
2921.570790 29.999000 0.039000
2923.569870 29.999000 0.041000
2926.568390 29.999000 0.057000
2932.560430 29.999000 0.041000
2936.557170 29.999000 0.056000
2942.506370 29.999000 0.044000
2954.503180 29.999000 0.041000
3080.878240 29.999000 0.053000
3089.890760 29.999000 0.037000
3092.859120 29.999000 0.037000
3099.820290 29.999000 0.039000
3105.880610 29.999000 0.037000
3111.795960 29.999000 0.041000
3114.786020 29.999000 0.037000
3116.853550 29.999000 0.037000
3122.798960 29.999000 0.037000
3126.828280 29.999000 0.039000
3141.814210 29.999000 0.039000
3144.852390 29.999000 0.038000
3152.922740 29.999000 0.049000
3154.682040 29.999000 0.037000
3159.708360 29.999000 0.046000
3162.765120 29.999000 0.036000
3164.792390 29.999000 0.038000
3169.814540 29.999000 0.041000
3176.640570 29.999000 0.037000
3182.625260 29.999000 0.039000
3187.535990 29.999000 0.048000
3443.849700 29.999000 0.046000
3465.827000 29.999000 0.047000
3474.810560 29.999000 0.041000
3575.678290 29.999000 0.042000
3587.663050 29.999000 0.049000
3589.710030 29.999000 0.060000
3592.537200 29.999000 0.050000
3599.607730 29.999000 0.040000
3601.668920 29.999000 0.050000
3616.552310 29.999000 0.044000
3618.660940 29.999000 0.050000
3620.651200 29.999000 0.074000
3625.612120 29.999000 0.044000
3633.542910 29.999000 0.045000
3639.568420 29.999000 0.035000
3642.572430 29.999000 0.040000
3644.594700 29.999000 0.061000
3648.558290 29.999000 0.053000
3650.576750 29.999000 0.043000
3653.524760 29.999000 0.051000
3655.545260 29.999000 0.051000
3658.528270 29.999000 0.040000
3660.553050 29.999000 0.043000
3665.540010 29.999000 0.069000
3669.532740 29.999000 0.035000
3672.513890 29.999000 0.050000
3675.511710 29.999000 0.069000
3680.501410 29.999000 0.056000
3847.852880 29.999000 0.059000
3874.875960 29.999000 0.048000
3880.759250 29.999000 0.043000
3883.697300 29.999000 0.044000
3898.740630 29.999000 0.046000
4145.868140 29.999000 0.045000
4155.871360 29.999000 0.068000
4173.882220 29.999000 0.051000
4176.875090 29.999000 0.046000
4180.833150 29.999000 0.042000
4187.877530 29.999000 0.039000
4193.816790 29.999000 0.041000
4204.872600 29.999000 0.035000
4336.570460 29.999000 0.038000
4338.720130 29.999000 0.045000
4343.556650 29.999000 0.042000
4345.575220 29.999000 0.045000
4349.575170 29.999000 0.051000
4351.577900 29.999000 0.042000
4353.670050 29.999000 0.034000
4356.510840 29.999000 0.048000
4358.517600 29.999000 0.043000
4360.503400 29.999000 0.041000
4363.514220 29.999000 0.033000
4365.557520 29.999000 0.037000
4368.611630 29.999000 0.037000
4376.545560 29.999000 0.039000
4378.568920 29.999000 0.043000
4383.551980 29.999000 0.038000
4386.533450 29.999000 0.034000
4392.522590 29.999000 0.042000
4400.518740 29.999000 0.049000
4407.512300 29.999000 0.042000
4411.506900 29.999000 0.044000
4570.797140 29.999000 0.038000
4586.826980 29.999000 0.037000
4594.822540 29.999000 0.034000
4615.819010 29.999000 0.039000
4655.622530 29.999000 0.040000
4672.711420 29.999000 0.056000
4697.640160 29.999000 0.035000
4852.869340 29.999000 0.046000
4869.880920 29.999000 0.066000
4877.874740 29.999000 0.040000
4882.875990 29.999000 0.043000
4886.858820 29.999000 0.054000
4890.872280 29.999000 0.045000
4904.880610 29.999000 0.047000
4907.866930 29.999000 0.050000
4916.811320 29.999000 0.058000
4919.849980 29.999000 0.051000
4924.908110 29.999000 0.053000
4928.887460 29.999000 0.052000
4931.825830 29.999000 0.057000
4937.796100 29.999000 0.054000
4939.863900 29.999000 0.050000
4946.775200 29.999000 0.054000
4954.747310 29.999000 0.057000
4967.807680 29.999000 0.049000
4969.871680 29.999000 0.049000
5069.610110 29.999000 0.072000
5075.635110 29.999000 0.051000
5083.621800 29.999000 0.051000
5087.640330 29.999000 0.052000
5092.622890 29.999000 0.045000
5097.513310 29.999000 0.051000
5099.540000 29.999000 0.060000
5106.499070 29.999000 0.053000
5111.537990 29.999000 0.064000
2040.784550 12.403000 0.085000
1954.841460 29.999000 0.053000
2156.516820 29.999000 0.054000
2164.504770 29.999000 0.045000
2172.497490 29.999000 0.054000
2179.527990 29.999000 0.053000
2184.537500 29.999000 0.062000
2188.523010 29.999000 0.057000
2196.506720 29.999000 0.071000
3452.839440 29.999000 0.049000
