2151.542290 10.824000 0.055000
1920.871060 11.055000 0.050000
1922.859580 11.059000 0.048000
1924.853630 11.109000 0.047000
1929.841950 11.214000 0.046000
1933.841360 11.279000 0.045000
1936.823920 11.356000 0.045000
1946.833080 11.684000 0.049000
1948.862390 11.805000 0.047000
1950.811210 11.902000 0.047000
1953.802370 11.898000 0.046000
1955.831980 12.020000 0.048000
1958.888420 12.148000 0.048000
1961.839770 12.154000 0.052000
1963.806030 12.321000 0.046000
1964.860280 12.407000 0.046000
1966.786990 12.468000 0.050000
1968.783630 12.394000 0.056000
1976.861770 12.753000 0.050000
1978.799260 12.749000 0.055000
1980.756280 12.696000 0.054000
1985.891260 12.903000 0.053000
2085.579910 13.020000 0.045000
2103.556580 12.242000 0.051000
2104.549590 12.335000 0.049000
2116.509380 12.122000 0.048000
2134.513070 11.697000 0.049000
2169.516780 10.365000 0.050000
2441.595560 10.726000 0.038000
2442.596350 10.715000 0.041000
2452.554340 10.609000 0.053000
2456.555500 10.637000 0.047000
2463.550460 10.689000 0.053000
2464.560640 10.764000 0.047000
2465.564380 10.817000 0.042000
2467.545180 10.844000 0.037000
2468.555480 10.853000 0.042000
2469.552100 10.925000 0.049000
2473.486780 11.018000 0.050000
2481.495730 11.294000 0.052000
2486.533180 11.537000 0.057000
2489.510500 11.702000 0.057000
2491.502030 11.777000 0.058000
2494.511060 11.793000 0.041000
2502.512630 12.213000 0.049000
2503.526650 12.176000 0.048000
2508.641350 12.432000 0.054000
2510.617690 12.419000 0.045000
2520.561700 12.786000 0.039000
2544.509110 13.360000 0.049000
2655.865320 12.986000 0.043000
2659.837760 12.946000 0.044000
2664.855860 12.849000 0.043000
2671.838170 12.646000 0.042000
2677.846670 12.688000 0.049000
2680.810500 12.619000 0.043000
2694.798360 12.279000 0.043000
2697.866160 12.192000 0.043000
2700.835130 12.029000 0.044000
2703.782230 11.942000 0.045000
2709.814860 11.838000 0.041000
2711.801510 11.682000 0.047000
2713.804940 11.680000 0.042000
2715.795960 11.613000 0.051000
2719.772920 11.562000 0.047000
2723.788810 11.510000 0.048000
2725.757340 11.551000 0.048000
2727.790850 11.488000 0.046000
2731.870810 11.416000 0.049000
2734.738820 11.422000 0.048000
2736.739080 11.420000 0.047000
2738.787710 11.445000 0.049000
2740.767180 11.481000 0.042000
2742.725560 11.497000 0.048000
2744.730000 11.495000 0.050000
2747.785740 11.544000 0.052000
2750.824380 11.624000 0.044000
2752.728740 11.673000 0.042000
2755.709160 11.733000 0.048000
2757.701470 11.777000 0.048000
2759.750860 11.935000 0.051000
2761.683580 11.951000 0.050000
2763.675400 11.925000 0.043000
2766.735380 12.106000 0.044000
2775.722020 12.271000 0.046000
2782.751600 12.621000 0.047000
2784.678310 12.792000 0.050000
2785.809100 12.763000 0.051000
2787.750430 12.698000 0.048000
2790.893060 12.736000 0.047000
2794.618710 13.012000 0.049000
2810.840810 13.612000 0.043000
2897.539070 13.090000 0.055000
2921.533670 12.813000 0.045000
2930.499620 12.848000 0.043000
3032.842330 11.404000 0.047000
3036.833620 11.515000 0.042000
3042.849520 11.726000 0.045000
3052.838310 12.094000 0.043000
3055.874230 12.308000 0.044000
3059.823810 12.399000 0.042000
3067.874670 12.627000 0.042000
3070.831340 12.826000 0.043000
3073.834210 12.859000 0.044000
3076.838430 12.977000 0.041000
3187.652440 12.954000 0.043000
3477.727940 12.852000 0.048000
3492.752390 12.594000 0.048000
3496.747740 12.450000 0.046000
3499.753500 12.355000 0.047000
3504.664910 12.316000 0.048000
3508.741460 12.269000 0.041000
3510.798420 12.150000 0.039000
3512.681800 12.102000 0.045000
3516.679900 11.892000 0.044000
3521.815110 11.668000 0.056000
3526.607270 11.397000 0.044000
3528.655800 11.374000 0.045000
3530.655560 11.294000 0.047000
3538.629070 11.021000 0.045000
3540.648750 10.973000 0.043000
3544.760950 10.898000 0.046000
3547.803880 10.819000 0.048000
3551.791910 10.806000 0.053000
3554.753940 10.803000 0.042000
3558.592640 10.803000 0.047000
3560.589700 10.815000 0.049000
3562.590160 10.840000 0.046000
3564.568740 10.833000 0.043000
3569.670800 10.914000 0.043000
3571.696150 10.963000 0.043000
3574.703590 11.036000 0.042000
3576.718040 11.072000 0.042000
3578.695350 11.115000 0.046000
3583.672730 11.291000 0.050000
3586.541480 11.549000 0.047000
3588.578480 11.500000 0.047000
3590.661840 11.621000 0.045000
3596.609040 11.799000 0.048000
3602.579960 11.996000 0.046000
3604.589320 12.007000 0.051000
3609.494320 12.406000 0.052000
3617.549240 12.429000 0.045000
3619.599490 12.557000 0.048000
3622.506360 12.662000 0.055000
3642.542930 13.140000 0.049000
3758.857710 12.532000 0.047000
3772.843850 12.123000 0.050000
3775.854170 12.048000 0.048000
3789.815750 11.527000 0.049000
3795.861120 11.382000 0.048000
3802.814790 11.105000 0.053000
3805.843660 11.091000 0.047000
3808.840900 11.017000 0.049000
3811.821310 10.905000 0.048000
3814.793230 10.834000 0.050000
3817.782910 10.809000 0.047000
3820.800630 10.771000 0.049000
3823.793320 10.771000 0.049000
3826.779510 10.706000 0.048000
3829.767200 10.675000 0.045000
3831.833010 10.691000 0.046000
3833.841050 10.680000 0.045000
3835.811580 10.701000 0.049000
3837.830960 10.686000 0.048000
3848.776550 10.843000 0.052000
3850.784070 10.915000 0.050000
3852.823180 10.902000 0.048000
3855.706510 11.018000 0.048000
3859.762740 11.158000 0.045000
3863.740960 11.305000 0.044000
3865.715310 11.356000 0.046000
3867.732410 11.424000 0.047000
3869.743030 11.493000 0.048000
3871.755640 11.664000 0.046000
3874.840380 11.682000 0.048000
3877.645250 11.857000 0.048000
3880.686830 11.904000 0.047000
3882.718620 12.052000 0.046000
3886.721100 12.155000 0.044000
3890.701010 12.164000 0.048000
3892.664960 12.378000 0.049000
3894.674830 12.386000 0.043000
3901.833430 12.502000 0.045000
3903.848410 12.509000 0.045000
3908.607700 12.644000 0.050000
4127.840500 11.076000 0.048000
4135.836540 11.369000 0.048000
4142.824760 11.593000 0.043000
4146.824230 11.628000 0.056000
4150.869040 11.914000 0.045000
4153.847930 12.022000 0.045000
4160.844060 12.251000 0.045000
4163.847520 12.175000 0.053000
4166.857800 12.506000 0.048000
4173.836730 12.710000 0.042000
4182.796350 12.924000 0.044000
4185.789880 13.082000 0.043000
4282.666210 13.025000 0.047000
4298.621340 12.593000 0.043000
4300.575290 12.474000 0.045000
4302.624630 12.524000 0.055000
4304.567170 12.411000 0.039000
4306.584110 12.305000 0.039000
4308.623110 12.395000 0.046000
4310.682500 12.235000 0.043000
4315.699150 12.187000 0.045000
4319.573070 12.085000 0.043000
4330.499570 11.808000 0.041000
4332.523300 11.699000 0.043000
4334.539740 11.629000 0.041000
4338.563460 11.530000 0.039000
4340.618080 11.443000 0.046000
4342.609780 11.338000 0.044000
4344.609660 11.276000 0.046000
4346.609290 11.144000 0.046000
4348.612490 11.059000 0.046000
4350.616350 10.947000 0.051000
4353.508510 10.810000 0.040000
4355.600560 10.713000 0.041000
4358.490760 10.655000 0.040000
4360.490450 10.634000 0.042000
4362.553610 10.547000 0.041000
4364.554190 10.586000 0.041000
4368.539830 10.509000 0.043000
4373.501470 10.532000 0.048000
4376.527780 10.527000 0.044000
4378.548120 10.549000 0.046000
4381.520520 10.581000 0.043000
4387.498770 10.743000 0.040000
4389.500930 10.774000 0.045000
4563.761960 13.004000 0.046000
4570.810680 12.716000 0.042000
4574.747260 12.803000 0.042000
4579.847130 12.685000 0.046000
4583.727010 12.651000 0.041000
4586.756030 12.646000 0.043000
4589.686700 12.495000 0.044000
4591.726800 12.470000 0.043000
4593.758530 12.341000 0.041000
4595.822940 12.408000 0.040000
4597.742960 12.301000 0.040000
4602.681820 12.144000 0.044000
4606.696320 12.052000 0.048000
4609.639120 12.024000 0.041000
4611.684200 11.949000 0.043000
4616.678270 11.853000 0.041000
4618.692580 11.797000 0.044000
4623.863540 11.590000 0.044000
4626.570240 11.492000 0.040000
4630.641130 11.311000 0.041000
4632.659050 11.246000 0.041000
4638.820960 11.016000 0.045000
4640.805910 10.944000 0.042000
4642.801410 10.907000 0.043000
4645.546670 10.861000 0.042000
4647.587470 10.888000 0.048000
4649.603520 10.865000 0.046000
4653.647440 10.915000 0.041000
4655.591600 10.930000 0.042000
4657.636050 10.990000 0.045000
4660.596980 11.071000 0.049000
4662.656530 11.112000 0.048000
4664.654200 11.091000 0.045000
4666.658570 11.167000 0.045000
4670.620650 11.315000 0.040000
4672.643830 11.316000 0.043000
4675.679680 11.384000 0.048000
4678.677410 11.473000 0.049000
4681.594730 11.630000 0.043000
4683.594780 11.610000 0.046000
4685.571700 11.703000 0.052000
4687.560110 11.838000 0.043000
4691.594330 11.934000 0.045000
4694.645000 12.033000 0.051000
4698.616230 12.182000 0.045000
4700.614450 12.446000 0.045000
4702.619510 12.265000 0.044000
4704.611190 12.322000 0.046000
4707.591550 12.578000 0.052000
4716.548140 12.808000 0.043000
4720.602850 12.836000 0.047000
4850.858140 12.615000 0.047000
4862.856480 12.546000 0.043000
4867.838020 12.358000 0.047000
4870.862180 12.186000 0.044000
4876.846560 12.105000 0.046000
4883.895460 11.934000 0.042000
4891.819800 11.702000 0.052000
4901.895470 10.987000 0.054000
4905.772830 10.747000 0.053000
4916.745420 10.523000 0.051000
4918.844150 10.546000 0.054000
4921.785510 10.549000 0.053000
4926.829200 10.599000 0.054000
4929.833360 10.677000 0.056000
4935.740910 10.808000 0.056000
4940.725610 10.941000 0.056000
4948.725990 11.222000 0.055000
4951.714330 11.360000 0.054000
4955.746290 11.563000 0.054000
4959.766220 11.753000 0.056000
4967.738680 12.075000 0.054000
4969.751940 12.051000 0.052000
4975.644160 12.326000 0.054000
4984.694120 12.612000 0.057000
5063.574000 13.193000 0.055000
1979.831630 12.813000 0.055000
1984.774320 12.854000 0.054000
1985.789920 12.850000 0.054000
2524.564060 12.921000 0.050000
2526.599440 12.872000 0.052000
2535.558010 13.119000 0.052000
2543.495150 13.250000 0.048000
2546.517380 13.177000 0.046000
2548.501620 13.278000 0.042000
2553.501140 13.171000 0.047000
2558.505880 13.723000 0.050000
2559.527010 13.206000 0.051000
2561.507680 13.294000 0.050000
2563.510710 13.165000 0.046000
2568.497230 13.377000 0.044000
2637.865100 13.225000 0.049000
2651.864110 13.020000 0.043000
2662.854010 12.893000 0.043000
2667.857110 12.744000 0.045000
2683.804930 12.533000 0.041000
2689.845450 12.478000 0.046000
2805.833030 13.104000 0.046000
2809.735010 13.213000 0.042000
2812.608940 13.187000 0.047000
2821.536120 13.257000 0.048000
2826.585250 13.290000 0.037000
2832.562260 13.279000 0.043000
2836.714200 13.312000 0.046000
2843.653170 13.437000 0.052000
2851.723210 13.181000 0.039000
2854.528320 13.499000 0.039000
2858.559630 13.145000 0.042000
2859.636410 13.201000 0.041000
2861.615120 13.305000 0.042000
2866.590560 13.284000 0.041000
2868.646670 13.257000 0.044000
2872.647490 13.408000 0.042000
2875.656690 13.273000 0.046000
2877.643360 13.203000 0.043000
2883.519870 13.167000 0.043000
2885.524660 13.301000 0.042000
2888.551880 13.285000 0.042000
2893.515090 13.219000 0.051000
2895.525490 13.075000 0.044000
2905.521470 13.345000 0.044000
2908.534410 12.934000 0.045000
2910.537400 13.025000 0.045000
2912.539500 12.962000 0.043000
2916.517640 13.041000 0.046000
2924.503380 12.973000 0.042000
2927.516840 13.006000 0.042000
3063.839370 12.608000 0.045000
3079.815190 13.181000 0.050000
3082.811940 12.971000 0.042000
3086.828370 13.064000 0.044000
3089.796710 13.199000 0.042000
3092.776010 13.144000 0.042000
3096.870060 13.247000 0.042000
3098.813610 13.338000 0.042000
3100.812850 13.227000 0.043000
3103.766000 13.536000 0.045000
3105.804190 13.215000 0.044000
3107.811150 13.341000 0.041000
3110.738730 13.319000 0.044000
3112.790100 13.343000 0.041000
3114.829470 13.387000 0.040000
3118.735880 13.106000 0.040000
3122.725320 13.368000 0.041000
3126.753180 13.203000 0.044000
3128.714760 13.327000 0.048000
3130.738070 13.398000 0.043000
3132.777040 13.279000 0.044000
3134.772720 13.285000 0.042000
3142.794380 13.403000 0.042000
3146.600970 13.394000 0.040000
3153.681250 13.316000 0.040000
3158.712890 13.339000 0.046000
3160.723840 13.290000 0.051000
3163.737900 13.418000 0.042000
3168.769080 13.363000 0.044000
3171.723110 13.106000 0.041000
3175.716340 13.255000 0.045000
3177.783310 12.899000 0.043000
3180.638420 13.204000 0.044000
3183.633140 13.222000 0.043000
3185.624360 13.174000 0.043000
3219.544570 12.611000 0.042000
3396.847270 13.417000 0.042000
3399.864860 13.128000 0.052000
3403.859350 13.421000 0.049000
3406.876920 13.228000 0.049000
3413.866410 13.366000 0.053000
3423.868230 13.200000 0.053000
3432.843640 13.141000 0.045000
3436.864710 13.207000 0.047000
3443.848040 13.199000 0.044000
3446.817230 13.180000 0.046000
3452.834200 13.111000 0.043000
3454.849420 13.034000 0.051000
3456.823070 13.269000 0.047000
3458.847380 13.152000 0.047000
3464.757480 13.051000 0.044000
3466.821960 13.061000 0.043000
3469.796660 12.997000 0.041000
3472.749120 12.976000 0.045000
3474.838630 13.018000 0.049000
3479.780720 12.823000 0.045000
3481.761790 12.786000 0.046000
3483.770410 12.730000 0.046000
3490.764220 12.698000 0.050000
3626.571800 12.805000 0.044000
3630.549670 12.866000 0.044000
3632.555960 12.845000 0.046000
3635.538140 12.822000 0.053000
3639.539710 12.996000 0.044000
3646.538540 13.046000 0.043000
3649.508010 13.087000 0.058000
3651.506750 13.234000 0.047000
3654.526410 13.011000 0.047000
3658.504880 13.063000 0.045000
3661.498420 13.260000 0.049000
3751.857720 12.678000 0.054000
3755.852880 12.834000 0.048000
4176.817560 12.661000 0.047000
4179.846350 12.721000 0.043000
4189.751070 12.978000 0.040000
4191.791720 12.945000 0.042000
4193.781280 13.055000 0.042000
4196.828610 13.268000 0.047000
4199.765620 13.129000 0.046000
4202.831540 13.106000 0.043000
4204.836940 13.282000 0.042000
4207.881620 13.123000 0.044000
4213.775020 13.199000 0.042000
4216.766850 13.270000 0.042000
4227.736000 13.315000 0.038000
4229.736290 13.129000 0.043000
4231.744370 13.308000 0.046000
4233.743250 13.491000 0.039000
4235.741830 13.279000 0.040000
4245.636720 13.043000 0.051000
4246.800280 13.395000 0.042000
4250.705650 13.327000 0.041000
4256.607060 13.146000 0.040000
4258.659210 13.455000 0.041000
4269.703630 13.300000 0.040000
4272.633890 13.120000 0.040000
4274.643190 13.152000 0.039000
4278.662500 13.273000 0.040000
4284.670470 12.980000 0.043000
4290.662220 12.895000 0.039000
4292.611210 12.723000 0.039000
4296.616720 12.692000 0.045000
4481.867220 13.125000 0.048000
4487.866090 13.298000 0.048000
4491.867960 13.398000 0.047000
4499.863880 13.297000 0.046000
4503.842470 13.367000 0.047000
4506.856450 13.253000 0.043000
4510.841550 13.725000 0.045000
4519.840450 13.360000 0.043000
4522.841730 13.124000 0.040000
4525.842150 13.280000 0.044000
4528.879880 13.362000 0.042000
4531.851970 13.287000 0.041000
4535.858540 13.256000 0.044000
4538.829260 13.234000 0.042000
4541.800800 13.238000 0.043000
4547.780690 13.202000 0.044000
4550.801330 13.109000 0.042000
4552.872790 13.119000 0.041000
4558.769870 13.159000 0.041000
4560.838490 12.985000 0.040000
4565.819690 12.839000 0.041000
4568.746870 13.042000 0.044000
4572.776000 12.751000 0.041000
4576.770800 12.585000 0.043000
4726.583610 12.832000 0.051000
4729.573460 12.899000 0.046000
4733.523880 13.071000 0.047000
4737.535960 12.924000 0.043000
4740.525770 13.358000 0.041000
4743.512750 13.274000 0.047000
4745.525970 13.680000 0.047000
4754.505350 13.215000 0.047000
4758.492720 13.396000 0.051000
4847.855340 12.834000 0.045000
4992.859440 12.951000 0.055000
5015.648310 12.968000 0.054000
5022.516130 13.175000 0.053000
5024.559830 13.381000 0.053000
5031.612480 13.341000 0.048000
5037.536030 13.330000 0.048000
5039.528750 13.319000 0.050000
5041.538090 13.368000 0.047000
5057.563940 13.335000 0.050000
5084.570410 13.386000 0.051000
5093.578200 13.260000 0.057000
1997.782670 13.254000 0.059000
2083.582010 13.080000 0.058000
2172.542480 10.409000 0.057000
2175.487530 10.397000 0.049000
2178.505570 10.440000 0.052000
2185.516060 10.549000 0.055000
2721.766950 11.562000 0.055000
3501.797310 12.400000 0.056000
3592.672550 11.624000 0.053000
3762.858760 12.498000 0.059000
3767.849740 12.251000 0.057000
3792.845580 12.190000 0.051000
3798.865550 11.296000 0.055000
3906.566260 12.561000 0.053000
4157.812910 12.148000 0.049000
4312.703430 12.088000 0.053000
4710.551980 12.595000 0.058000
4937.800040 10.883000 0.056000
4945.843640 11.118000 0.057000
4962.671760 11.784000 0.058000
4972.845020 12.217000 0.059000
2037.670160 13.243000 0.051000
2059.675560 13.562000 0.055000
2062.571920 13.363000 0.055000
2087.571430 12.955000 0.051000
2833.684340 13.533000 0.059000
3190.670570 13.038000 0.054000
3410.846910 13.276000 0.053000
3426.828990 13.052000 0.052000
4724.526290 12.794000 0.055000
4762.493850 13.245000 0.052000
4986.674600 12.713000 0.057000
4988.689140 12.705000 0.056000
5017.778490 13.633000 0.057000
5047.684330 13.305000 0.060000
5098.505880 12.978000 0.060000
5110.509170 13.114000 0.058000
4516.818110 29.999000 0.057000
4555.782460 29.999000 0.041000
2829.590070 29.999000 0.043000
2830.720340 29.999000 0.055000
2901.529680 29.999000 0.056000
3487.758020 29.999000 0.050000
4253.778180 29.999000 0.041000
5086.572870 29.999000 0.058000
5088.598490 29.999000 0.061000
1954.824410 12.056000 0.044000
2156.545340 10.624000 0.049000
2173.483140 10.386000 0.050000
3387.870790 13.282000 0.052000
3391.865700 13.152000 0.053000
2191.487480 10.740000 0.054000
2179.496970 29.999000 0.043000
3399.867270 29.999000 0.047000
