1967.895790 11.409000 0.042000
2026.775320 13.606000 0.036000
2027.817310 13.696000 0.032000
2030.819990 13.675000 0.031000
2031.827010 13.781000 0.032000
2032.811570 13.790000 0.032000
2033.824970 13.976000 0.033000
2037.782410 14.050000 0.037000
2052.755910 14.581000 0.033000
2054.768030 14.506000 0.037000
2055.756710 14.520000 0.032000
2057.753790 14.803000 0.032000
2061.748250 14.818000 0.036000
2526.656310 14.022000 0.030000
2543.511790 13.648000 0.032000
2545.540700 13.550000 0.030000
2548.581650 13.441000 0.031000
2562.487670 12.870000 0.032000
2563.545960 12.878000 0.039000
2566.517170 12.815000 0.041000
2568.550350 12.741000 0.043000
2578.520270 12.408000 0.043000
2699.895410 13.085000 0.035000
2703.888770 13.308000 0.035000
2706.883680 13.339000 0.031000
2709.880760 13.435000 0.034000
2712.875060 13.657000 0.034000
2736.874390 14.039000 0.034000
2738.868190 14.357000 0.030000
2853.764720 14.490000 0.031000
2867.704930 14.128000 0.033000
2872.586280 13.715000 0.034000
2875.617450 13.403000 0.036000
2877.608170 13.297000 0.037000
2879.608840 13.316000 0.036000
2884.592250 13.129000 0.030000
2885.614080 13.123000 0.030000
2893.632750 13.008000 0.032000
2897.623520 12.840000 0.029000
2899.605450 12.844000 0.038000
2906.639520 12.499000 0.032000
2909.642090 12.284000 0.031000
2911.595200 12.155000 0.028000
2917.487330 11.773000 0.033000
2921.488850 11.496000 0.036000
2923.508610 11.472000 0.036000
2928.524200 11.192000 0.035000
2930.529640 11.108000 0.032000
2934.528840 10.946000 0.039000
2936.527040 10.857000 0.038000
2939.532370 10.783000 0.036000
2944.505140 10.632000 0.036000
2946.533960 10.557000 0.028000
2949.540680 10.495000 0.035000
2958.515810 10.318000 0.031000
3060.897980 13.288000 0.040000
3077.885300 13.954000 0.038000
3082.879850 14.346000 0.040000
3091.895230 14.143000 0.033000
3266.545510 12.204000 0.030000
3272.495640 11.764000 0.032000
3274.612860 11.631000 0.037000
3277.575810 11.462000 0.041000
3279.599740 11.333000 0.030000
3292.547280 10.990000 0.044000
3295.521400 11.010000 0.043000
3582.779920 13.371000 0.034000
1962.898240 11.153000 0.053000
1964.901850 11.237000 0.046000
1978.898020 11.946000 0.049000
1980.872480 12.045000 0.046000
1982.860220 12.043000 0.050000
1994.849060 12.785000 0.052000
1996.848740 12.701000 0.050000
1998.841110 12.705000 0.050000
2000.843290 12.757000 0.049000
2524.639860 14.284000 0.050000
2544.488730 13.568000 0.054000
2552.585840 13.391000 0.050000
2731.882620 14.086000 0.045000
2932.530410 10.968000 0.049000
3660.519940 11.370000 0.044000
2016.814470 29.999000 0.049000
2056.757930 29.999000 0.033000
2058.752800 29.999000 0.034000
2065.720500 29.999000 0.035000
2070.785260 29.999000 0.039000
2080.653380 29.999000 0.034000
2081.700860 29.999000 0.035000
2082.709840 29.999000 0.033000
2083.696230 29.999000 0.036000
2085.687520 29.999000 0.034000
2086.709540 29.999000 0.033000
2087.688560 29.999000 0.032000
2088.682880 29.999000 0.036000
2093.603850 29.999000 0.039000
2102.640340 29.999000 0.038000
2103.648970 29.999000 0.033000
2104.659610 29.999000 0.030000
2105.651550 29.999000 0.034000
2106.654710 29.999000 0.032000
2114.775740 29.999000 0.036000
2116.627010 29.999000 0.035000
2117.622880 29.999000 0.034000
2128.572250 29.999000 0.032000
2129.593800 29.999000 0.035000
2130.602920 29.999000 0.032000
2131.593230 29.999000 0.034000
2132.601330 29.999000 0.034000
2133.590890 29.999000 0.032000
2134.596180 29.999000 0.038000
2136.582880 29.999000 0.035000
2140.562770 29.999000 0.044000
2141.581230 29.999000 0.034000
2142.575480 29.999000 0.033000
2143.575990 29.999000 0.035000
2144.566960 29.999000 0.032000
2145.562440 29.999000 0.035000
2442.706900 29.999000 0.039000
2443.702080 29.999000 0.034000
2446.711350 29.999000 0.040000
2464.662420 29.999000 0.039000
2465.659210 29.999000 0.040000
2466.651960 29.999000 0.042000
2467.658140 29.999000 0.035000
2468.657290 29.999000 0.037000
2470.611540 29.999000 0.040000
2473.621650 29.999000 0.043000
2474.664050 29.999000 0.045000
2481.610190 29.999000 0.052000
2482.642370 29.999000 0.046000
2486.617510 29.999000 0.050000
2489.625520 29.999000 0.041000
2490.627820 29.999000 0.057000
2491.606760 29.999000 0.050000
2493.602190 29.999000 0.041000
2494.596250 29.999000 0.049000
2495.602500 29.999000 0.043000
2497.599820 29.999000 0.038000
2499.586000 29.999000 0.037000
2501.585240 29.999000 0.039000
2502.594260 29.999000 0.046000
2503.594460 29.999000 0.053000
2508.539750 29.999000 0.046000
2511.626190 29.999000 0.047000
2717.901770 29.999000 0.032000
2726.840310 29.999000 0.036000
2728.907940 29.999000 0.041000
2742.889720 29.999000 0.033000
2744.886180 29.999000 0.034000
2754.835990 29.999000 0.037000
2756.839220 29.999000 0.033000
2758.857560 29.999000 0.038000
2760.838910 29.999000 0.031000
2764.811600 29.999000 0.028000
2770.848360 29.999000 0.035000
2775.845140 29.999000 0.038000
2782.833460 29.999000 0.035000
2784.776120 29.999000 0.029000
2786.747130 29.999000 0.028000
2790.772270 29.999000 0.031000
2802.797610 29.999000 0.038000
2808.758090 29.999000 0.037000
2810.688610 29.999000 0.035000
2812.672350 29.999000 0.031000
2818.881660 29.999000 0.035000
2821.681040 29.999000 0.031000
2826.719490 29.999000 0.034000
2830.659510 29.999000 0.032000
2835.691170 29.999000 0.036000
2838.684370 29.999000 0.033000
2840.740910 29.999000 0.047000
2851.646970 29.999000 0.030000
2855.663700 29.999000 0.054000
2862.617420 29.999000 0.037000
2866.617950 29.999000 0.034000
3069.897730 29.999000 0.040000
3087.906730 29.999000 0.042000
3097.891400 29.999000 0.029000
3101.871700 29.999000 0.044000
3109.850950 29.999000 0.032000
3112.876360 29.999000 0.033000
3115.867000 29.999000 0.042000
3122.894570 29.999000 0.027000
3127.886190 29.999000 0.040000
3130.827900 29.999000 0.032000
3142.799290 29.999000 0.028000
3146.763360 29.999000 0.027000
3152.843430 29.999000 0.031000
3157.885700 29.999000 0.032000
3159.791740 29.999000 0.042000
3162.831730 29.999000 0.032000
3164.904100 29.999000 0.028000
3170.778530 29.999000 0.038000
3173.722160 29.999000 0.037000
3176.792070 29.999000 0.036000
3179.702800 29.999000 0.031000
3182.714700 29.999000 0.033000
3184.717830 29.999000 0.032000
3448.902530 29.999000 0.028000
3452.905810 29.999000 0.028000
2184.512560 13.940000 0.046000
2188.492960 14.002000 0.043000
2191.504390 13.910000 0.042000
2194.505260 13.650000 0.046000
2197.517570 13.780000 0.044000
2201.500930 13.670000 0.049000
3563.715000 14.105000 0.036000
3569.678690 13.991000 0.032000
3575.699350 13.605000 0.034000
3577.720840 13.472000 0.038000
3582.793890 13.552000 0.035000
3584.795740 13.183000 0.040000
3586.725900 13.562000 0.036000
3591.575880 13.188000 0.037000
3594.561120 13.196000 0.038000
3602.591040 13.015000 0.039000
3616.551060 12.081000 0.036000
3618.660380 11.951000 0.044000
3628.520360 11.428000 0.034000
3630.587390 11.281000 0.036000
3634.626240 11.133000 0.041000
3637.635620 11.211000 0.040000
3641.594910 11.001000 0.036000
3643.639370 10.946000 0.041000
3647.567070 10.875000 0.033000
3650.508790 10.818000 0.039000
3662.546920 10.779000 0.041000
3664.561260 10.753000 0.040000
3668.537500 10.847000 0.036000
3671.528700 10.867000 0.037000
3674.534020 10.978000 0.036000
3677.520430 11.103000 0.037000
3868.828810 14.398000 0.035000
3870.793020 14.447000 0.035000
3874.808940 14.297000 0.031000
3877.788020 14.410000 0.032000
3880.844330 14.129000 0.034000
3887.783100 14.219000 0.038000
3889.901700 13.643000 0.037000
3891.800380 13.734000 0.033000
3896.801280 13.423000 0.040000
3901.773280 13.747000 0.043000
3907.793060 13.341000 0.039000
3913.882600 13.073000 0.042000
4234.808650 14.089000 0.035000
4246.763290 13.632000 0.035000
4250.785960 13.376000 0.039000
4256.801700 13.216000 0.034000
4266.778540 12.990000 0.035000
4269.719400 13.080000 0.035000
4272.765160 12.972000 0.036000
4274.765440 12.807000 0.035000
4283.726900 12.703000 0.045000
4285.716950 12.581000 0.046000
4289.713180 12.468000 0.036000
4291.715300 12.443000 0.041000
4293.704060 12.230000 0.040000
4295.713850 12.081000 0.037000
4297.704300 12.002000 0.036000
4299.680340 11.815000 0.045000
4301.670730 11.597000 0.045000
4303.676020 11.557000 0.036000
4305.665350 11.415000 0.039000
4307.643390 11.349000 0.039000
4311.652120 11.039000 0.039000
4316.724480 10.763000 0.036000
4319.699650 10.687000 0.038000
4329.600110 10.454000 0.038000
4331.597350 10.490000 0.040000
4333.562820 10.486000 0.033000
4334.741170 10.437000 0.040000
4338.641030 10.519000 0.038000
4340.696210 10.565000 0.042000
4342.689690 10.584000 0.042000
4344.694790 10.664000 0.041000
4346.690120 10.736000 0.037000
4348.696720 10.800000 0.037000
4351.519860 10.849000 0.043000
4353.636570 11.006000 0.034000
4356.523060 11.157000 0.033000
4358.529190 11.253000 0.036000
4360.519120 11.296000 0.041000
4367.499730 11.660000 0.036000
4369.557960 11.748000 0.038000
4371.576800 11.834000 0.039000
4373.589090 11.893000 0.036000
4376.577000 11.978000 0.035000
4378.593370 12.037000 0.038000
4380.619870 12.204000 0.039000
4383.561900 12.332000 0.035000
4385.603330 12.393000 0.033000
4388.494610 12.444000 0.038000
4393.507040 12.632000 0.040000
4400.517510 12.901000 0.037000
4407.510120 13.084000 0.041000
4411.504720 13.085000 0.038000
4588.847330 14.595000 0.034000
4591.839780 14.356000 0.034000
4594.831630 14.117000 0.034000
4597.823960 14.074000 0.034000
4606.841410 13.880000 0.040000
4611.877910 14.209000 0.038000
4615.879570 13.748000 0.037000
4617.785430 13.889000 0.037000
4623.832080 13.710000 0.040000
4626.693720 13.522000 0.033000
4630.725090 13.313000 0.034000
4632.726200 13.174000 0.032000
4639.753010 12.630000 0.034000
4641.755660 12.563000 0.034000
4643.751160 12.456000 0.039000
4645.780970 12.180000 0.034000
4647.842970 12.014000 0.034000
4650.677760 11.750000 0.037000
4652.721270 11.589000 0.033000
4654.721910 11.391000 0.035000
4656.710560 11.247000 0.036000
4660.658190 11.014000 0.034000
4666.677630 10.820000 0.036000
4670.667610 10.711000 0.035000
4681.640850 10.811000 0.040000
4683.640900 10.801000 0.039000
4685.627440 10.889000 0.038000
4687.626670 10.940000 0.033000
4690.530350 10.980000 0.040000
4697.636220 11.256000 0.035000
4701.632340 11.401000 0.038000
4703.634170 11.399000 0.038000
4705.665710 11.572000 0.035000
4708.618980 11.616000 0.038000
4710.636760 11.619000 0.041000
4715.598870 11.859000 0.039000
4721.526760 12.012000 0.037000
4724.579790 12.141000 0.038000
4726.631820 12.186000 0.041000
4729.614780 12.326000 0.038000
4731.640140 12.338000 0.044000
4736.598670 12.569000 0.034000
4739.590850 12.586000 0.035000
4742.542510 12.796000 0.044000
4748.502120 12.720000 0.045000
4754.532830 13.098000 0.041000
4756.572170 13.027000 0.041000
4759.543020 13.251000 0.041000
4762.538910 13.391000 0.041000
4765.534520 13.566000 0.037000
4771.510620 13.721000 0.035000
4780.517450 13.758000 0.041000
4929.914960 14.103000 0.044000
4940.852340 13.566000 0.044000
4947.863830 13.284000 0.042000
4962.826720 13.087000 0.044000
4974.793760 12.829000 0.044000
4984.812520 12.493000 0.048000
4988.788070 12.225000 0.042000
4994.783700 11.679000 0.047000
5014.728750 10.622000 0.044000
5021.708100 10.654000 0.045000
5023.712870 10.707000 0.045000
5031.685310 10.674000 0.041000
5042.638850 10.841000 0.046000
5082.666060 12.406000 0.048000
5085.565240 12.564000 0.047000
5087.597770 12.497000 0.042000
5089.660580 12.757000 0.045000
5092.560950 12.761000 0.040000
5111.552680 13.489000 0.042000
2207.512190 13.607000 0.054000
3561.707560 14.445000 0.042000
3620.641250 11.780000 0.049000
3657.576420 10.826000 0.046000
3883.841240 14.092000 0.044000
3903.775080 13.417000 0.043000
3905.805370 13.263000 0.050000
4678.714010 10.705000 0.056000
4967.856300 12.898000 0.054000
5006.764570 10.795000 0.050000
5048.718540 11.016000 0.048000
5067.642220 11.819000 0.053000
5097.509950 12.943000 0.048000
5103.534700 13.003000 0.050000
5106.528510 12.969000 0.051000
2156.516850 29.999000 0.038000
3431.898870 29.999000 0.035000
3444.893970 29.999000 0.034000
3455.881510 29.999000 0.035000
3459.864520 29.999000 0.032000
3464.865140 29.999000 0.033000
3468.869950 29.999000 0.032000
3472.902380 29.999000 0.035000
3476.870270 29.999000 0.042000
3479.882030 29.999000 0.035000
3487.870360 29.999000 0.037000
3495.876070 29.999000 0.048000
3509.841420 29.999000 0.031000
3512.763740 29.999000 0.032000
3524.755420 29.999000 0.035000
3526.801260 29.999000 0.037000
3550.736490 29.999000 0.038000
3573.679770 29.999000 0.036000
3604.600380 29.999000 0.044000
3796.900410 29.999000 0.037000
3806.894300 29.999000 0.035000
3810.896490 29.999000 0.037000
3814.888840 29.999000 0.035000
3820.888070 29.999000 0.037000
3824.877370 29.999000 0.036000
3828.867230 29.999000 0.035000
3832.852700 29.999000 0.035000
3836.853090 29.999000 0.035000
3847.920050 29.999000 0.046000
3850.857060 29.999000 0.044000
3853.848220 29.999000 0.037000
3856.842860 29.999000 0.034000
3859.823660 29.999000 0.050000
3862.820940 29.999000 0.033000
3864.818630 29.999000 0.036000
3866.833300 29.999000 0.033000
4162.899210 29.999000 0.036000
4167.896280 29.999000 0.038000
4175.895060 29.999000 0.036000
4179.900350 29.999000 0.042000
4183.884970 29.999000 0.037000
4189.894950 29.999000 0.036000
4192.892770 29.999000 0.035000
4196.908400 29.999000 0.042000
4203.896850 29.999000 0.036000
4207.913280 29.999000 0.037000
4212.920170 29.999000 0.042000
4216.865550 29.999000 0.033000
4231.872950 29.999000 0.040000
4539.899960 29.999000 0.043000
4547.888020 29.999000 0.035000
4551.877380 29.999000 0.037000
4558.867060 29.999000 0.034000
4562.866810 29.999000 0.037000
4566.861280 29.999000 0.036000
4576.846250 29.999000 0.034000
4585.869750 29.999000 0.037000
4602.820070 29.999000 0.043000
4621.770160 29.999000 0.043000
4768.529100 29.999000 0.042000
4776.511780 29.999000 0.036000
4785.507050 29.999000 0.038000
4907.896940 29.999000 0.046000
4917.910080 29.999000 0.041000
4921.901250 29.999000 0.044000
5131.510600 29.999000 0.047000
