4227.851070 10.929000 0.042000
3453.905010 29.999000 0.048000
4597.843300 14.422000 0.031000
2114.764220 14.256000 0.031000
2443.735220 10.801000 0.034000
2444.735020 10.765000 0.035000
2445.726000 10.720000 0.033000
2466.683380 10.427000 0.040000
2470.645140 10.455000 0.042000
2521.507130 12.456000 0.025000
2545.624610 13.489000 0.025000
2562.511460 13.739000 0.025000
2711.902350 13.017000 0.035000
2714.903870 12.361000 0.026000
2726.870530 11.302000 0.034000
2729.880230 11.200000 0.032000
2733.885780 11.177000 0.039000
2736.866140 11.103000 0.032000
2739.868140 11.079000 0.037000
2742.858080 11.028000 0.027000
2744.909130 11.035000 0.027000
2754.871890 11.092000 0.032000
2756.896930 11.087000 0.028000
2758.915460 11.174000 0.026000
2760.884240 11.169000 0.025000
2765.818660 11.221000 0.024000
2782.871050 11.476000 0.027000
2784.807350 11.521000 0.024000
2786.788360 11.627000 0.025000
2790.804050 11.795000 0.030000
2804.733090 12.445000 0.029000
2808.815790 12.601000 0.025000
2810.728140 12.765000 0.024000
2812.715090 12.831000 0.024000
2815.838810 13.009000 0.028000
2819.751080 13.226000 0.029000
2830.792860 13.691000 0.032000
2832.661170 13.792000 0.029000
2838.719260 14.045000 0.029000
2910.596510 15.078000 0.031000
3109.916880 13.609000 0.034000
3110.915410 13.453000 0.030000
3112.915290 13.604000 0.035000
3116.905810 13.676000 0.030000
3122.913910 14.248000 0.028000
3124.879230 13.976000 0.028000
3124.922210 14.180000 0.034000
3125.872860 14.289000 0.027000
3125.901410 14.194000 0.026000
3126.900560 14.200000 0.039000
3144.861720 14.681000 0.032000
3166.863880 14.592000 0.029000
3167.765750 14.767000 0.030000
3575.710260 14.489000 0.032000
3582.807620 13.572000 0.032000
3585.608660 13.189000 0.029000
3587.647190 13.048000 0.030000
3602.653880 11.583000 0.029000
3616.608910 11.276000 0.033000
3619.555200 11.243000 0.032000
3624.620620 11.194000 0.033000
3628.594840 11.158000 0.032000
3630.666230 11.141000 0.036000
3641.628430 11.290000 0.031000
3648.538450 11.445000 0.029000
3652.547910 11.596000 0.028000
3668.556560 12.169000 0.030000
3671.541090 12.297000 0.033000
3677.530520 12.555000 0.027000
3875.831970 13.961000 0.026000
3882.804840 12.765000 0.027000
3886.828970 12.311000 0.028000
3889.781080 12.116000 0.029000
3891.813180 11.992000 0.026000
3893.810010 11.844000 0.029000
3896.803180 11.772000 0.039000
3903.845970 11.560000 0.026000
3905.868130 11.489000 0.035000
3908.745300 11.467000 0.026000
4190.901020 10.971000 0.036000
4194.876990 10.887000 0.032000
4204.875160 10.822000 0.032000
4216.896500 10.748000 0.035000
4229.893310 11.051000 0.034000
4232.840200 11.197000 0.030000
4246.776180 11.966000 0.032000
4250.799780 11.973000 0.029000
4256.821520 12.372000 0.031000
4273.746540 13.206000 0.033000
4276.731680 13.166000 0.038000
4278.740580 13.339000 0.027000
4292.733020 13.869000 0.035000
4547.901870 11.958000 0.032000
4551.899630 12.183000 0.032000
4558.884220 12.371000 0.029000
4562.894270 12.400000 0.035000
4566.898140 12.679000 0.030000
4570.883760 12.743000 0.030000
4574.856020 13.041000 0.032000
4579.898420 13.485000 0.033000
4588.872260 13.912000 0.037000
4594.863660 14.084000 0.029000
4766.524720 13.674000 0.033000
4785.511370 11.844000 0.038000
5031.700670 14.311000 0.043000
5092.564180 11.235000 0.037000
2185.558440 11.294000 0.039000
2188.537750 11.346000 0.055000
2194.503890 11.407000 0.043000
2197.516230 11.489000 0.040000
2201.499590 11.572000 0.046000
2207.510850 11.732000 0.047000
2468.691800 10.433000 0.057000
2481.639520 10.673000 0.057000
2508.544610 11.782000 0.048000
2553.523490 13.831000 0.060000
2721.881750 11.571000 0.038000
2802.863180 12.308000 0.037000
3075.905770 11.587000 0.044000
3076.897820 11.678000 0.042000
3077.900370 11.704000 0.040000
3081.897140 11.874000 0.042000
3082.902470 11.958000 0.045000
3089.907140 12.355000 0.040000
3090.898550 12.456000 0.038000
3091.902150 12.431000 0.042000
3092.905130 12.515000 0.041000
3093.897510 12.500000 0.050000
3098.910040 12.880000 0.050000
3099.908610 12.979000 0.048000
3100.879650 12.974000 0.047000
3101.901850 13.073000 0.043000
3103.880000 13.063000 0.049000
3104.873520 13.155000 0.055000
3105.875190 12.995000 0.053000
3106.850550 13.133000 0.054000
3106.884340 13.227000 0.043000
3109.882560 13.431000 0.058000
3113.883220 13.494000 0.046000
3114.870430 13.733000 0.052000
3124.842810 14.065000 0.058000
3125.818190 14.274000 0.050000
3293.587940 13.192000 0.039000
3296.519630 12.664000 0.040000
3299.558160 12.202000 0.037000
3577.735420 13.915000 0.035000
3589.659480 12.736000 0.039000
3591.714230 12.597000 0.042000
3621.609790 11.240000 0.048000
3632.672090 11.167000 0.037000
3635.570500 11.227000 0.045000
3638.656050 11.206000 0.041000
3644.540360 11.415000 0.040000
3650.568550 11.521000 0.035000
3655.536670 11.682000 0.042000
3657.606150 11.689000 0.042000
3660.536350 11.732000 0.036000
3664.576370 11.979000 0.037000
3674.543690 12.427000 0.034000
3901.830810 11.612000 0.040000
4180.903430 11.607000 0.036000
4184.905240 11.212000 0.046000
4234.879460 11.329000 0.042000
4253.891280 12.120000 0.045000
4284.751110 13.403000 0.041000
4298.728460 13.816000 0.040000
4591.863720 14.243000 0.034000
4769.521620 13.468000 0.034000
4772.519510 13.237000 0.040000
4776.522370 12.522000 0.044000
4780.525180 12.124000 0.036000
5049.656050 13.189000 0.046000
5067.650210 11.907000 0.046000
5071.651860 11.570000 0.046000
5082.676950 11.423000 0.045000
5085.568440 11.364000 0.049000
5087.600970 11.391000 0.043000
5089.667440 11.360000 0.039000
5097.547820 11.123000 0.043000
5099.561960 11.096000 0.039000
5106.577070 11.036000 0.046000
5111.588970 11.068000 0.043000
5131.517580 11.529000 0.044000
5145.523600 12.090000 0.044000
1981.904410 29.999000 0.050000
1983.900060 29.999000 0.053000
1985.880400 29.999000 0.055000
2540.574520 29.999000 0.052000
2544.577440 29.999000 0.049000
2563.574410 29.999000 0.033000
2578.528150 29.999000 0.037000
2829.694550 29.999000 0.044000
2851.658360 29.999000 0.028000
2853.782250 29.999000 0.028000
2866.639080 29.999000 0.030000
2867.719070 29.999000 0.032000
2875.634030 29.999000 0.023000
2877.622180 29.999000 0.025000
2879.622880 29.999000 0.027000
2882.670340 29.999000 0.047000
2884.611150 29.999000 0.026000
2892.570700 29.999000 0.034000
2895.638630 29.999000 0.023000
2902.504580 29.999000 0.028000
2902.515990 29.999000 0.031000
2902.518210 29.999000 0.025000
2902.520430 29.999000 0.026000
2902.522650 29.999000 0.025000
2902.527120 29.999000 0.028000
2902.531560 29.999000 0.026000
2902.538470 29.999000 0.024000
2902.552590 29.999000 0.025000
2902.554800 29.999000 0.024000
2902.557030 29.999000 0.025000
2902.563690 29.999000 0.024000
2902.565910 29.999000 0.025000
2902.568140 29.999000 0.025000
2902.574810 29.999000 0.025000
2902.577040 29.999000 0.024000
2902.581480 29.999000 0.025000
2902.583700 29.999000 0.025000
2902.592590 29.999000 0.027000
2902.637100 29.999000 0.024000
2902.639330 29.999000 0.028000
2902.641560 29.999000 0.029000
2902.643790 29.999000 0.027000
2902.646010 29.999000 0.026000
2902.652690 29.999000 0.027000
2902.654910 29.999000 0.026000
2902.657130 29.999000 0.030000
2902.659360 29.999000 0.037000
2902.666030 29.999000 0.034000
2903.490930 29.999000 0.046000
2903.493170 29.999000 0.044000
2903.506490 29.999000 0.031000
2903.517610 29.999000 0.037000
2903.522050 29.999000 0.037000
2903.546540 29.999000 0.055000
2903.551010 29.999000 0.035000
2903.553240 29.999000 0.030000
2903.577730 29.999000 0.045000
2903.626660 29.999000 0.048000
2903.628900 29.999000 0.039000
2903.631130 29.999000 0.044000
2906.492300 29.999000 0.032000
2906.532730 29.999000 0.043000
2908.504750 29.999000 0.031000
2908.543020 29.999000 0.032000
2908.611770 29.999000 0.024000
2909.576840 29.999000 0.026000
2910.494230 29.999000 0.033000
2910.519520 29.999000 0.031000
2910.648720 29.999000 0.028000
2911.488720 29.999000 0.031000
2911.589010 29.999000 0.030000
2912.588290 29.999000 0.025000
2917.495140 29.999000 0.029000
2917.521740 29.999000 0.024000
2917.588140 29.999000 0.033000
2917.602040 29.999000 0.031000
2917.617450 29.999000 0.026000
2917.632100 29.999000 0.027000
2918.536120 29.999000 0.041000
2918.566730 29.999000 0.035000
2918.591680 29.999000 0.033000
2921.503380 29.999000 0.033000
2922.611360 29.999000 0.030000
2923.493300 29.999000 0.037000
2923.519070 29.999000 0.032000
2923.544420 29.999000 0.033000
2924.490600 29.999000 0.026000
2924.516130 29.999000 0.031000
2924.592760 29.999000 0.029000
2927.492240 29.999000 0.028000
2927.529540 29.999000 0.028000
2928.492250 29.999000 0.033000
2928.517950 29.999000 0.029000
2928.543590 29.999000 0.030000
2928.591880 29.999000 0.031000
2929.493080 29.999000 0.032000
2929.518970 29.999000 0.044000
2929.544590 29.999000 0.037000
2929.570300 29.999000 0.025000
2929.596270 29.999000 0.027000
2930.492970 29.999000 0.028000
2930.517780 29.999000 0.035000
2930.542570 29.999000 0.027000
2931.493430 29.999000 0.027000
2931.517840 29.999000 0.032000
2931.566500 29.999000 0.026000
2931.591610 29.999000 0.025000
2932.494400 29.999000 0.029000
2932.518640 29.999000 0.031000
2933.520130 29.999000 0.030000
2933.545610 29.999000 0.025000
2934.494600 29.999000 0.029000
2934.520390 29.999000 0.034000
2934.545710 29.999000 0.026000
2934.572040 29.999000 0.031000
2935.523610 29.999000 0.029000
2935.549340 29.999000 0.030000
2936.572130 29.999000 0.042000
2937.520180 29.999000 0.026000
2937.545000 29.999000 0.028000
2937.569640 29.999000 0.028000
2939.497290 29.999000 0.027000
2940.497770 29.999000 0.053000
2940.535290 29.999000 0.042000
2944.538470 29.999000 0.027000
2945.513470 29.999000 0.028000
2945.539310 29.999000 0.035000
2946.511780 29.999000 0.032000
2946.537290 29.999000 0.032000
2947.522530 29.999000 0.030000
2949.507640 29.999000 0.028000
2950.505450 29.999000 0.031000
2951.502980 29.999000 0.031000
2951.537740 29.999000 0.036000
2953.507480 29.999000 0.029000
2954.507670 29.999000 0.028000
2955.505160 29.999000 0.026000
2956.505680 29.999000 0.028000
2958.506750 29.999000 0.029000
3127.812360 29.999000 0.059000
3129.891260 29.999000 0.036000
3132.879830 29.999000 0.041000
3133.813480 29.999000 0.053000
3141.830640 29.999000 0.039000
3144.903360 29.999000 0.032000
3146.870310 29.999000 0.032000
3153.839080 29.999000 0.030000
3154.768020 29.999000 0.034000
3154.844270 29.999000 0.029000
3154.874300 29.999000 0.026000
3156.764740 29.999000 0.055000
3156.833230 29.999000 0.031000
3156.869770 29.999000 0.029000
3156.904680 29.999000 0.027000
3157.835660 29.999000 0.042000
3157.911190 29.999000 0.055000
3158.783780 29.999000 0.036000
3158.840960 29.999000 0.030000
3159.785620 29.999000 0.057000
3159.813440 29.999000 0.041000
3160.780810 29.999000 0.054000
3160.812060 29.999000 0.039000
3162.851770 29.999000 0.044000
3163.808140 29.999000 0.035000
3163.842110 29.999000 0.029000
3164.735020 29.999000 0.046000
3164.770750 29.999000 0.031000
3164.822330 29.999000 0.032000
3164.881770 29.999000 0.027000
3166.742380 29.999000 0.053000
3166.776360 29.999000 0.029000
3166.803040 29.999000 0.032000
3166.832340 29.999000 0.028000
3168.871890 29.999000 0.026000
3169.829890 29.999000 0.028000
3170.792920 29.999000 0.030000
3170.821100 29.999000 0.036000
3171.901660 29.999000 0.034000
3171.933970 29.999000 0.032000
3172.828260 29.999000 0.044000
3174.784760 29.999000 0.032000
3175.837340 29.999000 0.026000
3176.736060 29.999000 0.032000
3176.775600 29.999000 0.029000
3179.775200 29.999000 0.031000
3179.804740 29.999000 0.031000
3179.830550 29.999000 0.026000
3179.857570 29.999000 0.027000
3179.887520 29.999000 0.027000
3180.724020 29.999000 0.038000
3180.780860 29.999000 0.028000
3180.872370 29.999000 0.026000
3183.726720 29.999000 0.029000
3183.820340 29.999000 0.029000
3183.852560 29.999000 0.029000
3183.889300 29.999000 0.030000
3185.770900 29.999000 0.032000
3185.801780 29.999000 0.029000
3185.828100 29.999000 0.029000
3185.854140 29.999000 0.027000
3185.884770 29.999000 0.029000
3186.709090 29.999000 0.050000
3186.754600 29.999000 0.033000
3186.781250 29.999000 0.030000
3186.809460 29.999000 0.031000
3186.842570 29.999000 0.031000
3186.869820 29.999000 0.031000
3187.831300 29.999000 0.031000
3187.857280 29.999000 0.031000
3190.774360 29.999000 0.038000
3190.805900 29.999000 0.039000
3190.859530 29.999000 0.040000
3191.728050 29.999000 0.043000
3191.788310 29.999000 0.040000
3191.870910 29.999000 0.042000
3193.871950 29.999000 0.031000
3447.904390 29.999000 0.026000
3457.885350 29.999000 0.026000
3464.881120 29.999000 0.040000
3472.910150 29.999000 0.030000
3480.861350 29.999000 0.031000
3487.896620 29.999000 0.030000
3491.918030 29.999000 0.037000
3506.866170 29.999000 0.028000
3509.856670 29.999000 0.029000
3512.799520 29.999000 0.027000
3530.773750 29.999000 0.029000
3550.747190 29.999000 0.032000
3552.853650 29.999000 0.035000
3555.765820 29.999000 0.030000
3559.698680 29.999000 0.042000
3561.722110 29.999000 0.027000
3563.775870 29.999000 0.031000
3569.697980 29.999000 0.028000
3573.696400 29.999000 0.033000
3808.907370 29.999000 0.033000
3815.903930 29.999000 0.033000
3820.910320 29.999000 0.029000
3824.900220 29.999000 0.031000
3828.898940 29.999000 0.027000
3832.880510 29.999000 0.027000
3836.882240 29.999000 0.031000
3849.864660 29.999000 0.032000
3852.879630 29.999000 0.029000
3855.873800 29.999000 0.038000
3861.902110 29.999000 0.033000
3863.872740 29.999000 0.024000
3865.902030 29.999000 0.027000
3867.859420 29.999000 0.030000
3869.848530 29.999000 0.031000
3871.836620 29.999000 0.043000
4345.651340 29.999000 0.029000
1979.899420 29.999000 0.049000
2558.517110 29.999000 0.039000
2566.525020 29.999000 0.030000
2568.558190 29.999000 0.045000
2835.725810 29.999000 0.027000
2855.672820 29.999000 0.034000
2860.634980 29.999000 0.032000
2862.639030 29.999000 0.033000
2872.612690 29.999000 0.027000
2886.550590 29.999000 0.029000
2893.680760 29.999000 0.038000
2897.650150 29.999000 0.025000
2902.529340 29.999000 0.025000
2902.536240 29.999000 0.027000
2902.543170 29.999000 0.026000
2902.547840 29.999000 0.026000
2902.559250 29.999000 0.027000
2902.561470 29.999000 0.026000
2902.570370 29.999000 0.028000
2902.572590 29.999000 0.027000
2902.579260 29.999000 0.023000
2902.585920 29.999000 0.026000
2902.588150 29.999000 0.026000
2902.594820 29.999000 0.025000
2902.597050 29.999000 0.026000
2902.599280 29.999000 0.026000
2902.601500 29.999000 0.026000
2902.603730 29.999000 0.025000
2902.605960 29.999000 0.029000
2902.608180 29.999000 0.025000
2902.610400 29.999000 0.026000
2902.612630 29.999000 0.026000
2902.614860 29.999000 0.025000
2902.617090 29.999000 0.025000
2902.619310 29.999000 0.026000
2902.621530 29.999000 0.026000
2902.623760 29.999000 0.024000
2902.625990 29.999000 0.027000
2902.628210 29.999000 0.025000
2902.630430 29.999000 0.026000
2902.632660 29.999000 0.025000
2902.634880 29.999000 0.026000
2902.648250 29.999000 0.027000
2902.650470 29.999000 0.026000
2902.661590 29.999000 0.037000
2902.663800 29.999000 0.031000
2902.668250 29.999000 0.040000
2902.670490 29.999000 0.048000
2902.672710 29.999000 0.043000
2903.488710 29.999000 0.051000
2903.495380 29.999000 0.053000
2903.497600 29.999000 0.051000
2903.504260 29.999000 0.054000
2903.508720 29.999000 0.047000
2903.510940 29.999000 0.045000
2903.513160 29.999000 0.042000
2903.515390 29.999000 0.050000
2903.519830 29.999000 0.041000
2903.530950 29.999000 0.050000
2903.533190 29.999000 0.048000
2903.535410 29.999000 0.037000
2903.537640 29.999000 0.034000
2903.539880 29.999000 0.036000
2903.542100 29.999000 0.033000
2903.544320 29.999000 0.029000
2903.548790 29.999000 0.038000
2903.555490 29.999000 0.038000
2903.557710 29.999000 0.040000
2903.593300 29.999000 0.048000
2903.595520 29.999000 0.036000
2903.597760 29.999000 0.033000
2903.599980 29.999000 0.041000
2903.602200 29.999000 0.050000
2903.633350 29.999000 0.051000
2903.644500 29.999000 0.045000
2905.662380 29.999000 0.030000
2906.572840 29.999000 0.037000
2906.613570 29.999000 0.029000
2906.654990 29.999000 0.028000
2908.579230 29.999000 0.024000
2909.502990 29.999000 0.029000
2909.541000 29.999000 0.044000
2910.546000 29.999000 0.033000
2910.569920 29.999000 0.023000
2910.620810 29.999000 0.026000
2911.514980 29.999000 0.031000
2911.562590 29.999000 0.026000
2911.638340 29.999000 0.028000
2912.486620 29.999000 0.035000
2912.540660 29.999000 0.031000
2912.564830 29.999000 0.035000
2912.610540 29.999000 0.026000
2912.631550 29.999000 0.025000
2913.607040 29.999000 0.052000
2913.632900 29.999000 0.038000
2917.547930 29.999000 0.036000
2917.573770 29.999000 0.025000
2918.616970 29.999000 0.032000
2921.552700 29.999000 0.032000
2921.601990 29.999000 0.035000
2922.497220 29.999000 0.034000
2922.545970 29.999000 0.031000
2923.570230 29.999000 0.026000
2923.596570 29.999000 0.026000
2924.567710 29.999000 0.026000
2926.528780 29.999000 0.025000
2926.566480 29.999000 0.039000
2926.604040 29.999000 0.025000
2930.567280 29.999000 0.026000
2930.592500 29.999000 0.026000
2931.542240 29.999000 0.024000
2932.543350 29.999000 0.029000
2932.567880 29.999000 0.026000
2933.571120 29.999000 0.030000
2935.498250 29.999000 0.040000
2935.575140 29.999000 0.029000
2936.496110 29.999000 0.048000
2936.520880 29.999000 0.043000
2939.535700 29.999000 0.028000
2944.513020 29.999000 0.026000
2959.508080 29.999000 0.034000
3114.907050 29.999000 0.043000
3115.863370 29.999000 0.055000
3125.849420 29.999000 0.049000
3126.867160 29.999000 0.052000
3127.882570 29.999000 0.050000
3127.918000 29.999000 0.037000
3128.833030 29.999000 0.052000
3128.870670 29.999000 0.059000
3128.906420 29.999000 0.031000
3130.831930 29.999000 0.055000
3130.868430 29.999000 0.045000
3130.900800 29.999000 0.035000
3131.850220 29.999000 0.034000
3131.887730 29.999000 0.033000
3132.814230 29.999000 0.051000
3132.848390 29.999000 0.048000
3133.847000 29.999000 0.050000
3133.876020 29.999000 0.042000
3141.794490 29.999000 0.054000
3141.858950 29.999000 0.030000
3142.803340 29.999000 0.056000
3142.837510 29.999000 0.035000
3142.865560 29.999000 0.028000
3142.891510 29.999000 0.028000
3144.825330 29.999000 0.034000
3146.804200 29.999000 0.046000
3146.840600 29.999000 0.032000
3146.907580 29.999000 0.030000
3153.887970 29.999000 0.028000
3153.937940 29.999000 0.027000
3154.796530 29.999000 0.029000
3154.820070 29.999000 0.029000
3154.916560 29.999000 0.027000
3156.798880 29.999000 0.049000
3158.747590 29.999000 0.051000
3158.810180 29.999000 0.030000
3158.871730 29.999000 0.030000
3158.912730 29.999000 0.027000
3162.815350 29.999000 0.033000
3162.940870 29.999000 0.047000
3163.776470 29.999000 0.033000
3163.870920 29.999000 0.027000
3163.902050 29.999000 0.028000
3164.796890 29.999000 0.029000
3164.848310 29.999000 0.028000
3164.911490 29.999000 0.027000
3165.726270 29.999000 0.049000
3165.761030 29.999000 0.041000
3165.788500 29.999000 0.053000
3165.813670 29.999000 0.036000
3166.892860 29.999000 0.033000
3168.766420 29.999000 0.025000
3168.802880 29.999000 0.028000
3168.841150 29.999000 0.027000
3168.908280 29.999000 0.029000
3169.750360 29.999000 0.042000
3169.776980 29.999000 0.030000
3169.803490 29.999000 0.027000
3169.860800 29.999000 0.033000
3169.891620 29.999000 0.027000
3170.757000 29.999000 0.056000
3170.850630 29.999000 0.028000
3170.879780 29.999000 0.028000
3170.908610 29.999000 0.029000
3171.749530 29.999000 0.041000
3171.812570 29.999000 0.035000
3172.757040 29.999000 0.050000
3173.752550 29.999000 0.053000
3175.779710 29.999000 0.032000
3175.876850 29.999000 0.027000
3175.919600 29.999000 0.027000
3177.697320 29.999000 0.059000
3178.742690 29.999000 0.032000
3178.769380 29.999000 0.034000
3178.925160 29.999000 0.033000
3179.707270 29.999000 0.059000
3180.754690 29.999000 0.027000
3180.807690 29.999000 0.024000
3180.838880 29.999000 0.032000
3180.899470 29.999000 0.025000
3182.706610 29.999000 0.050000
3182.744700 29.999000 0.047000
3182.780940 29.999000 0.038000
3182.814840 29.999000 0.032000
3182.851160 29.999000 0.031000
3182.892430 29.999000 0.033000
3183.763020 29.999000 0.030000
3183.791680 29.999000 0.029000
3184.699560 29.999000 0.058000
3184.727520 29.999000 0.026000
3185.711900 29.999000 0.052000
3185.740850 29.999000 0.040000
3187.708790 29.999000 0.037000
3187.732710 29.999000 0.028000
3187.755840 29.999000 0.030000
3187.781330 29.999000 0.031000
3187.804690 29.999000 0.028000
3190.741000 29.999000 0.040000
3191.701730 29.999000 0.048000
3191.754460 29.999000 0.041000
3191.814790 29.999000 0.039000
3272.550090 29.999000 0.029000
3277.612350 29.999000 0.031000
3280.549700 29.999000 0.032000
3468.878250 29.999000 0.027000
3476.885640 29.999000 0.030000
3483.904900 29.999000 0.033000
3496.887690 29.999000 0.041000
3500.871040 29.999000 0.036000
3503.851920 29.999000 0.032000
3525.785050 29.999000 0.025000
3539.786470 29.999000 0.035000
4286.748700 29.999000 0.051000
4290.743400 29.999000 0.038000
4296.719760 29.999000 0.042000
4300.705680 29.999000 0.035000
4302.743440 29.999000 0.031000
4304.684990 29.999000 0.031000
4306.668990 29.999000 0.033000
4308.676100 29.999000 0.041000
4311.671800 29.999000 0.040000
4317.613610 29.999000 0.027000
4329.623120 29.999000 0.037000
4331.608180 29.999000 0.030000
4336.585540 29.999000 0.032000
4339.651830 29.999000 0.035000
4341.651440 29.999000 0.037000
4343.651510 29.999000 0.040000
4347.652150 29.999000 0.038000
4349.645730 29.999000 0.035000
4351.642690 29.999000 0.033000
4354.599220 29.999000 0.039000
4356.622010 29.999000 0.031000
4358.632040 29.999000 0.032000
4362.621510 29.999000 0.030000
4367.506490 29.999000 0.034000
4369.561320 29.999000 0.035000
4371.580120 29.999000 0.040000
4373.592360 29.999000 0.030000
4376.580290 29.999000 0.030000
4378.598300 29.999000 0.035000
4380.627720 29.999000 0.040000
4383.565280 29.999000 0.032000
4385.606720 29.999000 0.032000
4388.498100 29.999000 0.036000
4400.532200 29.999000 0.032000
4407.524800 29.999000 0.031000
4411.517520 29.999000 0.031000
4585.921630 29.999000 0.035000
4602.852700 29.999000 0.034000
4606.856510 29.999000 0.036000
4609.817790 29.999000 0.032000
4615.841540 29.999000 0.034000
4617.819120 29.999000 0.035000
4623.849580 29.999000 0.031000
4626.719190 29.999000 0.038000
4630.742260 29.999000 0.030000
4632.743720 29.999000 0.029000
4639.772410 29.999000 0.034000
4641.780390 29.999000 0.032000
4643.771210 29.999000 0.039000
4645.815170 29.999000 0.028000
4648.705290 29.999000 0.033000
4650.754650 29.999000 0.030000
4652.764940 29.999000 0.030000
4654.752850 29.999000 0.029000
4656.720370 29.999000 0.047000
4660.678060 29.999000 0.028000
4662.710580 29.999000 0.041000
4666.776870 29.999000 0.033000
4670.691940 29.999000 0.050000
4672.715730 29.999000 0.028000
4681.663350 29.999000 0.032000
4683.662830 29.999000 0.033000
4685.643920 29.999000 0.038000
4687.641120 29.999000 0.036000
4694.628430 29.999000 0.036000
4697.720300 29.999000 0.034000
4701.694470 29.999000 0.035000
4703.699290 29.999000 0.031000
4706.617620 29.999000 0.033000
4709.584940 29.999000 0.044000
4715.664110 29.999000 0.037000
4721.548900 29.999000 0.031000
4724.588720 29.999000 0.032000
4726.641480 29.999000 0.031000
4729.620660 29.999000 0.032000
4736.602070 29.999000 0.032000
4739.594330 29.999000 0.030000
4742.545910 29.999000 0.038000
4744.553760 29.999000 0.034000
4754.589300 29.999000 0.037000
4757.546920 29.999000 0.035000
4760.541090 29.999000 0.033000
4763.539690 29.999000 0.036000
4919.899470 29.999000 0.039000
4934.884440 29.999000 0.044000
4941.874620 29.999000 0.048000
4945.871000 29.999000 0.037000
4949.851710 29.999000 0.037000
4952.863950 29.999000 0.035000
4955.835140 29.999000 0.039000
4959.884030 29.999000 0.040000
4962.843740 29.999000 0.039000
4967.880050 29.999000 0.040000
4974.814730 29.999000 0.039000
4984.818650 29.999000 0.046000
4988.800810 29.999000 0.041000
4990.803180 29.999000 0.039000
4994.804970 29.999000 0.046000
5006.770960 29.999000 0.043000
5009.758660 29.999000 0.042000
5012.804980 29.999000 0.045000
5014.744270 29.999000 0.037000
5017.717920 29.999000 0.043000
5022.731040 29.999000 0.046000
5024.735350 29.999000 0.045000
5035.715670 29.999000 0.059000
5038.683170 29.999000 0.050000
5040.666820 29.999000 0.050000
5042.668810 29.999000 0.042000
2140.588080 12.365000 0.036000
2490.577570 10.970000 0.046000
3115.895990 13.716000 0.046000
3177.735170 29.999000 0.042000
3177.762870 29.999000 0.045000
3177.789350 29.999000 0.049000
3177.814810 29.999000 0.038000
3177.844550 29.999000 0.038000
3177.921220 29.999000 0.050000
