2140.538240 11.770000 0.038000
3450.865620 11.608000 0.036000
1980.889630 12.274000 0.046000
4343.703360 13.407000 0.043000
2233.508010 13.473000 0.049000
4694.686010 13.451000 0.040000
1963.880550 11.965000 0.041000
1965.873750 12.000000 0.041000
1967.876280 12.036000 0.045000
1981.864830 12.285000 0.047000
2025.799650 12.754000 0.028000
2026.844870 12.727000 0.029000
2027.803630 12.840000 0.030000
2030.795050 12.866000 0.029000
2031.801740 12.756000 0.030000
2032.791040 12.856000 0.029000
2033.784460 12.847000 0.030000
2037.752380 12.925000 0.038000
2039.786030 12.978000 0.039000
2040.718810 12.816000 0.035000
2052.739580 13.003000 0.036000
2053.759110 13.112000 0.033000
2054.751700 12.924000 0.036000
2055.740340 12.952000 0.034000
2056.741500 13.027000 0.031000
2057.737380 12.973000 0.029000
2058.729700 13.082000 0.032000
2061.731740 12.906000 0.035000
2067.647800 12.859000 0.033000
2068.668600 12.652000 0.036000
2069.691450 12.598000 0.036000
2070.714360 12.645000 0.040000
2080.616040 12.363000 0.034000
2081.681700 12.852000 0.032000
2082.695090 12.285000 0.030000
2085.675000 12.164000 0.031000
2086.689880 12.105000 0.032000
2087.673740 11.989000 0.035000
2088.665830 12.008000 0.031000
2093.582120 11.771000 0.037000
2094.616640 11.674000 0.035000
2096.618670 11.644000 0.043000
2102.616450 11.430000 0.036000
2103.640700 11.500000 0.038000
2104.644580 11.432000 0.032000
2105.636510 11.397000 0.033000
2106.639650 11.400000 0.031000
2109.632400 11.383000 0.031000
2114.760550 11.439000 0.033000
2115.624080 11.495000 0.034000
2116.607390 11.373000 0.037000
2117.601800 11.462000 0.036000
2124.577510 11.505000 0.040000
2125.593780 11.561000 0.035000
2128.602310 11.623000 0.031000
2129.585430 11.645000 0.035000
2130.590040 11.638000 0.035000
2131.578130 11.630000 0.032000
2132.586210 11.647000 0.035000
2133.578120 11.666000 0.031000
2134.581050 11.671000 0.037000
2135.575050 11.728000 0.034000
2136.576820 11.752000 0.033000
2141.568390 12.222000 0.035000
2142.562650 11.854000 0.034000
2143.558540 11.825000 0.035000
2144.554140 11.853000 0.036000
2145.549660 11.872000 0.033000
2167.491370 12.175000 0.035000
2169.608620 12.153000 0.036000
2172.523920 12.217000 0.035000
2180.516150 12.337000 0.037000
2184.498090 12.492000 0.034000
2187.513720 12.415000 0.041000
2190.508230 12.500000 0.044000
2192.548690 12.551000 0.037000
2194.552280 12.611000 0.038000
2196.554540 12.595000 0.039000
2198.549540 12.695000 0.037000
2202.512000 12.733000 0.045000
2204.518370 12.775000 0.038000
2206.525710 12.747000 0.046000
2212.552850 12.823000 0.048000
2442.690050 12.498000 0.049000
2443.689650 12.543000 0.047000
2445.673550 12.541000 0.040000
2446.694310 12.443000 0.045000
2453.765500 12.044000 0.040000
2464.645080 11.544000 0.042000
2465.648760 11.524000 0.043000
2468.639970 11.492000 0.042000
2470.580080 11.421000 0.046000
2473.604300 11.382000 0.046000
2489.603270 11.392000 0.042000
2490.610380 11.369000 0.047000
2493.582460 11.465000 0.044000
2495.589580 11.475000 0.044000
2498.577230 11.493000 0.046000
2499.573100 11.520000 0.047000
2500.533790 11.523000 0.049000
2501.574590 11.591000 0.049000
2508.695920 11.737000 0.035000
2510.669070 11.713000 0.047000
2520.577390 11.905000 0.040000
2521.587070 11.955000 0.028000
2523.739260 11.970000 0.034000
2526.488110 12.050000 0.031000
2535.566920 12.160000 0.035000
2540.629880 12.357000 0.032000
2544.631690 12.316000 0.030000
2545.673190 12.309000 0.029000
2558.602170 12.462000 0.044000
2559.600760 12.440000 0.038000
2560.608870 12.416000 0.030000
2561.597720 12.560000 0.036000
2562.610010 12.444000 0.032000
2563.626290 12.608000 0.033000
2566.534890 12.664000 0.036000
2568.568920 12.730000 0.045000
2578.564260 12.698000 0.038000
2683.887870 11.565000 0.029000
2686.883230 11.558000 0.031000
2689.887860 11.608000 0.033000
2694.857330 11.642000 0.031000
2698.873860 11.758000 0.034000
2701.869260 11.907000 0.030000
2704.863780 11.852000 0.029000
2710.841960 12.017000 0.032000
2712.873990 12.047000 0.035000
2714.887270 12.065000 0.032000
2719.853620 12.131000 0.036000
2721.856580 12.132000 0.037000
2725.851660 12.162000 0.033000
2727.859610 12.169000 0.033000
2729.858480 12.233000 0.030000
2732.877630 12.247000 0.038000
2735.812780 12.365000 0.031000
2737.844980 12.339000 0.031000
2739.867490 12.354000 0.035000
2741.851930 12.465000 0.034000
2743.841600 12.625000 0.035000
2751.754350 12.784000 0.037000
2754.845610 12.879000 0.038000
2756.803560 12.968000 0.034000
2758.839440 12.917000 0.027000
2760.790610 13.164000 0.041000
2764.781300 13.145000 0.031000
2770.836500 13.394000 0.040000
2784.768770 13.767000 0.034000
2786.725930 13.783000 0.032000
2790.754670 13.543000 0.035000
2805.854940 13.304000 0.033000
2809.749220 12.842000 0.043000
2810.855160 12.572000 0.031000
2812.656710 12.510000 0.036000
2813.853450 12.427000 0.034000
2820.861870 11.969000 0.035000
2832.622690 11.818000 0.039000
2838.665740 11.855000 0.042000
2840.711340 11.790000 0.042000
2841.844320 11.813000 0.031000
2843.663660 11.784000 0.042000
2854.559510 11.681000 0.034000
2859.562840 11.634000 0.038000
2860.682470 11.591000 0.040000
2861.792150 11.615000 0.032000
2866.623130 11.551000 0.034000
2867.710110 11.537000 0.031000
2872.626860 11.538000 0.032000
2875.643770 11.512000 0.028000
2877.629480 11.526000 0.039000
2879.632840 11.516000 0.031000
2884.620860 11.563000 0.032000
2886.530300 11.630000 0.039000
2888.613160 11.584000 0.037000
2892.669300 11.613000 0.029000
2894.584040 11.655000 0.033000
2897.720790 11.675000 0.029000
2902.486690 11.768000 0.030000
2908.500570 11.860000 0.033000
2910.513120 11.926000 0.031000
2912.529470 11.964000 0.028000
2916.600970 12.021000 0.029000
2918.627760 12.053000 0.029000
2922.579810 12.216000 0.035000
2924.588840 12.363000 0.033000
2927.586710 12.312000 0.029000
2929.587830 12.351000 0.032000
2931.594890 12.415000 0.027000
2935.583150 12.557000 0.030000
2937.583310 12.588000 0.029000
2940.559000 12.662000 0.030000
2942.549870 12.877000 0.034000
2944.559220 12.937000 0.032000
2949.569090 12.949000 0.030000
2951.569130 13.266000 0.028000
2954.530370 13.212000 0.030000
2956.554670 13.426000 0.039000
2958.553340 13.404000 0.029000
2961.512910 13.375000 0.027000
2963.545690 13.738000 0.030000
2966.522800 13.632000 0.029000
3060.891970 11.832000 0.029000
3064.889580 11.662000 0.030000
3068.886400 11.540000 0.030000
3076.870700 11.406000 0.028000
3079.876940 11.400000 0.037000
3082.907730 11.436000 0.030000
3087.845780 11.518000 0.032000
3090.874800 11.622000 0.030000
3097.818470 11.710000 0.031000
3100.868400 11.764000 0.033000
3103.870280 11.818000 0.030000
3106.875500 11.836000 0.029000
3112.853180 11.993000 0.030000
3115.843480 12.053000 0.029000
3122.884230 12.397000 0.030000
3125.772350 12.554000 0.028000
3130.791700 12.905000 0.035000
3132.839050 12.771000 0.033000
3142.777480 13.322000 0.043000
3146.728930 13.415000 0.026000
3153.812210 13.690000 0.043000
3156.749500 13.667000 0.028000
3158.805100 13.813000 0.030000
3169.784540 13.782000 0.030000
3172.767810 13.719000 0.035000
3176.696450 13.761000 0.028000
3182.672020 13.724000 0.029000
3184.684810 13.451000 0.029000
3186.710970 13.213000 0.031000
3189.735460 13.569000 0.037000
3191.837390 13.328000 0.044000
3278.634970 11.590000 0.039000
3323.544960 12.421000 0.041000
3426.876160 11.656000 0.036000
3430.870150 11.659000 0.030000
3434.865670 11.606000 0.039000
3443.892820 11.585000 0.035000
3447.849410 11.665000 0.036000
3456.860750 11.641000 0.034000
3459.848940 11.615000 0.027000
3463.838960 11.604000 0.041000
3466.868520 11.666000 0.042000
3469.897180 11.616000 0.034000
3473.823430 11.611000 0.041000
3476.901960 11.606000 0.041000
3479.848030 11.727000 0.039000
3482.831750 11.665000 0.035000
3487.852180 11.830000 0.040000
3490.840990 11.887000 0.037000
3496.851110 11.940000 0.036000
3500.813450 12.057000 0.039000
3503.785970 12.170000 0.032000
3506.836430 12.260000 0.035000
3509.828180 12.358000 0.036000
3512.706490 12.495000 0.032000
3516.772010 12.594000 0.036000
3520.760560 12.842000 0.036000
3522.784600 12.924000 0.033000
3524.803550 13.094000 0.040000
3538.747550 13.491000 0.030000
3553.693980 13.633000 0.033000
3559.659420 13.532000 0.035000
3561.687750 13.572000 0.029000
3563.678990 13.626000 0.030000
3569.709610 13.267000 0.033000
3571.720490 13.053000 0.032000
3573.845780 13.209000 0.037000
3576.598630 12.888000 0.032000
3578.636690 12.663000 0.032000
3582.848810 12.378000 0.036000
3585.568410 12.289000 0.035000
3587.616000 12.172000 0.032000
3589.629630 12.099000 0.029000
3591.693090 12.013000 0.030000
3594.540250 11.912000 0.042000
3602.634320 11.820000 0.030000
3617.564520 11.685000 0.038000
3619.619790 11.987000 0.032000
3621.679400 11.707000 0.044000
3624.678810 11.668000 0.033000
3626.676720 11.673000 0.032000
3629.668860 11.681000 0.037000
3631.677570 11.662000 0.035000
3631.680770 11.743000 0.032000
3633.689570 11.700000 0.034000
3637.580840 11.745000 0.031000
3646.587470 11.791000 0.034000
3651.557730 11.716000 0.028000
3653.559910 11.654000 0.033000
3655.573670 11.670000 0.028000
3657.617150 11.589000 0.041000
3660.539980 11.587000 0.030000
3664.588460 11.658000 0.040000
3668.560850 11.648000 0.029000
3670.585660 11.640000 0.029000
3673.539390 11.707000 0.028000
3676.532410 11.720000 0.031000
3679.514070 11.832000 0.038000
3702.514040 12.448000 0.039000
3790.868730 11.720000 0.045000
3794.883370 11.517000 0.037000
3798.869020 11.464000 0.036000
3803.888330 11.412000 0.036000
3807.891090 11.486000 0.032000
3811.872660 11.520000 0.037000
3815.854150 11.594000 0.032000
3818.874290 11.597000 0.037000
3822.839790 11.546000 0.031000
3826.836520 11.590000 0.039000
3830.844000 11.615000 0.034000
3833.868930 11.723000 0.036000
3836.880360 11.686000 0.036000
3851.840430 11.759000 0.040000
3860.806410 11.771000 0.036000
3862.852600 11.851000 0.030000
3864.795470 11.900000 0.033000
3866.805530 11.918000 0.033000
3868.822780 11.882000 0.034000
3870.776440 11.999000 0.037000
3872.824690 11.951000 0.031000
3882.748840 12.215000 0.041000
3886.800570 12.349000 0.031000
3891.721470 12.460000 0.032000
3893.777470 12.515000 0.031000
3896.776990 12.580000 0.043000
3898.774500 12.686000 0.032000
3900.844210 12.732000 0.029000
3903.689800 12.776000 0.031000
3905.748110 12.846000 0.031000
3907.763140 12.918000 0.031000
3909.871710 13.100000 0.028000
3913.823640 13.848000 0.032000
4153.896470 12.826000 0.043000
4161.885190 12.681000 0.042000
4174.873990 11.938000 0.043000
4185.855920 11.480000 0.039000
4189.849470 11.401000 0.035000
4192.829980 11.330000 0.036000
4202.902350 11.444000 0.036000
4205.882110 11.437000 0.031000
4213.895340 11.467000 0.036000
4227.822980 11.729000 0.035000
4229.854670 11.931000 0.036000
4231.858210 11.881000 0.040000
4234.788230 11.940000 0.035000
4247.759270 12.129000 0.034000
4251.818220 12.203000 0.040000
4254.690430 12.217000 0.032000
4273.700820 12.427000 0.037000
4278.696660 12.577000 0.030000
4283.783900 12.692000 0.032000
4285.761980 12.863000 0.034000
4289.754300 12.780000 0.031000
4291.754770 12.804000 0.032000
4293.732520 12.932000 0.030000
4295.741640 12.895000 0.031000
4297.733070 13.001000 0.034000
4299.712110 13.059000 0.031000
4301.663590 13.092000 0.035000
4303.668900 12.995000 0.036000
4305.658230 13.106000 0.031000
4307.629540 13.169000 0.031000
4308.861760 13.105000 0.042000
4310.767690 12.984000 0.035000
4312.781740 13.159000 0.035000
4316.569540 13.391000 0.035000
4319.614290 13.461000 0.034000
4330.576290 13.057000 0.043000
4332.575550 12.964000 0.030000
4334.579710 12.909000 0.030000
4339.730520 12.662000 0.037000
4341.705300 12.597000 0.036000
4345.705020 12.556000 0.032000
4347.703410 12.532000 0.036000
4349.702300 12.344000 0.032000
4351.726310 12.309000 0.039000
4354.610770 12.097000 0.032000
4356.637070 12.006000 0.035000
4358.665010 11.985000 0.034000
4362.700650 11.735000 0.030000
4364.609190 11.695000 0.034000
4367.640160 11.491000 0.038000
4369.671570 11.483000 0.037000
4372.514470 11.384000 0.038000
4375.546250 11.365000 0.031000
4377.552670 11.280000 0.035000
4379.554870 11.297000 0.034000
4381.606350 11.251000 0.035000
4383.647450 11.228000 0.037000
4386.548040 11.319000 0.033000
4392.540300 11.359000 0.032000
4400.595890 11.541000 0.036000
4408.534180 11.620000 0.034000
4411.557050 11.697000 0.033000
4431.513250 12.023000 0.038000
4519.888230 12.926000 0.038000
4523.879940 12.917000 0.032000
4527.868210 12.736000 0.034000
4537.859450 12.626000 0.033000
4540.886310 12.464000 0.036000
4548.845980 12.031000 0.033000
4552.847020 11.841000 0.036000
4555.870070 11.718000 0.035000
4558.874120 11.538000 0.031000
4561.864290 11.546000 0.035000
4564.860410 11.549000 0.032000
4567.862160 11.529000 0.035000
4570.900370 11.506000 0.031000
4573.828070 11.530000 0.032000
4580.789340 11.543000 0.032000
4585.842760 11.647000 0.036000
4588.826560 11.685000 0.035000
4591.816310 11.663000 0.036000
4596.857670 11.743000 0.031000
4601.790280 11.822000 0.030000
4606.825120 11.872000 0.035000
4609.772730 11.928000 0.034000
4611.816670 11.913000 0.032000
4616.809370 12.010000 0.035000
4623.715630 12.159000 0.033000
4627.765230 12.145000 0.031000
4629.755440 12.080000 0.030000
4631.768150 12.231000 0.030000
4633.745530 12.247000 0.032000
4638.829830 12.274000 0.035000
4642.812680 12.462000 0.035000
4644.863200 12.618000 0.038000
4647.667540 12.545000 0.031000
4649.707080 12.669000 0.032000
4651.744030 12.583000 0.029000
4653.745740 12.688000 0.030000
4655.710030 12.694000 0.031000
4657.743150 12.922000 0.039000
4660.751100 12.775000 0.030000
4662.741690 12.899000 0.040000
4664.705950 12.844000 0.035000
4666.727890 13.266000 0.033000
4671.872370 13.087000 0.033000
4674.587600 13.054000 0.033000
4677.675180 13.272000 0.037000
4682.656440 13.529000 0.034000
4684.665110 13.459000 0.033000
4686.606920 13.421000 0.042000
4691.637770 13.136000 0.040000
4697.772170 13.157000 0.035000
4701.750730 12.953000 0.032000
4703.759980 12.915000 0.032000
4706.632160 12.983000 0.041000
4709.569730 12.505000 0.042000
4721.607350 11.938000 0.033000
4724.643950 11.923000 0.040000
4726.676850 11.790000 0.039000
4729.650610 11.763000 0.038000
4736.603620 11.830000 0.033000
4739.595130 11.788000 0.030000
4742.547590 11.766000 0.041000
4744.555510 11.751000 0.039000
4746.559490 11.733000 0.037000
4748.589060 11.731000 0.034000
4754.557770 11.727000 0.041000
4756.592870 11.680000 0.039000
4759.561650 11.709000 0.041000
4762.559000 11.554000 0.039000
4765.552050 11.513000 0.038000
4767.604180 11.510000 0.038000
4772.569680 11.608000 0.038000
4774.579140 11.576000 0.040000
4777.544430 11.528000 0.038000
4787.533640 11.590000 0.040000
4793.532440 11.852000 0.040000
4799.516240 11.828000 0.041000
4881.883650 13.326000 0.029000
4916.882780 11.887000 0.037000
4927.907770 11.900000 0.036000
4947.827560 11.609000 0.039000
4968.839820 11.544000 0.039000
4972.792640 11.535000 0.036000
4985.730270 11.690000 0.040000
4994.810790 11.783000 0.039000
5023.781330 12.726000 0.040000
5031.669680 12.979000 0.048000
5089.706410 12.560000 0.042000
5104.602220 12.225000 0.039000
2487.632330 11.449000 0.052000
2529.514530 12.168000 0.055000
1994.813440 12.407000 0.052000
1999.819470 12.508000 0.053000
2014.805300 12.598000 0.051000
2503.583810 11.599000 0.051000
2519.581310 11.897000 0.051000
1961.895620 11.929000 0.051000
1978.839420 12.129000 0.051000
1979.864300 12.239000 0.049000
1984.820850 12.405000 0.050000
1985.849480 12.319000 0.050000
1995.878200 12.345000 0.052000
1997.822350 12.479000 0.057000
2216.499900 12.908000 0.061000
2452.649520 12.185000 0.050000
2466.639230 11.517000 0.050000
2474.651220 11.362000 0.053000
2481.595060 11.398000 0.050000
2482.629490 11.320000 0.048000
2486.597810 11.360000 0.049000
2491.591660 11.390000 0.054000
2494.590140 11.371000 0.051000
2497.586880 11.478000 0.051000
2502.583630 11.567000 0.052000
2512.520980 11.741000 0.050000
2556.644960 12.441000 0.052000
2579.565900 12.726000 0.061000
2707.857160 11.924000 0.038000
2747.869540 12.566000 0.039000
2835.632770 11.820000 0.044000
2913.663620 11.960000 0.046000
3072.878310 11.421000 0.043000
3127.798170 12.588000 0.040000
3422.879500 11.644000 0.039000
3597.611050 11.880000 0.041000
3609.532100 11.790000 0.044000
3643.513960 11.798000 0.042000
3649.540560 11.653000 0.042000
3662.572660 11.680000 0.035000
4145.893430 13.017000 0.037000
4196.856590 11.313000 0.041000
4427.538060 11.927000 0.037000
4531.862600 12.718000 0.051000
4770.544230 11.483000 0.045000
4780.561940 11.495000 0.047000
4784.540140 11.528000 0.044000
4905.858250 12.235000 0.039000
4937.886050 11.795000 0.037000
4940.859640 11.717000 0.040000
4974.869800 11.596000 0.040000
4991.771270 11.738000 0.041000
5006.793330 12.084000 0.044000
5021.761970 12.609000 0.041000
5040.719920 13.514000 0.041000
5083.634350 12.633000 0.047000
5098.523680 12.342000 0.041000
5111.613300 12.116000 0.045000
3492.882920 29.999000 0.044000
3543.692550 29.999000 0.036000
3550.757880 29.999000 0.030000
3555.805590 29.999000 0.028000
2782.913010 29.999000 0.028000
5014.709130 29.999000 0.038000
5047.694310 29.999000 0.040000
5063.599920 29.999000 0.045000
5092.578270 29.999000 0.036000
2775.837890 29.999000 0.044000
3162.738630 29.999000 0.029000
3164.775920 29.999000 0.029000
2468.664910 11.477000 0.049000
2490.555700 11.425000 0.045000
2690.895130 11.622000 0.036000
2744.860220 12.435000 0.036000
2751.788500 12.750000 0.037000
2886.694240 11.585000 0.034000
2894.610540 11.657000 0.041000
2947.598560 13.198000 0.028000
3134.833000 13.090000 0.032000
4159.893900 12.678000 0.042000
4167.883840 12.464000 0.046000
4174.893000 12.054000 0.038000
2452.665270 11.996000 0.060000
2459.684030 11.744000 0.051000
2727.887280 12.193000 0.042000
4906.894540 12.274000 0.044000
