1954.800680 11.240000 0.059000
3392.843590 29.999000 0.055000
3449.813070 29.999000 0.086000
1919.831200 13.305000 0.063000
1921.824900 13.237000 0.052000
1926.809090 13.112000 0.062000
1930.817870 12.837000 0.047000
1932.805510 12.813000 0.051000
1936.833970 12.526000 0.041000
1938.834510 12.365000 0.040000
1940.819810 12.179000 0.049000
1946.763900 11.739000 0.060000
1948.795960 11.537000 0.059000
1950.763670 11.436000 0.051000
1953.784870 11.261000 0.045000
1954.804480 11.239000 0.051000
1955.819010 11.225000 0.043000
1958.866290 11.140000 0.046000
1961.813060 11.084000 0.049000
1963.762450 11.090000 0.042000
1964.833690 11.084000 0.041000
1965.885940 11.083000 0.040000
1967.761980 11.122000 0.042000
1976.842070 11.320000 0.049000
1978.739990 11.324000 0.053000
1979.749290 11.399000 0.055000
1980.731660 11.412000 0.053000
1981.752470 11.419000 0.055000
1982.750650 11.493000 0.052000
1984.761230 11.643000 0.056000
1985.768000 11.566000 0.051000
1993.798690 12.087000 0.061000
1997.741560 12.090000 0.057000
2030.655470 13.635000 0.059000
2033.644780 13.890000 0.061000
2454.545930 14.191000 0.040000
2456.530220 13.922000 0.040000
2466.512280 13.602000 0.036000
2469.485630 13.299000 0.044000
2470.513900 13.441000 0.045000
2473.495920 13.396000 0.046000
2481.474880 12.631000 0.051000
2490.509480 12.282000 0.039000
2493.507680 12.113000 0.042000
2495.524690 12.036000 0.051000
2497.525600 12.046000 0.033000
2499.489190 11.980000 0.033000
2500.503460 12.036000 0.041000
2501.494290 12.035000 0.055000
2502.542350 12.055000 0.045000
2508.517450 12.224000 0.030000
2511.551100 12.377000 0.045000
2520.494890 12.504000 0.042000
2521.516580 12.580000 0.054000
2524.519360 12.764000 0.061000
2544.506300 13.567000 0.062000
2548.498820 13.650000 0.049000
2553.498390 13.513000 0.056000
2676.809490 14.342000 0.043000
2701.789300 14.142000 0.046000
2703.787470 13.906000 0.042000
2705.778490 13.798000 0.046000
2707.774730 13.845000 0.047000
2709.769460 13.776000 0.048000
2711.759390 13.540000 0.057000
2713.747080 13.534000 0.042000
2715.749600 13.484000 0.048000
2719.724020 13.132000 0.045000
2723.752710 13.404000 0.051000
2725.732640 13.051000 0.044000
2727.752380 12.854000 0.043000
2731.846120 12.697000 0.044000
2734.702380 12.456000 0.043000
2736.712020 12.390000 0.044000
2738.730540 12.205000 0.044000
2742.677340 11.996000 0.045000
2743.820690 11.912000 0.048000
2749.826170 11.462000 0.052000
2751.654960 11.456000 0.047000
2755.677540 11.364000 0.040000
2757.644590 11.409000 0.043000
2761.640320 11.413000 0.045000
2764.700980 11.471000 0.045000
2766.807780 11.506000 0.050000
2776.783290 11.767000 0.052000
2784.648130 12.263000 0.051000
2787.722120 12.215000 0.047000
2791.525760 12.431000 0.044000
2794.607030 12.501000 0.049000
2808.731260 13.228000 0.054000
2810.587290 13.208000 0.043000
2811.738790 13.190000 0.049000
2813.668000 13.312000 0.047000
2826.579730 13.464000 0.032000
2840.598680 14.033000 0.043000
2854.580470 14.477000 0.033000
2991.856410 12.623000 0.043000
3005.858560 11.878000 0.044000
3009.844400 11.772000 0.041000
3013.857230 11.683000 0.046000
3017.862080 11.522000 0.042000
3030.864910 11.607000 0.045000
3034.832670 11.706000 0.044000
3041.846370 12.001000 0.042000
3051.848610 12.526000 0.042000
3054.868450 12.737000 0.039000
3061.814040 13.115000 0.038000
3064.816420 13.418000 0.044000
3068.758730 13.429000 0.044000
3073.793290 13.385000 0.043000
3076.773530 13.695000 0.043000
3078.842450 13.784000 0.043000
3081.773350 13.919000 0.045000
3096.818380 13.660000 0.041000
3153.804460 14.392000 0.042000
3469.811070 14.487000 0.046000
3481.722350 14.054000 0.053000
3492.705390 14.043000 0.050000
3496.698140 13.927000 0.037000
3499.700810 13.975000 0.053000
3506.742980 13.792000 0.037000
3509.729920 13.718000 0.041000
3511.798000 13.556000 0.043000
3515.770620 13.489000 0.043000
3517.760990 13.259000 0.056000
3523.707030 12.784000 0.055000
3525.738050 12.510000 0.046000
3530.550470 11.987000 0.049000
3537.784340 11.440000 0.055000
3539.603270 11.277000 0.052000
3547.631140 11.261000 0.043000
3554.647180 11.402000 0.044000
3556.742310 11.433000 0.048000
3559.736610 11.410000 0.057000
3562.475300 11.532000 0.051000
3564.518540 11.619000 0.044000
3569.667650 11.758000 0.042000
3571.692980 11.757000 0.044000
3574.700410 11.947000 0.045000
3577.569970 12.079000 0.047000
3583.666050 12.240000 0.049000
3586.537550 12.936000 0.053000
3590.658610 12.441000 0.048000
3593.493540 12.589000 0.047000
3597.558610 12.703000 0.054000
3601.548650 12.982000 0.051000
3603.558900 12.941000 0.049000
3606.563920 13.045000 0.045000
3622.549370 13.829000 0.060000
3633.521860 13.858000 0.050000
3759.858210 13.888000 0.053000
3767.831390 13.965000 0.064000
3772.827420 14.229000 0.055000
3775.846180 13.870000 0.057000
3779.809330 13.603000 0.054000
3783.850150 13.632000 0.055000
3789.793460 13.283000 0.061000
3795.813590 12.735000 0.054000
3802.764640 12.083000 0.062000
3804.856640 11.976000 0.056000
3807.881570 11.852000 0.050000
3810.778860 11.681000 0.053000
3812.839330 11.711000 0.048000
3815.768680 11.677000 0.058000
3817.814090 11.628000 0.053000
3820.755460 11.791000 0.051000
3822.809530 11.650000 0.054000
3825.735140 11.735000 0.052000
3827.805670 11.761000 0.051000
3830.729750 11.841000 0.053000
3832.763230 11.889000 0.049000
3834.753650 11.913000 0.050000
3836.767900 12.078000 0.051000
3850.752800 12.499000 0.059000
3852.796520 12.679000 0.044000
3861.718110 13.006000 0.046000
3863.695380 13.192000 0.054000
3865.689420 13.257000 0.047000
3869.730800 13.373000 0.049000
3871.724080 13.390000 0.057000
3874.814940 13.402000 0.045000
3877.598120 13.647000 0.054000
3882.686650 14.172000 0.053000
3886.711940 13.894000 0.046000
3890.679980 13.764000 0.043000
3904.578490 14.119000 0.046000
4105.855940 12.030000 0.063000
4125.824730 12.789000 0.046000
4128.846010 12.725000 0.050000
4132.824030 13.071000 0.058000
4135.852930 13.054000 0.052000
4141.832740 13.204000 0.044000
4144.867010 13.406000 0.049000
4161.799340 13.915000 0.048000
4192.783200 14.331000 0.038000
4298.614930 14.311000 0.039000
4310.679340 13.781000 0.044000
4319.569880 13.740000 0.040000
4330.496380 13.237000 0.043000
4332.519300 12.947000 0.050000
4334.535760 12.885000 0.038000
4338.560270 12.534000 0.037000
4341.522870 12.255000 0.040000
4343.532080 12.100000 0.041000
4345.547570 11.937000 0.045000
4347.543130 11.854000 0.053000
4349.540950 11.753000 0.054000
4351.557470 11.603000 0.054000
4354.542420 11.602000 0.045000
4356.555230 11.595000 0.045000
4358.547840 11.527000 0.040000
4363.520990 11.607000 0.036000
4368.506800 11.648000 0.045000
4371.488530 11.783000 0.045000
4375.485240 11.934000 0.039000
4377.504290 12.024000 0.047000
4380.493690 12.242000 0.054000
4555.861770 13.831000 0.049000
4558.733750 13.634000 0.038000
4560.788310 13.594000 0.038000
4563.717900 13.593000 0.045000
4565.769700 13.617000 0.041000
4567.823070 13.572000 0.040000
4570.698520 13.430000 0.039000
4572.728560 13.227000 0.038000
4574.718740 13.404000 0.042000
4576.733350 13.063000 0.058000
4579.829240 12.906000 0.051000
4583.677710 12.692000 0.038000
4586.717200 12.459000 0.037000
4588.763770 12.393000 0.045000
4593.644850 11.971000 0.043000
4595.687110 11.738000 0.035000
4597.686040 11.655000 0.036000
4599.769540 11.606000 0.046000
4601.690150 11.490000 0.040000
4603.710770 11.395000 0.037000
4610.587590 11.163000 0.048000
4612.646080 11.067000 0.041000
4616.653120 11.019000 0.037000
4618.670830 11.026000 0.046000
4626.579380 11.155000 0.039000
4630.609190 11.276000 0.039000
4632.631720 11.323000 0.042000
4639.640250 11.722000 0.036000
4641.664380 11.811000 0.039000
4643.664940 11.904000 0.043000
4645.669940 11.994000 0.044000
4647.742150 12.066000 0.055000
4652.544130 12.373000 0.054000
4654.530320 12.381000 0.047000
4658.637530 12.705000 0.046000
4663.601860 12.915000 0.047000
4665.672610 13.035000 0.057000
4671.596000 13.259000 0.039000
4677.608910 13.642000 0.063000
4679.623840 13.740000 0.041000
4684.569800 13.963000 0.052000
4686.547670 13.932000 0.041000
4690.574930 13.811000 0.044000
4698.522660 14.145000 0.040000
4700.532420 14.065000 0.045000
4837.849870 14.174000 0.052000
4849.855290 13.925000 0.052000
4852.865070 13.789000 0.050000
4861.867470 13.114000 0.043000
4865.850000 12.732000 0.048000
4869.843110 12.596000 0.051000
4872.847060 12.397000 0.050000
4876.836760 12.257000 0.047000
4879.863370 12.318000 0.050000
4883.797150 12.305000 0.042000
4886.826340 12.366000 0.053000
4892.816880 12.490000 0.055000
4904.805770 12.578000 0.056000
4907.778960 12.681000 0.053000
4915.815040 12.871000 0.052000
4918.751100 13.006000 0.054000
4921.744800 13.128000 0.056000
4926.790520 13.230000 0.054000
4929.810860 13.345000 0.055000
4937.706200 13.780000 0.061000
4945.668800 13.642000 0.054000
4954.646110 14.061000 0.052000
5092.524520 14.245000 0.054000
5111.494000 13.402000 0.062000
2117.489540 14.501000 0.063000
3487.690760 14.128000 0.043000
4498.858640 14.479000 0.041000
1995.698840 11.980000 0.062000
1996.741950 12.048000 0.060000
2000.732950 12.293000 0.065000
2031.669180 13.740000 0.068000
2055.607690 14.251000 0.079000
2069.589950 14.395000 0.069000
2082.571440 14.218000 0.071000
2130.535920 14.725000 0.067000
2463.529600 13.582000 0.056000
2526.548150 12.901000 0.067000
2775.695040 11.705000 0.058000
3544.515790 11.267000 0.063000
3588.574410 12.296000 0.064000
3620.490430 13.561000 0.069000
3752.829620 14.192000 0.077000
3848.737750 12.675000 0.058000
3867.702540 13.489000 0.076000
4155.839280 13.794000 0.071000
4158.828500 13.833000 0.067000
4360.524590 11.555000 0.064000
4649.727980 12.195000 0.074000
4656.541620 12.417000 0.071000
4682.606760 13.769000 0.070000
4934.828800 13.321000 0.056000
4947.733530 14.208000 0.071000
5105.493100 13.653000 0.057000
2052.594260 29.999000 0.080000
2062.583110 29.999000 0.083000
2070.580400 29.999000 0.065000
2079.540570 29.999000 0.084000
2085.543610 29.999000 0.055000
2086.552270 29.999000 0.067000
2094.535790 29.999000 0.076000
2104.506100 29.999000 0.061000
2124.467770 29.999000 0.067000
2128.507460 29.999000 0.056000
2134.528540 29.999000 0.056000
2136.524450 29.999000 0.056000
2145.503670 29.999000 0.066000
2179.508380 29.999000 0.070000
2440.569300 29.999000 0.037000
2441.574900 29.999000 0.036000
2476.484030 29.999000 0.059000
2625.861090 29.999000 0.048000
2635.852680 29.999000 0.045000
2650.836280 29.999000 0.042000
2657.857480 29.999000 0.041000
2684.818690 29.999000 0.044000
2686.843520 29.999000 0.045000
2690.812860 29.999000 0.046000
2693.825760 29.999000 0.052000
2696.827710 29.999000 0.047000
2821.523510 29.999000 0.048000
2832.559410 29.999000 0.043000
2845.590520 29.999000 0.034000
2853.494940 29.999000 0.037000
2861.621820 29.999000 0.041000
2866.587580 29.999000 0.049000
2878.589320 29.999000 0.059000
2884.552940 29.999000 0.048000
2893.512170 29.999000 0.052000
2901.526800 29.999000 0.055000
2905.518600 29.999000 0.042000
2908.528470 29.999000 0.048000
2922.486320 29.999000 0.053000
3085.830790 29.999000 0.043000
3092.811970 29.999000 0.037000
3104.843040 29.999000 0.042000
3108.871300 29.999000 0.045000
3111.699570 29.999000 0.040000
3128.684940 29.999000 0.053000
3130.715280 29.999000 0.043000
3132.736680 29.999000 0.045000
3142.747040 29.999000 0.046000
3153.671920 29.999000 0.040000
3153.845310 29.999000 0.039000
3154.872050 29.999000 0.048000
3158.710100 29.999000 0.045000
3168.763120 29.999000 0.043000
3177.780360 29.999000 0.041000
3180.635370 29.999000 0.047000
3190.667450 29.999000 0.071000
3388.852660 29.999000 0.048000
3396.835090 29.999000 0.050000
3412.844590 29.999000 0.048000
3415.834030 29.999000 0.056000
3436.809690 29.999000 0.040000
3455.720950 29.999000 0.053000
3457.759210 29.999000 0.051000
3472.709920 29.999000 0.046000
3477.680140 29.999000 0.051000
3479.743290 29.999000 0.072000
3501.746630 29.999000 0.059000
3631.502470 29.999000 0.046000
3649.488450 29.999000 0.044000
3740.846300 29.999000 0.070000
3756.843850 29.999000 0.057000
3897.709870 29.999000 0.053000
3908.590650 29.999000 0.051000
4173.842310 29.999000 0.040000
4179.820280 29.999000 0.053000
4184.832390 29.999000 0.059000
4188.769890 29.999000 0.034000
4190.806820 29.999000 0.035000
4194.787460 29.999000 0.043000
4197.811450 29.999000 0.072000
4200.750470 29.999000 0.039000
4203.771550 29.999000 0.052000
4205.768070 29.999000 0.042000
4208.860510 29.999000 0.046000
4213.738770 29.999000 0.042000
4216.729240 29.999000 0.039000
4227.702570 29.999000 0.034000
4229.706170 29.999000 0.042000
4231.712910 29.999000 0.040000
4233.712390 29.999000 0.035000
4235.710470 29.999000 0.044000
4246.660870 29.999000 0.037000
4250.600550 29.999000 0.041000
4269.700760 29.999000 0.042000
4274.637000 29.999000 0.035000
4282.656400 29.999000 0.072000
4284.661440 29.999000 0.070000
4290.653170 29.999000 0.039000
4296.610310 29.999000 0.050000
4300.572210 29.999000 0.045000
4302.620700 29.999000 0.044000
4304.564060 29.999000 0.037000
4306.581000 29.999000 0.037000
4308.619190 29.999000 0.051000
4315.679180 29.999000 0.037000
4492.822060 29.999000 0.052000
4501.850900 29.999000 0.045000
4514.888950 29.999000 0.044000
4524.818240 29.999000 0.043000
4536.801400 29.999000 0.038000
4539.784370 29.999000 0.049000
4542.783500 29.999000 0.044000
4546.808190 29.999000 0.041000
4548.808020 29.999000 0.042000
4551.747880 29.999000 0.044000
4553.809420 29.999000 0.041000
4667.687980 29.999000 0.049000
4702.557180 29.999000 0.044000
4704.544910 29.999000 0.073000
4707.559630 29.999000 0.069000
4716.544900 29.999000 0.048000
4721.536290 29.999000 0.053000
4725.519740 29.999000 0.076000
4731.482980 29.999000 0.058000
4739.506390 29.999000 0.060000
1905.871030 29.999000 0.062000
1907.865270 29.999000 0.048000
2054.632690 29.999000 0.067000
2083.565760 29.999000 0.060000
2088.547040 29.999000 0.063000
2102.504840 29.999000 0.062000
2141.518300 29.999000 0.055000
2143.519140 29.999000 0.066000
2173.489730 29.999000 0.071000
2443.559750 29.999000 0.043000
2452.524540 29.999000 0.052000
2459.527970 29.999000 0.058000
2546.514590 29.999000 0.054000
2639.852630 29.999000 0.047000
2643.846470 29.999000 0.044000
2663.815430 29.999000 0.048000
2666.830280 29.999000 0.042000
2669.857850 29.999000 0.043000
2673.805160 29.999000 0.043000
2688.828320 29.999000 0.044000
2721.750330 29.999000 0.052000
2759.714610 29.999000 0.052000
2836.703610 29.999000 0.046000
2858.585520 29.999000 0.035000
2859.647950 29.999000 0.038000
2874.597600 29.999000 0.050000
2876.590000 29.999000 0.047000
2882.549810 29.999000 0.055000
2885.586310 29.999000 0.044000
2895.522570 29.999000 0.048000
3087.832210 29.999000 0.041000
3090.748790 29.999000 0.044000
3098.796090 29.999000 0.043000
3100.788140 29.999000 0.043000
3102.784680 29.999000 0.044000
3106.838380 29.999000 0.044000
3113.744640 29.999000 0.040000
3115.764990 29.999000 0.046000
3118.830930 29.999000 0.043000
3122.692570 29.999000 0.040000
3124.731250 29.999000 0.053000
3126.686470 29.999000 0.049000
3134.739100 29.999000 0.045000
3146.563570 29.999000 0.040000
3153.790970 29.999000 0.045000
3153.823200 29.999000 0.040000
3153.861560 29.999000 0.045000
3154.493960 29.999000 0.044000
3160.721030 29.999000 0.053000
3163.735040 29.999000 0.044000
3165.752900 29.999000 0.048000
3171.720200 29.999000 0.045000
3175.711090 29.999000 0.044000
3183.630080 29.999000 0.045000
3185.621280 29.999000 0.041000
3187.649370 29.999000 0.046000
3219.541290 29.999000 0.034000
3385.829540 29.999000 0.079000
3393.861880 29.999000 0.071000
3399.856310 29.999000 0.048000
3403.838320 29.999000 0.068000
3406.856160 29.999000 0.064000
3409.856270 29.999000 0.059000
3418.858560 29.999000 0.069000
3421.844210 29.999000 0.072000
3424.830930 29.999000 0.058000
3427.820700 29.999000 0.079000
3432.806850 29.999000 0.063000
3445.807550 29.999000 0.053000
3459.769070 29.999000 0.054000
3462.726440 29.999000 0.063000
3464.784140 29.999000 0.055000
3467.730990 29.999000 0.050000
3474.755730 29.999000 0.045000
3483.722530 29.999000 0.050000
3617.545960 29.999000 0.047000
3628.533220 29.999000 0.042000
3642.507800 29.999000 0.045000
3651.497200 29.999000 0.057000
3728.852370 29.999000 0.046000
3736.852110 29.999000 0.068000
3744.848820 29.999000 0.063000
3748.839050 29.999000 0.046000
3894.664690 29.999000 0.040000
3902.553870 29.999000 0.049000
3906.595910 29.999000 0.052000
3981.542690 29.999000 0.057000
4164.799860 29.999000 0.066000
4167.793740 29.999000 0.046000
4176.778240 29.999000 0.052000
4182.762820 29.999000 0.050000
4253.758280 29.999000 0.040000
4255.792690 29.999000 0.045000
4258.559750 29.999000 0.038000
4272.624960 29.999000 0.037000
4276.777740 29.999000 0.042000
4278.653390 29.999000 0.042000
4312.681860 29.999000 0.048000
4465.852630 29.999000 0.048000
4471.859550 29.999000 0.054000
4479.850370 29.999000 0.061000
4485.861970 29.999000 0.046000
4488.848340 29.999000 0.056000
4505.815020 29.999000 0.046000
4518.798380 29.999000 0.041000
4521.820100 29.999000 0.046000
4527.815430 29.999000 0.038000
4530.802930 29.999000 0.040000
4533.852850 29.999000 0.038000
4661.531940 29.999000 0.070000
4829.857800 29.999000 0.073000
4833.860120 29.999000 0.058000
4846.838710 29.999000 0.049000
4857.823320 29.999000 0.047000
4932.765400 29.999000 0.056000
4939.755900 29.999000 0.057000
4949.746490 29.999000 0.078000
4951.839620 29.999000 0.069000
4959.755310 29.999000 0.054000
4962.657290 29.999000 0.058000
4967.703260 29.999000 0.056000
4969.718110 29.999000 0.058000
4972.770790 29.999000 0.056000
4974.847300 29.999000 0.061000
4984.641890 29.999000 0.058000
4988.675200 29.999000 0.060000
4993.754060 29.999000 0.055000
5009.569570 29.999000 0.055000
5014.584650 29.999000 0.049000
5017.631620 29.999000 0.055000
5019.680270 29.999000 0.059000
5021.691890 29.999000 0.051000
5023.695090 29.999000 0.049000
5031.599250 29.999000 0.046000
5037.532110 29.999000 0.047000
5039.524820 29.999000 0.049000
5041.534820 29.999000 0.046000
5048.548630 29.999000 0.048000
5057.560720 29.999000 0.066000
5063.570810 29.999000 0.058000
5084.567260 29.999000 0.055000
5089.527420 29.999000 0.053000
5098.502660 29.999000 0.057000
2810.563890 13.337000 0.048000
3098.747970 13.890000 0.041000
1907.836100 13.559000 0.046000
1915.872570 13.332000 0.061000
1918.813290 13.134000 0.064000
1920.809510 13.266000 0.061000
1922.803440 13.224000 0.057000
1925.842870 12.934000 0.049000
1926.850900 13.073000 0.048000
1928.884630 13.050000 0.049000
1930.789870 12.889000 0.042000
1932.775950 12.727000 0.052000
1938.787560 12.401000 0.044000
1940.787940 12.181000 0.041000
1946.733240 11.799000 0.056000
1948.763110 11.601000 0.050000
1950.731910 11.464000 0.047000
1953.771890 11.322000 0.044000
1954.791590 11.272000 0.048000
1955.797010 11.213000 0.040000
1961.777550 11.153000 0.047000
1962.839480 11.119000 0.046000
1964.715380 11.126000 0.048000
1965.768030 11.144000 0.042000
1966.790550 11.151000 0.046000
1967.820720 11.073000 0.044000
1968.796480 11.123000 0.054000
1971.795720 11.205000 0.052000
1976.815490 11.290000 0.054000
1977.736660 11.269000 0.055000
1979.672660 11.409000 0.056000
1981.739440 11.549000 0.056000
1982.733020 11.435000 0.049000
1984.730090 11.643000 0.057000
1985.742530 11.638000 0.056000
2442.541430 14.207000 0.032000
2456.504670 13.780000 0.045000
2464.486150 13.780000 0.048000
2466.502660 13.481000 0.035000
2468.515270 13.379000 0.031000
2470.492420 13.206000 0.044000
2474.458660 13.158000 0.050000
2490.520140 12.277000 0.040000
2494.482200 12.074000 0.036000
2498.515210 12.077000 0.045000
2503.534550 12.043000 0.054000
2509.531370 12.194000 0.056000
2512.538750 12.234000 0.043000
2520.478290 12.488000 0.037000
2521.497130 12.603000 0.058000
2524.502770 12.724000 0.056000
2545.478740 13.360000 0.047000
2706.779060 13.745000 0.044000
2710.740380 13.634000 0.041000
2712.742670 13.633000 0.042000
2714.722670 13.391000 0.041000
2720.674490 13.270000 0.043000
2722.714820 13.121000 0.046000
2723.892920 13.138000 0.050000
2725.726090 13.151000 0.047000
2727.734280 12.941000 0.041000
2731.830360 12.617000 0.045000
2734.663450 12.431000 0.043000
2736.698610 12.278000 0.049000
2738.707940 12.221000 0.048000
2740.719990 12.087000 0.046000
2742.634000 12.013000 0.043000
2743.789810 11.887000 0.047000
2749.819320 11.493000 0.050000
2751.616780 11.448000 0.042000
2755.641130 11.415000 0.044000
2756.814710 11.363000 0.040000
2758.799670 11.376000 0.045000
2760.662650 11.385000 0.043000
2761.823220 11.433000 0.045000
2763.639080 11.446000 0.042000
2766.749430 11.487000 0.046000
2775.690000 11.801000 0.053000
2776.780800 11.788000 0.051000
2782.727660 12.023000 0.049000
2785.770870 12.161000 0.049000
2787.717200 12.253000 0.045000
2791.506200 12.511000 0.053000
2794.567040 12.502000 0.044000
2808.683550 13.057000 0.047000
2811.719210 13.132000 0.047000
2813.646680 13.354000 0.046000
2819.584020 13.464000 0.038000
2821.598760 13.637000 0.040000
2826.559370 13.714000 0.030000
2832.700040 13.650000 0.040000
2834.587510 14.178000 0.038000
2835.682660 13.924000 0.040000
2838.675730 14.070000 0.040000
2854.572030 14.250000 0.035000
2876.540370 14.338000 0.048000
2980.854070 12.900000 0.044000
2986.848230 12.730000 0.046000
2994.840060 12.454000 0.046000
3006.845330 11.892000 0.049000
3010.822250 11.697000 0.039000
3016.866680 11.539000 0.044000
3030.805550 11.668000 0.045000
3038.879260 11.804000 0.045000
3042.807640 12.036000 0.044000
3051.800610 12.435000 0.042000
3054.804910 12.593000 0.042000
3060.785790 12.968000 0.039000
3066.851720 13.125000 0.041000
3069.762350 13.272000 0.040000
3071.786190 13.620000 0.042000
3074.732730 13.607000 0.042000
3076.803860 13.715000 0.041000
3078.861750 13.797000 0.044000
3081.739390 13.706000 0.041000
3466.797420 14.136000 0.052000
3502.636110 13.962000 0.051000
3504.641880 13.873000 0.041000
3508.734370 13.920000 0.033000
3510.792180 13.522000 0.043000
3512.634850 13.610000 0.048000
3515.820120 13.271000 0.040000
3518.639890 13.096000 0.047000
3521.773360 12.825000 0.049000
3523.730750 12.921000 0.051000
3525.804350 12.511000 0.048000
3530.518660 12.034000 0.056000
3538.588340 11.378000 0.047000
3540.618350 11.342000 0.054000
3542.751520 11.235000 0.049000
3550.630370 11.239000 0.049000
3555.680800 11.382000 0.057000
3560.695160 11.505000 0.051000
3563.494590 11.526000 0.045000
3565.499750 11.617000 0.043000
3569.637000 11.814000 0.039000
3573.596640 11.807000 0.040000
3575.611480 11.917000 0.043000
3577.624620 12.018000 0.062000
3584.551390 12.272000 0.054000
3586.591970 12.318000 0.058000
3588.604730 12.399000 0.054000
3597.535680 12.675000 0.049000
3601.529570 12.815000 0.054000
3603.544980 12.942000 0.059000
3606.549520 13.108000 0.054000
3617.521700 13.618000 0.046000
3633.487980 13.859000 0.049000
3783.812020 13.457000 0.054000
3788.849170 13.283000 0.048000
3791.797140 13.308000 0.053000
3797.768540 12.550000 0.055000
3800.768510 12.178000 0.060000
3803.763080 12.008000 0.060000
3805.821000 11.878000 0.053000
3808.764560 11.802000 0.055000
3810.819680 11.764000 0.052000
3813.724500 11.701000 0.053000
3817.823350 11.589000 0.052000
3820.708980 11.697000 0.056000
3822.766720 11.677000 0.050000
3825.696540 11.682000 0.052000
3830.675120 11.897000 0.057000
3834.711860 11.900000 0.050000
3836.724540 12.096000 0.060000
3850.711690 12.562000 0.052000
3852.721560 12.673000 0.043000
3856.792580 12.772000 0.062000
3861.659790 13.131000 0.044000
3867.689970 13.213000 0.065000
3869.713040 13.350000 0.047000
3871.703470 13.271000 0.045000
3874.794110 13.467000 0.043000
3877.567820 13.745000 0.059000
3882.674080 13.746000 0.047000
3886.686820 13.835000 0.043000
3894.661770 14.131000 0.036000
4104.821890 11.982000 0.059000
4127.854710 12.899000 0.060000
4131.798310 12.948000 0.052000
4134.827740 12.922000 0.057000
4137.827600 13.098000 0.048000
4140.833800 13.365000 0.050000
4143.836600 13.394000 0.053000
4150.823490 13.643000 0.045000
4153.786610 13.819000 0.050000
4303.585740 13.652000 0.037000
4330.481610 13.127000 0.039000
4332.504860 12.968000 0.041000
4334.524950 12.778000 0.036000
4338.530970 12.470000 0.036000
4341.511960 12.260000 0.039000
4343.521150 12.037000 0.043000
4345.535900 11.887000 0.062000
4347.533900 11.803000 0.060000
4349.531000 11.687000 0.048000
4352.504950 11.649000 0.035000
4357.506540 11.494000 0.040000
4359.500430 11.532000 0.038000
4364.493660 11.555000 0.038000
4537.804740 13.729000 0.037000
4559.749290 13.642000 0.040000
4564.674750 13.591000 0.041000
4568.734810 13.503000 0.044000
4570.791850 13.387000 0.046000
4579.813580 12.820000 0.046000
4583.644440 12.720000 0.042000
4586.675610 12.665000 0.035000
4588.704830 12.276000 0.041000
4590.770470 12.070000 0.049000
4592.847120 11.943000 0.047000
4595.589780 11.726000 0.036000
4597.646040 11.692000 0.038000
4599.711310 11.610000 0.044000
4601.654870 11.484000 0.039000
4603.677930 11.451000 0.040000
4610.568330 11.146000 0.045000
4612.617510 11.080000 0.047000
4616.642980 10.983000 0.034000
4626.561700 11.151000 0.039000
4630.585110 11.316000 0.039000
4632.614490 11.404000 0.047000
4639.624370 11.681000 0.041000
4641.649690 11.708000 0.037000
4643.652780 11.928000 0.051000
4645.658050 11.924000 0.050000
4647.730090 12.162000 0.057000
4649.709310 12.183000 0.056000
4652.540940 12.216000 0.043000
4654.527130 12.402000 0.038000
4656.538430 12.520000 0.046000
4658.634410 12.768000 0.045000
4661.528020 12.909000 0.045000
4663.598580 12.932000 0.065000
4665.669440 12.803000 0.055000
4671.610630 13.312000 0.043000
4677.623490 13.585000 0.062000
4679.635790 13.683000 0.042000
4682.617630 13.576000 0.046000
4684.588890 13.676000 0.042000
4686.559630 13.612000 0.042000
4690.583540 13.824000 0.042000
4700.552930 14.235000 0.051000
4729.481030 14.022000 0.044000
4861.816460 13.241000 0.054000
4865.795720 12.775000 0.053000
4868.844050 12.469000 0.042000
4871.830180 12.430000 0.045000
4875.822360 12.307000 0.050000
4881.805570 12.309000 0.045000
4884.794520 12.376000 0.042000
4890.780150 12.328000 0.051000
4894.833380 12.423000 0.049000
4906.809130 12.677000 0.055000
4909.729290 12.650000 0.055000
4914.878250 12.738000 0.056000
4917.752800 13.062000 0.051000
4919.787480 13.029000 0.055000
4926.737690 13.244000 0.059000
4939.708600 13.585000 0.053000
1980.716420 11.659000 0.062000
1984.842920 11.466000 0.058000
2482.469990 12.583000 0.064000
2511.508730 12.209000 0.060000
3552.687320 11.267000 0.065000
3558.690580 11.432000 0.075000
3832.725780 11.891000 0.067000
3848.696380 12.527000 0.056000
4156.784780 13.989000 0.067000
4607.679610 11.131000 0.057000
4887.811610 12.337000 0.059000
4932.741330 13.233000 0.058000
2054.603050 29.999000 0.071000
2068.559910 29.999000 0.073000
2070.548390 29.999000 0.076000
2079.508440 29.999000 0.073000
2085.518260 29.999000 0.052000
2104.525840 29.999000 0.063000
2136.471560 29.999000 0.059000
2459.495040 29.999000 0.038000
2623.846190 29.999000 0.045000
2629.829120 29.999000 0.049000
2635.831700 29.999000 0.047000
2646.817060 29.999000 0.042000
2650.794790 29.999000 0.042000
2663.834380 29.999000 0.046000
2672.817870 29.999000 0.044000
2689.782420 29.999000 0.045000
2691.772910 29.999000 0.045000
2717.723740 29.999000 0.045000
2843.591460 29.999000 0.042000
2853.486940 29.999000 0.033000
2858.575310 29.999000 0.038000
2882.516210 29.999000 0.052000
2893.490530 29.999000 0.048000
2908.483450 29.999000 0.052000
3025.835470 29.999000 0.042000
3096.765090 29.999000 0.038000
3102.759190 29.999000 0.043000
3108.800990 29.999000 0.046000
3115.706770 29.999000 0.045000
3124.689360 29.999000 0.040000
3128.660070 29.999000 0.046000
3130.697350 29.999000 0.049000
3158.701670 29.999000 0.052000
3168.760130 29.999000 0.047000
3183.621640 29.999000 0.045000
3187.640920 29.999000 0.048000
3398.848310 29.999000 0.047000
3411.824290 29.999000 0.049000
3417.826580 29.999000 0.056000
3425.816470 29.999000 0.047000
3430.840810 29.999000 0.055000
3447.819950 29.999000 0.046000
3462.687060 29.999000 0.047000
3469.758870 29.999000 0.055000
3490.805200 29.999000 0.070000
3496.790220 29.999000 0.044000
3630.490380 29.999000 0.046000
3726.840750 29.999000 0.049000
3733.844290 29.999000 0.054000
3737.835050 29.999000 0.066000
3741.832810 29.999000 0.063000
3745.825930 29.999000 0.059000
3749.825380 29.999000 0.053000
3757.812740 29.999000 0.051000
3763.848970 29.999000 0.062000
3767.815000 29.999000 0.059000
3772.798040 29.999000 0.056000
3775.835040 29.999000 0.057000
3779.771920 29.999000 0.060000
3897.706040 29.999000 0.049000
3906.562720 29.999000 0.060000
4146.819600 29.999000 0.060000
4159.767390 29.999000 0.062000
4161.841810 29.999000 0.058000
4163.817980 29.999000 0.061000
4165.829700 29.999000 0.070000
4173.820640 29.999000 0.045000
4176.738600 29.999000 0.048000
4179.786050 29.999000 0.045000
4182.714310 29.999000 0.046000
4192.747480 29.999000 0.047000
4200.722240 29.999000 0.034000
4203.721570 29.999000 0.040000
4213.702590 29.999000 0.038000
4216.688060 29.999000 0.045000
4227.659670 29.999000 0.037000
4235.672800 29.999000 0.042000
4459.840780 29.999000 0.046000
4463.853920 29.999000 0.043000
4471.853730 29.999000 0.044000
4478.818080 29.999000 0.055000
4482.816210 29.999000 0.063000
4490.810260 29.999000 0.039000
4493.846950 29.999000 0.043000
4500.839430 29.999000 0.047000
4504.800760 29.999000 0.040000
4510.812190 29.999000 0.063000
4514.839770 29.999000 0.043000
4517.805830 29.999000 0.041000
4520.791870 29.999000 0.048000
4523.775490 29.999000 0.039000
4525.840650 29.999000 0.039000
4528.771610 29.999000 0.043000
4531.766360 29.999000 0.038000
4535.763180 29.999000 0.039000
4540.736120 29.999000 0.046000
4543.719570 29.999000 0.050000
4545.767160 29.999000 0.048000
4547.775690 29.999000 0.041000
4550.706640 29.999000 0.046000
4557.687920 29.999000 0.039000
4572.693670 29.999000 0.038000
4574.688440 29.999000 0.045000
4669.516090 29.999000 0.036000
4694.547050 29.999000 0.052000
4820.837280 29.999000 0.048000
4824.842850 29.999000 0.055000
4828.848180 29.999000 0.046000
4836.838010 29.999000 0.051000
4855.867730 29.999000 0.046000
2067.562610 29.999000 0.075000
2083.515410 29.999000 0.061000
2158.502290 29.999000 0.065000
2440.541650 29.999000 0.033000
2443.536680 29.999000 0.031000
2452.492360 29.999000 0.049000
2639.829330 29.999000 0.044000
2643.820870 29.999000 0.045000
2652.829320 29.999000 0.049000
2659.826920 29.999000 0.043000
2661.838640 29.999000 0.046000
2669.795960 29.999000 0.040000
2675.798990 29.999000 0.040000
2677.798860 29.999000 0.044000
2679.828720 29.999000 0.044000
2681.796260 29.999000 0.041000
2683.789110 29.999000 0.041000
2693.857030 29.999000 0.048000
2698.775340 29.999000 0.047000
2700.822520 29.999000 0.043000
2704.800020 29.999000 0.046000
2829.578740 29.999000 0.050000
2831.602140 29.999000 0.037000
2860.566290 29.999000 0.040000
2862.545860 29.999000 0.041000
2866.560740 29.999000 0.045000
2868.579430 29.999000 0.045000
2886.514900 29.999000 0.041000
2895.505680 29.999000 0.047000
2898.502200 29.999000 0.046000
2900.497220 29.999000 0.044000
3085.786770 29.999000 0.043000
3087.788360 29.999000 0.041000
3090.708920 29.999000 0.041000
3092.763840 29.999000 0.038000
3100.749950 29.999000 0.041000
3104.803660 29.999000 0.043000
3106.796790 29.999000 0.044000
3111.645930 29.999000 0.040000
3113.707370 29.999000 0.039000
3118.759650 29.999000 0.040000
3122.662300 29.999000 0.040000
3126.655050 29.999000 0.046000
3132.708440 29.999000 0.046000
3142.718370 29.999000 0.043000
3145.718330 29.999000 0.043000
3153.658400 29.999000 0.043000
3160.712570 29.999000 0.049000
3163.727930 29.999000 0.051000
3171.714150 29.999000 0.045000
3175.702360 29.999000 0.045000
3180.626930 29.999000 0.047000
3185.612750 29.999000 0.051000
3190.658970 29.999000 0.066000
3219.486060 29.999000 0.035000
3388.804350 29.999000 0.057000
3402.823130 29.999000 0.046000
3405.837710 29.999000 0.053000
3414.807770 29.999000 0.044000
3420.793020 29.999000 0.051000
3423.783250 29.999000 0.048000
3436.817940 29.999000 0.047000
3439.789550 29.999000 0.045000
3443.753920 29.999000 0.042000
3445.787150 29.999000 0.052000
3455.703130 29.999000 0.049000
3457.754500 29.999000 0.053000
3459.755880 29.999000 0.050000
3464.747230 29.999000 0.046000
3471.779860 29.999000 0.044000
3474.660480 29.999000 0.047000
3476.722890 29.999000 0.056000
3478.708460 29.999000 0.055000
3480.699870 29.999000 0.055000
3482.710030 29.999000 0.059000
3484.748420 29.999000 0.049000
3487.831040 29.999000 0.047000
3492.806420 29.999000 0.072000
3500.606200 29.999000 0.050000
3753.817010 29.999000 0.055000
3760.838090 29.999000 0.051000
3880.631290 29.999000 0.047000
3902.503590 29.999000 0.053000
3904.539790 29.999000 0.061000
3908.560570 29.999000 0.054000
4168.834480 29.999000 0.064000
4184.773990 29.999000 0.044000
4188.715980 29.999000 0.034000
4190.751100 29.999000 0.041000
4194.775160 29.999000 0.041000
4197.793960 29.999000 0.048000
4205.727110 29.999000 0.045000
4208.811930 29.999000 0.049000
4229.663230 29.999000 0.036000
4233.672200 29.999000 0.033000
4246.605010 29.999000 0.039000
4253.618010 29.999000 0.039000
4255.651760 29.999000 0.041000
4257.649780 29.999000 0.038000
4259.677980 29.999000 0.047000
4267.632900 29.999000 0.044000
4269.662860 29.999000 0.041000
4272.603650 29.999000 0.034000
4274.617220 29.999000 0.037000
4277.602490 29.999000 0.036000
4283.668360 29.999000 0.051000
4285.651850 29.999000 0.049000
4289.648680 29.999000 0.041000
4291.652370 29.999000 0.038000
4293.642020 29.999000 0.039000
4295.657890 29.999000 0.047000
4297.649030 29.999000 0.042000
4301.571520 29.999000 0.053000
4305.565610 29.999000 0.038000
4307.585880 29.999000 0.042000
4309.634040 29.999000 0.057000
4312.550010 29.999000 0.048000
4315.556760 29.999000 0.040000
4317.618130 29.999000 0.032000
4436.850380 29.999000 0.046000
4455.845780 29.999000 0.056000
4467.833410 29.999000 0.063000
4486.803240 29.999000 0.060000
4507.820480 29.999000 0.058000
4552.765410 29.999000 0.039000
4554.786300 29.999000 0.043000
4561.798270 29.999000 0.043000
4566.726870 29.999000 0.046000
4576.711770 29.999000 0.047000
4698.548380 29.999000 0.052000
4702.569330 29.999000 0.042000
4704.555500 29.999000 0.045000
4708.538750 29.999000 0.065000
4711.508050 29.999000 0.058000
4716.517890 29.999000 0.047000
4722.486520 29.999000 0.049000
4726.482280 29.999000 0.073000
4848.816010 29.999000 0.066000
4929.777070 29.999000 0.056000
4937.648310 29.999000 0.056000
4946.863200 29.999000 0.058000
4962.644110 29.999000 0.055000
4966.783400 29.999000 0.063000
4968.822000 29.999000 0.062000
4972.611160 29.999000 0.054000
4984.620760 29.999000 0.052000
4993.748400 29.999000 0.054000
5006.740060 29.999000 0.055000
5014.581450 29.999000 0.049000
5019.676330 29.999000 0.057000
5021.688760 29.999000 0.049000
5023.691790 29.999000 0.046000
5031.572020 29.999000 0.044000
5037.520640 29.999000 0.042000
5039.512230 29.999000 0.048000
5041.522280 29.999000 0.044000
5048.531450 29.999000 0.048000
5057.541600 29.999000 0.053000
5063.546660 29.999000 0.056000
5066.562610 29.999000 0.059000
5085.502570 29.999000 0.049000
5088.498650 29.999000 0.052000
