1967.895790 12.427000 0.046000
2081.700860 13.205000 0.059000
2087.688560 12.908000 0.054000
2093.603850 12.670000 0.071000
2106.654710 12.438000 0.047000
2114.775740 12.292000 0.057000
2116.627010 12.387000 0.053000
2117.622880 12.229000 0.049000
2128.572250 12.205000 0.047000
2129.593800 12.231000 0.052000
2140.562770 12.341000 0.059000
2142.575480 12.262000 0.048000
2143.575990 12.266000 0.051000
2144.566960 12.345000 0.046000
2568.550350 12.257000 0.047000
3082.879850 13.207000 0.046000
3152.843430 12.682000 0.040000
3272.495640 12.556000 0.046000
3277.575810 12.292000 0.050000
3542.699760 12.210000 0.041000
3550.731640 12.261000 0.035000
3561.705290 12.217000 0.065000
4355.639930 13.725000 0.039000
4393.495900 12.111000 0.069000
4591.848540 13.681000 0.049000
4708.638060 12.265000 0.040000
4721.524260 12.649000 0.040000
4731.636030 13.055000 0.043000
4994.780460 12.227000 0.053000
5124.541290 12.154000 0.046000
2026.775320 13.283000 0.053000
2027.817310 13.278000 0.046000
2030.819990 13.392000 0.044000
2031.827010 13.552000 0.054000
2032.811570 13.545000 0.047000
2033.824970 13.606000 0.050000
2037.782410 13.899000 0.060000
2056.757930 14.348000 0.056000
2080.653380 13.716000 0.055000
2082.709840 13.409000 0.047000
2083.696230 13.195000 0.062000
2085.687520 13.025000 0.052000
2086.709540 13.014000 0.054000
2088.682880 12.943000 0.060000
2102.640340 12.532000 0.060000
2103.648970 12.504000 0.049000
2104.659610 12.532000 0.042000
2105.651550 12.565000 0.048000
2115.639070 12.374000 0.050000
2130.602920 12.209000 0.046000
2131.593230 12.182000 0.057000
2132.601330 12.155000 0.054000
2133.590890 12.231000 0.046000
2134.596180 12.190000 0.060000
2136.582880 12.285000 0.051000
2141.581230 12.272000 0.053000
2145.562440 12.265000 0.050000
2442.706900 12.715000 0.046000
2443.702080 12.809000 0.038000
2446.711350 13.018000 0.042000
2466.651960 13.896000 0.050000
2467.658140 13.920000 0.038000
2526.656310 12.689000 0.040000
2543.511790 12.176000 0.036000
2545.540700 12.175000 0.044000
2548.581650 12.052000 0.049000
2562.487670 12.160000 0.042000
2563.545960 12.136000 0.047000
2566.517170 12.142000 0.049000
2578.520270 12.463000 0.048000
2699.895410 12.381000 0.041000
2703.888770 12.330000 0.039000
2706.883680 12.371000 0.040000
2709.880760 12.382000 0.040000
2712.875060 12.426000 0.038000
2717.901770 12.540000 0.037000
2726.840310 12.619000 0.040000
2728.907940 12.678000 0.042000
2736.874390 12.998000 0.037000
2738.868190 12.982000 0.036000
2742.889720 13.335000 0.039000
2744.886180 13.426000 0.039000
2754.835990 13.733000 0.039000
2756.839220 13.966000 0.036000
2764.811600 14.335000 0.043000
2770.848360 14.044000 0.048000
2782.833460 14.084000 0.039000
2784.776120 14.003000 0.037000
2790.772270 13.708000 0.039000
2802.797610 13.179000 0.047000
2808.758090 12.784000 0.045000
2810.688610 12.841000 0.039000
2818.881660 12.639000 0.037000
2821.681040 12.445000 0.032000
2826.719490 12.355000 0.036000
2830.659510 12.279000 0.034000
2835.691170 12.165000 0.037000
2838.684370 12.211000 0.035000
2851.646970 12.150000 0.034000
2853.764720 12.179000 0.035000
2862.617420 12.386000 0.040000
2866.617950 12.501000 0.037000
2867.704930 12.641000 0.042000
2872.586280 12.804000 0.039000
2875.617450 12.989000 0.043000
2877.608170 13.062000 0.039000
2879.608840 13.131000 0.038000
2884.592250 13.572000 0.039000
2885.614080 13.634000 0.036000
2893.632750 14.003000 0.037000
2906.639520 14.284000 0.036000
2923.508610 13.978000 0.040000
2928.524200 13.555000 0.043000
2930.529640 13.631000 0.043000
2934.528840 13.339000 0.049000
2936.527040 13.215000 0.045000
2939.532370 13.070000 0.044000
2944.505140 12.663000 0.045000
2946.533960 12.660000 0.036000
2949.540680 12.402000 0.040000
2958.515810 12.654000 0.036000
3077.885300 13.499000 0.043000
3087.906730 13.139000 0.045000
3091.895230 12.842000 0.039000
3097.891400 12.786000 0.033000
3101.871700 12.993000 0.050000
3109.850950 12.913000 0.039000
3112.876360 12.703000 0.048000
3115.867000 12.712000 0.047000
3122.894570 12.607000 0.037000
3130.827900 12.604000 0.038000
3142.799290 12.566000 0.037000
3146.763360 12.596000 0.033000
3157.885700 12.890000 0.036000
3159.791740 13.226000 0.048000
3162.831730 13.290000 0.037000
3164.904100 13.435000 0.034000
3170.778530 13.809000 0.036000
3182.714700 14.408000 0.039000
3266.545510 12.125000 0.032000
3274.612860 12.255000 0.047000
3279.599740 12.337000 0.035000
3292.547280 12.857000 0.056000
3295.521400 12.797000 0.067000
3425.895950 12.487000 0.044000
3444.878330 13.106000 0.040000
3448.902530 13.666000 0.035000
3452.905810 13.767000 0.036000
3502.804540 13.275000 0.037000
3524.747300 12.437000 0.042000
3552.754580 12.285000 0.064000
3555.749190 12.250000 0.051000
3559.670960 12.202000 0.041000
3563.712640 12.192000 0.036000
3568.813820 12.245000 0.036000
3573.669770 12.315000 0.048000
3575.685900 12.473000 0.043000
3577.710910 12.466000 0.063000
3582.779920 12.838000 0.051000
3584.741110 12.925000 0.043000
3594.557880 13.520000 0.065000
3630.584830 13.990000 0.038000
3634.623650 13.928000 0.045000
3637.633140 13.658000 0.045000
3641.592090 13.428000 0.037000
3643.636690 13.411000 0.041000
3657.566730 12.593000 0.041000
3662.543870 12.650000 0.043000
3664.558480 12.428000 0.055000
3668.534730 12.246000 0.032000
3671.525920 12.163000 0.047000
3674.531210 12.016000 0.041000
3677.517640 12.005000 0.038000
3794.901240 13.544000 0.040000
3805.886620 12.965000 0.044000
3835.856480 12.150000 0.041000
3856.828430 12.893000 0.035000
3862.817770 13.188000 0.046000
3866.838450 13.432000 0.062000
3868.831470 13.674000 0.049000
3874.845340 13.830000 0.055000
3877.790690 13.965000 0.050000
3883.853120 14.324000 0.066000
3913.846790 14.559000 0.071000
4266.768970 11.883000 0.036000
4353.554120 13.402000 0.036000
4367.493840 13.259000 0.050000
4371.568350 13.198000 0.037000
4373.578900 13.184000 0.037000
4376.568290 12.932000 0.033000
4378.584580 12.918000 0.039000
4380.611960 13.203000 0.046000
4383.556470 12.799000 0.048000
4385.597900 12.744000 0.037000
4387.606120 12.697000 0.037000
4399.533080 11.885000 0.045000
4402.567620 11.958000 0.061000
4407.502200 11.978000 0.059000
4550.886400 12.132000 0.039000
4569.867730 12.447000 0.035000
4579.874730 12.954000 0.043000
4639.750690 13.554000 0.036000
4697.698170 12.098000 0.042000
4742.539950 13.279000 0.036000
4927.920840 13.344000 0.045000
5087.525090 12.929000 0.044000
5089.578360 13.020000 0.043000
1978.898020 12.070000 0.057000
1980.872480 12.064000 0.054000
1982.860220 11.987000 0.055000
1998.841110 12.048000 0.058000
2000.843290 12.146000 0.055000
4300.680910 13.474000 0.066000
4411.501260 12.116000 0.071000
4974.777140 11.886000 0.044000
5082.653480 12.911000 0.048000
1962.898240 12.184000 0.058000
1964.901850 12.446000 0.049000
1994.849060 11.939000 0.058000
1996.848740 12.212000 0.056000
2016.814470 12.588000 0.056000
2524.639860 12.868000 0.070000
2544.488730 12.114000 0.070000
2552.585840 12.019000 0.058000
2731.882620 12.773000 0.041000
2840.740910 12.183000 0.050000
2855.663700 12.352000 0.058000
2932.530410 13.488000 0.046000
3660.519940 12.480000 0.075000
5069.589690 13.398000 0.046000
5093.635980 12.730000 0.049000
5106.516300 12.602000 0.046000
5144.515500 12.618000 0.051000
2052.755910 29.999000 0.053000
2053.773190 29.999000 0.061000
2054.768030 29.999000 0.067000
2061.748250 29.999000 0.064000
2464.662420 29.999000 0.043000
2468.657290 29.999000 0.044000
2470.611540 29.999000 0.044000
2473.621650 29.999000 0.050000
2474.664050 29.999000 0.043000
2490.638300 29.999000 0.048000
2491.606760 29.999000 0.059000
2493.602190 29.999000 0.050000
2499.586000 29.999000 0.040000
2501.585240 29.999000 0.042000
2502.594260 29.999000 0.051000
2503.594460 29.999000 0.062000
2694.897590 29.999000 0.044000
2758.857560 29.999000 0.037000
2775.845140 29.999000 0.038000
2921.488850 29.999000 0.039000
3060.897980 29.999000 0.045000
3069.897730 29.999000 0.045000
3176.792070 29.999000 0.037000
3472.883720 29.999000 0.038000
3479.878830 29.999000 0.046000
3602.588570 29.999000 0.050000
3604.597950 29.999000 0.052000
3618.651530 29.999000 0.072000
3620.636060 29.999000 0.056000
3628.517820 29.999000 0.035000
3892.737270 29.999000 0.036000
3903.770040 29.999000 0.056000
3909.893740 29.999000 0.065000
2055.756710 29.999000 0.054000
2057.753790 29.999000 0.053000
2058.752800 29.999000 0.061000
2065.720500 29.999000 0.055000
2070.785260 29.999000 0.060000
2465.659210 29.999000 0.045000
2481.610190 29.999000 0.059000
2482.642370 29.999000 0.054000
2486.617510 29.999000 0.061000
2489.625520 29.999000 0.044000
2490.627820 29.999000 0.066000
2494.596250 29.999000 0.050000
2495.602500 29.999000 0.051000
2497.599820 29.999000 0.042000
2508.539750 29.999000 0.051000
2511.626190 29.999000 0.050000
2760.838910 29.999000 0.046000
2897.623520 29.999000 0.037000
2899.605450 29.999000 0.047000
2909.642090 29.999000 0.039000
2911.595200 29.999000 0.035000
2917.487330 29.999000 0.039000
2926.516450 29.999000 0.047000
3179.702800 29.999000 0.043000
3184.717830 29.999000 0.039000
3476.854780 29.999000 0.047000
3609.545550 29.999000 0.053000
3616.544460 29.999000 0.048000
3632.591370 29.999000 0.035000
4306.645040 29.999000 0.046000
4311.649810 29.999000 0.051000
4329.595250 29.999000 0.049000
4331.594970 29.999000 0.047000
4338.627090 29.999000 0.042000
4340.682350 29.999000 0.052000
4342.676550 29.999000 0.049000
4344.679860 29.999000 0.063000
4346.676720 29.999000 0.053000
4348.681770 29.999000 0.062000
4350.690870 29.999000 0.049000
4369.552850 29.999000 0.038000
4736.596210 29.999000 0.036000
4739.588260 29.999000 0.034000
4748.530910 29.999000 0.070000
4754.548100 29.999000 0.049000
4756.583070 29.999000 0.059000
4759.553370 29.999000 0.061000
4762.549900 29.999000 0.061000
4765.544510 29.999000 0.043000
4768.540070 29.999000 0.064000
4776.502010 29.999000 0.044000
4780.507130 29.999000 0.055000
4784.509810 29.999000 0.061000
5030.730340 29.999000 0.045000
2156.516850 12.714000 0.054000
2184.512560 13.907000 0.058000
2191.504390 14.244000 0.062000
2194.505260 14.146000 0.067000
3431.898870 12.687000 0.042000
3444.893970 13.334000 0.041000
3509.841420 12.810000 0.035000
3512.763740 12.761000 0.038000
3524.755420 12.453000 0.043000
3526.801260 12.277000 0.054000
3550.736490 12.155000 0.047000
3555.757000 12.234000 0.040000
3563.715000 12.217000 0.051000
3577.720840 12.547000 0.054000
3584.795740 12.933000 0.058000
3586.725900 13.032000 0.051000
3641.594910 13.518000 0.050000
3643.639370 13.734000 0.049000
3647.567070 13.139000 0.034000
3796.900410 13.356000 0.044000
3806.894300 12.994000 0.046000
3810.896490 12.718000 0.046000
3814.888840 12.460000 0.045000
3820.888070 12.330000 0.043000
3824.877370 12.192000 0.038000
3828.867230 12.116000 0.044000
3832.852700 12.122000 0.044000
3836.853090 12.117000 0.041000
3847.920050 12.380000 0.067000
3850.857060 12.513000 0.066000
3853.848220 12.753000 0.051000
3856.842860 12.773000 0.040000
3862.820940 13.170000 0.042000
3864.818630 13.350000 0.049000
3868.828810 13.486000 0.041000
3877.788020 14.288000 0.039000
4192.892770 14.312000 0.042000
4203.896850 13.779000 0.046000
4207.913280 13.526000 0.045000
4212.920170 13.044000 0.044000
4216.865550 13.098000 0.038000
4231.872950 12.601000 0.057000
4234.808650 12.545000 0.048000
4246.763290 12.173000 0.037000
4250.785960 11.953000 0.044000
4256.801700 12.332000 0.042000
4266.778540 11.897000 0.037000
4269.719400 11.987000 0.038000
4272.765160 12.045000 0.044000
4274.765440 12.132000 0.038000
4283.726900 12.372000 0.058000
4285.716950 12.550000 0.064000
4289.713180 12.849000 0.046000
4291.715300 12.808000 0.044000
4295.713850 13.236000 0.049000
4297.704300 13.373000 0.041000
4299.680340 13.639000 0.059000
4303.676020 13.857000 0.044000
4305.665350 13.926000 0.048000
4316.724480 14.308000 0.042000
4346.690120 14.122000 0.052000
4348.696720 13.814000 0.052000
4353.636570 13.513000 0.041000
4356.523060 13.530000 0.039000
4360.519120 13.599000 0.045000
4369.557960 13.289000 0.040000
4371.576800 13.303000 0.055000
4373.589090 13.164000 0.049000
4376.577000 13.066000 0.040000
4378.593370 13.054000 0.042000
4380.619870 12.989000 0.052000
4383.561900 12.962000 0.045000
4385.603330 12.821000 0.037000
4400.517510 12.081000 0.045000
4539.899960 12.331000 0.046000
4547.888020 12.223000 0.040000
4551.877380 12.219000 0.046000
4558.867060 12.219000 0.040000
4566.861280 12.364000 0.044000
4570.855180 12.569000 0.040000
4573.868550 12.622000 0.042000
4576.846250 12.774000 0.041000
4580.832560 12.939000 0.047000
4585.869750 13.070000 0.040000
4588.847330 13.515000 0.038000
4591.839780 13.706000 0.038000
4594.831630 13.707000 0.037000
4597.823960 13.742000 0.038000
4626.693720 14.052000 0.038000
4632.726200 13.793000 0.038000
4639.753010 13.567000 0.039000
4641.755660 13.141000 0.038000
4643.751160 13.167000 0.043000
4645.780970 12.894000 0.041000
4647.842970 12.687000 0.044000
4650.677760 12.520000 0.049000
4652.721270 12.433000 0.035000
4654.721910 12.369000 0.039000
4656.710560 12.385000 0.046000
4660.658190 12.227000 0.038000
4666.677630 12.038000 0.044000
4670.667610 12.058000 0.040000
4681.640850 11.908000 0.058000
4683.640900 12.048000 0.050000
4685.627440 11.964000 0.047000
4687.626670 11.978000 0.039000
4690.530350 12.086000 0.053000
4697.636220 12.091000 0.039000
4701.632340 12.075000 0.049000
4703.634170 12.175000 0.052000
4705.665710 12.277000 0.039000
4708.618980 12.330000 0.051000
4710.636760 12.324000 0.053000
4715.598870 12.515000 0.041000
4721.526760 12.746000 0.043000
4724.579790 12.779000 0.045000
4726.631820 13.060000 0.048000
4729.614780 13.062000 0.048000
4731.640140 13.082000 0.058000
4736.598670 13.574000 0.035000
4921.901250 13.912000 0.050000
4929.914960 13.014000 0.048000
4947.863830 12.257000 0.048000
4962.826720 11.983000 0.049000
4974.793760 12.000000 0.048000
4984.812520 11.978000 0.054000
4988.788070 12.147000 0.048000
4994.783700 12.253000 0.062000
5014.728750 13.173000 0.048000
5021.708100 13.614000 0.050000
5082.666060 12.951000 0.050000
5085.565240 13.002000 0.049000
5087.597770 13.031000 0.043000
5089.660580 12.910000 0.049000
5092.560950 12.915000 0.043000
5111.552680 12.521000 0.047000
2188.492960 14.276000 0.058000
3569.678690 12.305000 0.035000
3591.575880 13.373000 0.041000
3594.561120 13.403000 0.054000
3628.520360 14.138000 0.037000
3634.626240 13.806000 0.061000
3668.537500 12.353000 0.048000
3866.833300 13.616000 0.036000
3891.800380 14.249000 0.040000
4175.895060 14.125000 0.040000
4293.704060 13.038000 0.049000
4301.670730 13.725000 0.065000
4358.529190 13.630000 0.036000
4623.832080 14.198000 0.056000
4739.590850 13.659000 0.040000
4940.852340 12.688000 0.053000
5023.712870 13.775000 0.047000
3859.823660 13.084000 0.059000
4678.714010 12.091000 0.069000
4967.856300 11.957000 0.075000
5006.764570 12.756000 0.052000
5103.534700 12.920000 0.052000
5106.528510 12.616000 0.063000
3620.641250 14.143000 0.080000
3657.576420 12.475000 0.079000
3883.841240 14.090000 0.072000
5067.642220 13.932000 0.070000
2201.500930 29.999000 0.069000
2207.512190 29.999000 0.078000
3468.869950 29.999000 0.039000
3476.870270 29.999000 0.063000
3495.876070 29.999000 0.058000
3575.699350 29.999000 0.045000
3604.600380 29.999000 0.050000
3616.551060 29.999000 0.038000
3637.635620 29.999000 0.046000
3664.561260 29.999000 0.059000
3887.783100 29.999000 0.055000
3901.773280 29.999000 0.068000
3903.775080 29.999000 0.071000
3905.805370 29.999000 0.082000
3907.793060 29.999000 0.059000
3913.882600 29.999000 0.062000
4307.643390 29.999000 0.052000
4319.699650 29.999000 0.050000
4329.600110 29.999000 0.042000
4333.562820 29.999000 0.040000
4334.741170 29.999000 0.053000
4351.519860 29.999000 0.062000
4388.494610 29.999000 0.046000
4600.799350 29.999000 0.039000
4621.770160 29.999000 0.055000
4748.502120 29.999000 0.066000
4785.507050 29.999000 0.042000
5031.685310 29.999000 0.043000
5042.638850 29.999000 0.048000
5048.718540 29.999000 0.050000
2197.517570 29.999000 0.067000
3455.881510 29.999000 0.045000
3459.864520 29.999000 0.040000
3464.865140 29.999000 0.041000
3472.902380 29.999000 0.040000
3479.882030 29.999000 0.044000
3487.870360 29.999000 0.047000
3538.766230 29.999000 0.042000
3561.707560 29.999000 0.073000
3573.679770 29.999000 0.040000
3602.591040 29.999000 0.056000
3618.660380 29.999000 0.060000
3870.793020 29.999000 0.042000
3874.808940 29.999000 0.040000
3880.844330 29.999000 0.038000
3889.901700 29.999000 0.042000
3896.801280 29.999000 0.051000
4162.899210 29.999000 0.060000
4167.896280 29.999000 0.057000
4179.900350 29.999000 0.054000
4183.884970 29.999000 0.050000
4189.894950 29.999000 0.039000
4196.908400 29.999000 0.045000
4311.652120 29.999000 0.050000
4331.597350 29.999000 0.054000
4338.641030 29.999000 0.041000
4340.696210 29.999000 0.052000
4342.689690 29.999000 0.055000
4344.694790 29.999000 0.058000
4602.820070 29.999000 0.053000
4606.841410 29.999000 0.052000
4611.877910 29.999000 0.049000
4615.879570 29.999000 0.038000
4617.785430 29.999000 0.040000
4630.725090 29.999000 0.037000
4672.690350 29.999000 0.049000
4742.542510 29.999000 0.049000
4754.532830 29.999000 0.055000
4756.572170 29.999000 0.056000
4759.543020 29.999000 0.057000
4762.538910 29.999000 0.059000
4765.534520 29.999000 0.042000
4771.510620 29.999000 0.040000
4907.896940 29.999000 0.051000
4917.910080 29.999000 0.046000
5097.509950 29.999000 0.053000
