2454.604120 11.339000 0.045000
2703.819210 13.763000 0.035000
3056.875410 12.542000 0.032000
2727.807390 29.999000 0.037000
2744.758250 29.999000 0.039000
2763.733720 29.999000 0.051000
2481.511980 12.264000 0.045000
2025.697530 12.970000 0.039000
2026.723530 12.913000 0.038000
2027.720840 12.871000 0.038000
2030.708520 12.764000 0.039000
2031.718830 12.725000 0.039000
2032.705840 12.794000 0.038000
2033.697830 12.653000 0.035000
2040.742210 12.325000 0.040000
2052.643020 12.025000 0.044000
2053.676010 11.971000 0.040000
2056.657980 12.041000 0.041000
2057.650090 12.031000 0.040000
2058.648410 11.962000 0.042000
2059.688170 11.966000 0.042000
2062.587020 12.065000 0.043000
2067.670610 12.068000 0.037000
2068.631740 12.079000 0.041000
2069.629800 12.128000 0.038000
2070.622390 12.201000 0.045000
2071.654920 12.126000 0.042000
2080.520890 12.369000 0.041000
2081.601540 12.397000 0.041000
2082.619100 12.398000 0.041000
2083.598900 12.472000 0.042000
2085.589980 12.487000 0.037000
2086.593640 12.504000 0.042000
2087.588960 12.549000 0.040000
2088.586630 12.605000 0.043000
2094.595770 12.861000 0.042000
2096.566850 12.800000 0.040000
2103.564070 13.286000 0.039000
2104.563880 13.226000 0.039000
2105.556250 13.287000 0.041000
2106.555830 13.404000 0.038000
2109.553080 13.443000 0.041000
2115.515470 13.837000 0.040000
2117.524460 14.278000 0.040000
2124.495810 14.571000 0.039000
2441.614740 11.503000 0.039000
2442.608820 11.464000 0.041000
2443.606350 11.396000 0.038000
2444.606800 11.353000 0.041000
2446.607660 11.360000 0.038000
2452.573400 11.303000 0.047000
2456.574460 11.287000 0.041000
2463.583260 11.518000 0.036000
2464.568350 11.507000 0.041000
2465.567500 11.516000 0.041000
2466.559110 11.550000 0.041000
2467.561730 11.604000 0.037000
2468.560730 11.636000 0.038000
2469.555080 11.684000 0.047000
2473.501700 11.843000 0.045000
2489.506260 12.541000 0.041000
2494.495020 12.856000 0.043000
2510.590470 13.485000 0.041000
2520.553800 14.049000 0.035000
2521.563210 14.052000 0.037000
2652.874000 11.308000 0.040000
2659.862910 11.625000 0.039000
2662.862910 11.627000 0.036000
2670.857950 11.994000 0.036000
2678.844170 12.352000 0.042000
2683.875570 12.647000 0.038000
2686.831420 12.799000 0.037000
2689.822490 12.978000 0.039000
2699.813030 13.512000 0.034000
2704.829520 13.820000 0.034000
2706.851150 14.010000 0.041000
2787.697870 13.413000 0.040000
2790.726150 13.005000 0.036000
2794.636220 12.832000 0.037000
2809.648970 12.190000 0.038000
2810.794800 12.151000 0.035000
2812.607830 12.041000 0.042000
2832.574420 11.173000 0.037000
2833.699200 11.145000 0.040000
2838.584130 11.206000 0.036000
2840.637940 11.188000 0.036000
2842.615290 11.217000 0.047000
2845.627670 11.263000 0.037000
2854.521730 11.477000 0.035000
2859.634300 11.627000 0.035000
2861.612970 11.703000 0.036000
2866.549970 11.943000 0.037000
2868.578210 12.032000 0.039000
2872.580310 12.339000 0.038000
2875.611380 12.502000 0.034000
2877.602050 12.627000 0.035000
2888.502290 13.408000 0.034000
2900.556670 14.406000 0.033000
3033.867800 12.060000 0.037000
3037.872240 12.040000 0.037000
3042.883740 12.133000 0.034000
3064.837300 13.022000 0.037000
3068.818120 12.998000 0.034000
3071.845090 12.998000 0.036000
3074.867470 13.382000 0.036000
3078.896470 13.632000 0.039000
3081.830730 13.722000 0.034000
3163.686950 14.292000 0.034000
3168.705650 14.211000 0.034000
3176.684500 13.441000 0.035000
3182.584660 12.953000 0.035000
3184.600040 12.773000 0.035000
3187.667160 12.490000 0.038000
3190.682100 12.371000 0.046000
3270.499140 12.749000 0.047000
3397.870380 12.119000 0.041000
3407.850660 11.764000 0.034000
3411.851660 11.733000 0.037000
3414.867450 11.685000 0.036000
3418.847110 11.714000 0.045000
3422.833710 11.816000 0.037000
3425.842210 11.775000 0.034000
3434.833790 11.800000 0.043000
3438.866120 11.850000 0.038000
3442.853600 11.886000 0.045000
3455.778690 12.212000 0.036000
3457.812650 12.271000 0.034000
3462.757450 12.462000 0.036000
3464.830650 12.674000 0.032000
3467.789090 12.871000 0.036000
3470.768220 12.911000 0.044000
3473.755810 13.362000 0.036000
3475.843290 13.264000 0.042000
3478.739300 13.700000 0.044000
3480.789600 13.775000 0.043000
3560.688020 14.035000 0.035000
3564.677770 13.685000 0.037000
3573.631220 13.251000 0.037000
3575.648560 13.056000 0.033000
3576.636850 13.030000 0.036000
3576.693960 13.136000 0.037000
3576.723790 12.874000 0.039000
3577.616940 12.796000 0.038000
3583.632440 12.616000 0.035000
3585.689570 12.335000 0.035000
3587.685890 12.446000 0.038000
3590.541500 12.237000 0.040000
3599.626740 12.005000 0.037000
3602.485910 11.904000 0.037000
3604.521880 11.909000 0.042000
3616.607430 11.962000 0.040000
3619.539240 12.022000 0.045000
3626.551680 11.982000 0.036000
3630.535740 12.036000 0.037000
3632.543810 12.139000 0.035000
3639.525320 12.098000 0.036000
3642.528470 12.195000 0.040000
3646.523270 12.372000 0.036000
3653.512090 12.483000 0.037000
3658.493180 12.702000 0.037000
3763.870720 12.893000 0.045000
3767.864310 12.707000 0.037000
3772.861690 12.526000 0.034000
3775.868120 12.382000 0.042000
3793.885260 11.814000 0.043000
3796.869240 11.789000 0.040000
3800.868360 11.659000 0.043000
3804.803360 11.576000 0.037000
3811.853060 11.433000 0.038000
3819.813860 11.575000 0.045000
3822.798780 11.633000 0.044000
3825.794130 11.642000 0.036000
3828.790700 11.759000 0.036000
3831.778000 11.975000 0.044000
3833.828260 11.819000 0.036000
3836.760180 11.925000 0.038000
3850.802320 12.669000 0.047000
3852.835060 12.814000 0.035000
3861.783890 13.178000 0.036000
3863.754940 13.648000 0.046000
4145.843850 13.741000 0.039000
4154.862340 13.225000 0.041000
4161.826660 12.988000 0.040000
4164.880370 13.044000 0.043000
4167.860860 12.681000 0.034000
4181.817050 11.703000 0.043000
4184.806670 11.454000 0.046000
4188.814990 11.093000 0.038000
4190.876280 11.070000 0.040000
4192.805750 10.952000 0.037000
4194.807340 10.884000 0.042000
4200.767050 10.770000 0.034000
4203.818270 10.761000 0.042000
4205.802490 10.745000 0.035000
4208.889700 10.836000 0.043000
4213.786790 10.840000 0.038000
4216.784520 10.995000 0.037000
4228.790960 11.533000 0.039000
4230.785340 11.658000 0.035000
4232.785750 11.813000 0.035000
4234.828950 12.008000 0.034000
4246.690770 13.109000 0.037000
4350.528520 14.050000 0.042000
4355.549520 13.669000 0.038000
4363.491240 13.351000 0.036000
4371.533840 12.836000 0.038000
4375.519350 12.842000 0.037000
4378.497670 12.722000 0.041000
4381.493250 12.639000 0.038000
4384.489180 12.503000 0.036000
4538.852120 13.834000 0.038000
4541.838430 13.486000 0.037000
4547.803910 13.170000 0.039000
4554.856720 13.025000 0.043000
4557.785230 12.714000 0.037000
4560.773850 12.445000 0.037000
4563.777230 12.292000 0.037000
4565.829720 12.217000 0.041000
4568.755390 11.986000 0.040000
4570.815480 11.822000 0.036000
4572.780710 11.613000 0.037000
4574.771660 11.570000 0.040000
4576.781190 11.420000 0.038000
4582.726870 11.295000 0.042000
4585.774120 11.305000 0.044000
4587.832670 11.324000 0.042000
4590.708040 11.376000 0.039000
4592.825240 11.317000 0.038000
4594.761680 11.341000 0.036000
4596.780320 11.384000 0.039000
4599.688630 11.490000 0.037000
4603.731260 11.478000 0.035000
4609.649230 11.642000 0.038000
4611.697190 11.755000 0.038000
4615.846650 11.785000 0.040000
4623.671170 12.121000 0.040000
4627.629330 12.147000 0.040000
4629.610740 12.349000 0.035000
4630.784830 12.241000 0.041000
4638.778740 12.501000 0.045000
4640.755710 12.788000 0.038000
4642.735040 12.822000 0.037000
4644.755520 12.972000 0.044000
4649.596850 12.991000 0.045000
4653.644930 13.321000 0.037000
4655.583880 13.589000 0.045000
4729.564430 14.048000 0.044000
4745.502370 12.862000 0.046000
4947.716960 13.249000 0.042000
4951.855320 12.885000 0.045000
4968.749160 11.548000 0.044000
4991.663010 11.351000 0.044000
2014.716350 12.787000 0.054000
2055.654190 11.989000 0.044000
2491.497240 12.627000 0.050000
2805.648760 12.254000 0.046000
2824.676630 11.362000 0.050000
3445.821450 11.953000 0.049000
3453.755070 11.978000 0.048000
3562.701190 14.028000 0.048000
3577.646120 13.146000 0.049000
3577.672060 12.736000 0.048000
3577.702760 12.897000 0.045000
3577.730440 12.947000 0.054000
3592.549730 12.135000 0.047000
3608.495520 11.945000 0.051000
3790.841130 12.013000 0.049000
3816.877400 11.476000 0.050000
3848.785700 12.746000 0.042000
3855.720490 13.062000 0.050000
3981.529540 13.084000 0.050000
4365.545390 13.317000 0.056000
4617.705570 11.881000 0.054000
4755.490110 12.436000 0.050000
4949.766870 13.111000 0.048000
4954.707650 12.647000 0.049000
4959.745910 12.120000 0.046000
4966.698990 11.699000 0.044000
4984.684570 11.287000 0.048000
4993.837380 11.398000 0.050000
5006.713730 11.686000 0.053000
5009.596500 11.839000 0.044000
5012.629790 11.904000 0.046000
5022.605090 12.250000 0.052000
5024.608250 12.453000 0.048000
5031.553530 13.004000 0.054000
1919.871580 29.999000 0.044000
1924.859880 29.999000 0.041000
1931.850970 29.999000 0.041000
1936.855260 29.999000 0.038000
1950.887280 29.999000 0.050000
1953.837530 29.999000 0.043000
1958.845160 29.999000 0.042000
1964.808110 29.999000 0.047000
1995.791860 29.999000 0.051000
1997.809270 29.999000 0.050000
1998.790020 29.999000 0.055000
2000.786830 29.999000 0.051000
2016.742120 29.999000 0.052000
2524.556370 29.999000 0.052000
2535.531620 29.999000 0.042000
2543.491900 29.999000 0.039000
2544.496490 29.999000 0.047000
2546.504570 29.999000 0.039000
2548.488760 29.999000 0.040000
2714.806580 29.999000 0.038000
2722.871890 29.999000 0.035000
2730.789590 29.999000 0.031000
2739.770860 29.999000 0.037000
2743.740250 29.999000 0.040000
2752.737040 29.999000 0.035000
2757.716690 29.999000 0.032000
2761.719220 29.999000 0.037000
2763.699790 29.999000 0.040000
2770.705620 29.999000 0.036000
2898.564680 29.999000 0.034000
3060.844470 29.999000 0.034000
3085.874780 29.999000 0.038000
3088.806970 29.999000 0.035000
3098.835610 29.999000 0.036000
3112.812490 29.999000 0.038000
3124.792250 29.999000 0.035000
3156.631420 29.999000 0.035000
3165.681410 29.999000 0.035000
3292.493030 29.999000 0.046000
3482.780410 29.999000 0.040000
3489.728320 29.999000 0.042000
3495.756920 29.999000 0.048000
3497.770800 29.999000 0.036000
3503.730870 29.999000 0.035000
3756.866720 29.999000 0.038000
3808.803890 29.999000 0.044000
3871.729710 29.999000 0.035000
3880.702340 29.999000 0.033000
3882.743960 29.999000 0.044000
3886.749300 29.999000 0.040000
3892.694410 29.999000 0.039000
3898.656770 29.999000 0.046000
3906.724000 29.999000 0.038000
3908.807170 29.999000 0.037000
4172.859540 29.999000 0.041000
4885.878270 29.999000 0.047000
4892.852720 29.999000 0.041000
4902.874920 29.999000 0.052000
4908.890830 29.999000 0.049000
4917.831760 29.999000 0.046000
4920.807660 29.999000 0.052000
4926.837340 29.999000 0.047000
4929.837850 29.999000 0.043000
4939.746670 29.999000 0.049000
1921.871070 29.999000 0.044000
1926.858360 29.999000 0.038000
1933.862480 29.999000 0.038000
1939.852860 29.999000 0.039000
1946.871680 29.999000 0.039000
1962.796670 29.999000 0.046000
1966.810450 29.999000 0.047000
1976.902750 29.999000 0.050000
1979.742610 29.999000 0.056000
1981.771250 29.999000 0.050000
1985.889880 29.999000 0.052000
1994.706600 29.999000 0.054000
1996.793100 29.999000 0.051000
2116.525640 29.999000 0.044000
2128.492350 29.999000 0.037000
2130.493800 29.999000 0.038000
2132.503470 29.999000 0.037000
2134.510820 29.999000 0.039000
2136.498130 29.999000 0.037000
2141.500800 29.999000 0.037000
2143.506050 29.999000 0.040000
2710.818770 29.999000 0.037000
2712.813660 29.999000 0.035000
2735.784670 29.999000 0.032000
2737.763800 29.999000 0.037000
2750.798210 29.999000 0.044000
2755.722010 29.999000 0.034000
2759.772810 29.999000 0.039000
2766.776620 29.999000 0.035000
2894.553480 29.999000 0.036000
2904.546260 29.999000 0.042000
2909.546050 29.999000 0.036000
2915.510830 29.999000 0.034000
2921.501440 29.999000 0.039000
2924.495210 29.999000 0.034000
2928.492420 29.999000 0.039000
3091.797290 29.999000 0.036000
3096.851040 29.999000 0.035000
3105.827130 29.999000 0.038000
3107.830730 29.999000 0.034000
3110.757520 29.999000 0.036000
3115.742160 29.999000 0.036000
3118.806100 29.999000 0.034000
3122.739590 29.999000 0.034000
3126.759940 29.999000 0.035000
3128.723720 29.999000 0.039000
3132.831070 29.999000 0.037000
3144.716610 29.999000 0.039000
3153.694990 29.999000 0.041000
3160.677280 29.999000 0.036000
3170.833260 29.999000 0.037000
3491.761520 29.999000 0.053000
3501.640750 29.999000 0.038000
3506.733060 29.999000 0.035000
3509.725320 29.999000 0.040000
3515.707290 29.999000 0.037000
3517.698540 29.999000 0.038000
3521.689570 29.999000 0.050000
3523.695780 29.999000 0.036000
3525.724570 29.999000 0.037000
3537.758700 29.999000 0.039000
3543.628260 29.999000 0.036000
3550.608030 29.999000 0.040000
3552.672490 29.999000 0.037000
3555.671540 29.999000 0.053000
3558.677860 29.999000 0.035000
3570.551790 29.999000 0.040000
3874.819880 29.999000 0.039000
3877.653460 29.999000 0.036000
3900.669970 29.999000 0.040000
3902.688050 29.999000 0.037000
3904.711640 29.999000 0.053000
3912.722770 29.999000 0.042000
4125.863910 29.999000 0.045000
4129.860800 29.999000 0.039000
4133.850980 29.999000 0.036000
4137.857890 29.999000 0.039000
4151.839990 29.999000 0.038000
4255.712850 29.999000 0.036000
4257.714520 29.999000 0.039000
4269.694110 29.999000 0.036000
4272.631810 29.999000 0.046000
4283.652610 29.999000 0.045000
4285.642690 29.999000 0.055000
4289.638710 29.999000 0.042000
4291.642440 29.999000 0.046000
4293.632800 29.999000 0.040000
4295.648620 29.999000 0.036000
4297.639210 29.999000 0.036000
4299.609250 29.999000 0.049000
4301.567180 29.999000 0.048000
4308.530240 29.999000 0.050000
4310.638350 29.999000 0.047000
4312.637670 29.999000 0.045000
4315.642060 29.999000 0.045000
4319.541120 29.999000 0.036000
4329.611790 29.999000 0.036000
4336.523290 29.999000 0.044000
4339.617120 29.999000 0.036000
4341.616090 29.999000 0.052000
4343.619410 29.999000 0.043000
4346.496400 29.999000 0.037000
4348.518600 29.999000 0.035000
4352.546120 29.999000 0.036000
4357.556990 29.999000 0.037000
4369.522010 29.999000 0.041000
4492.868270 29.999000 0.038000
4500.866440 29.999000 0.043000
4504.865110 29.999000 0.040000
4508.858460 29.999000 0.036000
4516.857500 29.999000 0.048000
4520.829430 29.999000 0.042000
4527.830260 29.999000 0.043000
4530.869070 29.999000 0.035000
4535.870990 29.999000 0.043000
4647.549800 29.999000 0.046000
4651.629820 29.999000 0.042000
4657.628090 29.999000 0.039000
4663.560080 29.999000 0.041000
4664.739230 29.999000 0.037000
4666.743780 29.999000 0.039000
4672.702820 29.999000 0.038000
4677.515510 29.999000 0.040000
4679.531780 29.999000 0.038000
4682.521180 29.999000 0.040000
4684.525510 29.999000 0.043000
4697.601020 29.999000 0.036000
4701.598700 29.999000 0.037000
4703.605540 29.999000 0.039000
4705.637420 29.999000 0.044000
4708.593160 29.999000 0.037000
4710.609160 29.999000 0.047000
4720.573530 29.999000 0.041000
4724.516580 29.999000 0.047000
4726.574830 29.999000 0.048000
4733.513240 29.999000 0.047000
4737.527010 29.999000 0.043000
4865.865090 29.999000 0.039000
4869.858790 29.999000 0.044000
4882.840080 29.999000 0.035000
5041.501420 29.999000 0.042000
5057.532220 29.999000 0.047000
5084.551690 29.999000 0.051000
5088.580400 29.999000 0.050000
3448.844030 11.980000 0.037000
3452.813470 12.079000 0.034000
3576.465880 13.121000 0.033000
3576.468290 13.109000 0.032000
3576.470780 13.068000 0.034000
3576.473310 13.017000 0.035000
3576.475830 13.067000 0.037000
3576.478320 13.048000 0.038000
3576.482370 13.055000 0.033000
3576.484870 13.005000 0.035000
3576.487340 12.955000 0.034000
3576.489850 13.019000 0.036000
3576.492360 13.036000 0.036000
3576.494870 12.982000 0.038000
3576.497350 13.042000 0.034000
3576.500680 13.079000 0.039000
3576.507000 13.154000 0.035000
3576.513180 13.128000 0.040000
3576.519280 13.139000 0.041000
3576.539250 13.051000 0.038000
3576.553070 13.129000 0.036000
3576.581060 13.137000 0.038000
3576.608700 12.997000 0.038000
3576.663540 13.091000 0.033000
3577.501380 13.277000 0.043000
3577.559930 13.034000 0.037000
3577.589850 12.963000 0.037000
3576.525440 13.062000 0.043000
3577.530910 13.109000 0.054000
