1889.799500 8.320000 0.048000
1899.834120 7.963000 0.034000
1954.729290 10.146000 0.036000
1955.724490 10.251000 0.032000
1955.885710 10.230000 0.043000
2215.864870 8.582000 0.044000
2222.841880 8.780000 0.041000
2227.855630 8.955000 0.044000
2229.855910 9.045000 0.043000
2232.853950 9.157000 0.042000
2234.838850 9.242000 0.036000
2236.843040 9.311000 0.043000
2239.845160 9.473000 0.044000
2241.829550 9.526000 0.045000
2249.816580 9.905000 0.046000
2255.799950 10.204000 0.047000
3365.855540 7.763000 0.040000
3386.806890 7.643000 0.045000
3389.816660 7.720000 0.046000
3396.749010 7.904000 0.044000
3399.770360 7.990000 0.049000
3450.704310 9.900000 0.038000
3453.626600 10.038000 0.044000
3455.674550 10.126000 0.044000
3457.684490 10.228000 0.034000
3459.683340 10.288000 0.033000
3461.699400 10.367000 0.038000
3463.761780 10.449000 0.036000
3465.799740 10.513000 0.034000
3468.751370 10.640000 0.031000
3470.845660 10.675000 0.046000
3473.586850 10.875000 0.053000
3475.708920 10.961000 0.053000
3477.658280 10.968000 0.032000
3479.637350 10.918000 0.057000
3481.633590 11.081000 0.034000
3483.654030 11.096000 0.047000
3486.778690 11.290000 0.051000
3489.783390 11.320000 0.044000
3491.796730 11.453000 0.036000
3497.802510 11.634000 0.032000
3503.545800 11.744000 0.035000
3506.587000 11.976000 0.039000
3509.630500 12.032000 0.034000
3511.677150 12.071000 0.035000
3515.709630 12.321000 0.041000
3521.610580 12.501000 0.033000
3523.614380 12.481000 0.043000
3525.633720 12.370000 0.044000
3529.633700 12.495000 0.037000
3538.589920 12.826000 0.033000
3550.635150 12.709000 0.046000
3554.574710 12.816000 0.034000
3556.595590 12.780000 0.034000
3559.592750 12.981000 0.040000
3563.591410 12.665000 0.035000
3570.558970 12.489000 0.036000
3576.575960 12.216000 0.032000
3584.559710 11.917000 0.035000
3600.511210 10.846000 0.057000
3603.494420 10.683000 0.036000
3607.489940 10.480000 0.038000
3675.868190 7.791000 0.048000
3701.853100 8.044000 0.054000
3706.829160 8.158000 0.041000
3713.846130 8.406000 0.041000
3717.843980 8.498000 0.046000
3725.820720 8.832000 0.043000
3728.844380 8.973000 0.045000
3732.815010 9.152000 0.050000
3736.797530 9.265000 0.045000
3739.817990 9.443000 0.039000
3742.823600 9.585000 0.042000
3745.843990 9.719000 0.041000
3748.834590 9.862000 0.044000
3751.805890 10.005000 0.048000
3754.806170 10.161000 0.047000
3757.795130 10.307000 0.041000
3760.785880 10.562000 0.044000
3766.765570 10.648000 0.049000
3769.779430 10.824000 0.046000
3772.767720 10.880000 0.045000
3775.744630 10.996000 0.046000
3778.723000 11.202000 0.045000
3780.796010 11.199000 0.047000
3783.836810 11.213000 0.049000
3788.768300 11.542000 0.046000
3791.712830 11.611000 0.046000
3793.770080 11.643000 0.045000
3796.682450 11.860000 0.035000
3798.751090 11.828000 0.041000
3803.839200 11.791000 0.051000
3805.779500 11.942000 0.038000
3808.731240 11.968000 0.044000
3810.801350 11.950000 0.044000
3813.644360 12.265000 0.049000
3815.699890 12.928000 0.047000
3817.709380 12.306000 0.044000
3819.764140 12.376000 0.041000
3822.624130 12.525000 0.041000
3824.670510 12.351000 0.037000
3826.690410 12.382000 0.045000
3828.719810 12.476000 0.040000
3830.791780 12.618000 0.039000
3832.721710 12.731000 0.042000
3834.696270 12.821000 0.041000
3836.708470 12.746000 0.047000
3850.659800 12.674000 0.037000
3852.666440 12.559000 0.035000
3854.681320 12.409000 0.038000
3856.720860 12.607000 0.037000
3861.593480 12.580000 0.035000
3865.602840 12.335000 0.038000
3867.648460 12.390000 0.044000
3869.644520 12.350000 0.048000
3871.636740 12.219000 0.037000
3881.749960 11.671000 0.041000
3888.567800 11.451000 0.048000
3890.563330 11.314000 0.035000
3894.628540 11.127000 0.037000
3906.559030 10.443000 0.034000
4091.794710 11.502000 0.038000
4105.819500 12.154000 0.042000
4109.836900 12.374000 0.035000
4131.764140 13.428000 0.037000
4139.744420 13.295000 0.037000
4141.805220 13.186000 0.034000
4144.736890 13.341000 0.037000
4146.799770 13.689000 0.040000
4152.778690 13.807000 0.036000
4154.817300 13.501000 0.037000
4159.760760 13.723000 0.034000
4168.809600 14.090000 0.038000
4173.763810 13.500000 0.035000
4179.703850 13.133000 0.044000
4183.754720 13.324000 0.043000
4185.742380 13.160000 0.039000
4191.614600 12.617000 0.038000
4193.653880 12.893000 0.047000
4198.703600 12.808000 0.054000
4204.671360 12.273000 0.037000
4207.690660 12.143000 0.039000
4213.703700 11.812000 0.045000
4216.680560 11.846000 0.043000
4227.594550 11.225000 0.032000
4229.604600 11.193000 0.040000
4233.611710 10.918000 0.032000
4235.610030 10.870000 0.042000
4237.626870 10.787000 0.055000
4246.557040 10.507000 0.039000
4253.591290 10.316000 0.035000
4272.617210 9.341000 0.037000
4274.629300 9.247000 0.033000
4277.609460 9.097000 0.033000
4284.593920 8.879000 0.035000
4290.590240 8.679000 0.038000
4292.554580 8.613000 0.030000
4294.562940 8.592000 0.041000
4296.557800 8.540000 0.041000
4298.562550 8.560000 0.043000
4303.550620 8.534000 0.034000
4305.536890 8.536000 0.033000
4307.563410 8.563000 0.036000
4311.516770 8.599000 0.037000
4317.511800 8.713000 0.032000
4330.493380 9.000000 0.036000
4333.500180 9.068000 0.037000
4338.495140 9.190000 0.034000
4342.484680 9.326000 0.040000
4430.829550 13.147000 0.044000
4438.831430 12.446000 0.049000
4442.818710 13.787000 0.040000
4458.802050 13.328000 0.041000
4462.800980 13.521000 0.040000
4465.826410 12.859000 0.052000
4477.830450 12.899000 0.040000
4484.823740 12.983000 0.039000
4487.790200 12.904000 0.052000
4490.784090 12.696000 0.038000
4493.768550 12.438000 0.036000
4497.781920 12.471000 0.034000
4503.759000 11.934000 0.044000
4506.743370 11.863000 0.035000
4508.805390 11.845000 0.039000
4511.726500 11.729000 0.041000
4515.732620 11.703000 0.049000
4518.705940 11.451000 0.039000
4520.770240 11.406000 0.038000
4522.814880 11.385000 0.033000
4525.696670 11.249000 0.042000
4527.745330 11.117000 0.040000
4529.814490 11.088000 0.034000
4532.677270 10.984000 0.035000
4535.768160 10.797000 0.041000
4537.769250 10.706000 0.033000
4540.645030 10.610000 0.049000
4542.690000 10.437000 0.038000
4546.726290 10.262000 0.042000
4548.733660 10.116000 0.042000
4551.667270 9.968000 0.034000
4553.699800 9.852000 0.034000
4555.715220 9.692000 0.032000
4557.772410 9.558000 0.034000
4559.812150 9.427000 0.034000
4562.595230 9.234000 0.046000
4564.652590 9.104000 0.038000
4566.661510 8.922000 0.035000
4568.671300 8.797000 0.035000
4570.651880 8.662000 0.032000
4572.624890 8.536000 0.040000
4574.637030 8.385000 0.040000
4576.661640 8.268000 0.041000
4579.784610 8.125000 0.045000
4583.559690 7.949000 0.046000
4586.596420 7.890000 0.039000
4588.654740 7.819000 0.040000
4590.731680 7.786000 0.044000
4592.719580 7.797000 0.035000
4594.735480 7.782000 0.030000
4596.746310 7.810000 0.031000
4599.530850 7.826000 0.040000
4601.576600 7.883000 0.034000
4603.626060 7.923000 0.038000
4607.627320 8.004000 0.043000
4609.667510 8.063000 0.034000
4611.655110 8.105000 0.034000
4616.647860 8.216000 0.033000
4622.639670 8.358000 0.038000
4626.653720 8.488000 0.033000
4630.635410 8.584000 0.038000
4632.653370 8.645000 0.035000
4639.635850 8.853000 0.037000
4641.660060 8.934000 0.035000
4644.495670 8.991000 0.034000
4646.508550 9.082000 0.046000
4651.517040 9.226000 0.050000
4653.521960 9.305000 0.038000
4655.507910 9.370000 0.042000
4657.557330 9.453000 0.047000
4659.599440 9.493000 0.043000
4662.597030 9.607000 0.048000
4667.576390 9.780000 0.037000
4671.556610 9.917000 0.036000
4674.522230 10.027000 0.037000
4681.500140 10.264000 0.040000
4683.510330 10.376000 0.044000
4685.514520 10.451000 0.043000
4687.527210 10.531000 0.038000
4690.514790 10.664000 0.034000
4694.494150 10.708000 0.050000
4699.489800 10.855000 0.033000
4702.473710 11.026000 0.041000
4705.478650 11.103000 0.046000
4793.844890 12.303000 0.046000
4798.842820 12.163000 0.048000
4802.821850 11.987000 0.039000
4806.820710 11.759000 0.035000
4810.820790 11.514000 0.038000
4814.807050 11.329000 0.042000
4818.850570 11.080000 0.046000
4821.843160 10.980000 0.034000
4825.803080 10.715000 0.041000
4829.783480 10.527000 0.039000
4835.834670 10.156000 0.053000
4838.823090 10.036000 0.042000
4845.825090 9.744000 0.043000
4848.804270 9.609000 0.044000
4851.792720 9.519000 0.040000
4855.797620 9.425000 0.036000
4860.831350 9.329000 0.034000
4863.775730 9.310000 0.039000
4866.769650 9.273000 0.037000
4869.750650 9.218000 0.036000
4872.744090 9.126000 0.045000
4875.810020 9.019000 0.037000
4881.717080 8.699000 0.035000
4884.703430 8.499000 0.037000
4892.788380 8.112000 0.053000
4906.733640 7.720000 0.053000
4918.612940 7.670000 0.048000
4926.682520 7.823000 0.054000
4936.584080 8.117000 0.055000
4940.675290 8.279000 0.053000
4945.707400 8.517000 0.053000
4947.782400 8.640000 0.050000
4949.772350 8.703000 0.055000
4954.605850 8.951000 0.053000
4972.619910 9.754000 0.050000
4991.571690 10.621000 0.054000
4994.664550 10.717000 0.053000
5013.564030 11.517000 0.057000
5021.567110 11.815000 0.051000
5023.568940 11.886000 0.048000
5037.528490 12.342000 0.046000
5041.527680 12.334000 0.049000
5048.542940 12.236000 0.053000
2225.844890 8.880000 0.041000
2243.827920 9.626000 0.051000
2247.838750 9.815000 0.052000
2251.809730 9.998000 0.049000
2257.796950 10.331000 0.050000
3357.822560 8.018000 0.045000
3501.492420 11.749000 0.052000
3561.605300 12.937000 0.063000
3801.673500 11.893000 0.060000
3848.639540 12.618000 0.063000
3886.565350 11.450000 0.060000
3892.567280 11.221000 0.061000
4125.783890 13.104000 0.056000
4150.734570 13.797000 0.049000
4231.609780 11.143000 0.057000
4267.639810 9.647000 0.060000
4286.588340 8.758000 0.061000
4469.793490 13.893000 0.063000
4473.827780 14.196000 0.060000
4648.599890 9.097000 0.041000
4904.687240 7.748000 0.061000
4938.639150 8.195000 0.062000
4962.628930 9.271000 0.060000
4966.763540 9.478000 0.061000
4969.530770 9.641000 0.063000
5039.517700 12.179000 0.061000
3574.548200 29.999000 0.037000
3587.503940 29.999000 0.035000
3589.530560 29.999000 0.035000
3863.592250 29.999000 0.038000
3874.728140 29.999000 0.039000
3902.500520 29.999000 0.037000
3908.556960 29.999000 0.036000
3913.653270 29.999000 0.038000
4134.761290 29.999000 0.044000
4136.828310 29.999000 0.042000
4157.695580 29.999000 0.042000
4161.750280 29.999000 0.035000
4163.757810 29.999000 0.055000
4181.717310 29.999000 0.054000
4282.579980 29.999000 0.051000
4300.516860 29.999000 0.040000
4920.741630 29.999000 0.063000
1954.815130 10.129000 0.038000
3389.873360 7.718000 0.049000
4126.857530 13.064000 0.034000
4142.822320 13.328000 0.030000
4152.866330 13.266000 0.034000
4159.875400 13.136000 0.032000
4174.774070 13.343000 0.031000
4204.831000 12.418000 0.034000
4227.757010 11.168000 0.031000
4233.761590 10.893000 0.032000
4488.839350 12.586000 0.039000
4503.837650 12.023000 0.044000
4506.850530 11.854000 0.041000
4522.848760 11.343000 0.030000
4535.847630 10.772000 0.036000
4548.871950 10.158000 0.039000
4589.857560 7.819000 0.031000
4607.742650 7.990000 0.038000
4622.832950 8.352000 0.033000
4838.862220 10.051000 0.038000
4850.861130 9.556000 0.042000
2040.677810 12.541000 0.059000
2169.510520 8.284000 0.043000
2178.504130 8.168000 0.040000
2185.509580 8.143000 0.043000
2204.497170 8.354000 0.039000
3399.858590 7.956000 0.053000
4180.804680 12.827000 0.062000
4183.801770 12.496000 0.058000
4499.846100 12.247000 0.050000
4901.878380 7.801000 0.059000
3396.844690 29.999000 0.043000
3755.855990 29.999000 0.049000
3758.864150 29.999000 0.043000
4134.829330 29.999000 0.039000
4145.888290 29.999000 0.043000
4156.830180 29.999000 0.036000
4165.849900 29.999000 0.054000
4193.793000 29.999000 0.037000
4196.818310 29.999000 0.055000
4492.840970 29.999000 0.037000
4510.836620 29.999000 0.045000
4519.842650 29.999000 0.045000
4525.844300 29.999000 0.031000
4531.848920 29.999000 0.033000
4546.827770 29.999000 0.040000
4564.763810 29.999000 0.030000
4585.713090 29.999000 0.032000
4594.729150 29.999000 0.028000
4843.863830 29.999000 0.043000
4847.867620 29.999000 0.036000
4862.849790 29.999000 0.041000
4870.868280 29.999000 0.042000
4875.877640 29.999000 0.040000
4883.820860 29.999000 0.042000
4891.816940 29.999000 0.043000
3452.791290 9.952000 0.039000
1889.852230 8.449000 0.049000
1900.827140 8.198000 0.036000
1954.793020 10.143000 0.037000
1955.789370 10.457000 0.031000
1955.889960 10.225000 0.031000
3362.856980 7.887000 0.047000
3391.806940 7.763000 0.038000
3395.837220 7.896000 0.044000
3398.829270 7.947000 0.042000
3411.826100 8.368000 0.040000
3414.809440 8.466000 0.033000
3417.812120 8.555000 0.053000
3420.781830 8.670000 0.043000
3425.825770 8.863000 0.043000
3431.825160 9.097000 0.047000
3433.881070 9.211000 0.043000
3438.769130 9.383000 0.037000
3446.838990 9.713000 0.031000
3454.768090 10.087000 0.040000
3456.768310 10.150000 0.041000
3458.784250 10.240000 0.052000
3460.794780 10.329000 0.037000
3463.685830 10.439000 0.038000
3465.745620 10.544000 0.034000
3468.734270 10.638000 0.032000
3470.769880 10.683000 0.037000
3473.653790 10.789000 0.028000
3477.746140 10.945000 0.037000
3481.700000 11.106000 0.037000
3487.664770 11.266000 0.037000
3492.675030 11.401000 0.039000
3496.677040 11.508000 0.041000
3501.713740 11.710000 0.046000
3503.703270 11.828000 0.039000
3509.702880 11.882000 0.032000
3511.738350 12.129000 0.032000
3515.739530 12.303000 0.042000
3517.733160 12.218000 0.032000
3521.636580 12.469000 0.044000
3523.641560 12.300000 0.042000
3525.668810 12.425000 0.038000
3538.632950 12.727000 0.033000
3540.650020 12.678000 0.042000
3543.613770 12.844000 0.043000
3552.697420 12.956000 0.038000
3555.691040 12.692000 0.028000
3560.705050 12.909000 0.039000
3563.501130 12.745000 0.040000
3570.590810 12.421000 0.036000
3573.652890 12.819000 0.039000
3575.670820 12.453000 0.034000
3578.556900 12.186000 0.033000
3584.573180 11.836000 0.034000
3586.608140 11.646000 0.037000
3591.531070 11.367000 0.038000
3593.543300 11.278000 0.038000
3601.561020 10.773000 0.042000
3603.567790 10.628000 0.037000
3618.499540 10.031000 0.037000
3620.536910 9.970000 0.041000
3630.499490 9.557000 0.042000
3633.497220 9.406000 0.039000
3642.490410 9.044000 0.046000
3725.857000 8.837000 0.044000
3733.847080 9.180000 0.036000
3737.837700 9.369000 0.039000
3741.827590 9.523000 0.039000
3745.820450 9.732000 0.039000
3749.814440 9.931000 0.051000
3753.805180 10.099000 0.045000
3757.809870 10.272000 0.042000
3760.835300 10.432000 0.044000
3763.846070 10.546000 0.053000
3767.805140 10.713000 0.046000
3774.787670 10.884000 0.043000
3778.773240 11.034000 0.046000
3782.845370 11.218000 0.047000
3788.857350 11.439000 0.046000
3791.799730 11.566000 0.044000
3794.807720 11.562000 0.046000
3797.771500 11.727000 0.040000
3800.757160 11.960000 0.047000
3806.733230 12.026000 0.041000
3809.766380 12.183000 0.046000
3811.800040 12.053000 0.042000
3814.727240 12.165000 0.049000
3816.774340 12.256000 0.038000
3818.890280 12.404000 0.040000
3821.714520 12.409000 0.041000
3823.762550 12.374000 0.048000
3825.810340 12.947000 0.048000
3828.685380 12.657000 0.041000
3830.766740 12.580000 0.037000
3832.739150 12.594000 0.039000
3834.717220 12.722000 0.050000
3836.726400 12.586000 0.049000
3850.725860 12.472000 0.036000
3852.749690 12.446000 0.035000
3859.706900 12.390000 0.048000
3861.693710 12.336000 0.033000
3863.654010 12.555000 0.049000
3865.660570 12.360000 0.039000
3867.692070 12.296000 0.040000
3869.715220 12.142000 0.053000
3871.706500 12.226000 0.037000
3874.800060 12.136000 0.037000
3877.559990 11.867000 0.034000
3882.643440 11.689000 0.038000
3886.751950 11.470000 0.037000
3892.719740 11.237000 0.040000
3894.693200 11.074000 0.037000
3900.537830 10.848000 0.041000
3902.571550 10.709000 0.041000
3904.590440 10.571000 0.035000
3906.607270 10.486000 0.040000
3908.599590 10.346000 0.034000
3981.550920 7.346000 0.043000
4104.824500 12.099000 0.046000
4121.800820 12.634000 0.044000
4127.847550 12.955000 0.033000
4131.795420 12.958000 0.037000
4134.817410 13.311000 0.039000
4137.817970 13.009000 0.044000
4140.813890 13.628000 0.035000
4143.820160 13.138000 0.038000
4150.826600 13.778000 0.044000
4153.797850 13.011000 0.047000
4156.786180 13.382000 0.041000
4159.768770 13.645000 0.032000
4161.846570 13.569000 0.037000
4166.809650 14.287000 0.039000
4172.804760 13.511000 0.032000
4175.736920 13.001000 0.042000
4181.714540 12.743000 0.052000
4183.775990 13.316000 0.039000
4185.802040 12.787000 0.041000
4189.692390 13.089000 0.032000
4191.716330 13.495000 0.037000
4193.722230 12.994000 0.036000
4202.726490 12.618000 0.042000
4204.748200 12.136000 0.034000
4207.772770 12.069000 0.041000
4213.761360 11.964000 0.042000
4216.747930 11.789000 0.044000
4227.684260 11.215000 0.030000
4229.687820 11.107000 0.029000
4231.697090 11.002000 0.046000
4233.696630 10.915000 0.042000
4235.693920 10.936000 0.030000
4246.601560 10.524000 0.040000
4253.688180 10.317000 0.039000
4255.712740 10.213000 0.034000
4257.714400 10.170000 0.044000
4272.703020 9.309000 0.037000
4274.698810 9.229000 0.038000
4277.621110 9.115000 0.028000
4283.718360 8.914000 0.047000
4285.682330 9.351000 0.039000
4289.679190 8.723000 0.033000
4291.678310 8.655000 0.030000
4293.666490 8.623000 0.028000
4297.672870 8.536000 0.038000
4299.648910 8.543000 0.032000
4301.603160 8.540000 0.034000
4303.610680 8.537000 0.030000
4305.606630 8.545000 0.030000
4307.608420 8.570000 0.034000
4312.561590 8.598000 0.045000
4315.567550 8.654000 0.033000
4317.628980 8.991000 0.035000
4330.519460 8.987000 0.031000
4332.534800 9.047000 0.029000
4334.550510 9.086000 0.030000
4338.581310 9.232000 0.035000
4341.525830 9.313000 0.036000
4343.535890 9.379000 0.032000
4345.555260 9.471000 0.045000
4347.550100 9.553000 0.032000
4349.547970 9.608000 0.039000
4352.511470 9.736000 0.031000
4357.516900 9.965000 0.029000
4359.507810 10.031000 0.033000
4361.511420 10.192000 0.033000
4371.483590 10.658000 0.038000
4436.853710 13.126000 0.043000
4455.848930 13.563000 0.036000
4459.843690 14.439000 0.049000
4463.857590 13.106000 0.036000
4467.836950 13.107000 0.046000
4478.824660 13.042000 0.053000
4482.823050 12.993000 0.042000
4486.805420 12.508000 0.037000
4490.803170 12.545000 0.033000
4493.832130 12.351000 0.031000
4497.843540 12.393000 0.033000
4504.797620 11.999000 0.029000
4507.822260 11.805000 0.042000
4510.818010 11.783000 0.044000
4514.855600 11.546000 0.044000
4517.808180 11.580000 0.044000
4519.838040 11.425000 0.040000
4522.782730 11.358000 0.032000
4524.849010 11.270000 0.030000
4527.766650 11.156000 0.035000
4530.754230 11.007000 0.031000
4533.821570 10.867000 0.039000
4536.755440 10.796000 0.030000
4538.807490 10.688000 0.030000
4541.723370 10.512000 0.031000
4543.793550 10.386000 0.036000
4547.777620 10.193000 0.040000
4550.707890 10.034000 0.037000
4552.767400 9.913000 0.031000
4554.788210 9.774000 0.047000
4557.693240 9.566000 0.033000
4559.751150 9.423000 0.032000
4561.800270 9.297000 0.031000
4564.670730 9.095000 0.031000
4566.728970 8.943000 0.035000
4568.743190 8.792000 0.035000
4570.807000 8.943000 0.031000
4572.695610 8.512000 0.037000
4574.684580 8.375000 0.037000
4576.707950 8.262000 0.039000
4579.809000 8.133000 0.039000
4583.647160 7.993000 0.031000
4586.664270 7.867000 0.031000
4588.696620 7.812000 0.038000
4590.765720 7.789000 0.044000
4592.843180 7.792000 0.037000
4594.770300 7.801000 0.031000
4596.801920 7.809000 0.030000
4599.585460 7.839000 0.039000
4601.630520 7.873000 0.033000
4603.655120 7.902000 0.039000
4610.570590 8.042000 0.036000
4616.799640 8.211000 0.037000
4620.536120 8.294000 0.037000
4622.750160 8.380000 0.037000
4630.660690 8.580000 0.031000
4632.667110 8.661000 0.033000
4639.662800 8.871000 0.039000
4641.684510 8.929000 0.032000
4643.680290 9.003000 0.041000
4648.555150 9.125000 0.035000
4650.627790 9.220000 0.031000
4652.649710 9.265000 0.030000
4656.605990 9.421000 0.034000
4658.657650 9.432000 0.051000
4661.543710 9.581000 0.036000
4663.614360 9.661000 0.043000
4665.678730 9.682000 0.042000
4671.613340 9.906000 0.031000
4682.621440 10.317000 0.047000
4684.604950 10.407000 0.038000
4686.562790 10.540000 0.039000
4694.550290 10.725000 0.051000
4698.551740 10.878000 0.036000
4700.556360 10.915000 0.031000
4702.572760 10.981000 0.033000
4704.559830 11.054000 0.039000
4707.565300 11.206000 0.045000
4722.499190 11.537000 0.041000
4726.496520 11.641000 0.047000
4729.491150 11.699000 0.041000
4733.489580 11.989000 0.039000
4820.844270 11.033000 0.046000
4824.846570 10.845000 0.035000
4828.850960 10.563000 0.036000
4836.841420 10.086000 0.045000
4844.844020 9.846000 0.046000
4848.806470 9.611000 0.046000
4851.862140 9.541000 0.034000
4855.856130 9.432000 0.043000
4865.798530 9.313000 0.050000
4868.846680 9.245000 0.038000
4871.836040 9.143000 0.048000
4875.831220 9.396000 0.035000
4881.797780 8.666000 0.034000
4884.796980 8.485000 0.035000
4906.835770 7.694000 0.051000
4921.716980 7.714000 0.052000
4926.777240 7.814000 0.052000
4937.650220 8.149000 0.051000
4939.710570 8.246000 0.048000
4955.677420 9.028000 0.051000
4985.588320 10.354000 0.048000
5039.551790 12.295000 0.052000
5041.552700 12.349000 0.045000
2040.623930 13.054000 0.063000
2248.853110 9.866000 0.049000
2252.854110 10.086000 0.054000
2256.838630 10.274000 0.054000
3387.852470 7.694000 0.065000
3405.832060 8.128000 0.064000
3442.767490 9.584000 0.047000
3444.795500 9.623000 0.055000
3475.739250 10.897000 0.054000
3479.700240 10.971000 0.056000
3490.677010 11.231000 0.052000
3499.679580 11.583000 0.057000
3506.710960 11.796000 0.056000
3529.663670 12.737000 0.051000
3550.649220 12.527000 0.054000
3558.695550 12.896000 0.056000
3770.848450 10.800000 0.054000
3803.764310 12.248000 0.055000
3855.607050 12.475000 0.062000
4107.850380 12.191000 0.062000
4163.820100 13.641000 0.053000
4196.777430 13.089000 0.058000
4545.763420 10.273000 0.059000
4612.619910 8.094000 0.065000
4645.686880 9.050000 0.042000
4654.622900 9.333000 0.040000
4677.626420 10.174000 0.041000
4679.638830 10.177000 0.044000
4861.819390 9.337000 0.056000
4890.782450 8.147000 0.063000
4894.839600 8.003000 0.059000
4904.762060 7.754000 0.055000
4909.731360 7.677000 0.066000
4932.751950 7.996000 0.063000
4946.873340 8.632000 0.054000
4951.808220 8.844000 0.053000
4962.810610 9.330000 0.056000
4966.821530 9.508000 0.060000
4969.566060 9.609000 0.063000
4972.640340 9.754000 0.053000
4974.746950 9.855000 0.054000
4989.671640 10.507000 0.066000
4991.691530 10.630000 0.057000
4994.727730 10.746000 0.053000
5010.540460 11.491000 0.059000
5018.673380 11.606000 0.057000
5022.670200 11.770000 0.059000
5024.676630 11.914000 0.064000
5037.557380 12.282000 0.055000
5048.562840 12.747000 0.051000
5064.505640 12.543000 0.065000
5071.560410 12.283000 0.058000
5088.513060 12.301000 0.061000
3402.820170 29.999000 0.035000
3408.829320 29.999000 0.046000
1914.849040 8.360000 0.045000
1919.855060 8.541000 0.048000
1921.846230 8.600000 0.045000
1926.871310 8.784000 0.044000
1928.840130 8.865000 0.046000
1931.831340 9.008000 0.041000
1933.831990 9.082000 0.042000
1936.814150 9.211000 0.038000
1938.863550 9.306000 0.039000
1946.811460 9.717000 0.045000
1948.836770 9.852000 0.044000
1950.804580 9.923000 0.040000
1953.795630 10.077000 0.040000
1955.825180 10.222000 0.040000
1958.837920 10.381000 0.037000
1961.814490 10.478000 0.040000
1962.868690 10.581000 0.043000
1964.770920 10.646000 0.036000
1965.819370 10.761000 0.038000
1966.845130 10.736000 0.038000
1968.760210 10.863000 0.040000
1976.822710 11.187000 0.048000
1977.778800 11.293000 0.047000
1979.726590 11.269000 0.049000
1980.732510 11.335000 0.049000
1981.748760 11.234000 0.046000
1982.746900 11.419000 0.042000
1984.755160 11.502000 0.049000
1985.757430 11.471000 0.049000
1993.776680 11.777000 0.053000
1995.694810 11.846000 0.051000
1996.731120 11.841000 0.055000
1997.732960 11.826000 0.049000
1998.726020 11.939000 0.052000
2000.722060 11.935000 0.050000
2014.683840 12.495000 0.058000
2025.652100 12.617000 0.043000
2026.664770 12.645000 0.046000
2027.654430 12.697000 0.046000
2030.646560 12.848000 0.047000
2031.655760 12.952000 0.046000
2032.643550 12.746000 0.044000
2033.633660 12.765000 0.045000
2052.585530 12.845000 0.045000
2053.607160 12.877000 0.046000
2054.614950 12.668000 0.054000
2055.594420 13.004000 0.050000
2056.600510 12.667000 0.046000
2057.586700 13.011000 0.046000
2058.585470 13.221000 0.048000
2067.579780 12.787000 0.047000
2068.567630 12.843000 0.050000
2079.525630 12.240000 0.045000
2081.532200 12.188000 0.047000
2083.525890 11.965000 0.054000
2085.533320 11.986000 0.044000
2086.530840 11.947000 0.045000
2087.524540 11.973000 0.048000
2088.525590 11.938000 0.047000
2102.483850 11.337000 0.049000
2104.530390 11.226000 0.053000
2106.519070 11.196000 0.044000
2129.515220 10.376000 0.046000
2132.489260 10.248000 0.045000
2135.492310 10.135000 0.045000
2142.478400 9.780000 0.045000
2442.549470 9.070000 0.043000
2443.551490 9.028000 0.038000
2452.509850 8.680000 0.043000
2456.492410 8.456000 0.040000
2464.495000 8.084000 0.043000
2466.489030 8.013000 0.043000
2468.487320 7.933000 0.044000
2470.476530 7.880000 0.040000
2481.460660 7.719000 0.052000
2499.466570 7.963000 0.047000
2501.510640 8.001000 0.039000
2502.558720 8.019000 0.039000
2508.548200 8.226000 0.056000
2512.489460 8.366000 0.043000
2520.477660 8.634000 0.042000
2521.491220 8.675000 0.042000
2526.474770 8.868000 0.053000
2637.864240 12.132000 0.054000
2642.866210 12.202000 0.057000
2651.844250 12.157000 0.053000
2655.852150 12.020000 0.050000
2659.819730 12.235000 0.044000
2662.838340 12.059000 0.047000
2664.847490 12.031000 0.066000
2667.843770 12.028000 0.061000
2671.822470 11.875000 0.066000
2674.834500 11.747000 0.052000
2679.846290 11.591000 0.058000
2689.807510 11.083000 0.054000
2691.801600 10.925000 0.057000
2694.777760 10.806000 0.064000
2699.795800 10.543000 0.064000
2703.777040 10.395000 0.058000
2705.774950 10.377000 0.064000
2709.765810 10.277000 0.054000
2711.755680 10.203000 0.063000
2713.755310 10.119000 0.057000
2715.745800 10.110000 0.057000
2717.838430 10.063000 0.047000
2720.704100 9.945000 0.048000
2722.740220 9.944000 0.057000
2724.757390 9.875000 0.040000
2730.748300 9.676000 0.049000
2733.744400 9.558000 0.047000
2737.709330 9.381000 0.051000
2739.736110 9.302000 0.055000
2741.705880 9.216000 0.059000
2743.683610 9.173000 0.055000
2744.819000 9.084000 0.042000
2750.876840 8.691000 0.043000
2752.708610 8.544000 0.061000
2755.654970 8.334000 0.043000
2757.644790 8.244000 0.041000
2761.635930 8.020000 0.046000
2766.777790 7.856000 0.048000
2770.649030 7.712000 0.063000
2783.771920 7.637000 0.044000
2785.692820 7.693000 0.055000
2787.646060 7.729000 0.056000
2790.671570 7.779000 0.058000
2809.696080 8.457000 0.046000
2811.647690 8.536000 0.048000
2822.692680 9.074000 0.051000
2835.645800 9.638000 0.044000
2854.509210 10.363000 0.048000
2858.521860 10.527000 0.049000
2859.590970 10.580000 0.042000
2862.481120 10.653000 0.061000
2866.482480 10.813000 0.052000
2868.511140 10.858000 0.054000
2872.511610 11.045000 0.038000
2876.494980 11.120000 0.041000
2884.503680 11.356000 0.042000
2893.485460 11.655000 0.046000
3092.779860 7.960000 0.039000
3108.845450 8.312000 0.039000
3142.732180 9.514000 0.038000
3178.652970 11.036000 0.050000
3189.648790 11.533000 0.044000
3406.864420 8.187000 0.048000
3409.871880 8.286000 0.050000
3412.859770 8.371000 0.051000
3415.845140 8.467000 0.054000
3426.844250 8.910000 0.045000
3431.842480 9.098000 0.047000
3438.798410 9.364000 0.041000
3442.792810 9.544000 0.044000
3449.714460 9.876000 0.046000
3452.827990 9.983000 0.038000
3469.744770 10.690000 0.047000
3476.683880 10.986000 0.047000
3478.712800 11.005000 0.050000
3484.757570 11.173000 0.062000
3508.699290 12.095000 0.039000
3512.629800 12.075000 0.054000
3516.632300 12.297000 0.048000
3526.602720 12.589000 0.044000
3528.611150 12.581000 0.043000
3530.610990 12.497000 0.043000
3539.590670 12.921000 0.046000
3550.569730 13.020000 0.048000
3563.491180 12.818000 0.050000
3586.513540 11.738000 0.045000
3796.804610 11.749000 0.056000
3807.860220 12.087000 0.054000
3847.762390 12.711000 0.056000
3856.648440 12.436000 0.049000
3868.700430 12.543000 0.053000
3890.602670 11.525000 0.042000
3892.603520 11.199000 0.055000
3894.641250 11.055000 0.042000
3902.515650 10.725000 0.051000
3904.557180 10.574000 0.046000
3908.571300 10.354000 0.044000
4255.664870 10.273000 0.048000
4267.565450 9.639000 0.044000
4277.587130 9.091000 0.045000
4283.616930 8.890000 0.055000
4301.549630 8.531000 0.043000
4305.560070 8.533000 0.047000
4514.879090 11.591000 0.051000
4517.855680 11.505000 0.050000
4593.637340 7.786000 0.049000
4658.631020 9.458000 0.050000
4687.511160 10.504000 0.043000
4704.499470 11.051000 0.044000
4708.499540 11.188000 0.044000
4711.483420 11.262000 0.044000
4725.481120 11.715000 0.049000
4917.759820 7.717000 0.059000
4919.798790 7.701000 0.064000
4924.846760 7.786000 0.065000
4984.612120 10.292000 0.064000
5006.602310 11.268000 0.058000
5042.549080 12.449000 0.065000
5057.488850 12.763000 0.060000
5071.530320 12.366000 0.065000
5086.486980 10.943000 0.063000
2037.642550 12.994000 0.055000
2069.570260 12.414000 0.050000
2070.560730 12.694000 0.050000
2093.497240 11.807000 0.049000
2125.510130 10.501000 0.055000
2145.477200 9.609000 0.049000
2677.807250 11.723000 0.069000
2697.815260 10.658000 0.068000
2728.756370 9.753000 0.064000
2764.689690 7.883000 0.067000
2782.643470 7.665000 0.072000
2832.530510 9.504000 0.070000
3403.848730 8.081000 0.053000
3418.863070 8.600000 0.053000
3421.832770 8.703000 0.058000
3424.822210 8.823000 0.050000
3434.792560 9.235000 0.053000
3449.799910 9.830000 0.049000
3452.718750 9.975000 0.046000
3480.719150 11.029000 0.054000
3502.662020 12.020000 0.057000
3802.793140 11.878000 0.064000
3864.664320 12.406000 0.051000
4950.785220 8.779000 0.067000
5049.591170 13.077000 0.071000
5068.498140 12.556000 0.069000
2009.699190 29.999000 0.064000
3858.720950 29.999000 0.050000
3870.707210 29.999000 0.048000
3872.704610 29.999000 0.046000
4274.594000 29.999000 0.060000
4289.615260 29.999000 0.056000
