2510.655630 7.148000 0.035000
2535.557910 7.717000 0.033000
2558.493250 8.065000 0.033000
2560.519160 8.139000 0.036000
2706.891480 8.176000 0.034000
2709.893380 8.174000 0.036000
2712.892280 8.165000 0.035000
2724.884750 8.071000 0.034000
2726.881440 8.036000 0.038000
2733.870930 7.964000 0.033000
2736.844520 7.915000 0.037000
2738.916750 7.888000 0.033000
2740.897360 7.859000 0.031000
2742.866740 7.828000 0.036000
2749.864490 7.719000 0.033000
2751.864190 7.666000 0.039000
2754.859300 7.626000 0.031000
2756.832560 7.585000 0.031000
2758.841790 7.530000 0.033000
2760.822610 7.471000 0.041000
2764.797940 7.392000 0.030000
2775.835800 7.044000 0.042000
2782.830950 6.854000 0.031000
2784.766770 6.808000 0.031000
2790.757370 6.661000 0.032000
2805.853110 6.713000 0.049000
2809.747430 6.937000 0.032000
2810.853390 6.865000 0.033000
2812.676310 6.592000 0.033000
2814.844690 6.928000 0.039000
2819.709780 6.711000 0.031000
2826.699650 6.812000 0.048000
2830.647100 6.918000 0.031000
2832.625650 6.961000 0.034000
2833.736520 6.977000 0.039000
2835.635740 7.036000 0.034000
2838.656890 7.125000 0.035000
2840.704780 7.184000 0.034000
2845.698510 7.265000 0.030000
2851.701910 7.360000 0.033000
2854.562470 7.397000 0.028000
2858.605330 7.469000 0.031000
2859.655570 7.493000 0.033000
2861.629490 7.531000 0.039000
2866.587990 7.597000 0.032000
2867.694650 7.616000 0.033000
2872.573220 7.707000 0.028000
2875.606830 7.783000 0.032000
2879.598220 7.831000 0.029000
2882.621780 7.873000 0.040000
2884.581930 7.890000 0.032000
2885.601290 7.915000 0.031000
2888.601460 7.971000 0.034000
2893.512660 8.031000 0.034000
2895.523030 8.054000 0.031000
2897.536600 8.080000 0.032000
2901.527170 8.121000 0.045000
2908.494050 8.219000 0.032000
2910.506550 8.231000 0.030000
2912.522900 8.242000 0.038000
2915.549170 8.283000 0.033000
2922.530690 8.328000 0.037000
2924.535980 8.336000 0.034000
2927.537440 8.362000 0.033000
2932.510050 8.397000 0.032000
2934.514390 8.423000 0.033000
3078.890570 7.886000 0.051000
3081.901260 7.847000 0.046000
3097.916200 7.671000 0.042000
3104.898500 7.480000 0.045000
3107.905410 7.351000 0.037000
3110.898330 7.233000 0.044000
3113.882000 7.095000 0.032000
3116.861600 6.960000 0.034000
3122.863640 6.722000 0.033000
3132.841810 6.436000 0.051000
3153.809930 6.441000 0.029000
3156.755000 6.484000 0.035000
3158.808120 6.525000 0.040000
3162.736500 6.618000 0.040000
3164.765970 6.682000 0.032000
3169.779900 6.829000 0.031000
3172.762560 6.902000 0.044000
3176.707410 7.011000 0.038000
3179.685580 7.083000 0.042000
3182.693340 7.158000 0.031000
3186.698490 7.226000 0.044000
3189.728430 7.297000 0.036000
3271.591070 8.284000 0.037000
3274.592810 8.293000 0.038000
3277.561700 8.305000 0.036000
3279.577330 8.314000 0.038000
3292.499090 8.391000 0.048000
3295.493120 8.407000 0.032000
3299.520890 8.423000 0.032000
3434.902960 7.391000 0.044000
3445.908310 7.223000 0.036000
3453.888280 6.917000 0.035000
3456.901730 6.800000 0.035000
3463.881070 6.492000 0.041000
3467.865810 6.434000 0.036000
3470.918240 6.342000 0.040000
3473.879990 6.306000 0.034000
3476.890700 6.406000 0.038000
3479.864240 6.388000 0.042000
3487.848710 6.437000 0.039000
3490.858900 6.577000 0.049000
3492.865680 6.590000 0.045000
3496.845220 6.587000 0.033000
3506.833310 6.716000 0.039000
3509.804480 6.772000 0.028000
3512.750200 6.800000 0.051000
3516.783660 6.877000 0.040000
3529.749070 7.129000 0.041000
3539.739190 7.337000 0.040000
3542.693030 7.388000 0.035000
3544.752780 7.432000 0.044000
3547.798650 7.472000 0.038000
3551.787500 7.495000 0.052000
3554.744370 7.606000 0.029000
3558.657520 7.640000 0.042000
3564.675760 7.736000 0.036000
3569.666940 7.783000 0.035000
3571.692400 7.808000 0.038000
3576.713870 7.863000 0.040000
3583.662960 7.940000 0.044000
3587.728370 7.976000 0.037000
3590.582030 8.017000 0.037000
3599.684400 8.122000 0.041000
3604.560920 8.150000 0.050000
3617.541830 8.249000 0.039000
3621.646760 8.226000 0.046000
3628.604310 8.288000 0.037000
3631.529070 8.321000 0.044000
3639.572380 8.351000 0.036000
3642.576530 8.341000 0.042000
3646.557880 8.373000 0.033000
3651.530140 8.403000 0.042000
3656.539910 8.410000 0.037000
3659.516990 8.443000 0.044000
3661.534550 8.419000 0.045000
3668.504650 8.421000 0.035000
3672.500810 8.420000 0.040000
3809.905800 6.093000 0.049000
3813.897270 6.077000 0.042000
3821.880170 6.102000 0.045000
3829.871320 6.200000 0.043000
3833.862850 6.237000 0.048000
3836.895220 6.311000 0.044000
3851.847870 6.650000 0.040000
3860.812420 6.787000 0.039000
3864.804510 6.887000 0.042000
3868.816950 6.975000 0.047000
3870.782570 7.017000 0.042000
3880.777170 7.237000 0.035000
3883.801460 7.296000 0.042000
3889.885180 7.393000 0.037000
3891.785730 7.450000 0.035000
3896.767280 7.527000 0.042000
3900.840920 7.575000 0.048000
3903.706130 7.653000 0.041000
3905.728930 7.791000 0.040000
3907.744540 7.660000 0.038000
3909.856450 7.717000 0.043000
4175.905860 6.253000 0.045000
4179.908560 6.317000 0.046000
4183.894200 6.377000 0.044000
4189.903190 6.490000 0.036000
4192.895880 6.607000 0.037000
4202.913800 6.806000 0.037000
4205.888590 6.912000 0.036000
4213.892040 7.153000 0.037000
4227.837490 7.477000 0.031000
4231.846750 7.546000 0.032000
4234.798200 7.575000 0.036000
4247.762920 7.764000 0.032000
4251.811080 7.817000 0.048000
4254.709400 7.876000 0.037000
4256.861330 7.899000 0.030000
4269.777030 8.021000 0.048000
4278.693890 8.132000 0.030000
4282.701940 8.172000 0.041000
4284.706290 8.192000 0.037000
4290.698150 8.219000 0.031000
4292.678220 8.239000 0.030000
4294.679180 8.270000 0.035000
4296.679170 8.280000 0.038000
4298.685230 8.292000 0.043000
4302.696110 8.325000 0.042000
4304.640730 8.312000 0.030000
4308.650990 8.334000 0.048000
4310.700220 8.331000 0.036000
4312.727740 8.370000 0.041000
4315.724990 8.366000 0.044000
4319.598490 8.393000 0.028000
4330.573570 8.414000 0.034000
4332.572820 8.432000 0.036000
4334.576990 8.426000 0.033000
4338.575960 8.412000 0.031000
4340.630600 8.563000 0.038000
4342.626580 8.420000 0.043000
4344.622210 8.412000 0.040000
4346.622600 8.429000 0.031000
4348.625030 8.426000 0.032000
4353.519260 8.424000 0.033000
4355.610520 8.433000 0.032000
4357.614540 8.400000 0.042000
4361.560700 8.447000 0.031000
4363.560660 8.466000 0.031000
4365.580780 8.410000 0.033000
4369.547060 8.392000 0.042000
4371.562530 8.394000 0.041000
4373.572380 8.369000 0.035000
4376.562670 8.350000 0.039000
4379.506340 8.363000 0.034000
4381.562780 8.343000 0.038000
4384.526850 8.292000 0.035000
4389.505490 8.227000 0.037000
4540.894900 6.945000 0.043000
4548.884050 7.203000 0.038000
4552.880080 7.315000 0.039000
4559.915730 7.469000 0.037000
4563.865580 7.533000 0.040000
4567.855080 7.565000 0.035000
4570.893680 7.651000 0.033000
4573.854870 7.695000 0.038000
4576.838250 7.743000 0.040000
4580.819630 7.808000 0.041000
4585.846330 7.862000 0.031000
4588.830090 7.894000 0.039000
4591.819860 7.936000 0.031000
4594.804890 7.989000 0.027000
4596.861430 7.999000 0.029000
4601.794700 8.044000 0.030000
4606.809540 8.103000 0.051000
4611.820360 8.114000 0.032000
4615.922880 8.147000 0.037000
4617.771990 8.132000 0.040000
4623.813690 8.194000 0.035000
4626.686710 8.240000 0.033000
4630.711940 8.243000 0.035000
4632.707850 8.258000 0.033000
4638.809210 8.312000 0.046000
4640.785670 8.357000 0.033000
4642.781280 8.344000 0.038000
4644.813790 8.319000 0.037000
4647.671530 8.355000 0.032000
4649.700040 8.345000 0.042000
4651.741230 8.359000 0.032000
4653.742920 8.350000 0.032000
4655.703910 8.358000 0.032000
4657.737110 8.361000 0.032000
4660.744920 8.376000 0.034000
4662.735420 8.358000 0.039000
4664.695210 8.383000 0.040000
4666.716030 8.376000 0.036000
4670.664300 8.370000 0.033000
4672.686790 8.394000 0.037000
4678.708990 8.399000 0.048000
4681.637330 8.379000 0.036000
4685.611250 8.384000 0.038000
4687.591900 8.403000 0.031000
4694.672450 8.357000 0.042000
4698.629580 8.346000 0.037000
4702.632960 8.354000 0.036000
4706.663470 8.301000 0.033000
4709.619720 8.299000 0.041000
4716.542220 8.249000 0.036000
4720.597200 8.210000 0.039000
4722.632180 8.182000 0.040000
4726.541720 8.135000 0.038000
4729.534240 8.091000 0.038000
4734.601880 8.023000 0.037000
4739.506000 7.935000 0.035000
4744.526530 7.835000 0.049000
4746.539610 7.806000 0.041000
4750.543790 7.740000 0.048000
4753.540750 7.696000 0.039000
4756.519630 7.639000 0.038000
4762.509420 7.537000 0.036000
4768.502840 7.430000 0.040000
4946.849140 8.183000 0.053000
4949.835190 8.202000 0.051000
4952.823960 8.238000 0.049000
4972.784660 8.410000 0.048000
4988.770770 8.444000 0.051000
4993.805760 8.472000 0.050000
5015.681320 8.482000 0.052000
5024.671030 8.477000 0.054000
5031.661360 8.453000 0.049000
5057.583080 8.331000 0.050000
5071.546970 8.208000 0.051000
5075.564950 8.134000 0.051000
5084.567350 8.001000 0.048000
2178.550700 7.596000 0.045000
2193.497400 7.845000 0.034000
2729.865140 8.021000 0.035000
2840.721410 7.165000 0.052000
2936.517090 8.435000 0.062000
3088.890730 7.803000 0.047000
3092.885780 7.745000 0.048000
3141.880520 6.325000 0.062000
3146.757930 6.371000 0.052000
3184.680510 7.205000 0.045000
3500.819560 6.710000 0.045000
3503.797820 6.720000 0.043000
3526.873870 7.072000 0.044000
3537.779350 7.263000 0.056000
3562.694470 7.698000 0.053000
3578.694440 7.925000 0.047000
3585.723530 7.991000 0.048000
3592.590970 8.041000 0.058000
3602.526960 8.131000 0.048000
3608.551220 8.166000 0.042000
3633.549600 8.375000 0.048000
3653.544970 8.391000 0.055000
3664.512300 8.433000 0.044000
3817.885920 6.214000 0.051000
3825.878210 6.122000 0.057000
3848.882110 6.548000 0.060000
3862.844050 6.832000 0.042000
3866.826760 6.984000 0.048000
3872.821570 7.084000 0.050000
3887.771180 7.360000 0.044000
3898.771580 7.549000 0.052000
3913.813540 7.739000 0.043000
4273.696490 8.058000 0.065000
4300.648630 8.289000 0.046000
4350.629660 8.400000 0.040000
4609.778880 8.103000 0.042000
4683.637450 8.395000 0.050000
4691.616640 8.393000 0.064000
4700.627180 8.360000 0.036000
4704.626320 8.328000 0.041000
4731.564480 8.071000 0.056000
4759.509240 7.586000 0.049000
4908.906170 7.521000 0.056000
4918.880570 7.764000 0.058000
4936.876080 8.064000 0.057000
4939.870150 8.109000 0.061000
4961.791220 8.345000 0.062000
4966.789170 8.756000 0.061000
4974.860420 8.352000 0.055000
4984.803830 8.447000 0.057000
4990.778580 8.449000 0.061000
5022.636920 8.470000 0.060000
5042.632950 8.423000 0.060000
5047.681110 8.411000 0.056000
5049.707790 8.373000 0.063000
5063.570900 8.238000 0.050000
5086.569000 7.995000 0.060000
5088.598060 7.931000 0.059000
5099.570100 7.806000 0.057000
