1918.863250 12.764000 0.050000
1921.850070 12.991000 0.047000
1923.858600 13.118000 0.057000
1925.850920 13.199000 0.042000
1930.829190 13.551000 0.042000
1932.849420 13.600000 0.038000
1935.821300 14.011000 0.041000
2025.679630 11.985000 0.046000
2026.702140 11.915000 0.045000
2027.687440 11.799000 0.051000
2030.684000 11.571000 0.056000
2031.688760 11.520000 0.053000
2032.679120 11.397000 0.045000
2033.671070 11.377000 0.042000
2052.622780 10.857000 0.064000
2053.646830 10.789000 0.065000
2055.631660 10.974000 0.069000
2056.635420 10.804000 0.066000
2057.619400 10.939000 0.063000
2058.628100 10.860000 0.073000
2067.550790 11.129000 0.060000
2068.600050 11.017000 0.073000
2069.609290 11.029000 0.068000
2081.573810 11.595000 0.049000
2082.593920 11.521000 0.053000
2083.578210 11.596000 0.062000
2085.567170 11.721000 0.046000
2086.564630 11.816000 0.060000
2087.567540 11.892000 0.063000
2088.563750 11.911000 0.059000
2094.568310 12.227000 0.063000
2102.521220 12.769000 0.052000
2103.543240 12.931000 0.042000
2105.500800 13.044000 0.057000
2106.542940 13.247000 0.037000
2115.489990 13.936000 0.050000
2116.504640 13.962000 0.047000
2124.474680 14.491000 0.054000
2440.584140 12.569000 0.035000
2441.591900 12.517000 0.038000
2442.588230 12.710000 0.045000
2443.583520 12.685000 0.037000
2444.577180 12.626000 0.035000
2459.540140 13.392000 0.045000
2465.546560 13.597000 0.043000
2466.533730 13.730000 0.037000
2467.540890 13.664000 0.039000
2468.539860 13.694000 0.041000
2470.530760 13.720000 0.043000
2652.851270 12.838000 0.037000
2658.851400 12.971000 0.034000
2672.842930 13.720000 0.034000
2678.830770 13.986000 0.034000
2681.819770 14.157000 0.032000
2683.843230 14.622000 0.033000
2726.777670 14.496000 0.032000
2730.771860 14.208000 0.030000
2733.765830 13.749000 0.033000
2735.764650 13.711000 0.031000
2737.729510 13.704000 0.034000
2739.748600 13.382000 0.032000
2741.740610 13.325000 0.031000
2743.706380 13.090000 0.035000
2744.824820 13.047000 0.036000
2751.687870 12.629000 0.038000
2755.708640 12.399000 0.029000
2757.687210 12.350000 0.032000
2759.745710 12.152000 0.031000
2761.673930 12.046000 0.030000
2763.668060 11.935000 0.031000
2766.727710 11.762000 0.031000
2782.687380 11.002000 0.033000
2783.846150 10.936000 0.035000
2787.681530 10.922000 0.033000
2790.709800 10.955000 0.033000
2804.626600 11.340000 0.033000
2808.661360 11.472000 0.035000
2809.806560 11.462000 0.030000
2811.673540 11.619000 0.033000
2812.784020 11.608000 0.031000
2821.529080 12.036000 0.031000
2826.565980 12.349000 0.035000
2832.548660 12.671000 0.032000
2840.594290 13.313000 0.030000
2842.587050 13.347000 0.040000
2845.580920 13.608000 0.034000
2851.629510 14.024000 0.036000
2908.515580 14.297000 0.031000
3097.731320 13.802000 0.031000
3099.782290 14.009000 0.031000
3105.799890 13.709000 0.034000
3107.802390 13.286000 0.043000
3110.727240 13.317000 0.032000
3112.768920 13.182000 0.034000
3114.818280 12.851000 0.033000
3118.724670 12.642000 0.033000
3122.714280 12.403000 0.034000
3124.761580 12.275000 0.035000
3128.704850 11.992000 0.037000
3132.728140 11.920000 0.044000
3142.743440 11.510000 0.058000
3146.597400 11.392000 0.032000
3153.668230 11.263000 0.031000
3162.675330 11.331000 0.033000
3164.689790 11.343000 0.032000
3167.698690 11.387000 0.029000
3169.689000 11.399000 0.034000
3172.721820 11.477000 0.038000
3176.572790 11.568000 0.038000
3178.718430 11.595000 0.033000
3180.786110 11.679000 0.032000
3187.577080 11.971000 0.034000
3189.763390 12.099000 0.034000
3219.484080 14.213000 0.042000
3277.499030 14.120000 0.045000
3280.499360 14.202000 0.062000
3463.755510 14.313000 0.066000
3468.778820 13.789000 0.039000
3476.726830 13.284000 0.038000
3478.765710 13.187000 0.065000
3487.800020 12.518000 0.039000
3496.774730 11.972000 0.042000
3499.845100 11.877000 0.070000
3508.712560 11.864000 0.035000
3510.766980 11.846000 0.040000
3515.681900 11.756000 0.039000
3517.673400 11.657000 0.071000
3521.647980 11.830000 0.062000
3523.656480 11.777000 0.055000
3525.680060 11.753000 0.038000
3537.755810 11.888000 0.037000
3542.606460 12.064000 0.063000
3544.668490 12.103000 0.062000
3547.739120 12.256000 0.060000
3554.705430 12.416000 0.032000
3558.582810 12.718000 0.049000
3560.584080 12.861000 0.042000
3564.562200 12.929000 0.051000
3570.527360 13.382000 0.048000
3573.620400 13.634000 0.043000
3575.631710 13.721000 0.036000
3583.629090 14.251000 0.052000
3592.661310 14.579000 0.038000
3639.519630 14.028000 0.039000
3647.503880 13.424000 0.036000
3748.862960 13.009000 0.036000
3757.855890 13.579000 0.035000
3762.867850 14.402000 0.042000
3835.779300 14.046000 0.057000
3837.781340 13.675000 0.045000
3852.818980 12.597000 0.043000
3859.748060 12.144000 0.054000
3861.734210 11.993000 0.055000
3863.722340 11.991000 0.066000
3865.696900 11.882000 0.038000
3870.707270 11.849000 0.069000
3872.704670 11.616000 0.070000
3875.785810 11.606000 0.050000
3879.641940 11.468000 0.071000
3881.676730 11.508000 0.047000
3886.660510 11.620000 0.062000
3890.650380 11.570000 0.059000
3898.632290 11.836000 0.067000
3900.647840 11.909000 0.057000
3902.665400 11.793000 0.037000
3904.686960 11.823000 0.047000
3906.698540 11.895000 0.040000
3908.754340 11.909000 0.065000
4127.850440 13.554000 0.039000
4139.833690 13.887000 0.065000
4144.841780 14.424000 0.061000
4190.821810 13.220000 0.037000
4192.787800 12.967000 0.044000
4202.753630 12.794000 0.069000
4204.791920 12.663000 0.055000
4207.847900 12.460000 0.056000
4212.913800 12.061000 0.040000
4216.716460 11.711000 0.055000
4228.775430 11.082000 0.047000
4230.773110 11.052000 0.053000
4232.771480 10.988000 0.044000
4234.794430 10.961000 0.058000
4246.668090 10.949000 0.040000
4257.696440 11.126000 0.049000
4267.617480 11.534000 0.058000
4269.645390 11.647000 0.047000
4272.611230 11.788000 0.040000
4274.624000 11.897000 0.044000
4283.648810 12.415000 0.056000
4289.635680 12.795000 0.047000
4291.639380 12.997000 0.040000
4293.628970 13.170000 0.038000
4295.642240 13.210000 0.047000
4297.636100 13.565000 0.053000
4299.606170 13.705000 0.065000
4301.564040 13.664000 0.062000
4571.760630 14.186000 0.038000
4573.749500 13.685000 0.046000
4575.753110 13.707000 0.057000
4585.703300 12.579000 0.038000
4587.743150 12.473000 0.049000
4589.849110 12.180000 0.038000
4592.667100 12.061000 0.057000
4594.719380 12.017000 0.047000
4596.723850 11.962000 0.047000
4602.677440 11.789000 0.049000
4609.588080 11.780000 0.063000
4610.852130 11.567000 0.054000
4616.814780 11.627000 0.050000
4620.617010 11.631000 0.048000
4622.773720 11.685000 0.044000
4638.772580 12.081000 0.050000
4640.745240 12.275000 0.052000
4642.732060 12.392000 0.046000
4644.752570 12.527000 0.059000
4647.526780 12.616000 0.043000
4649.579770 12.571000 0.052000
4651.615690 12.732000 0.061000
4653.639040 12.916000 0.046000
4655.579940 12.975000 0.043000
4657.624800 13.290000 0.038000
4662.538010 13.679000 0.046000
4666.605920 13.882000 0.051000
4672.598080 14.170000 0.067000
4847.870420 13.416000 0.042000
5021.655570 12.867000 0.047000
1907.868850 12.395000 0.053000
1914.872780 12.495000 0.053000
2016.713160 12.690000 0.065000
2040.671770 10.905000 0.081000
2054.647620 10.883000 0.075000
2070.599750 11.065000 0.075000
2079.559830 11.490000 0.077000
2454.567110 12.962000 0.047000
2463.566990 13.397000 0.054000
2469.527420 13.804000 0.052000
2642.871320 12.650000 0.039000
2749.811000 12.746000 0.040000
2916.492280 13.894000 0.044000
3134.732880 11.804000 0.051000
3410.877170 14.791000 0.077000
3473.838330 13.733000 0.057000
3480.763810 13.182000 0.085000
3490.782120 12.223000 0.087000
3492.778890 12.310000 0.091000
3502.659050 11.940000 0.085000
3562.562530 12.948000 0.077000
3586.531570 14.408000 0.093000
3753.866570 13.266000 0.071000
3831.745410 14.359000 0.074000
3848.767540 12.885000 0.077000
3850.779140 12.724000 0.085000
3855.694290 12.371000 0.068000
4131.843830 13.861000 0.083000
4181.793790 13.392000 0.050000
4198.806910 12.857000 0.064000
4253.658170 10.989000 0.060000
4255.694800 11.055000 0.045000
4285.639730 12.589000 0.059000
4920.772620 13.851000 0.052000
4926.814020 13.670000 0.046000
4929.820520 13.340000 0.055000
4935.790700 13.062000 0.069000
4938.716440 12.861000 0.056000
4940.777810 12.695000 0.058000
4945.814750 12.115000 0.077000
4948.710820 11.919000 0.047000
4955.725550 11.425000 0.057000
4966.671270 11.182000 0.043000
4968.721470 11.144000 0.046000
4984.658840 11.462000 0.051000
4992.822810 11.566000 0.057000
5006.704990 12.098000 0.055000
5009.576760 12.316000 0.045000
5012.611840 12.296000 0.052000
5019.639700 12.665000 0.057000
5023.656520 12.925000 0.047000
5111.487280 13.467000 0.056000
1938.831250 29.999000 0.041000
1946.849170 29.999000 0.043000
1948.878870 29.999000 0.041000
1950.823390 29.999000 0.069000
1953.815130 29.999000 0.045000
1958.823130 29.999000 0.046000
1961.859360 29.999000 0.047000
1963.811750 29.999000 0.043000
1965.783950 29.999000 0.044000
1967.797520 29.999000 0.045000
1971.892630 29.999000 0.051000
1976.854160 29.999000 0.054000
1978.789180 29.999000 0.055000
1979.817290 29.999000 0.055000
1984.868370 29.999000 0.060000
1985.800490 29.999000 0.055000
1993.815550 29.999000 0.062000
1995.746680 29.999000 0.058000
1996.768920 29.999000 0.061000
1998.758410 29.999000 0.062000
2000.759730 29.999000 0.059000
2128.471350 29.999000 0.046000
2130.533630 29.999000 0.045000
2132.534180 29.999000 0.044000
2134.532980 29.999000 0.051000
2136.526560 29.999000 0.052000
2141.522490 29.999000 0.052000
2143.521060 29.999000 0.051000
2481.488720 29.999000 0.048000
2490.498360 29.999000 0.044000
2493.496540 29.999000 0.045000
2495.522410 29.999000 0.052000
2499.486820 29.999000 0.038000
2503.492780 29.999000 0.050000
2508.512610 29.999000 0.038000
2512.574400 29.999000 0.057000
2520.489770 29.999000 0.038000
2521.511420 29.999000 0.044000
2524.514150 29.999000 0.061000
2543.488990 29.999000 0.041000
2685.850190 29.999000 0.032000
2690.858620 29.999000 0.033000
2696.812070 29.999000 0.037000
2699.792810 29.999000 0.038000
2701.819730 29.999000 0.033000
2703.830330 29.999000 0.032000
2707.805500 29.999000 0.031000
2709.807130 29.999000 0.034000
2711.800680 29.999000 0.033000
2713.799590 29.999000 0.031000
2715.790580 29.999000 0.034000
2722.849300 29.999000 0.033000
2724.780960 29.999000 0.031000
2854.518720 29.999000 0.034000
2859.482290 29.999000 0.032000
2861.489970 29.999000 0.031000
2862.639920 29.999000 0.043000
2866.639730 29.999000 0.035000
2874.591750 29.999000 0.033000
2876.587330 29.999000 0.035000
2878.586600 29.999000 0.033000
2886.488820 29.999000 0.038000
2892.560590 29.999000 0.049000
2894.547740 29.999000 0.032000
2897.513680 29.999000 0.040000
2905.501230 29.999000 0.030000
2921.495320 29.999000 0.034000
3032.853070 29.999000 0.033000
3036.843950 29.999000 0.031000
3042.835580 29.999000 0.044000
3052.846740 29.999000 0.033000
3056.824690 29.999000 0.033000
3059.851170 29.999000 0.035000
3063.851050 29.999000 0.040000
3067.870880 29.999000 0.031000
3070.822110 29.999000 0.035000
3073.827620 29.999000 0.032000
3077.874280 29.999000 0.032000
3080.811120 29.999000 0.038000
3085.857150 29.999000 0.033000
3088.789600 29.999000 0.035000
3093.858650 29.999000 0.031000
3392.863460 29.999000 0.050000
3407.840000 29.999000 0.042000
3414.836300 29.999000 0.052000
3418.824380 29.999000 0.047000
3421.876640 29.999000 0.087000
3424.852840 29.999000 0.065000
3427.848020 29.999000 0.035000
3438.836520 29.999000 0.042000
3442.834890 29.999000 0.068000
3444.827980 29.999000 0.046000
3447.803360 29.999000 0.098000
3449.852480 29.999000 0.074000
3452.802030 29.999000 0.081000
3455.756950 29.999000 0.062000
3465.832940 29.999000 0.046000
3471.737550 29.999000 0.062000
3588.569160 29.999000 0.051000
3590.656110 29.999000 0.059000
3597.509640 29.999000 0.054000
3602.608240 29.999000 0.035000
3609.487190 29.999000 0.080000
3616.588800 29.999000 0.043000
3619.532570 29.999000 0.064000
3626.548350 29.999000 0.036000
3630.532530 29.999000 0.041000
3632.537310 29.999000 0.042000
3767.856970 29.999000 0.049000
3772.847890 29.999000 0.039000
3775.860980 29.999000 0.043000
3783.873040 29.999000 0.045000
3789.834690 29.999000 0.039000
3795.845840 29.999000 0.048000
3798.845640 29.999000 0.042000
3802.807050 29.999000 0.054000
3805.824010 29.999000 0.038000
3808.826770 29.999000 0.041000
3811.805470 29.999000 0.039000
3816.853400 29.999000 0.042000
3819.785990 29.999000 0.036000
3822.771010 29.999000 0.040000
3825.767180 29.999000 0.046000
3828.756450 29.999000 0.064000
3833.783370 29.999000 0.041000
4135.840400 29.999000 0.060000
4153.863540 29.999000 0.051000
4163.832840 29.999000 0.074000
4166.853190 29.999000 0.042000
4172.824070 29.999000 0.066000
4175.805410 29.999000 0.067000
4178.817410 29.999000 0.050000
4184.778180 29.999000 0.044000
4308.506460 29.999000 0.050000
4312.611240 29.999000 0.048000
4315.617210 29.999000 0.039000
4329.605370 29.999000 0.046000
4336.520030 29.999000 0.048000
4339.609250 29.999000 0.048000
4342.502520 29.999000 0.060000
4344.516600 29.999000 0.048000
4346.520150 29.999000 0.066000
4348.540320 29.999000 0.066000
4350.544680 29.999000 0.054000
4352.557990 29.999000 0.038000
4355.561460 29.999000 0.041000
4362.495160 29.999000 0.041000
4364.537500 29.999000 0.035000
4368.526510 29.999000 0.039000
4371.501350 29.999000 0.042000
4378.493760 29.999000 0.042000
4381.489460 29.999000 0.041000
4488.853780 29.999000 0.061000
4492.844220 29.999000 0.036000
4499.873210 29.999000 0.047000
4503.859280 29.999000 0.040000
4507.837020 29.999000 0.038000
4511.835370 29.999000 0.044000
4516.840180 29.999000 0.045000
4519.863360 29.999000 0.040000
4527.812720 29.999000 0.046000
4530.834710 29.999000 0.045000
4533.875950 29.999000 0.036000
4536.850300 29.999000 0.039000
4539.823800 29.999000 0.047000
4542.809750 29.999000 0.052000
4545.794430 29.999000 0.044000
4547.840780 29.999000 0.039000
4558.847800 29.999000 0.042000
4566.821290 29.999000 0.059000
4569.726840 29.999000 0.044000
4664.564620 29.999000 0.044000
4670.571740 29.999000 0.048000
4678.608500 29.999000 0.052000
4681.555090 29.999000 0.042000
4683.554120 29.999000 0.057000
4690.485980 29.999000 0.048000
4701.592230 29.999000 0.048000
4703.598270 29.999000 0.062000
4706.578300 29.999000 0.039000
4709.530220 29.999000 0.068000
4721.516640 29.999000 0.059000
4724.557910 29.999000 0.069000
4738.516850 29.999000 0.038000
4862.874660 29.999000 0.049000
4867.861980 29.999000 0.056000
4871.847330 29.999000 0.048000
4876.864370 29.999000 0.042000
4881.861060 29.999000 0.050000
4884.860200 29.999000 0.045000
4887.889720 29.999000 0.049000
4891.829920 29.999000 0.062000
4895.894240 29.999000 0.072000
4899.901980 29.999000 0.073000
4908.889020 29.999000 0.074000
4914.844010 29.999000 0.065000
5025.666460 29.999000 0.053000
5057.528940 29.999000 0.047000
5066.535550 29.999000 0.061000
5072.515680 29.999000 0.058000
5089.520320 29.999000 0.063000
5092.518170 29.999000 0.056000
5099.501510 29.999000 0.051000
