3881.715800 13.612000 0.038000
2729.884780 13.533000 0.034000
2733.883210 13.678000 0.032000
2740.876930 13.491000 0.029000
2742.874110 13.419000 0.030000
2744.858700 13.282000 0.031000
2754.843410 13.169000 0.029000
2756.828020 13.196000 0.034000
2758.834920 13.189000 0.029000
2764.807010 13.030000 0.032000
2787.767930 12.417000 0.030000
2791.705550 12.365000 0.032000
2809.718640 12.088000 0.031000
2811.702550 12.141000 0.030000
2813.698300 12.147000 0.033000
2819.715560 11.990000 0.035000
2834.622470 12.044000 0.035000
2841.703830 11.901000 0.035000
2855.587330 12.057000 0.032000
2860.606830 12.046000 0.034000
2867.536050 12.222000 0.033000
2876.577940 12.408000 0.035000
2882.544680 12.648000 0.043000
2884.550080 12.667000 0.035000
2885.578530 12.736000 0.031000
2894.508640 12.726000 0.036000
2896.535290 13.012000 0.034000
2900.523950 13.495000 0.032000
2904.515910 13.092000 0.034000
3105.874440 12.209000 0.038000
3118.853470 12.346000 0.032000
3122.855910 12.334000 0.031000
3133.850600 12.472000 0.034000
3146.754890 12.708000 0.033000
3165.714920 12.498000 0.035000
3175.708380 12.583000 0.035000
3180.676360 12.757000 0.034000
3185.680050 12.849000 0.036000
3444.900850 12.190000 0.034000
3447.904150 12.240000 0.048000
3455.872730 12.644000 0.039000
3457.871280 12.582000 0.040000
3462.863460 12.702000 0.035000
3465.855230 12.638000 0.044000
3468.843090 12.735000 0.041000
3473.832330 12.979000 0.041000
3476.823210 13.050000 0.037000
3478.816170 12.931000 0.035000
3481.804730 13.222000 0.040000
3483.804800 12.957000 0.035000
3490.790020 13.377000 0.039000
3499.755080 13.175000 0.035000
3509.735100 13.199000 0.037000
3512.716330 13.284000 0.035000
3520.706750 13.377000 0.045000
3522.698820 13.207000 0.047000
3542.648080 13.160000 0.040000
3556.605740 13.245000 0.037000
3560.595420 13.342000 0.053000
3563.585260 13.259000 0.038000
3573.561530 13.402000 0.040000
3576.544660 13.315000 0.033000
3585.525660 13.476000 0.037000
3591.504780 14.093000 0.041000
3594.504620 13.607000 0.040000
3603.475770 13.562000 0.036000
3810.900700 13.046000 0.047000
3813.891840 13.138000 0.039000
3817.884130 13.027000 0.039000
3820.881760 13.279000 0.044000
3823.871890 13.282000 0.055000
3826.864280 13.044000 0.038000
3829.854580 13.274000 0.035000
3832.842280 13.336000 0.046000
3834.847370 13.331000 0.035000
3836.838910 13.342000 0.043000
3851.793380 13.436000 0.041000
3864.764480 13.338000 0.038000
3866.756770 13.394000 0.046000
3868.744130 13.376000 0.044000
3870.750260 13.124000 0.044000
3874.734650 13.492000 0.045000
3887.695270 13.558000 0.043000
3894.682820 13.545000 0.034000
3902.655770 13.468000 0.041000
3905.646860 13.401000 0.048000
3907.652780 13.341000 0.045000
4179.891120 13.239000 0.041000
4182.881910 13.356000 0.042000
4194.856840 13.273000 0.039000
4202.832810 13.405000 0.037000
4205.823300 13.298000 0.045000
4230.754500 12.679000 0.040000
4235.746180 12.662000 0.040000
4238.736430 12.386000 0.037000
4247.715810 12.447000 0.035000
4254.686850 12.315000 0.037000
4257.684820 12.239000 0.041000
4272.645180 12.015000 0.034000
4278.629490 11.959000 0.034000
4283.615620 11.889000 0.038000
4285.611110 11.818000 0.039000
4291.595000 11.821000 0.034000
4295.592100 11.935000 0.046000
4298.575420 11.785000 0.035000
4305.555090 11.764000 0.044000
4309.545100 11.805000 0.039000
4547.906820 11.960000 0.037000
4555.891690 11.714000 0.036000
4558.908110 11.714000 0.036000
4565.898270 11.740000 0.039000
4571.868540 11.633000 0.038000
4574.842610 11.675000 0.041000
4577.844690 11.692000 0.037000
4580.852090 11.666000 0.040000
4588.814870 11.839000 0.037000
4591.805870 11.783000 0.048000
4593.830280 11.803000 0.038000
4596.793700 11.839000 0.045000
4601.796880 11.889000 0.037000
4609.775940 11.898000 0.040000
4611.781380 11.844000 0.043000
4628.719650 12.087000 0.046000
4630.708490 12.127000 0.035000
4632.698550 12.300000 0.051000
4641.769780 12.437000 0.036000
4646.655970 12.632000 0.043000
4648.682090 12.764000 0.042000
4652.748150 12.844000 0.038000
4656.690370 12.889000 0.041000
4662.675680 13.058000 0.035000
4664.672810 13.054000 0.033000
4666.673080 13.111000 0.036000
4670.641870 13.210000 0.037000
4672.663910 13.209000 0.036000
4679.564490 13.271000 0.035000
4684.574230 13.244000 0.037000
4686.574950 13.277000 0.038000
4690.596840 13.301000 0.039000
4698.596960 13.051000 0.039000
4700.599120 13.268000 0.041000
4703.509650 13.266000 0.033000
4705.541530 13.203000 0.040000
4708.549510 13.162000 0.049000
4711.513710 13.110000 0.047000
4726.515720 13.252000 0.043000
4729.508550 13.137000 0.035000
4733.498620 13.283000 0.052000
4740.498330 13.312000 0.034000
2783.735780 12.443000 0.041000
2829.646910 11.896000 0.043000
2832.719630 12.014000 0.050000
2836.615950 12.012000 0.049000
2853.597850 11.988000 0.047000
2874.579950 12.374000 0.052000
2878.574550 12.395000 0.038000
2898.528970 13.035000 0.056000
3079.905840 12.479000 0.047000
3090.896640 12.229000 0.041000
3098.891810 12.171000 0.051000
3102.891680 12.205000 0.051000
3108.872330 12.216000 0.059000
3114.853500 12.321000 0.049000
3129.847100 12.254000 0.045000
3131.824990 12.471000 0.063000
3154.714180 12.598000 0.048000
3159.744220 12.550000 0.042000
3168.737640 12.627000 0.047000
3171.717420 12.505000 0.040000
3187.720920 12.910000 0.048000
3190.711240 12.921000 0.043000
3487.799710 13.004000 0.058000
3506.744800 13.268000 0.044000
3539.645580 13.139000 0.057000
3588.515670 13.502000 0.056000
3848.811230 13.699000 0.045000
3877.724710 13.368000 0.051000
4175.904280 13.273000 0.041000
4185.882360 13.559000 0.038000
4189.871890 13.442000 0.048000
4215.795260 13.165000 0.037000
4228.755010 12.845000 0.043000
4232.756120 12.656000 0.040000
4300.566420 11.859000 0.056000
4317.524390 11.858000 0.052000
4551.904600 11.871000 0.046000
4562.882160 11.704000 0.041000
4585.831790 11.719000 0.045000
4606.788340 11.819000 0.059000
4623.804790 12.048000 0.051000
4639.766310 12.471000 0.041000
4643.764850 12.646000 0.040000
4650.727320 12.859000 0.048000
4654.736680 12.898000 0.052000
4660.625560 12.942000 0.048000
4682.586440 13.381000 0.049000
4722.520450 13.030000 0.056000
2709.903790 29.999000 0.030000
2721.881660 29.999000 0.037000
2738.895130 29.999000 0.031000
2749.860190 29.999000 0.036000
2751.838320 29.999000 0.030000
2760.815710 29.999000 0.036000
2775.821800 29.999000 0.031000
4192.861860 29.999000 0.038000
2712.910090 29.999000 0.032000
2724.892680 29.999000 0.028000
2726.891600 29.999000 0.034000
2736.863520 29.999000 0.031000
3183.693860 29.999000 0.040000
3892.685590 29.999000 0.050000
2712.890830 13.484000 0.033000
2735.843700 13.464000 0.032000
2737.890730 13.527000 0.034000
2739.872620 13.492000 0.034000
2751.795080 13.434000 0.034000
2754.839010 13.489000 0.029000
2756.816020 13.305000 0.028000
2758.833010 13.204000 0.034000
2764.786280 12.929000 0.031000
2775.801370 12.552000 0.034000
2785.746250 12.501000 0.034000
2787.766170 12.460000 0.037000
2809.707700 12.218000 0.033000
2811.700870 12.103000 0.029000
2813.696620 12.159000 0.037000
2821.646300 11.998000 0.032000
2830.660400 12.010000 0.037000
2832.620380 11.985000 0.032000
2833.731250 12.078000 0.038000
2835.630440 11.972000 0.032000
2838.629860 12.042000 0.032000
2840.684560 12.011000 0.034000
2845.677200 12.010000 0.032000
2853.581930 12.028000 0.037000
2855.585520 12.048000 0.034000
2858.642680 12.061000 0.033000
2860.602390 12.137000 0.037000
2866.649550 12.270000 0.040000
2872.641290 12.328000 0.031000
2876.524190 12.387000 0.032000
2878.525270 12.520000 0.036000
2882.509330 12.503000 0.035000
2884.514140 12.686000 0.034000
2885.566550 12.702000 0.033000
2888.574680 12.750000 0.042000
2893.544920 12.956000 0.042000
2895.550660 12.894000 0.039000
2901.550010 13.071000 0.046000
2905.534700 12.970000 0.031000
2908.548080 13.036000 0.038000
2911.493960 13.002000 0.039000
2916.526410 13.066000 0.041000
2922.509200 12.826000 0.042000
3077.897480 12.662000 0.037000
3080.906480 12.352000 0.041000
3092.894330 12.186000 0.044000
3097.885110 12.232000 0.045000
3100.892350 12.234000 0.035000
3104.844180 12.173000 0.045000
3110.854410 12.207000 0.042000
3116.833750 12.355000 0.032000
3122.846300 12.473000 0.032000
3131.817360 12.516000 0.038000
3133.845620 12.602000 0.034000
3141.857360 12.486000 0.033000
3146.742340 12.591000 0.037000
3153.869740 12.542000 0.035000
3156.736920 12.596000 0.030000
3158.794790 12.540000 0.036000
3162.720830 12.656000 0.040000
3164.741280 12.727000 0.033000
3167.755660 12.730000 0.041000
3169.729700 12.647000 0.035000
3176.687160 12.607000 0.033000
3182.664290 12.853000 0.034000
3184.657020 12.690000 0.039000
3186.679820 13.034000 0.032000
3189.707590 13.216000 0.033000
3272.539970 13.250000 0.050000
3450.891580 12.449000 0.042000
3453.880980 12.371000 0.050000
2853.591430 12.127000 0.054000
3088.900290 12.332000 0.055000
3113.844250 12.248000 0.055000
2726.884480 29.999000 0.032000
2729.868150 29.999000 0.030000
2732.906040 29.999000 0.034000
2760.806280 29.999000 0.041000
2853.583730 11.987000 0.047000
