1887.854050 13.390000 0.031000
2026.640760 14.062000 0.029000
2031.638480 14.060000 0.028000
2033.607330 14.661000 0.026000
2052.563600 13.984000 0.029000
2055.571380 14.205000 0.031000
2058.565720 13.846000 0.029000
2068.550090 13.172000 0.032000
2466.516280 13.476000 0.040000
2468.510730 13.768000 0.043000
2743.790650 13.129000 0.039000
2756.823220 13.930000 0.030000
2785.783630 14.321000 0.027000
2862.558180 11.941000 0.031000
3183.637310 14.295000 0.027000
3185.630850 13.952000 0.029000
3402.820170 14.015000 0.034000
3408.829320 13.473000 0.040000
3543.613770 13.606000 0.031000
3555.691040 14.494000 0.028000
3586.608140 13.755000 0.030000
3591.531070 13.638000 0.028000
3593.543300 13.894000 0.029000
3794.807720 12.847000 0.037000
3894.693200 13.485000 0.033000
3908.599590 14.150000 0.027000
4371.483590 13.554000 0.035000
1900.827140 12.183000 0.029000
1903.828980 12.011000 0.033000
1905.837710 11.910000 0.031000
1907.834180 11.737000 0.030000
1914.788050 11.377000 0.032000
1918.811080 11.152000 0.033000
1920.807270 11.121000 0.033000
1922.801150 11.029000 0.032000
1924.792340 11.027000 0.033000
1925.840500 11.030000 0.043000
1926.839200 11.001000 0.029000
1928.877300 11.010000 0.032000
1930.782760 11.013000 0.033000
1932.773420 11.030000 0.032000
1935.725450 11.076000 0.030000
1937.810830 11.132000 0.037000
1939.812680 11.144000 0.034000
1945.889940 11.399000 0.038000
1947.826140 11.462000 0.037000
1953.773360 11.854000 0.044000
1955.789370 11.996000 0.040000
1955.889960 11.851000 0.037000
1961.778850 12.257000 0.048000
1962.843120 12.436000 0.047000
1964.794290 12.494000 0.041000
1965.773850 12.645000 0.041000
1966.778070 12.682000 0.045000
1967.805810 12.594000 0.043000
2027.632700 13.986000 0.027000
2056.583090 14.195000 0.026000
2057.571490 13.866000 0.030000
2067.536280 13.145000 0.030000
2069.552670 13.169000 0.034000
2070.549870 13.105000 0.031000
2079.512440 12.713000 0.042000
2083.519440 12.584000 0.037000
2085.522340 12.264000 0.029000
2087.485840 12.097000 0.032000
2093.488400 11.514000 0.034000
2094.600780 11.439000 0.030000
2102.468110 11.002000 0.034000
2104.521330 10.960000 0.036000
2106.523640 10.857000 0.034000
2115.596160 10.862000 0.038000
2117.495990 10.889000 0.028000
2125.463660 11.064000 0.036000
2129.471720 11.197000 0.037000
2131.512340 11.258000 0.030000
2135.540990 11.674000 0.034000
2141.475220 11.666000 0.035000
2144.471990 11.828000 0.033000
2158.501130 12.500000 0.038000
2490.518410 12.457000 0.044000
2498.511260 12.225000 0.042000
2502.516830 12.180000 0.044000
2503.530840 12.177000 0.043000
2512.504880 12.196000 0.046000
2524.489830 12.421000 0.042000
2639.820480 13.526000 0.024000
2646.793470 13.259000 0.027000
2650.787630 12.941000 0.030000
2652.827020 12.808000 0.040000
2659.817510 12.312000 0.032000
2668.859080 11.812000 0.032000
2674.816350 11.553000 0.024000
2677.775160 11.513000 0.036000
2679.814160 11.404000 0.041000
2689.783820 11.154000 0.029000
2712.736880 11.172000 0.042000
2714.726100 11.298000 0.032000
2717.724710 11.428000 0.034000
2720.675450 11.574000 0.030000
2722.715740 11.673000 0.030000
2727.742090 12.088000 0.040000
2731.833580 12.336000 0.040000
2734.652720 12.463000 0.027000
2736.699460 12.673000 0.034000
2738.708790 12.850000 0.043000
2740.720840 13.101000 0.034000
2749.834320 13.477000 0.029000
2841.669800 13.499000 0.032000
2853.516380 12.547000 0.035000
2860.581140 11.999000 0.028000
2866.604530 11.732000 0.030000
2875.519380 11.595000 0.029000
2882.569860 11.621000 0.034000
2884.558680 11.601000 0.028000
2896.515480 11.742000 0.031000
2898.517980 11.719000 0.027000
2900.513000 11.814000 0.026000
2904.505040 11.988000 0.038000
2908.489640 12.199000 0.027000
2911.488230 12.338000 0.028000
3041.817750 11.686000 0.029000
3043.824430 11.477000 0.032000
3057.855230 10.950000 0.028000
3060.789930 10.872000 0.026000
3066.853140 10.900000 0.026000
3069.763720 10.905000 0.031000
3074.734050 10.881000 0.027000
3076.809310 10.952000 0.027000
3078.865640 11.159000 0.033000
3085.796060 11.238000 0.032000
3090.710160 11.480000 0.033000
3096.758490 11.765000 0.030000
3104.804770 12.344000 0.029000
3108.807500 12.576000 0.025000
3128.649740 13.693000 0.033000
3414.809440 13.227000 0.032000
3417.812120 13.343000 0.043000
3425.825770 12.238000 0.038000
3427.836260 12.007000 0.044000
3431.825160 11.609000 0.038000
3433.881070 11.447000 0.039000
3438.769130 11.261000 0.040000
3446.838990 11.370000 0.030000
3454.768090 11.240000 0.038000
3456.768310 11.361000 0.038000
3458.784250 11.421000 0.034000
3460.794780 11.311000 0.032000
3463.685830 11.447000 0.036000
3465.745620 11.474000 0.032000
3468.734270 11.535000 0.032000
3470.769880 11.683000 0.033000
3473.653790 11.732000 0.035000
3477.746140 11.896000 0.032000
3481.700000 12.156000 0.032000
3487.664770 12.391000 0.033000
3492.675030 12.808000 0.034000
3496.677040 13.060000 0.041000
3503.703270 13.732000 0.036000
3509.702880 13.595000 0.032000
3511.738350 13.780000 0.029000
3523.641560 13.635000 0.034000
3570.590810 13.904000 0.029000
3603.567790 13.454000 0.027000
3618.499540 12.401000 0.025000
3620.536910 12.266000 0.030000
3630.499490 11.518000 0.030000
3633.497220 11.565000 0.028000
3642.490410 11.463000 0.035000
3782.845370 13.190000 0.042000
3791.799730 12.883000 0.041000
3797.771500 12.755000 0.038000
3800.757160 12.808000 0.037000
3806.733230 12.236000 0.036000
3809.766380 12.019000 0.039000
3811.800040 11.832000 0.038000
3816.774340 11.421000 0.034000
3818.890280 11.241000 0.029000
3821.714520 11.065000 0.034000
3823.762550 11.005000 0.034000
3825.810340 11.001000 0.037000
3828.685380 10.931000 0.039000
3830.766740 10.888000 0.034000
3832.739150 10.858000 0.034000
3834.717220 10.899000 0.036000
3836.726400 10.890000 0.040000
3850.725860 11.099000 0.029000
3852.749690 11.186000 0.028000
3859.706900 11.401000 0.045000
3861.693710 11.485000 0.031000
3863.654010 11.587000 0.035000
3865.660570 11.755000 0.033000
3867.692070 11.859000 0.030000
3869.715220 11.979000 0.034000
3871.706500 12.086000 0.029000
3874.800060 12.419000 0.034000
3877.559990 12.498000 0.038000
3882.643440 12.908000 0.033000
3886.751950 13.104000 0.031000
3892.719740 13.421000 0.035000
4185.802040 12.483000 0.036000
4202.726490 11.185000 0.039000
4204.748200 11.175000 0.034000
4207.772770 11.044000 0.032000
4213.761360 11.081000 0.033000
4216.747930 11.068000 0.040000
4229.687820 11.346000 0.031000
4231.697090 11.584000 0.038000
4233.696630 11.515000 0.040000
4235.693920 11.572000 0.028000
4246.601560 12.026000 0.038000
4253.688180 12.620000 0.038000
4255.712740 12.695000 0.033000
4359.507810 13.760000 0.031000
4524.849010 13.657000 0.030000
4561.800270 12.493000 0.029000
4568.743190 11.979000 0.033000
4570.807000 11.798000 0.030000
4576.707950 11.006000 0.032000
4579.809000 10.900000 0.030000
4586.664270 10.918000 0.035000
4588.696620 10.867000 0.033000
4590.765720 10.881000 0.036000
4594.770300 10.913000 0.032000
4596.801920 10.942000 0.028000
4601.630520 11.058000 0.030000
4603.655120 11.069000 0.032000
4616.799640 11.512000 0.035000
4622.750160 11.834000 0.038000
4630.660690 12.223000 0.030000
4632.667110 12.333000 0.030000
2529.500450 12.731000 0.057000
1949.784720 11.648000 0.056000
1950.848590 11.627000 0.054000
1958.792980 12.106000 0.050000
1968.790870 12.981000 0.051000
2133.521170 11.351000 0.034000
2482.468070 12.945000 0.050000
2508.579820 12.076000 0.050000
2510.537750 12.157000 0.056000
2526.517760 12.382000 0.050000
2700.826010 10.959000 0.036000
2704.794290 10.976000 0.034000
3087.797560 11.319000 0.042000
3442.767490 11.180000 0.045000
3444.795500 11.215000 0.039000
3475.739250 11.911000 0.034000
3479.700240 11.984000 0.044000
3490.677010 12.637000 0.040000
3499.679580 13.239000 0.051000
3506.710960 13.508000 0.050000
3803.764310 12.547000 0.047000
3855.607050 11.310000 0.051000
4196.777430 11.440000 0.041000
4612.619910 11.247000 0.047000
4951.808220 12.297000 0.038000
4962.810610 11.718000 0.038000
4966.821530 11.550000 0.042000
4974.746950 11.326000 0.042000
4989.671640 11.497000 0.045000
4991.691530 11.455000 0.039000
4994.727730 11.680000 0.037000
5018.673380 12.787000 0.041000
5024.676630 13.228000 0.046000
5037.557380 13.616000 0.051000
1971.796860 29.999000 0.057000
1977.730910 29.999000 0.052000
1980.717420 29.999000 0.053000
1981.735960 29.999000 0.048000
1998.699670 29.999000 0.051000
2014.656220 29.999000 0.056000
2030.616980 29.999000 0.026000
2032.615060 29.999000 0.025000
2034.600470 29.999000 0.028000
2440.545550 29.999000 0.042000
2445.524740 29.999000 0.039000
2452.498800 29.999000 0.045000
2540.492310 29.999000 0.052000
2545.485050 29.999000 0.027000
2628.853740 29.999000 0.037000
2758.802930 29.999000 0.031000
2761.841870 29.999000 0.041000
2763.630920 29.999000 0.037000
2794.568400 29.999000 0.043000
2809.595010 29.999000 0.042000
2812.582330 29.999000 0.043000
2821.628020 29.999000 0.039000
2836.562710 29.999000 0.036000
3130.688530 29.999000 0.041000
3145.714610 29.999000 0.029000
3153.713330 29.999000 0.026000
3156.582650 29.999000 0.027000
3158.727700 29.999000 0.030000
3169.506230 29.999000 0.038000
3529.663670 29.999000 0.044000
3540.650020 29.999000 0.037000
3550.649220 29.999000 0.041000
3552.697420 29.999000 0.028000
3558.695550 29.999000 0.042000
3560.705050 29.999000 0.031000
3573.652890 29.999000 0.036000
3575.670820 29.999000 0.028000
3601.561020 29.999000 0.030000
3788.857350 29.999000 0.038000
3906.607270 29.999000 0.039000
1976.816540 29.999000 0.049000
1979.736990 29.999000 0.053000
1982.734010 29.999000 0.047000
1984.731050 29.999000 0.052000
1985.732230 29.999000 0.047000
1995.767400 29.999000 0.047000
2000.693440 29.999000 0.050000
2054.592970 29.999000 0.038000
2442.536290 29.999000 0.043000
2443.538330 29.999000 0.040000
2456.508890 29.999000 0.043000
2470.497140 29.999000 0.047000
2474.461030 29.999000 0.049000
2623.849130 29.999000 0.026000
2635.822950 29.999000 0.026000
2742.634840 29.999000 0.034000
2751.617640 29.999000 0.033000
2755.644350 29.999000 0.034000
2760.672770 29.999000 0.048000
2764.727140 29.999000 0.040000
2766.738820 29.999000 0.030000
2775.732460 29.999000 0.049000
2782.781390 29.999000 0.027000
2784.658480 29.999000 0.038000
2787.735100 29.999000 0.028000
2791.507520 29.999000 0.042000
2810.754250 29.999000 0.030000
2813.752210 29.999000 0.030000
2819.627260 29.999000 0.036000
3126.656280 29.999000 0.036000
3132.699620 29.999000 0.028000
3142.714660 29.999000 0.026000
3160.741150 29.999000 0.036000
3163.749650 29.999000 0.028000
3175.761680 29.999000 0.028000
3178.553120 29.999000 0.027000
3180.664600 29.999000 0.027000
3501.713740 29.999000 0.041000
3515.739530 29.999000 0.031000
3517.733160 29.999000 0.029000
3521.636580 29.999000 0.039000
3525.668810 29.999000 0.030000
3563.501130 29.999000 0.034000
3578.556900 29.999000 0.025000
3584.573180 29.999000 0.026000
3900.537830 29.999000 0.034000
3902.571550 29.999000 0.033000
3904.590440 29.999000 0.029000
3981.550920 29.999000 0.033000
4257.714400 29.999000 0.037000
4272.703020 29.999000 0.036000
4274.698810 29.999000 0.037000
4277.621110 29.999000 0.030000
4283.718360 29.999000 0.035000
4285.682330 29.999000 0.034000
4289.679190 29.999000 0.035000
4291.678310 29.999000 0.034000
4293.666490 29.999000 0.032000
4295.682440 29.999000 0.033000
4297.672870 29.999000 0.031000
4299.648910 29.999000 0.029000
4301.603160 29.999000 0.035000
4303.610680 29.999000 0.032000
4305.606630 29.999000 0.030000
4307.608420 29.999000 0.031000
4312.561590 29.999000 0.038000
4315.567550 29.999000 0.033000
4317.628980 29.999000 0.033000
4330.519460 29.999000 0.031000
4332.534800 29.999000 0.030000
4334.550510 29.999000 0.031000
4338.581310 29.999000 0.036000
4341.525830 29.999000 0.034000
4343.535890 29.999000 0.030000
4345.555260 29.999000 0.040000
4347.550100 29.999000 0.036000
4349.547970 29.999000 0.039000
4352.511470 29.999000 0.030000
4357.516900 29.999000 0.030000
4361.511420 29.999000 0.035000
4533.821570 29.999000 0.033000
4554.788210 29.999000 0.037000
4665.678730 29.999000 0.040000
4684.604950 29.999000 0.035000
4700.556360 29.999000 0.034000
4702.572760 29.999000 0.031000
4704.559830 29.999000 0.037000
4707.565300 29.999000 0.037000
4722.499190 29.999000 0.031000
4726.496520 29.999000 0.039000
4729.491150 29.999000 0.039000
4733.489580 29.999000 0.036000
4946.873340 29.999000 0.047000
5022.670200 29.999000 0.046000
5039.551790 29.999000 0.038000
5041.552700 29.999000 0.036000
5048.562840 29.999000 0.040000
5071.560410 29.999000 0.044000
5088.513060 29.999000 0.044000
1914.864560 11.314000 0.036000
1918.854960 11.158000 0.039000
1920.864910 11.090000 0.039000
1922.855720 11.067000 0.037000
1924.849710 11.034000 0.039000
1928.879230 11.021000 0.040000
1932.844850 11.050000 0.038000
1935.808230 11.068000 0.038000
1938.820820 11.091000 0.038000
1946.817550 11.409000 0.042000
1948.849200 11.504000 0.043000
1953.800100 11.778000 0.044000
2067.605670 13.298000 0.037000
2068.608990 13.220000 0.037000
2069.613760 13.058000 0.035000
2086.573090 12.224000 0.040000
2103.546880 10.961000 0.042000
2104.546680 10.915000 0.037000
2105.539030 10.943000 0.039000
2106.547760 10.898000 0.037000
2115.501010 10.900000 0.036000
2116.515750 10.919000 0.040000
2117.519140 10.893000 0.039000
2124.490720 11.055000 0.039000
2128.487500 11.170000 0.038000
2132.507800 11.294000 0.038000
2134.504060 11.389000 0.038000
2136.500430 11.407000 0.039000
2141.503340 11.606000 0.038000
2145.493290 11.861000 0.042000
2466.541800 13.730000 0.045000
2487.610010 12.751000 0.047000
2490.487360 12.782000 0.052000
2493.490190 12.400000 0.052000
2495.495790 12.427000 0.050000
2497.503360 12.372000 0.046000
2499.473940 12.383000 0.052000
2501.485920 12.171000 0.053000
2510.629700 12.110000 0.042000
2512.512370 12.177000 0.053000
2524.576110 12.431000 0.049000
2526.613780 12.440000 0.040000
2535.570600 12.861000 0.045000
2655.856460 12.602000 0.037000
2659.831110 12.316000 0.036000
2662.849940 12.150000 0.039000
2664.851770 12.045000 0.037000
2667.852950 11.860000 0.042000
2671.833920 11.771000 0.042000
2674.845950 11.597000 0.042000
2685.807040 11.210000 0.043000
2694.791020 11.010000 0.038000
2697.856490 10.987000 0.040000
2699.877650 10.911000 0.042000
2704.812380 10.939000 0.036000
2706.812380 11.057000 0.038000
2710.792240 11.104000 0.044000
2712.792900 11.142000 0.044000
2714.783330 11.303000 0.045000
2720.722600 11.545000 0.043000
2722.764360 11.690000 0.047000
2724.771640 11.889000 0.040000
2726.779660 12.033000 0.044000
2728.771690 12.178000 0.047000
2730.776110 12.421000 0.045000
2733.767660 12.593000 0.039000
2735.764190 12.820000 0.045000
2737.734510 12.836000 0.042000
2838.700080 13.529000 0.039000
2883.529590 11.683000 0.040000
2885.529940 11.685000 0.041000
2888.557220 11.685000 0.038000
2910.557460 12.283000 0.038000
2912.547650 12.407000 0.036000
2922.518140 13.027000 0.035000
3031.866690 12.717000 0.044000
3066.865400 10.891000 0.036000
3072.831260 10.901000 0.035000
3078.811350 11.010000 0.034000
3097.731180 11.813000 0.038000
3103.840110 12.271000 0.037000
3423.863030 12.359000 0.042000
3426.823660 12.099000 0.046000
3432.840450 11.539000 0.039000
3446.819940 11.214000 0.042000
3452.830910 11.291000 0.035000
3456.824700 11.360000 0.040000
3458.835150 11.323000 0.043000
3464.759810 11.490000 0.038000
3469.789890 11.677000 0.036000
3472.751310 11.717000 0.040000
3474.841000 11.717000 0.046000
3481.767340 12.119000 0.038000
3483.757440 12.215000 0.039000
3490.757980 12.693000 0.041000
3508.882270 13.678000 0.034000
3593.502750 14.020000 0.035000
3618.523190 12.462000 0.035000
3622.570130 12.025000 0.042000
3626.604680 11.754000 0.036000
3630.563560 11.613000 0.036000
3632.569940 11.532000 0.035000
3639.554390 11.461000 0.039000
3642.554830 11.474000 0.041000
3646.548330 11.520000 0.038000
3651.517350 11.543000 0.036000
3654.530260 11.596000 0.035000
3658.508440 11.630000 0.034000
3661.502770 11.603000 0.037000
3664.498700 11.661000 0.037000
3798.848120 12.725000 0.043000
3805.825630 12.295000 0.041000
3808.828060 12.163000 0.042000
3811.827210 11.803000 0.045000
3817.797680 11.342000 0.044000
3820.785090 11.150000 0.041000
3823.777470 11.042000 0.043000
3828.766340 10.957000 0.043000
3831.757140 10.902000 0.040000
3833.817420 10.875000 0.039000
3835.808080 10.903000 0.041000
3837.827450 10.904000 0.042000
3850.807670 11.136000 0.036000
3852.838280 11.178000 0.038000
3859.770130 11.475000 0.037000
3861.762290 11.525000 0.037000
3863.742990 11.653000 0.036000
3865.720680 11.693000 0.038000
3871.734440 12.127000 0.040000
3874.823820 12.405000 0.035000
3877.647370 12.627000 0.042000
3880.692990 12.713000 0.036000
3882.724070 13.054000 0.035000
3887.669770 13.585000 0.040000
3889.669850 13.597000 0.040000
4186.848440 12.401000 0.039000
4199.751480 11.263000 0.038000
4207.871670 11.051000 0.037000
4215.726750 11.082000 0.038000
4250.710980 12.434000 0.037000
4256.609060 13.110000 0.035000
4354.549700 14.070000 0.036000
4373.506440 13.471000 0.036000
4376.535280 13.050000 0.036000
4379.496630 13.073000 0.033000
4382.497610 12.795000 0.034000
4385.496960 12.382000 0.035000
4387.508660 12.167000 0.037000
4389.510780 12.023000 0.039000
4561.828870 12.589000 0.035000
4578.812090 10.913000 0.039000
4599.661970 11.050000 0.039000
4610.636050 11.340000 0.038000
4617.653430 11.615000 0.041000
4620.667600 11.739000 0.045000
4755.510490 13.199000 0.041000
4758.508190 12.671000 0.044000
4985.651960 11.402000 0.043000
1930.847970 11.006000 0.037000
1955.829680 11.847000 0.044000
1958.879180 12.066000 0.046000
1961.837310 12.327000 0.051000
1963.803540 12.509000 0.045000
1964.857750 12.474000 0.044000
1966.784440 12.524000 0.050000
1968.778540 12.849000 0.046000
1976.863470 13.380000 0.046000
1981.786340 13.732000 0.051000
1982.756200 13.573000 0.048000
2025.719870 14.217000 0.038000
2031.698090 14.213000 0.037000
2032.687400 13.977000 0.037000
2033.681560 14.382000 0.036000
2053.655350 13.836000 0.035000
2057.629440 13.796000 0.042000
2058.632240 13.797000 0.036000
2070.602010 13.041000 0.036000
2081.576490 12.597000 0.035000
2085.569990 12.346000 0.036000
2088.566710 12.026000 0.038000
2130.502580 11.234000 0.036000
2440.591140 14.061000 0.046000
2446.598560 13.652000 0.037000
2464.564400 13.856000 0.044000
2465.554620 14.088000 0.049000
2467.548980 13.542000 0.043000
2468.543490 13.752000 0.041000
2470.553120 13.480000 0.050000
2502.534010 12.346000 0.046000
2520.578310 12.275000 0.038000
2521.588000 12.250000 0.037000
2545.506270 13.251000 0.036000
2547.511870 13.371000 0.034000
2562.521030 13.805000 0.036000
2566.495340 14.383000 0.042000
2651.846140 12.947000 0.037000
2813.764850 14.354000 0.041000
2835.709190 13.348000 0.039000
2854.710610 12.518000 0.033000
2858.605400 12.260000 0.043000
2861.629570 11.997000 0.034000
2878.564140 11.761000 0.038000
2908.564640 12.167000 0.037000
2930.518350 13.530000 0.035000
2933.504170 13.485000 0.035000
3035.858110 12.251000 0.034000
3075.856790 10.889000 0.035000
3089.788240 11.408000 0.039000
3092.782880 11.617000 0.033000
3106.742990 12.441000 0.033000
3108.794120 12.695000 0.040000
3111.731410 12.930000 0.037000
3115.841060 12.921000 0.042000
3142.821940 14.286000 0.034000
3178.584370 14.388000 0.034000
3180.689050 14.562000 0.035000
3403.854510 13.876000 0.047000
3406.866830 14.153000 0.040000
3466.831360 11.539000 0.043000
3496.752320 13.183000 0.043000
3504.671150 13.657000 0.046000
3584.610890 13.835000 0.035000
3586.630990 13.901000 0.038000
3602.626460 13.295000 0.036000
3774.832650 13.631000 0.041000
3891.652110 13.588000 0.038000
3893.633940 13.766000 0.038000
3981.586630 13.961000 0.042000
4338.615820 14.064000 0.039000
4358.554420 13.894000 0.038000
4364.579900 13.761000 0.038000
4639.739860 12.699000 0.035000
4679.630580 13.986000 0.035000
4690.578840 13.890000 0.034000
4730.518980 14.057000 0.036000
4733.547850 13.721000 0.037000
2079.571380 12.713000 0.046000
2082.603380 12.516000 0.040000
2093.520420 11.524000 0.040000
2094.558030 11.483000 0.041000
2151.544650 12.256000 0.045000
2519.582230 12.285000 0.060000
2689.838400 11.158000 0.045000
2701.837850 10.939000 0.045000
2717.806040 11.399000 0.051000
2744.826460 13.362000 0.047000
3113.789390 13.061000 0.048000
3417.828010 13.393000 0.047000
3454.838030 11.298000 0.044000
3477.739100 11.968000 0.044000
3620.547030 12.234000 0.052000
3635.552910 11.513000 0.049000
3649.515310 11.562000 0.054000
3802.816840 12.409000 0.045000
3814.818990 11.594000 0.048000
3848.791690 11.073000 0.045000
3869.735460 11.926000 0.041000
4937.802230 13.427000 0.043000
4940.727790 13.541000 0.043000
4948.721450 12.583000 0.043000
4955.732780 12.183000 0.047000
4966.675290 11.554000 0.045000
4968.726250 11.511000 0.044000
4987.666890 11.414000 0.047000
4989.700060 11.520000 0.046000
4991.724260 11.535000 0.043000
4994.749790 11.578000 0.043000
5013.550590 12.501000 0.046000
5015.576240 12.484000 0.043000
5110.526410 13.039000 0.045000
2481.497530 12.984000 0.055000
2503.543140 12.163000 0.050000
2743.710400 13.337000 0.049000
3609.506650 13.221000 0.049000
4647.789510 13.207000 0.044000
4935.743210 13.390000 0.047000
5024.505120 12.866000 0.043000
5041.596750 13.749000 0.046000
5099.511760 13.501000 0.043000
1978.800920 29.999000 0.055000
1979.824310 29.999000 0.051000
1980.757900 29.999000 0.053000
1993.833810 29.999000 0.049000
1996.775320 29.999000 0.049000
2000.771190 29.999000 0.049000
2008.681400 29.999000 0.059000
2014.740050 29.999000 0.059000
2027.700170 29.999000 0.038000
2037.659930 29.999000 0.039000
2442.597510 29.999000 0.045000
2454.572540 29.999000 0.047000
2459.562000 29.999000 0.054000
2473.530120 29.999000 0.052000
2558.494780 29.999000 0.049000
2559.516200 29.999000 0.048000
2560.522960 29.999000 0.034000
2749.855770 29.999000 0.052000
2751.701960 29.999000 0.048000
2757.707140 29.999000 0.044000
2759.756430 29.999000 0.037000
2761.689260 29.999000 0.046000
2775.781820 29.999000 0.047000
2786.615580 29.999000 0.046000
2812.598830 29.999000 0.046000
2821.671030 29.999000 0.048000
2924.527950 29.999000 0.035000
2928.508740 29.999000 0.035000
3187.674910 29.999000 0.036000
3521.683560 29.999000 0.043000
3523.689800 29.999000 0.046000
3540.687340 29.999000 0.036000
3544.785820 29.999000 0.040000
3560.632390 29.999000 0.036000
3562.644330 29.999000 0.034000
3577.741080 29.999000 0.036000
3590.700900 29.999000 0.039000
3898.708280 29.999000 0.038000
3900.720790 29.999000 0.038000
3902.728370 29.999000 0.034000
3904.756700 29.999000 0.037000
3906.752750 29.999000 0.035000
3908.821270 29.999000 0.034000
3912.738760 29.999000 0.033000
4295.732400 29.999000 0.034000
5071.567970 29.999000 0.043000
5075.595140 29.999000 0.045000
5089.567870 29.999000 0.046000
5092.538620 29.999000 0.041000
1984.805970 29.999000 0.051000
1985.802780 29.999000 0.050000
1995.753430 29.999000 0.051000
1997.770480 29.999000 0.048000
1998.767730 29.999000 0.048000
2009.720820 29.999000 0.058000
2016.721540 29.999000 0.050000
2030.683280 29.999000 0.037000
2052.611090 29.999000 0.035000
2054.653970 29.999000 0.049000
2055.631260 29.999000 0.038000
2056.635090 29.999000 0.036000
2456.556840 29.999000 0.042000
2462.540810 29.999000 0.050000
2469.537870 29.999000 0.049000
2508.651570 29.999000 0.046000
2552.505880 29.999000 0.044000
2554.504610 29.999000 0.054000
2754.709620 29.999000 0.047000
2755.862170 29.999000 0.035000
2766.741200 29.999000 0.043000
2783.632140 29.999000 0.045000
2784.877400 29.999000 0.036000
2787.779260 29.999000 0.055000
2790.904060 29.999000 0.036000
2794.619750 29.999000 0.040000
2810.777880 29.999000 0.039000
2819.683850 29.999000 0.039000
2840.735070 29.999000 0.035000
3146.602240 29.999000 0.033000
3158.790980 29.999000 0.043000
3166.750090 29.999000 0.035000
3499.761720 29.999000 0.051000
3515.745670 29.999000 0.036000
3517.739450 29.999000 0.041000
3525.717880 29.999000 0.040000
3538.691150 29.999000 0.034000
3558.633940 29.999000 0.036000
3564.583170 29.999000 0.036000
3570.652430 29.999000 0.037000
3573.702850 29.999000 0.039000
3575.715970 29.999000 0.034000
4268.580010 29.999000 0.038000
4273.643800 29.999000 0.039000
4276.571250 29.999000 0.036000
4278.611760 29.999000 0.041000
4283.753200 29.999000 0.040000
4285.742840 29.999000 0.038000
4289.733330 29.999000 0.037000
4293.722540 29.999000 0.035000
4299.696660 29.999000 0.034000
4301.650690 29.999000 0.045000
4303.640690 29.999000 0.035000
4305.617620 29.999000 0.036000
4307.615220 29.999000 0.036000
4311.701230 29.999000 0.046000
4315.511310 29.999000 0.048000
4317.579350 29.999000 0.042000
4330.598900 29.999000 0.035000
4332.598010 29.999000 0.039000
4334.587480 29.999000 0.036000
4341.535040 29.999000 0.036000
4343.545070 29.999000 0.045000
4345.564400 29.999000 0.037000
4347.566540 29.999000 0.044000
4349.557950 29.999000 0.038000
4351.563920 29.999000 0.039000
4356.570120 29.999000 0.038000
4360.557480 29.999000 0.040000
4362.598080 29.999000 0.035000
4587.759280 29.999000 0.044000
4656.563760 29.999000 0.035000
4658.643230 29.999000 0.040000
4665.685490 29.999000 0.037000
4667.704440 29.999000 0.035000
4671.602350 29.999000 0.048000
4677.615690 29.999000 0.043000
4682.612680 29.999000 0.052000
4684.579470 29.999000 0.037000
4686.554710 29.999000 0.037000
4697.643330 29.999000 0.035000
4701.634700 29.999000 0.038000
4703.637410 29.999000 0.042000
4706.586640 29.999000 0.050000
4709.537840 29.999000 0.040000
4716.627140 29.999000 0.036000
4721.573190 29.999000 0.043000
4724.610310 29.999000 0.038000
4737.552970 29.999000 0.041000
4743.522990 29.999000 0.043000
4745.537050 29.999000 0.043000
4748.535640 29.999000 0.042000
4918.850710 29.999000 0.047000
4921.787890 29.999000 0.044000
4927.854360 29.999000 0.041000
5039.616120 29.999000 0.041000
5048.622280 29.999000 0.043000
5067.522710 29.999000 0.050000
1955.812100 11.974000 0.042000
3391.848440 14.357000 0.045000
3414.843690 13.866000 0.036000
3417.849990 13.143000 0.041000
3438.796810 11.333000 0.040000
3442.791370 11.235000 0.036000
3449.817690 11.326000 0.043000
3452.743850 11.276000 0.034000
3454.795570 11.294000 0.033000
3456.792760 11.326000 0.036000
3458.812160 11.385000 0.032000
3461.714580 11.421000 0.038000
3463.796520 11.495000 0.031000
3466.713480 11.674000 0.036000
3471.773570 11.689000 0.030000
3474.678840 11.761000 0.036000
3476.753760 11.801000 0.031000
3478.728940 12.012000 0.034000
3482.727640 12.070000 0.041000
3484.761490 12.322000 0.046000
3487.880640 12.617000 0.037000
3490.813050 12.639000 0.037000
3496.798930 13.106000 0.035000
3502.619520 13.461000 0.037000
3511.669250 14.142000 0.034000
3586.633180 14.076000 0.039000
3601.578860 13.553000 0.034000
3603.584760 13.431000 0.030000
3606.586310 13.231000 0.032000
3620.548970 12.383000 0.044000
3629.532050 11.653000 0.035000
3641.503530 11.487000 0.033000
3650.486970 11.529000 0.035000
3781.807120 13.656000 0.037000
3788.885940 13.176000 0.039000
3791.829630 13.238000 0.040000
3794.831060 12.938000 0.038000
3797.800590 12.888000 0.036000
3800.796950 12.693000 0.036000
3806.767040 12.258000 0.037000
3809.790650 12.037000 0.039000
3812.759000 11.724000 0.040000
3815.749330 11.498000 0.038000
3817.810370 11.325000 0.035000
3820.733270 11.157000 0.039000
3822.801220 11.015000 0.036000
3825.715300 10.973000 0.039000
3827.791080 10.970000 0.034000
3830.706500 10.915000 0.035000
3832.751490 10.909000 0.040000
3834.743190 10.900000 0.037000
3836.752060 10.892000 0.040000
3848.753630 11.147000 0.043000
3850.765850 11.136000 0.034000
3852.808510 11.238000 0.033000
3859.721390 11.487000 0.034000
3861.711570 11.540000 0.034000
3867.699470 11.847000 0.038000
3869.723390 11.945000 0.036000
3871.713870 12.043000 0.034000
3874.803250 12.340000 0.033000
3877.590760 12.526000 0.039000
3882.680050 12.992000 0.033000
3887.619620 13.361000 0.036000
3889.622100 13.704000 0.037000
3891.599740 13.565000 0.035000
3893.602780 13.822000 0.034000
4161.783970 13.917000 0.033000
4173.839480 13.074000 0.033000
4176.761610 13.476000 0.038000
4179.805930 12.959000 0.036000
4182.740390 12.884000 0.039000
4184.809060 12.694000 0.039000
4188.751270 12.183000 0.034000
4190.791560 11.933000 0.033000
4192.780260 11.743000 0.032000
4194.784500 11.519000 0.036000
4197.808460 11.507000 0.036000
4200.741600 11.270000 0.035000
4203.752690 11.156000 0.031000
4205.752620 11.108000 0.032000
4208.842550 11.032000 0.034000
4215.708440 11.052000 0.037000
4227.760310 11.400000 0.035000
4229.762070 11.415000 0.034000
4231.765350 11.386000 0.034000
4233.764830 11.480000 0.033000
4235.784480 11.561000 0.032000
4238.596690 11.658000 0.037000
4246.694580 12.215000 0.031000
4250.590890 12.570000 0.035000
4253.749150 12.636000 0.038000
4255.789670 12.532000 0.038000
4258.548940 12.920000 0.031000
4273.641400 13.912000 0.033000
4285.732570 14.120000 0.034000
4332.599940 13.901000 0.037000
4345.580570 13.983000 0.030000
4357.539120 13.909000 0.033000
4376.490140 13.092000 0.030000
4380.486260 12.820000 0.035000
4462.855450 13.862000 0.037000
4466.845690 13.730000 0.038000
4482.854140 13.809000 0.036000
4526.875870 13.850000 0.033000
4546.798710 13.451000 0.036000
4548.800860 13.443000 0.035000
4551.726090 13.138000 0.033000
4555.838770 13.218000 0.033000
4558.714760 12.805000 0.033000
4560.766350 12.958000 0.038000
4563.695220 12.498000 0.038000
4565.762070 12.318000 0.029000
4567.815420 12.096000 0.031000
4570.674690 11.658000 0.032000
4572.713510 11.416000 0.035000
4574.703820 11.183000 0.035000
4576.730290 11.020000 0.034000
4583.665160 10.871000 0.033000
4586.695080 10.833000 0.034000
4588.745670 10.870000 0.040000
4590.803020 10.886000 0.035000
4593.641370 10.928000 0.032000
4595.666080 10.963000 0.032000
4597.669330 10.999000 0.034000
4599.754030 11.057000 0.034000
4601.677160 11.074000 0.032000
4603.700760 11.187000 0.034000
4607.745800 11.218000 0.040000
4610.577080 11.306000 0.035000
4612.638520 11.416000 0.042000
4617.633900 11.629000 0.037000
4620.643030 11.734000 0.036000
4622.814030 11.843000 0.038000
4630.664580 12.237000 0.032000
4632.670300 12.345000 0.032000
4639.742720 12.718000 0.033000
4641.741740 12.925000 0.032000
4643.740750 13.149000 0.041000
4645.768930 13.163000 0.039000
4648.574290 13.582000 0.032000
4650.650270 13.558000 0.033000
4652.670280 13.503000 0.031000
4654.650500 13.662000 0.041000
4656.628050 13.732000 0.033000
4658.673420 13.438000 0.039000
4729.501460 13.875000 0.040000
4821.856280 12.704000 0.035000
4829.848010 13.114000 0.032000
4833.848010 13.462000 0.035000
4837.836410 13.565000 0.035000
4937.751530 13.650000 0.041000
4939.832300 13.358000 0.042000
4945.659460 12.870000 0.041000
4947.730390 12.833000 0.040000
4949.743270 12.578000 0.043000
4951.836500 12.364000 0.041000
4954.625390 12.229000 0.044000
4960.704400 11.794000 0.045000
4962.868940 11.697000 0.043000
4972.758300 11.343000 0.040000
4974.840170 11.306000 0.048000
4985.619240 11.403000 0.043000
4989.690120 11.494000 0.045000
4991.714610 11.479000 0.045000
4994.742930 11.616000 0.042000
5013.610760 12.587000 0.049000
5015.622350 12.554000 0.044000
5018.681940 12.644000 0.047000
5024.691480 13.117000 0.048000
5037.667810 13.930000 0.044000
5039.618360 13.452000 0.045000
5041.599790 13.858000 0.043000
4128.821210 14.180000 0.033000
4131.865690 13.952000 0.034000
4361.529000 14.055000 0.035000
4505.811650 14.287000 0.034000
4511.860070 13.985000 0.031000
4524.803020 14.406000 0.032000
4536.748580 14.086000 0.031000
4541.847920 13.846000 0.030000
4671.616050 14.536000 0.033000
4690.589880 13.948000 0.040000
4740.493890 13.513000 0.034000
4882.830090 14.391000 0.032000
4888.813060 14.386000 0.043000
4891.807400 14.386000 0.038000
5085.529980 15.081000 0.045000
2173.494940 13.545000 0.049000
3742.849730 13.953000 0.045000
4967.693140 11.493000 0.052000
4969.707130 11.427000 0.051000
4987.651640 11.418000 0.047000
5022.686710 13.053000 0.050000
3388.825980 29.999000 0.035000
3444.816500 29.999000 0.035000
3509.605590 29.999000 0.032000
3515.749600 29.999000 0.035000
3538.694750 29.999000 0.033000
3543.667810 29.999000 0.038000
3563.569770 29.999000 0.032000
3576.613510 29.999000 0.030000
3578.617880 29.999000 0.037000
3584.613840 29.999000 0.040000
3593.546670 29.999000 0.033000
3726.855940 29.999000 0.042000
3738.851140 29.999000 0.038000
3750.844050 29.999000 0.046000
3754.824430 29.999000 0.040000
3757.843780 29.999000 0.040000
3760.858390 29.999000 0.049000
3769.819280 29.999000 0.043000
3773.810630 29.999000 0.040000
3880.634170 29.999000 0.043000
3898.699330 29.999000 0.032000
3904.752780 29.999000 0.036000
4141.830230 29.999000 0.030000
4144.860270 29.999000 0.031000
4158.806760 29.999000 0.034000
4164.776930 29.999000 0.039000
4276.561480 29.999000 0.038000
4296.469420 29.999000 0.032000
4312.674230 29.999000 0.034000
4319.562290 29.999000 0.034000
4330.600880 29.999000 0.037000
4343.564150 29.999000 0.031000
4355.536620 29.999000 0.037000
4359.530390 29.999000 0.036000
4369.500690 29.999000 0.038000
4486.833050 29.999000 0.035000
4501.848290 29.999000 0.042000
4508.877300 29.999000 0.035000
4521.813990 29.999000 0.035000
4539.758050 29.999000 0.044000
4661.561410 29.999000 0.036000
4663.639090 29.999000 0.040000
4665.695180 29.999000 0.039000
4669.539650 29.999000 0.037000
4677.629150 29.999000 0.041000
4679.641530 29.999000 0.038000
4682.624030 29.999000 0.041000
4684.607560 29.999000 0.043000
4686.565320 29.999000 0.043000
4698.574540 29.999000 0.041000
4702.592200 29.999000 0.039000
4704.582190 29.999000 0.042000
4707.582090 29.999000 0.039000
4722.512520 29.999000 0.035000
4726.508580 29.999000 0.043000
4731.527300 29.999000 0.050000
4743.498760 29.999000 0.041000
4872.840310 29.999000 0.034000
2040.635880 29.999000 0.047000
3384.853800 29.999000 0.042000
3395.862350 29.999000 0.035000
3399.811310 29.999000 0.035000
3405.842190 29.999000 0.043000
3469.755570 29.999000 0.030000
3517.743460 29.999000 0.031000
3525.671980 29.999000 0.046000
3540.690990 29.999000 0.043000
3550.692330 29.999000 0.037000
3570.655610 29.999000 0.033000
3597.597540 29.999000 0.048000
3635.489070 29.999000 0.048000
3644.498510 29.999000 0.041000
3734.859140 29.999000 0.042000
3764.821820 29.999000 0.047000
3896.663270 29.999000 0.042000
3900.710470 29.999000 0.035000
3902.725220 29.999000 0.030000
3906.749510 29.999000 0.032000
4104.860450 29.999000 0.042000
4109.865490 29.999000 0.038000
4134.873280 29.999000 0.039000
4152.825320 29.999000 0.035000
4155.820600 29.999000 0.041000
4167.784090 29.999000 0.033000
4268.577720 29.999000 0.045000
4278.608500 29.999000 0.030000
4283.747830 29.999000 0.035000
4289.727090 29.999000 0.034000
4291.728330 29.999000 0.035000
4293.717020 29.999000 0.034000
4298.505760 29.999000 0.034000
4302.589820 29.999000 0.047000
4304.533590 29.999000 0.033000
4306.552100 29.999000 0.033000
4308.594720 29.999000 0.040000
4310.671660 29.999000 0.034000
4315.671570 29.999000 0.035000
4334.589410 29.999000 0.033000
4339.502100 29.999000 0.034000
4341.562310 29.999000 0.032000
4352.533890 29.999000 0.032000
4364.522530 29.999000 0.034000
4372.495390 29.999000 0.036000
4458.853450 29.999000 0.038000
4470.853880 29.999000 0.046000
4478.851640 29.999000 0.040000
4490.831690 29.999000 0.033000
4494.809800 29.999000 0.035000
4498.856200 29.999000 0.037000
4516.761360 29.999000 0.042000
4518.823100 29.999000 0.034000
4529.790270 29.999000 0.030000
4532.786610 29.999000 0.032000
4700.578120 29.999000 0.042000
4845.865790 29.999000 0.035000
4849.822460 29.999000 0.034000
4852.858500 29.999000 0.030000
4856.858900 29.999000 0.033000
4861.846080 29.999000 0.045000
4865.835650 29.999000 0.039000
4869.823010 29.999000 0.034000
4876.833410 29.999000 0.034000
4879.849600 29.999000 0.033000
4885.828820 29.999000 0.041000
4901.805610 29.999000 0.044000
4904.842500 29.999000 0.045000
4907.760860 29.999000 0.042000
4915.808250 29.999000 0.041000
4918.739940 29.999000 0.043000
4921.731280 29.999000 0.043000
4927.857800 29.999000 0.047000
5048.624420 29.999000 0.047000
5069.541830 29.999000 0.045000
5071.570820 29.999000 0.048000
3387.859650 14.417000 0.048000
3391.859880 13.845000 0.044000
3906.781850 14.008000 0.044000
4137.846170 14.283000 0.038000
4143.856270 13.988000 0.037000
4156.820450 14.160000 0.042000
4159.850640 13.951000 0.040000
4310.674820 14.201000 0.037000
4315.674740 14.412000 0.036000
4354.551870 14.198000 0.040000
4525.847000 14.630000 0.036000
4535.850550 14.217000 0.039000
4671.605780 14.551000 0.051000
4883.817650 14.839000 0.037000
2156.529790 12.396000 0.049000
2172.545050 13.289000 0.046000
3436.858650 11.385000 0.045000
3454.840940 11.286000 0.044000
3456.827670 11.291000 0.041000
3458.841820 11.388000 0.040000
3464.762740 11.502000 0.042000
3466.839130 11.517000 0.040000
3472.737880 11.667000 0.040000
3474.819200 11.814000 0.048000
3477.737280 11.900000 0.036000
3479.789420 12.007000 0.041000
3481.770370 12.195000 0.039000
3483.760500 12.320000 0.046000
3490.761050 12.739000 0.045000
3492.760740 12.912000 0.044000
3496.755410 13.149000 0.044000
3509.650270 14.063000 0.043000
3590.707120 13.730000 0.037000
3626.607110 11.772000 0.039000
3783.856870 13.205000 0.045000
3789.818210 13.277000 0.043000
3792.847860 13.124000 0.049000
3795.866340 12.996000 0.042000
3798.858580 12.822000 0.048000
3808.830820 12.031000 0.042000
3811.848540 11.870000 0.043000
3814.826120 11.554000 0.045000
3817.800500 11.316000 0.041000
3820.787940 11.179000 0.042000
3823.780360 11.032000 0.042000
3828.780120 10.939000 0.042000
3831.760080 10.931000 0.039000
3833.820370 10.900000 0.043000
3837.848030 11.076000 0.042000
3850.833670 11.158000 0.039000
3853.696000 11.215000 0.038000
3862.692840 11.605000 0.042000
3866.678490 11.774000 0.041000
3868.722320 11.951000 0.041000
3870.734470 12.153000 0.039000
3872.733380 12.166000 0.040000
3879.649740 12.658000 0.044000
3881.689420 12.854000 0.039000
3887.679290 13.235000 0.040000
3889.684860 13.443000 0.040000
3891.662750 13.394000 0.039000
3893.643420 13.410000 0.039000
4168.847880 13.295000 0.041000
4174.776800 13.316000 0.036000
4177.811880 13.188000 0.039000
4180.807480 12.922000 0.045000
4183.804600 12.625000 0.042000
4186.852810 12.333000 0.037000
4189.788990 12.020000 0.036000
4191.807760 11.785000 0.038000
4193.800090 11.568000 0.038000
4199.762710 11.295000 0.041000
4202.828580 11.190000 0.045000
4204.833980 11.140000 0.040000
4207.878670 11.084000 0.044000
4215.729790 11.070000 0.040000
4227.762820 11.321000 0.036000
4229.764610 11.359000 0.038000
4231.768680 11.457000 0.044000
4233.767410 11.516000 0.036000
4235.794100 11.585000 0.036000
4238.652350 11.751000 0.044000
4246.845170 12.147000 0.040000
4250.629460 12.462000 0.036000
4253.768600 12.691000 0.040000
4256.612100 13.001000 0.036000
4258.648810 13.203000 0.038000
4268.583030 13.814000 0.040000
4356.577680 13.628000 0.038000
4358.556580 13.782000 0.037000
4373.563830 13.268000 0.040000
4538.835590 13.857000 0.037000
4541.817030 13.580000 0.039000
4552.784140 13.465000 0.037000
4554.846560 13.711000 0.042000
4557.764730 13.172000 0.037000
4559.871660 12.829000 0.037000
4562.754230 12.697000 0.041000
4564.843690 12.382000 0.037000
4567.746840 12.138000 0.038000
4570.737040 11.722000 0.036000
4572.756660 11.446000 0.038000
4574.749140 11.169000 0.039000
4576.757920 11.004000 0.038000
4583.717310 10.855000 0.037000
4586.749760 10.837000 0.041000
4588.798560 10.845000 0.039000
4590.833590 10.877000 0.039000
4593.683890 10.952000 0.037000
4595.728250 11.005000 0.036000
4597.715150 11.006000 0.037000
4601.744750 11.136000 0.036000
4603.743960 11.161000 0.037000
4607.749260 11.298000 0.046000
4610.643610 11.322000 0.037000
4612.681400 11.436000 0.043000
4617.656580 11.578000 0.043000
4620.670650 11.754000 0.044000
4622.836380 11.829000 0.041000
4626.814000 12.027000 0.043000
4630.691880 12.249000 0.036000
4639.745770 12.905000 0.037000
4641.748380 12.994000 0.039000
4643.743910 12.937000 0.042000
4654.576590 13.434000 0.038000
4656.567500 13.722000 0.044000
4737.565690 13.855000 0.041000
4740.554550 13.327000 0.038000
4946.706650 12.655000 0.045000
4948.786690 12.660000 0.045000
4985.659580 11.405000 0.044000
4994.756580 11.653000 0.045000
5013.562460 12.530000 0.047000
5024.507950 13.037000 0.049000
2178.501490 13.799000 0.051000
1954.812920 11.887000 0.059000
2169.505600 13.243000 0.055000
3449.805380 11.257000 0.053000
3825.851170 11.011000 0.048000
4196.831320 11.618000 0.046000
4645.772760 13.359000 0.045000
4647.793280 13.337000 0.049000
4940.731700 13.225000 0.050000
4961.630080 11.746000 0.048000
4968.730170 11.543000 0.054000
4987.674460 11.426000 0.048000
4989.707680 11.484000 0.050000
4991.731970 11.582000 0.046000
5015.587900 12.608000 0.046000
5021.792030 12.850000 0.051000
2040.680710 29.999000 0.056000
3395.871130 29.999000 0.040000
3403.845740 29.999000 0.041000
3409.876750 29.999000 0.042000
3413.832190 29.999000 0.047000
3511.703900 29.999000 0.037000
3538.723710 29.999000 0.036000
3540.699470 29.999000 0.041000
3564.706940 29.999000 0.036000
3747.867360 29.999000 0.044000
3802.819710 29.999000 0.047000
3900.745640 29.999000 0.040000
3902.747220 29.999000 0.037000
3904.773220 29.999000 0.046000
4126.854920 29.999000 0.039000
4130.849330 29.999000 0.048000
4133.878220 29.999000 0.046000
4152.855830 29.999000 0.037000
4165.839940 29.999000 0.046000
4273.651150 29.999000 0.036000
4290.633030 29.999000 0.040000
4296.598860 29.999000 0.038000
4298.604280 29.999000 0.040000
4319.565470 29.999000 0.037000
4330.610760 29.999000 0.038000
4338.621060 29.999000 0.039000
4345.566660 29.999000 0.040000
4487.844060 29.999000 0.046000
4491.853850 29.999000 0.042000
4494.866490 29.999000 0.037000
4499.849260 29.999000 0.035000
4503.840000 29.999000 0.040000
4506.853160 29.999000 0.040000
4510.839050 29.999000 0.041000
4838.864320 29.999000 0.042000
4862.859090 29.999000 0.041000
4875.875210 29.999000 0.040000
4879.823370 29.999000 0.039000
4886.887550 29.999000 0.050000
4890.816400 29.999000 0.051000
4894.900640 29.999000 0.044000
4902.858180 29.999000 0.047000
4905.815150 29.999000 0.047000
4916.750680 29.999000 0.045000
4918.854360 29.999000 0.049000
2185.497490 29.999000 0.053000
2189.503670 29.999000 0.056000
3399.836290 29.999000 0.042000
3406.858180 29.999000 0.048000
3416.886630 29.999000 0.049000
3504.674250 29.999000 0.046000
3523.697150 29.999000 0.045000
3558.708970 29.999000 0.048000
3742.859030 29.999000 0.039000
3751.866080 29.999000 0.046000
3755.858240 29.999000 0.042000
3758.866620 29.999000 0.040000
3762.864220 29.999000 0.043000
3766.877930 29.999000 0.042000
3805.832750 29.999000 0.042000
3864.690730 29.999000 0.043000
3896.687850 29.999000 0.048000
3898.718370 29.999000 0.040000
4162.858380 29.999000 0.040000
4276.574170 29.999000 0.037000
4284.638870 29.999000 0.035000
4292.593320 29.999000 0.037000
4304.549340 29.999000 0.040000
4312.677370 29.999000 0.039000
4332.607960 29.999000 0.045000
4334.599080 29.999000 0.037000
4360.559620 29.999000 0.057000
4369.534510 29.999000 0.041000
4519.845270 29.999000 0.039000
4522.851470 29.999000 0.035000
4528.869870 29.999000 0.040000
4531.832300 29.999000 0.040000
4546.830570 29.999000 0.046000
4652.590290 29.999000 0.038000
4658.646120 29.999000 0.044000
4661.555190 29.999000 0.039000
4665.689050 29.999000 0.043000
4667.707190 29.999000 0.044000
4677.618400 29.999000 0.041000
4679.633270 29.999000 0.036000
4682.616120 29.999000 0.055000
4686.557250 29.999000 0.045000
4690.581300 29.999000 0.040000
4697.645890 29.999000 0.037000
4701.637130 29.999000 0.040000
4703.640630 29.999000 0.042000
4706.589790 29.999000 0.045000
4709.540930 29.999000 0.056000
4716.629440 29.999000 0.040000
4721.575510 29.999000 0.038000
4733.563120 29.999000 0.047000
4842.865950 29.999000 0.044000
4846.867320 29.999000 0.044000
4850.855930 29.999000 0.038000
4867.830510 29.999000 0.045000
4870.859670 29.999000 0.038000
4921.790840 29.999000 0.046000
4937.805260 29.999000 0.048000
4951.723230 29.999000 0.051000
5037.670960 29.999000 0.047000
5039.621580 29.999000 0.044000
5041.609320 29.999000 0.043000
5048.638270 29.999000 0.047000
5071.578500 29.999000 0.052000
5092.542280 29.999000 0.047000
