1928.821930 14.854000 0.065000
1929.836030 14.684000 0.064000
1935.833850 14.383000 0.062000
1945.806740 13.981000 0.067000
1947.740550 13.977000 0.065000
1953.736690 13.905000 0.066000
1955.749600 13.739000 0.064000
1958.731550 13.767000 0.069000
1961.723480 14.092000 0.067000
1963.720810 13.894000 0.067000
1965.719550 13.849000 0.067000
1966.725580 13.489000 0.067000
1967.707500 13.499000 0.068000
1968.711750 13.594000 0.070000
2025.566780 13.292000 0.069000
2027.584980 13.580000 0.075000
2033.565410 13.840000 0.074000
2034.563730 13.855000 0.072000
2463.505890 14.449000 0.070000
2466.461920 14.120000 0.065000
2468.529450 14.245000 0.065000
2733.713360 14.523000 0.062000
2734.782550 14.503000 0.063000
2736.649700 14.249000 0.062000
2739.829090 14.307000 0.064000
2741.681630 14.206000 0.061000
2744.662730 14.074000 0.062000
2747.737270 13.930000 0.060000
2750.774710 13.832000 0.059000
2754.774860 13.580000 0.062000
2756.723380 13.324000 0.060000
2759.666650 13.286000 0.060000
2760.753830 13.175000 0.066000
2764.680390 13.027000 0.060000
2775.704790 12.851000 0.062000
2783.551300 12.844000 0.065000
2785.553080 12.829000 0.061000
2786.650180 12.832000 0.062000
2791.702180 12.715000 0.059000
2809.572740 12.456000 0.064000
2811.566510 12.550000 0.061000
2812.646680 12.507000 0.059000
2819.600180 12.618000 0.061000
2821.609680 12.599000 0.061000
2826.587240 12.565000 0.061000
2831.604840 12.739000 0.060000
2838.554910 12.953000 0.059000
2855.533220 13.723000 0.058000
3017.782190 14.345000 0.059000
3025.774360 14.071000 0.060000
3029.853890 13.954000 0.064000
3035.775440 13.879000 0.061000
3039.857060 13.722000 0.062000
3042.769670 13.527000 0.063000
3045.748470 13.828000 0.060000
3049.703290 13.480000 0.058000
3052.734420 13.304000 0.061000
3066.705650 13.209000 0.061000
3068.743920 13.116000 0.060000
3070.753920 13.169000 0.059000
3073.677620 13.268000 0.059000
3075.729130 13.456000 0.060000
3079.752580 13.611000 0.060000
3085.793660 13.661000 0.060000
3087.795140 13.499000 0.062000
3092.676140 13.799000 0.061000
3096.665680 13.444000 0.059000
3098.677910 13.605000 0.060000
3102.706490 13.571000 0.058000
3104.719580 13.392000 0.061000
3106.719720 13.431000 0.057000
3108.721970 13.596000 0.059000
3112.744440 13.705000 0.059000
3114.776370 13.630000 0.059000
3116.822130 13.688000 0.059000
3121.681200 13.844000 0.058000
3125.660590 13.849000 0.059000
3133.737240 14.152000 0.060000
3355.822820 13.338000 0.075000
3389.824950 13.329000 0.065000
3396.756340 13.661000 0.062000
3399.777810 13.510000 0.063000
3402.804010 13.553000 0.068000
3405.765730 13.837000 0.065000
3408.752590 13.998000 0.075000
3411.750450 13.924000 0.065000
3414.734470 14.035000 0.060000
3416.810970 13.989000 0.065000
3419.727070 14.016000 0.067000
3431.781850 14.830000 0.063000
3538.597310 14.051000 0.058000
3547.569930 14.103000 0.065000
3561.515650 13.868000 0.065000
3563.527710 14.033000 0.063000
3570.559690 13.883000 0.067000
3574.549490 13.932000 0.063000
3577.533020 13.727000 0.064000
3585.492890 13.160000 0.063000
3587.517390 13.130000 0.061000
3593.481740 12.739000 0.065000
3601.488070 12.726000 0.063000
3608.473530 12.773000 0.064000
3795.813380 14.487000 0.070000
3805.726840 13.838000 0.074000
3810.789680 13.857000 0.068000
3815.699460 13.719000 0.064000
3817.708870 13.737000 0.068000
3819.763570 13.367000 0.065000
3824.693190 13.314000 0.059000
3826.702390 13.269000 0.059000
3828.735370 13.350000 0.067000
3831.601880 13.162000 0.061000
3833.655830 13.087000 0.071000
3835.669250 13.250000 0.069000
3837.705990 12.890000 0.064000
3852.690350 12.587000 0.072000
3856.738500 12.515000 0.062000
3861.608190 12.523000 0.060000
3863.602260 12.612000 0.070000
3865.617560 12.585000 0.070000
3867.660140 12.620000 0.063000
3869.668530 12.573000 0.061000
3871.657260 12.612000 0.063000
3874.740610 12.562000 0.061000
3882.620150 12.880000 0.071000
3886.668980 13.092000 0.075000
3890.639190 13.199000 0.061000
3894.650130 13.321000 0.060000
3898.519380 13.378000 0.063000
3902.585230 13.407000 0.061000
3904.608370 13.729000 0.068000
4103.845960 13.227000 0.067000
4106.842360 12.886000 0.066000
4126.789810 12.651000 0.060000
4129.775470 12.783000 0.065000
4135.763700 12.813000 0.071000
4139.859390 12.894000 0.059000
4142.749450 12.731000 0.060000
4145.734950 12.725000 0.065000
4151.689980 12.890000 0.076000
4153.779730 12.877000 0.063000
4158.711490 13.001000 0.076000
4160.757290 13.005000 0.056000
4162.749910 13.427000 0.062000
4164.762110 13.246000 0.068000
4172.782500 13.557000 0.068000
4175.656950 14.176000 0.076000
4177.776940 13.720000 0.064000
4180.686100 14.149000 0.061000
4182.712470 13.928000 0.069000
4184.734260 13.832000 0.065000
4190.626270 13.951000 0.060000
4192.666980 14.207000 0.063000
4197.693850 14.411000 0.060000
4200.649880 14.713000 0.058000
4203.655750 14.554000 0.065000
4340.473930 14.048000 0.060000
4430.843810 13.024000 0.065000
4438.843790 13.588000 0.065000
4442.835410 13.964000 0.067000
4448.822580 13.992000 0.073000
4583.569370 14.741000 0.061000
4586.594940 14.018000 0.060000
4594.720670 14.098000 0.060000
4596.730570 14.215000 0.058000
4601.588380 14.014000 0.062000
4603.638150 13.706000 0.063000
4607.639600 13.712000 0.060000
4609.705600 13.634000 0.070000
4611.668970 13.889000 0.070000
4616.680660 13.746000 0.062000
4622.651520 13.622000 0.062000
4627.530260 13.509000 0.076000
4629.539780 13.410000 0.064000
4631.584550 13.401000 0.059000
4633.603420 13.243000 0.067000
4639.641100 13.257000 0.062000
4644.542600 13.150000 0.070000
4648.606820 13.220000 0.073000
4653.527580 12.952000 0.066000
4655.510620 12.811000 0.058000
4659.600500 12.952000 0.059000
4666.515160 12.766000 0.067000
4670.511620 13.036000 0.061000
4672.544670 12.938000 0.074000
4677.487460 13.060000 0.076000
4679.511370 13.214000 0.073000
4700.470440 13.632000 0.066000
4703.471200 14.198000 0.068000
4875.830660 13.925000 0.066000
4881.730100 13.618000 0.066000
4884.724650 13.448000 0.058000
2255.818540 12.499000 0.071000
1950.731680 14.084000 0.080000
1962.750610 13.717000 0.072000
1971.726300 13.134000 0.070000
1977.683850 12.618000 0.079000
1981.709080 12.614000 0.074000
1982.676330 12.494000 0.072000
1984.681620 12.483000 0.076000
1985.671780 12.452000 0.076000
1993.670040 12.130000 0.082000
1994.656280 12.417000 0.083000
2026.588660 13.270000 0.083000
2030.558380 13.806000 0.081000
2031.575060 13.811000 0.081000
2032.573860 13.715000 0.084000
2038.568850 13.796000 0.087000
2053.532600 14.571000 0.086000
2055.489010 14.663000 0.093000
2056.530580 14.714000 0.087000
2057.519910 14.679000 0.087000
2059.486540 15.042000 0.088000
2235.841060 13.354000 0.071000
2237.840860 12.852000 0.068000
2240.825690 13.000000 0.066000
2242.831870 12.906000 0.069000
2248.798760 12.526000 0.072000
2250.809740 12.411000 0.074000
2252.809600 12.410000 0.071000
2257.815660 12.202000 0.073000
2460.469270 14.284000 0.070000
2489.490270 13.322000 0.077000
2757.815250 13.469000 0.066000
2790.498810 12.789000 0.071000
2804.575110 12.629000 0.063000
2843.549850 13.045000 0.068000
3062.829600 13.334000 0.064000
3081.791180 13.740000 0.066000
3386.830430 13.448000 0.072000
3523.618100 14.816000 0.082000
3590.507560 13.199000 0.078000
3769.788030 14.791000 0.092000
3798.698740 14.024000 0.093000
3813.650460 13.780000 0.074000
3822.636920 14.136000 0.087000
3848.662170 12.585000 0.069000
3850.680070 12.598000 0.093000
3892.618120 13.089000 0.073000
3900.549600 13.490000 0.084000
3906.624490 13.906000 0.079000
3908.618640 13.859000 0.078000
4089.814210 13.448000 0.086000
4132.775450 12.789000 0.094000
4137.802140 12.659000 0.077000
4155.829410 12.989000 0.074000
4167.722390 13.587000 0.080000
4456.812740 14.227000 0.072000
4618.694870 13.539000 0.073000
4646.542980 12.977000 0.081000
4651.521930 12.972000 0.077000
4657.559190 12.850000 0.080000
4663.498890 12.704000 0.087000
4682.498590 13.338000 0.081000
4684.504620 13.551000 0.084000
4686.506210 13.341000 0.080000
4892.804410 13.131000 0.084000
4904.693540 12.805000 0.065000
4906.739850 12.691000 0.069000
4918.622430 12.754000 0.070000
4920.805750 13.113000 0.080000
4926.731850 12.697000 0.064000
4929.771850 12.880000 0.068000
4946.718530 12.934000 0.084000
4948.795060 13.082000 0.087000
4962.633710 13.472000 0.068000
4969.670350 13.615000 0.062000
4972.709710 13.779000 0.064000
4985.544060 14.396000 0.064000
1870.842330 29.999000 0.087000
1878.828140 29.999000 0.073000
1904.805460 29.999000 0.068000
1906.800650 29.999000 0.066000
1908.792670 29.999000 0.066000
1913.823190 29.999000 0.065000
1918.741070 29.999000 0.072000
1919.859410 29.999000 0.066000
1926.809280 29.999000 0.066000
1932.810740 29.999000 0.063000
1933.861460 29.999000 0.064000
1937.753440 29.999000 0.063000
1948.782450 29.999000 0.066000
1954.749960 29.999000 0.062000
1964.722140 29.999000 0.066000
2062.503960 29.999000 0.084000
2068.485370 29.999000 0.087000
2070.474520 29.999000 0.080000
2085.491340 29.999000 0.071000
2087.491430 29.999000 0.076000
2096.490260 29.999000 0.073000
2103.505540 29.999000 0.072000
2106.478340 29.999000 0.073000
2116.487610 29.999000 0.065000
2226.853950 29.999000 0.066000
2456.472970 29.999000 0.071000
2476.478740 29.999000 0.073000
2506.465490 29.999000 0.077000
2625.809510 29.999000 0.063000
2641.828930 29.999000 0.064000
2657.775890 29.999000 0.070000
2659.807340 29.999000 0.062000
2663.815680 29.999000 0.061000
2665.821160 29.999000 0.062000
2667.839440 29.999000 0.060000
2676.779850 29.999000 0.061000
2684.718200 29.999000 0.062000
2692.803950 29.999000 0.065000
2700.794390 29.999000 0.060000
2710.682660 29.999000 0.063000
2717.670390 29.999000 0.061000
2721.698770 29.999000 0.063000
2727.712900 29.999000 0.060000
2766.696370 29.999000 0.060000
2875.486200 29.999000 0.066000
2962.852110 29.999000 0.060000
2971.847830 29.999000 0.059000
2982.819960 29.999000 0.064000
2986.813070 29.999000 0.061000
2995.833120 29.999000 0.059000
3003.819950 29.999000 0.058000
3010.818980 29.999000 0.058000
3013.817450 29.999000 0.061000
3032.787170 29.999000 0.061000
3127.670390 29.999000 0.062000
3129.715310 29.999000 0.060000
3131.734270 29.999000 0.059000
3153.689510 29.999000 0.058000
3156.568960 29.999000 0.059000
3159.580590 29.999000 0.062000
3164.616170 29.999000 0.057000
3167.614230 29.999000 0.059000
3184.580020 29.999000 0.058000
3187.524140 29.999000 0.056000
3421.775250 29.999000 0.079000
3438.718360 29.999000 0.067000
3444.716040 29.999000 0.087000
3446.723440 29.999000 0.060000
3459.677840 29.999000 0.062000
3463.752880 29.999000 0.063000
3465.791510 29.999000 0.058000
3472.781890 29.999000 0.069000
3486.772810 29.999000 0.064000
3489.782720 29.999000 0.063000
3497.777460 29.999000 0.059000
3506.595520 29.999000 0.058000
3511.683080 29.999000 0.063000
3702.847230 29.999000 0.078000
3714.816020 29.999000 0.081000
3730.846070 29.999000 0.083000
3744.845110 29.999000 0.067000
3748.783530 29.999000 0.071000
3751.816010 29.999000 0.063000
3757.809610 29.999000 0.073000
3766.832100 29.999000 0.065000
3772.773670 29.999000 0.063000
3778.749880 29.999000 0.085000
3780.802860 29.999000 0.062000
3783.842770 29.999000 0.062000
3788.780450 29.999000 0.062000
3791.721800 29.999000 0.089000
3793.760860 29.999000 0.066000
3800.751690 29.999000 0.071000
3803.688920 29.999000 0.075000
3808.718160 29.999000 0.064000
4187.834780 29.999000 0.061000
4194.700010 29.999000 0.058000
4205.662380 29.999000 0.069000
4208.729440 29.999000 0.067000
4213.722590 29.999000 0.061000
4227.618690 29.999000 0.059000
4229.626170 29.999000 0.065000
4231.634630 29.999000 0.072000
4233.633060 29.999000 0.058000
4235.631350 29.999000 0.081000
4278.589730 29.999000 0.060000
4282.590300 29.999000 0.064000
4284.600630 29.999000 0.062000
4290.596470 29.999000 0.057000
4292.560770 29.999000 0.058000
4294.569040 29.999000 0.058000
4296.563830 29.999000 0.067000
4305.537390 29.999000 0.064000
4317.511900 29.999000 0.071000
4452.822940 29.999000 0.073000
4460.802650 29.999000 0.063000
4470.820690 29.999000 0.063000
4481.851340 29.999000 0.068000
4491.813720 29.999000 0.061000
4494.773590 29.999000 0.060000
4498.788770 29.999000 0.063000
4501.781660 29.999000 0.063000
4504.763710 29.999000 0.057000
4516.752660 29.999000 0.066000
4520.847780 29.999000 0.062000
4525.763240 29.999000 0.067000
4528.689470 29.999000 0.063000
4530.760890 29.999000 0.060000
4536.730830 29.999000 0.059000
4538.770860 29.999000 0.058000
4540.822200 29.999000 0.065000
4542.731750 29.999000 0.066000
4546.752860 29.999000 0.078000
4548.748600 29.999000 0.061000
4551.688980 29.999000 0.058000
4553.721650 29.999000 0.060000
4555.748750 29.999000 0.070000
4557.823240 29.999000 0.059000
4560.605700 29.999000 0.058000
4562.656570 29.999000 0.062000
4564.723050 29.999000 0.057000
4566.740690 29.999000 0.062000
4570.818560 29.999000 0.065000
4572.660740 29.999000 0.060000
4574.669230 29.999000 0.062000
4576.698330 29.999000 0.066000
4588.653050 29.999000 0.067000
4590.721960 29.999000 0.066000
4592.711970 29.999000 0.079000
4599.544820 29.999000 0.061000
4642.533070 29.999000 0.065000
4860.826900 29.999000 0.060000
4872.755590 29.999000 0.062000
1872.846980 29.999000 0.082000
1876.836490 29.999000 0.076000
1884.834860 29.999000 0.074000
1886.811620 29.999000 0.076000
1888.815220 29.999000 0.086000
1899.852890 29.999000 0.062000
1902.820580 29.999000 0.070000
1915.781310 29.999000 0.070000
1921.760890 29.999000 0.066000
1922.873920 29.999000 0.064000
1924.812900 29.999000 0.067000
1925.808300 29.999000 0.066000
1931.732370 29.999000 0.079000
1939.727760 29.999000 0.063000
1949.814960 29.999000 0.072000
2079.465460 29.999000 0.086000
2082.470600 29.999000 0.076000
2094.462390 29.999000 0.070000
2130.483000 29.999000 0.073000
2229.850030 29.999000 0.068000
2441.496700 29.999000 0.063000
2443.494510 29.999000 0.062000
2445.505540 29.999000 0.062000
2453.463040 29.999000 0.071000
2483.461210 29.999000 0.070000
2499.467880 29.999000 0.069000
2622.803430 29.999000 0.062000
2638.814230 29.999000 0.063000
2644.825110 29.999000 0.064000
2651.804860 29.999000 0.062000
2661.822320 29.999000 0.061000
2670.780500 29.999000 0.061000
2672.831730 29.999000 0.063000
2674.821530 29.999000 0.061000
2678.768610 29.999000 0.060000
2680.764180 29.999000 0.062000
2686.746770 29.999000 0.063000
2690.744480 29.999000 0.063000
2694.735820 29.999000 0.061000
2696.766950 29.999000 0.060000
2698.803010 29.999000 0.060000
2704.750790 29.999000 0.062000
2706.720480 29.999000 0.060000
2712.668530 29.999000 0.062000
2714.662800 29.999000 0.062000
2719.754890 29.999000 0.055000
2722.820090 29.999000 0.061000
2724.708450 29.999000 0.055000
2725.882630 29.999000 0.063000
2738.631550 29.999000 0.062000
2742.830020 29.999000 0.061000
2867.480980 29.999000 0.060000
2878.475250 29.999000 0.057000
2975.826050 29.999000 0.060000
2978.840330 29.999000 0.062000
2989.834420 29.999000 0.057000
2992.833690 29.999000 0.062000
3000.835730 29.999000 0.056000
3007.770740 29.999000 0.058000
3090.628650 29.999000 0.068000
3145.556190 29.999000 0.056000
3162.593480 29.999000 0.058000
3169.647520 29.999000 0.060000
3176.640440 29.999000 0.059000
3179.540470 29.999000 0.059000
3182.608480 29.999000 0.058000
3190.557110 29.999000 0.059000
3425.772470 29.999000 0.074000
3442.697180 29.999000 0.057000
3450.700370 29.999000 0.069000
3455.679850 29.999000 0.067000
3457.679670 29.999000 0.067000
3461.690140 29.999000 0.059000
3468.719760 29.999000 0.072000
3470.735850 29.999000 0.058000
3475.587680 29.999000 0.069000
3477.631100 29.999000 0.093000
3479.627370 29.999000 0.070000
3481.627740 29.999000 0.061000
3483.649480 29.999000 0.070000
3491.773450 29.999000 0.067000
3501.497230 29.999000 0.059000
3503.560100 29.999000 0.062000
3509.637470 29.999000 0.058000
3515.712870 29.999000 0.062000
3517.701600 29.999000 0.067000
3529.639970 29.999000 0.083000
3540.629670 29.999000 0.063000
3543.598680 29.999000 0.075000
3559.506170 29.999000 0.069000
3706.839230 29.999000 0.069000
3718.817870 29.999000 0.062000
3722.819240 29.999000 0.059000
3726.810060 29.999000 0.060000
3734.815100 29.999000 0.071000
3741.848520 29.999000 0.069000
3754.813970 29.999000 0.063000
3760.794140 29.999000 0.066000
3775.753710 29.999000 0.062000
4216.709810 29.999000 0.068000
4237.647300 29.999000 0.065000
4246.566460 29.999000 0.066000
4249.565000 29.999000 0.060000
4253.622340 29.999000 0.067000
4255.656000 29.999000 0.058000
4257.653990 29.999000 0.060000
4273.610730 29.999000 0.058000
4276.540330 29.999000 0.059000
4298.568500 29.999000 0.059000
4300.520260 29.999000 0.069000
4303.551160 29.999000 0.065000
4307.563840 29.999000 0.071000
4311.517800 29.999000 0.060000
4331.482410 29.999000 0.060000
4464.796000 29.999000 0.063000
4467.828270 29.999000 0.069000
4474.856340 29.999000 0.066000
4478.782130 29.999000 0.061000
4485.826020 29.999000 0.064000
4488.800780 29.999000 0.060000
4507.750400 29.999000 0.062000
4510.737920 29.999000 0.063000
4518.779510 29.999000 0.064000
4523.708480 29.999000 0.058000
4579.805060 29.999000 0.063000
4794.852330 29.999000 0.059000
4805.851270 29.999000 0.065000
4809.844570 29.999000 0.061000
4814.833530 29.999000 0.061000
4819.847820 29.999000 0.059000
4822.848130 29.999000 0.057000
4826.808590 29.999000 0.066000
4830.805680 29.999000 0.062000
4834.796000 29.999000 0.067000
4837.827230 29.999000 0.060000
4845.840040 29.999000 0.067000
4848.824860 29.999000 0.062000
4851.846830 29.999000 0.064000
4855.825420 29.999000 0.062000
4863.781430 29.999000 0.062000
4866.809660 29.999000 0.063000
4869.789150 29.999000 0.067000
4989.652540 29.999000 0.066000
4991.663730 29.999000 0.065000
5015.590050 29.999000 0.070000
5021.570780 29.999000 0.071000
5023.572620 29.999000 0.068000
5037.538850 29.999000 0.073000
5039.531750 29.999000 0.072000
5041.538450 29.999000 0.067000
2232.841850 29.999000 0.056000
2234.826860 29.999000 0.054000
2236.831140 29.999000 0.055000
2239.833420 29.999000 0.058000
2241.817920 29.999000 0.059000
2628.789890 29.999000 0.034000
2635.801410 29.999000 0.034000
2660.786930 29.999000 0.039000
2679.719940 29.999000 0.032000
