2026.739260 13.351000 0.037000
2027.732060 13.268000 0.039000
2030.722060 13.176000 0.039000
2031.730060 13.162000 0.037000
2032.719400 13.219000 0.040000
2033.713620 13.285000 0.038000
2040.756510 13.049000 0.040000
2052.656580 12.901000 0.040000
2053.689810 12.740000 0.036000
2054.683660 12.664000 0.042000
2057.661410 12.558000 0.039000
2058.662030 12.454000 0.042000
2067.682530 12.016000 0.040000
2068.643080 11.902000 0.040000
2069.638950 11.853000 0.041000
2070.629250 11.740000 0.039000
2071.659540 11.709000 0.040000
2080.546750 11.046000 0.039000
2081.610670 11.029000 0.040000
2083.607990 10.938000 0.044000
2086.602740 10.782000 0.039000
2087.598080 10.756000 0.039000
2094.708190 10.488000 0.044000
2096.576020 10.466000 0.045000
2102.553550 10.378000 0.037000
2103.568720 10.370000 0.039000
2104.568560 10.381000 0.039000
2105.563220 10.357000 0.039000
2106.569670 10.345000 0.038000
2109.560040 10.350000 0.037000
2115.524650 10.374000 0.037000
2116.534900 10.394000 0.041000
2117.531440 10.438000 0.040000
2128.499300 10.550000 0.036000
2130.498520 10.537000 0.038000
2132.494650 10.888000 0.040000
2134.495270 10.607000 0.040000
2136.489300 10.692000 0.041000
2141.494240 10.800000 0.038000
2143.490360 10.840000 0.038000
2441.623880 11.158000 0.041000
2444.615940 11.064000 0.039000
2452.584840 10.814000 0.035000
2454.613260 10.764000 0.039000
2464.577510 10.498000 0.043000
2465.574400 10.479000 0.039000
2467.570910 10.440000 0.035000
2468.565470 10.469000 0.041000
2469.562000 10.405000 0.044000
2473.515590 10.414000 0.037000
2481.521180 10.459000 0.042000
2486.531440 10.547000 0.043000
2491.506970 10.569000 0.045000
2504.585140 10.778000 0.046000
2520.530760 11.209000 0.044000
2521.540180 11.287000 0.044000
2702.860400 14.229000 0.037000
2709.865550 14.184000 0.036000
2711.868310 14.037000 0.035000
2713.841550 13.821000 0.042000
2717.816650 14.009000 0.038000
2722.886030 13.629000 0.036000
2724.810490 13.551000 0.036000
2726.806520 13.356000 0.032000
2728.800950 13.311000 0.046000
2730.800860 13.330000 0.044000
2733.797600 13.168000 0.046000
2737.778290 13.083000 0.038000
2739.779880 13.005000 0.041000
2743.759280 12.799000 0.040000
2750.811960 12.812000 0.037000
2752.748460 12.697000 0.036000
2757.739400 12.564000 0.037000
2759.791030 12.463000 0.034000
2761.735100 12.433000 0.036000
2763.722610 12.366000 0.039000
2766.825380 12.131000 0.046000
2770.719280 11.928000 0.039000
2782.717980 11.324000 0.035000
2784.691160 11.217000 0.034000
2785.824750 11.156000 0.036000
2787.763300 11.023000 0.036000
2791.618850 10.764000 0.045000
2794.692710 10.541000 0.037000
2809.663380 9.498000 0.039000
2810.800220 9.469000 0.039000
2812.619620 9.377000 0.034000
2813.786480 9.340000 0.040000
2820.671120 9.071000 0.035000
2822.705080 9.040000 0.042000
2826.706620 9.049000 0.034000
2832.588290 9.130000 0.038000
2833.708490 9.132000 0.037000
2838.593440 9.229000 0.040000
2840.652170 9.322000 0.036000
2845.639980 9.483000 0.035000
2851.535330 9.721000 0.034000
2853.681900 9.790000 0.033000
2855.577590 9.836000 0.036000
2860.509050 10.008000 0.036000
2866.511790 10.259000 0.036000
2868.553520 10.317000 0.041000
2872.554640 10.406000 0.037000
2875.587770 10.482000 0.036000
2877.578850 10.579000 0.036000
2879.579420 10.629000 0.035000
2882.600190 10.707000 0.038000
2888.476230 10.882000 0.037000
2892.477220 11.036000 0.036000
2896.548020 11.142000 0.038000
2898.538560 11.283000 0.046000
2900.533440 11.225000 0.047000
2904.522990 11.379000 0.047000
2906.518740 11.454000 0.042000
2909.519980 11.532000 0.041000
2915.485510 11.755000 0.039000
2923.495690 11.983000 0.037000
2927.492460 12.116000 0.037000
3091.823270 14.350000 0.037000
3096.856060 13.645000 0.040000
3098.848360 13.987000 0.037000
3099.845990 13.902000 0.036000
3099.876650 14.110000 0.036000
3100.709320 13.826000 0.042000
3100.740140 13.717000 0.040000
3100.775800 13.690000 0.044000
3100.801870 13.778000 0.033000
3100.918310 14.207000 0.035000
3101.841700 13.754000 0.038000
3105.837740 13.500000 0.043000
3107.836070 13.834000 0.040000
3115.820860 13.551000 0.040000
3122.749820 13.516000 0.036000
3124.802580 13.376000 0.036000
3126.775350 13.529000 0.039000
3132.887710 13.320000 0.038000
3144.792620 12.893000 0.035000
3152.831970 12.607000 0.037000
3154.656300 12.471000 0.036000
3160.690840 12.076000 0.041000
3163.700390 11.997000 0.037000
3165.709010 11.976000 0.037000
3168.726910 11.805000 0.037000
3171.695120 11.618000 0.037000
3175.686000 11.348000 0.042000
3177.787430 11.274000 0.039000
3180.634330 11.071000 0.036000
3183.629070 10.888000 0.039000
3187.727210 10.767000 0.041000
3190.733010 10.640000 0.047000
3270.480370 12.319000 0.041000
3272.548570 12.386000 0.040000
3275.540050 12.540000 0.038000
3278.519330 12.569000 0.038000
3438.871080 14.420000 0.037000
3442.897190 14.219000 0.037000
3445.854810 14.326000 0.035000
3454.858730 14.193000 0.034000
3457.794730 13.837000 0.035000
3462.778690 14.262000 0.040000
3467.813630 13.856000 0.035000
3473.788590 13.551000 0.036000
3476.775370 13.380000 0.039000
3489.757660 13.143000 0.038000
3497.798990 12.980000 0.036000
3501.685850 12.935000 0.036000
3506.756830 12.753000 0.035000
3515.836540 12.286000 0.039000
3518.658530 12.118000 0.039000
3523.738010 11.879000 0.039000
3550.672180 10.282000 0.041000
3562.740370 10.027000 0.038000
3564.713280 10.082000 0.040000
3570.569340 10.090000 0.041000
3573.633990 10.131000 0.039000
3575.651350 10.179000 0.038000
3585.578580 10.441000 0.041000
3587.583070 10.513000 0.035000
3589.593560 10.547000 0.039000
3599.560580 10.878000 0.038000
3603.606860 10.980000 0.037000
3606.605100 11.047000 0.040000
3618.549080 11.394000 0.039000
3626.492100 11.662000 0.037000
3629.546450 11.750000 0.039000
3631.548900 11.857000 0.035000
3634.493470 11.977000 0.037000
3657.495520 12.561000 0.039000
3797.887390 14.608000 0.037000
3805.887410 14.625000 0.038000
3805.902740 14.775000 0.033000
3816.892010 13.992000 0.037000
3819.837200 14.695000 0.037000
3825.814720 13.793000 0.037000
3828.808370 13.914000 0.037000
3831.794800 13.827000 0.038000
3833.848070 13.651000 0.041000
3836.786520 13.435000 0.038000
3852.737510 12.952000 0.036000
3856.825070 12.824000 0.044000
3863.760070 12.575000 0.039000
3865.753930 12.567000 0.038000
3871.745270 12.467000 0.043000
3874.831610 12.366000 0.045000
3877.683220 12.298000 0.037000
3880.722630 12.166000 0.036000
3882.768360 12.067000 0.042000
3886.773210 11.837000 0.040000
3891.634210 11.538000 0.038000
3893.665310 11.476000 0.041000
3898.671180 11.127000 0.036000
3902.701970 10.816000 0.034000
3904.734940 10.699000 0.038000
3908.813090 10.506000 0.043000
3912.732260 10.357000 0.042000
3981.476410 11.006000 0.044000
4172.869140 14.810000 0.036000
4215.760440 13.827000 0.039000
4228.765230 13.860000 0.045000
4230.762170 13.653000 0.039000
4234.764040 13.760000 0.035000
4255.723730 12.437000 0.037000
4273.796930 11.106000 0.045000
4276.602510 10.993000 0.036000
4284.771950 10.616000 0.044000
4292.711880 10.514000 0.037000
4298.721790 10.480000 0.040000
4300.621500 10.493000 0.046000
4302.672040 10.534000 0.041000
4308.545340 10.598000 0.045000
4310.641000 10.635000 0.040000
4315.644710 10.761000 0.042000
4319.543780 10.856000 0.040000
4329.482880 11.172000 0.043000
4341.567630 11.556000 0.039000
4345.585700 11.671000 0.042000
4347.583490 11.830000 0.041000
4351.582250 11.968000 0.041000
4354.564680 12.056000 0.036000
4357.487690 12.113000 0.036000
4363.478240 12.287000 0.041000
4365.532720 12.411000 0.047000
4369.505740 12.560000 0.040000
4371.522890 12.694000 0.040000
4375.511710 12.828000 0.039000
4377.520140 12.798000 0.039000
4380.507500 12.767000 0.038000
4383.499580 13.009000 0.037000
4554.873080 14.242000 0.041000
4557.810930 14.342000 0.036000
4560.807170 13.909000 0.043000
4563.801890 14.217000 0.041000
4569.789790 13.541000 0.035000
4571.833050 13.570000 0.038000
4575.789360 13.649000 0.039000
4582.764270 13.778000 0.044000
4588.734910 13.223000 0.045000
4590.793140 13.156000 0.041000
4592.865700 13.111000 0.039000
4595.709950 13.203000 0.037000
4597.750360 13.122000 0.038000
4602.711070 12.996000 0.044000
4609.725620 12.639000 0.035000
4611.715270 12.399000 0.043000
4615.780210 12.114000 0.040000
4623.654430 11.378000 0.041000
4627.644430 10.999000 0.043000
4629.634450 10.819000 0.037000
4631.640670 10.652000 0.041000
4640.630450 10.055000 0.039000
4644.648850 9.918000 0.044000
4650.712380 9.811000 0.042000
4652.723280 9.833000 0.035000
4654.699220 9.885000 0.037000
4656.669480 9.851000 0.035000
4663.574460 10.017000 0.043000
4664.742020 9.999000 0.038000
4667.565840 10.081000 0.036000
4672.721910 10.176000 0.037000
4679.550400 10.242000 0.038000
4684.531540 10.333000 0.037000
4690.612800 10.428000 0.044000
4700.571770 10.652000 0.042000
4704.575030 10.799000 0.042000
4722.526560 11.360000 0.043000
4725.553090 11.545000 0.043000
4728.516550 11.588000 0.043000
4737.511350 11.947000 0.038000
4740.504660 12.028000 0.040000
4745.488540 12.216000 0.044000
4917.844120 13.976000 0.040000
4945.824480 13.499000 0.043000
4948.742940 13.562000 0.041000
1995.814560 13.551000 0.048000
2016.760190 13.370000 0.048000
2055.665530 12.704000 0.041000
2061.674250 12.289000 0.041000
2156.552070 11.233000 0.048000
2443.615490 11.109000 0.050000
2459.547800 10.576000 0.053000
2463.594670 10.516000 0.051000
2482.553900 10.481000 0.048000
2489.517790 10.538000 0.049000
2494.502320 10.630000 0.053000
2508.594270 10.929000 0.049000
2510.547600 10.968000 0.051000
2524.535990 11.431000 0.049000
2735.794740 13.147000 0.053000
3088.839000 14.083000 0.048000
3110.777670 13.595000 0.049000
3113.766290 13.371000 0.052000
3464.882770 13.700000 0.050000
3480.831140 13.251000 0.046000
3503.749820 12.882000 0.048000
3525.816300 11.693000 0.044000
3530.630830 11.301000 0.041000
3537.677700 10.806000 0.044000
3543.643850 10.548000 0.050000
3583.525780 10.351000 0.046000
3591.668560 10.581000 0.040000
3601.602150 10.879000 0.042000
3615.512310 11.345000 0.047000
3620.570580 11.534000 0.048000
3646.506670 12.227000 0.044000
3653.486240 12.424000 0.048000
3802.857850 14.865000 0.048000
3822.825520 14.095000 0.046000
3849.795110 13.094000 0.041000
3859.726040 12.758000 0.051000
3861.773590 12.687000 0.053000
3867.744850 12.376000 0.046000
3906.738030 10.567000 0.050000
4257.773810 12.176000 0.053000
4296.713310 10.484000 0.053000
4312.640310 10.626000 0.051000
4339.512950 11.456000 0.050000
4349.581320 11.851000 0.049000
4566.790180 13.865000 0.047000
4617.696250 12.034000 0.055000
4648.664630 9.813000 0.047000
4677.533560 10.262000 0.046000
4682.531050 10.267000 0.043000
4920.821330 13.876000 0.045000
4936.827080 14.062000 0.047000
4939.770630 13.799000 0.044000
4966.715000 13.118000 0.050000
4968.764270 13.143000 0.051000
4991.676650 11.728000 0.046000
4993.840040 11.579000 0.047000
5022.596860 10.424000 0.050000
5024.599980 10.434000 0.046000
5038.548260 10.429000 0.051000
5049.558960 10.652000 0.049000
5083.587140 11.888000 0.053000
5085.588990 11.946000 0.054000
5088.533610 12.022000 0.051000
1931.869450 29.999000 0.040000
1936.876960 29.999000 0.039000
1939.884210 29.999000 0.039000
1946.894990 29.999000 0.041000
1953.823200 29.999000 0.042000
1963.843240 29.999000 0.040000
1980.799670 29.999000 0.046000
1985.906220 29.999000 0.048000
1994.741660 29.999000 0.047000
1998.805990 29.999000 0.047000
1999.841260 29.999000 0.051000
2018.756110 29.999000 0.050000
2540.509870 29.999000 0.052000
2677.851030 29.999000 0.050000
2684.850500 29.999000 0.039000
2690.843680 29.999000 0.035000
2699.845520 29.999000 0.051000
2707.850190 29.999000 0.041000
3042.888420 29.999000 0.039000
3056.878520 29.999000 0.031000
3060.878110 29.999000 0.038000
3064.866300 29.999000 0.038000
3078.909510 29.999000 0.040000
3081.859840 29.999000 0.039000
3099.728410 29.999000 0.037000
3099.758740 29.999000 0.038000
3100.861050 29.999000 0.038000
3100.887240 29.999000 0.034000
3101.795310 29.999000 0.041000
3101.813150 29.999000 0.036000
3101.898680 29.999000 0.035000
3128.763390 29.999000 0.040000
3397.880660 29.999000 0.038000
3402.881950 29.999000 0.037000
3415.859640 29.999000 0.046000
3767.884560 29.999000 0.040000
3772.883160 29.999000 0.040000
3790.853240 29.999000 0.038000
3805.733560 29.999000 0.035000
3805.762110 29.999000 0.033000
3805.807280 29.999000 0.039000
3805.840810 29.999000 0.034000
3805.872530 29.999000 0.034000
3809.838800 29.999000 0.042000
3812.847990 29.999000 0.037000
4128.878810 29.999000 0.034000
4193.833580 29.999000 0.042000
4502.868140 29.999000 0.036000
4890.867300 29.999000 0.045000
4902.906600 29.999000 0.043000
4914.884310 29.999000 0.048000
4924.855230 29.999000 0.047000
4928.845870 29.999000 0.051000
1933.873580 29.999000 0.037000
1949.853080 29.999000 0.058000
1961.851470 29.999000 0.044000
1965.834120 29.999000 0.041000
1967.836280 29.999000 0.045000
1977.773070 29.999000 0.048000
1996.811090 29.999000 0.048000
1997.852990 29.999000 0.046000
2000.802600 29.999000 0.046000
2005.794840 29.999000 0.051000
2014.751450 29.999000 0.048000
2662.870150 29.999000 0.040000
2673.864620 29.999000 0.035000
2696.842000 29.999000 0.037000
3053.857340 29.999000 0.037000
3071.890750 29.999000 0.041000
3085.885110 29.999000 0.041000
3099.701830 29.999000 0.050000
3099.784420 29.999000 0.034000
3100.834770 29.999000 0.045000
3101.752050 29.999000 0.045000
3101.870150 29.999000 0.036000
3407.867380 29.999000 0.036000
3411.870090 29.999000 0.041000
3419.852030 29.999000 0.036000
3423.853030 29.999000 0.043000
3426.858310 29.999000 0.034000
3434.854290 29.999000 0.038000
3449.845600 29.999000 0.037000
3452.848550 29.999000 0.048000
3757.871830 29.999000 0.038000
4132.882290 29.999000 0.039000
4136.870540 29.999000 0.042000
4140.872050 29.999000 0.043000
4151.873840 29.999000 0.053000
4158.874950 29.999000 0.034000
4162.844570 29.999000 0.036000
4166.837170 29.999000 0.035000
4184.858020 29.999000 0.046000
4188.832450 29.999000 0.039000
4191.783680 29.999000 0.043000
4200.786640 29.999000 0.043000
4207.787430 29.999000 0.041000
4246.709830 29.999000 0.047000
4492.880600 29.999000 0.037000
4506.859730 29.999000 0.041000
4510.861230 29.999000 0.046000
4517.880000 29.999000 0.040000
4521.844280 29.999000 0.038000
4527.849750 29.999000 0.037000
4531.836550 29.999000 0.036000
4535.896360 29.999000 0.037000
4539.832220 29.999000 0.043000
4545.849330 29.999000 0.044000
4548.817400 29.999000 0.040000
4573.788330 29.999000 0.043000
4856.877500 29.999000 0.037000
4863.878830 29.999000 0.039000
4868.884060 29.999000 0.041000
4872.878320 29.999000 0.039000
4876.894900 29.999000 0.037000
4882.867370 29.999000 0.036000
4955.770890 29.999000 0.046000
2703.856660 13.976000 0.038000
2727.827110 13.454000 0.038000
