2464.731920 10.609000 0.036000
2490.675240 10.724000 0.038000
2884.743570 11.851000 0.035000
2894.631790 11.335000 0.036000
2895.744710 11.280000 0.035000
2897.748350 11.163000 0.036000
2907.744470 10.962000 0.036000
2933.643110 11.145000 0.035000
2968.564180 12.871000 0.036000
2973.535240 13.369000 0.035000
2977.546370 13.387000 0.035000
2840.766480 29.999000 0.037000
2853.639190 29.999000 0.038000
2195.537840 13.576000 0.039000
2197.551590 13.545000 0.040000
2199.539040 13.468000 0.039000
2202.555910 13.237000 0.046000
2212.532450 12.532000 0.042000
2215.513720 12.178000 0.047000
3591.729770 11.184000 0.041000
3591.734740 11.179000 0.045000
2230.505450 11.016000 0.053000
3591.724760 11.194000 0.046000
3591.732310 11.123000 0.044000
3591.751390 11.187000 0.043000
3591.770590 11.147000 0.046000
2191.577500 29.999000 0.039000
2193.547960 29.999000 0.039000
2845.796450 13.822000 0.041000
3294.601840 13.726000 0.047000
4375.616250 13.785000 0.039000
1872.536870 12.870000 0.044000
2025.886180 11.475000 0.040000
2032.840870 11.491000 0.041000
2053.846160 11.540000 0.043000
2054.870640 11.548000 0.041000
2055.844220 11.597000 0.044000
2057.835960 11.618000 0.045000
2058.845230 11.685000 0.044000
2080.731190 12.780000 0.046000
2081.833850 12.889000 0.041000
2085.733850 13.181000 0.043000
2086.812690 13.401000 0.041000
2088.756240 13.346000 0.043000
2103.740130 13.716000 0.041000
2105.717870 14.452000 0.043000
2106.720060 14.159000 0.044000
2442.780310 11.881000 0.044000
2443.782310 11.702000 0.041000
2445.765990 11.623000 0.042000
2467.725500 10.558000 0.040000
2494.663860 10.838000 0.044000
2499.651380 11.031000 0.043000
2501.647110 11.104000 0.043000
2502.654060 11.179000 0.044000
2520.628060 12.355000 0.046000
2521.637700 12.437000 0.040000
2523.779920 12.525000 0.043000
2733.900920 12.421000 0.038000
2736.892970 12.591000 0.039000
2739.887940 12.810000 0.039000
2742.882360 13.055000 0.040000
2764.844010 14.148000 0.038000
2858.678360 13.274000 0.042000
2879.802320 12.153000 0.042000
2883.599120 11.991000 0.040000
2892.735280 11.445000 0.045000
2895.752440 11.265000 0.039000
2899.718960 11.112000 0.043000
2905.578480 10.903000 0.037000
2907.749590 10.920000 0.036000
2909.690760 10.896000 0.040000
2911.653760 10.904000 0.037000
2913.639150 10.919000 0.039000
2929.650400 11.021000 0.042000
2931.655390 11.098000 0.039000
2937.646470 11.226000 0.044000
2950.630860 11.644000 0.039000
2953.547220 11.859000 0.041000
2955.561370 12.027000 0.040000
2959.566480 12.221000 0.039000
2965.582230 12.668000 0.039000
2974.536730 13.332000 0.038000
2976.567220 13.226000 0.040000
3154.787380 10.739000 0.042000
3166.778000 10.987000 0.039000
3169.794810 11.070000 0.039000
3179.786870 11.659000 0.039000
3187.814570 12.268000 0.039000
3512.888740 13.592000 0.041000
3526.837280 12.907000 0.036000
3539.748500 11.808000 0.040000
3547.832860 11.177000 0.045000
3554.806140 10.910000 0.042000
3575.758310 10.773000 0.043000
3587.718030 11.062000 0.041000
3602.691270 11.571000 0.040000
3619.733560 12.705000 0.040000
3622.577940 12.786000 0.044000
3625.654060 13.113000 0.044000
3632.616910 13.665000 0.040000
3637.653460 14.156000 0.047000
3639.699850 14.047000 0.048000
3823.905220 11.962000 0.039000
3827.904710 12.275000 0.038000
3832.900290 12.597000 0.039000
3836.894920 12.951000 0.043000
3849.902380 13.892000 0.041000
3853.887390 13.934000 0.039000
3857.906760 14.809000 0.043000
4250.865520 11.464000 0.043000
4268.770660 12.548000 0.041000
4407.636510 13.237000 0.046000
4430.577150 11.913000 0.041000
4436.553140 11.133000 0.042000
4624.824440 12.444000 0.046000
4674.701140 10.793000 0.040000
4684.750120 11.102000 0.042000
4690.699430 11.343000 0.038000
4696.805970 11.740000 0.042000
4700.709740 11.939000 0.045000
4709.721410 12.400000 0.042000
4716.628540 12.695000 0.040000
4724.567900 13.135000 0.047000
4728.770550 13.252000 0.041000
2056.829890 11.591000 0.043000
2067.735950 12.027000 0.045000
2082.780040 13.067000 0.044000
2087.764380 13.494000 0.043000
2104.722890 14.015000 0.043000
2439.788560 12.118000 0.043000
2444.777170 11.714000 0.041000
2465.728670 10.572000 0.044000
2466.726050 10.559000 0.043000
2468.721980 10.628000 0.044000
2470.683550 10.537000 0.042000
2486.681090 10.640000 0.048000
2497.662250 10.953000 0.042000
2498.650000 10.969000 0.045000
2510.667240 11.644000 0.050000
2526.576410 12.758000 0.046000
2854.860590 13.520000 0.038000
2859.796240 13.613000 0.042000
2867.652800 12.969000 0.039000
2872.752370 12.785000 0.039000
2875.758320 12.530000 0.046000
2877.717260 12.378000 0.039000
2897.756130 11.170000 0.038000
2902.692780 11.021000 0.040000
2922.645160 10.965000 0.042000
2924.651330 11.002000 0.047000
2933.646030 11.130000 0.048000
2935.640820 11.182000 0.040000
2940.648470 11.326000 0.039000
2946.527330 11.497000 0.042000
2957.567770 12.190000 0.040000
2961.562670 12.468000 0.041000
2963.578700 12.453000 0.042000
3144.884070 10.750000 0.038000
3157.896730 10.726000 0.042000
3185.773050 12.107000 0.043000
3523.848070 13.111000 0.041000
3558.764620 10.825000 0.042000
3564.771150 10.772000 0.040000
3569.785460 10.757000 0.043000
3577.781150 10.858000 0.044000
3582.886550 10.920000 0.045000
3596.691170 11.339000 0.040000
3617.652880 12.547000 0.045000
4384.555670 14.328000 0.043000
4403.650940 13.642000 0.045000
4410.582720 13.032000 0.043000
4413.618970 12.553000 0.040000
4423.585950 11.711000 0.044000
4433.547870 11.171000 0.039000
4439.548470 11.097000 0.040000
4443.540240 11.078000 0.047000
4651.747280 10.842000 0.038000
4682.744680 11.086000 0.043000
4686.711430 11.230000 0.040000
4702.722580 12.033000 0.040000
4707.626030 12.382000 0.042000
4734.584370 13.809000 0.045000
4744.517670 13.671000 0.041000
4799.544620 13.740000 0.048000
1999.901470 12.320000 0.054000
1876.517390 13.042000 0.042000
1997.900030 12.507000 0.053000
2039.849340 11.468000 0.050000
2068.736750 12.091000 0.046000
2093.691910 13.570000 0.048000
2440.785420 11.957000 0.055000
2489.639860 10.703000 0.051000
2511.752310 11.704000 0.051000
3131.866850 11.319000 0.047000
3160.842500 10.801000 0.047000
3182.824720 11.803000 0.045000
3193.920720 12.748000 0.050000
3520.921870 13.214000 0.046000
3562.913310 10.755000 0.047000
3589.866300 11.155000 0.049000
3592.656720 11.239000 0.051000
5037.725760 13.384000 0.052000
5039.693950 13.450000 0.048000
5063.705900 12.093000 0.052000
5082.790140 10.893000 0.052000
5089.687830 10.935000 0.048000
2446.776410 11.468000 0.055000
2473.691730 10.564000 0.046000
2482.748020 10.543000 0.054000
2487.686760 10.643000 0.051000
2493.663970 10.807000 0.049000
2886.611710 11.731000 0.051000
3172.819620 11.204000 0.051000
3551.819460 11.030000 0.047000
3585.678100 11.007000 0.050000
4427.587220 11.418000 0.047000
4621.852160 12.481000 0.044000
4658.733070 10.677000 0.045000
2114.735000 29.999000 0.042000
2116.688550 29.999000 0.041000
2117.686770 29.999000 0.042000
2128.661540 29.999000 0.043000
2134.659250 29.999000 0.044000
2143.634150 29.999000 0.042000
2145.624570 29.999000 0.040000
2759.895770 29.999000 0.041000
2770.841070 29.999000 0.035000
2790.860320 29.999000 0.041000
2809.895610 29.999000 0.038000
2811.779740 29.999000 0.041000
2838.716850 29.999000 0.043000
2986.527700 29.999000 0.039000
2993.525440 29.999000 0.040000
3266.596130 29.999000 0.040000
3274.576270 29.999000 0.044000
3279.552440 29.999000 0.043000
3470.900600 29.999000 0.040000
3497.875340 29.999000 0.042000
3506.891770 29.999000 0.041000
4344.652400 29.999000 0.049000
4346.650390 29.999000 0.046000
4348.658140 29.999000 0.050000
4352.805690 29.999000 0.039000
4368.585940 29.999000 0.046000
4377.641250 29.999000 0.045000
4400.635210 29.999000 0.045000
4587.884020 29.999000 0.042000
2115.713130 29.999000 0.044000
2132.660920 29.999000 0.042000
2133.652680 29.999000 0.041000
2141.640780 29.999000 0.043000
2144.627900 29.999000 0.039000
2564.521890 29.999000 0.048000
2566.597160 29.999000 0.045000
2783.784050 29.999000 0.039000
2786.844570 29.999000 0.038000
2829.759430 29.999000 0.039000
2831.712490 29.999000 0.040000
2865.767220 29.999000 0.051000
2983.531720 29.999000 0.040000
3268.579030 29.999000 0.043000
3453.908360 29.999000 0.035000
3455.902990 29.999000 0.041000
3459.906780 29.999000 0.040000
3634.650440 29.999000 0.043000
3652.612980 29.999000 0.043000
3657.540240 29.999000 0.044000
3659.603540 29.999000 0.044000
3661.623030 29.999000 0.048000
3663.635470 29.999000 0.048000
3674.594170 29.999000 0.040000
3676.616910 29.999000 0.040000
3701.554180 29.999000 0.041000
3704.547280 29.999000 0.041000
3707.532100 29.999000 0.039000
3712.543410 29.999000 0.054000
3717.526950 29.999000 0.042000
3721.524210 29.999000 0.056000
4296.812280 29.999000 0.045000
4316.773380 29.999000 0.039000
4330.656620 29.999000 0.047000
4332.670480 29.999000 0.044000
4350.667500 29.999000 0.047000
4357.556670 29.999000 0.041000
4359.600930 29.999000 0.040000
4361.597590 29.999000 0.041000
4363.593070 29.999000 0.041000
4372.611520 29.999000 0.040000
4381.700850 29.999000 0.044000
4386.584190 29.999000 0.041000
4388.568800 29.999000 0.043000
4561.889590 29.999000 0.038000
4569.900670 29.999000 0.040000
4726.618540 29.999000 0.048000
4739.564900 29.999000 0.039000
4741.742980 29.999000 0.042000
4750.541240 29.999000 0.041000
4754.683570 29.999000 0.051000
4757.565820 29.999000 0.043000
4759.657500 29.999000 0.045000
4762.614700 29.999000 0.049000
4764.666580 29.999000 0.044000
4767.582680 29.999000 0.042000
4769.650160 29.999000 0.041000
4772.544420 29.999000 0.039000
4778.530900 29.999000 0.040000
4784.563700 29.999000 0.047000
4787.559060 29.999000 0.047000
4793.555690 29.999000 0.047000
4805.537100 29.999000 0.054000
4961.898120 29.999000 0.045000
4974.854680 29.999000 0.050000
5009.863330 29.999000 0.048000
2129.662750 29.999000 0.044000
2130.664330 29.999000 0.044000
2131.654800 29.999000 0.042000
2135.651830 29.999000 0.042000
2136.649100 29.999000 0.042000
2543.535340 29.999000 0.043000
2545.665190 29.999000 0.042000
2551.583820 29.999000 0.046000
2565.580270 29.999000 0.042000
2756.845750 29.999000 0.040000
2761.905700 29.999000 0.042000
2812.897570 29.999000 0.041000
2820.734280 29.999000 0.039000
2832.790980 29.999000 0.041000
2980.548490 29.999000 0.039000
3474.892130 29.999000 0.042000
3478.884450 29.999000 0.044000
3489.894800 29.999000 0.046000
3642.650880 29.999000 0.043000
3644.680270 29.999000 0.051000
3650.652590 29.999000 0.040000
3665.681830 29.999000 0.045000
3669.618850 29.999000 0.040000
3671.658640 29.999000 0.043000
3861.879030 29.999000 0.038000
3868.868620 29.999000 0.040000
3871.841940 29.999000 0.039000
3877.838110 29.999000 0.039000
3882.831290 29.999000 0.048000
3887.850490 29.999000 0.039000
3892.856520 29.999000 0.042000
3894.841650 29.999000 0.040000
3898.777960 29.999000 0.040000
3903.861770 29.999000 0.044000
3905.881890 29.999000 0.049000
3908.785340 29.999000 0.040000
3912.817670 29.999000 0.045000
4304.717060 29.999000 0.047000
4306.720610 29.999000 0.039000
4319.715730 29.999000 0.043000
4340.659190 29.999000 0.046000
4354.771880 29.999000 0.040000
4379.674020 29.999000 0.042000
4951.893890 29.999000 0.049000
2191.533930 14.358000 0.039000
2193.528380 14.493000 0.041000
2195.520230 13.910000 0.042000
2197.527440 13.600000 0.039000
2199.519380 13.535000 0.041000
2204.503580 12.971000 0.042000
3506.900700 13.475000 0.037000
3523.851070 13.200000 0.039000
3554.814660 10.907000 0.036000
3816.908030 11.584000 0.039000
3822.908890 12.012000 0.035000
3826.911760 12.288000 0.037000
3830.904900 12.442000 0.036000
3834.899530 12.566000 0.038000
3849.916580 13.826000 0.039000
3853.897530 13.756000 0.038000
4182.909650 13.402000 0.038000
4205.897230 11.283000 0.037000
4227.914400 10.890000 0.039000
4232.856900 10.945000 0.034000
4246.815580 11.339000 0.037000
4272.805560 13.010000 0.042000
4274.831500 12.952000 0.039000
4277.782370 13.250000 0.036000
4296.809800 14.376000 0.043000
4594.907990 14.557000 0.038000
4601.861230 14.556000 0.036000
4606.926200 13.735000 0.037000
4615.904160 13.243000 0.043000
4622.804960 12.531000 0.040000
4629.841700 11.670000 0.036000
4631.840430 11.354000 0.038000
4633.835370 11.224000 0.042000
4643.834630 10.847000 0.042000
4648.821870 10.853000 0.038000
4651.761730 10.842000 0.042000
4653.798340 10.784000 0.038000
4655.832870 10.773000 0.036000
4661.746250 10.704000 0.036000
4663.758860 10.674000 0.035000
4663.886170 10.691000 0.043000
4671.755950 10.781000 0.036000
4674.709480 10.839000 0.039000
4682.749720 11.016000 0.040000
4698.681120 11.782000 0.041000
4700.674840 11.891000 0.040000
4702.682250 12.004000 0.038000
4709.670390 12.432000 0.043000
4724.570620 13.028000 0.040000
4729.608530 13.495000 0.043000
2040.814650 11.451000 0.045000
2202.529560 13.155000 0.055000
2212.512700 12.525000 0.057000
2214.551220 12.336000 0.051000
2216.569650 12.135000 0.045000
2222.565870 11.592000 0.060000
3538.850300 11.819000 0.047000
4196.908310 11.988000 0.042000
4235.903590 11.011000 0.049000
4298.812680 14.913000 0.047000
4300.768940 14.778000 0.057000
4627.893640 11.981000 0.045000
4646.765230 10.827000 0.044000
4658.745570 10.726000 0.043000
4677.771010 10.941000 0.050000
4704.722220 12.138000 0.053000
4706.757220 12.214000 0.045000
4715.631400 12.672000 0.045000
4743.608050 14.115000 0.045000
4937.888940 14.105000 0.046000
5040.742500 13.564000 0.047000
5042.733630 13.444000 0.048000
5072.655740 11.306000 0.048000
5085.718540 10.953000 0.054000
2156.616500 29.999000 0.045000
2167.573180 29.999000 0.041000
2168.599000 29.999000 0.049000
2171.549290 29.999000 0.040000
2172.581690 29.999000 0.037000
2174.576210 29.999000 0.044000
2175.562710 29.999000 0.045000
2183.530760 29.999000 0.041000
2184.561350 29.999000 0.042000
2187.514920 29.999000 0.047000
2189.531370 29.999000 0.059000
3479.890370 29.999000 0.037000
3483.875550 29.999000 0.035000
3497.877620 29.999000 0.036000
3861.883880 29.999000 0.038000
3865.851440 29.999000 0.037000
3868.877180 29.999000 0.036000
3871.847320 29.999000 0.036000
3882.837840 29.999000 0.050000
3886.897460 29.999000 0.034000
3889.838480 29.999000 0.038000
3892.792670 29.999000 0.034000
3894.827120 29.999000 0.036000
3903.853370 29.999000 0.036000
4290.795890 29.999000 0.041000
4292.789400 29.999000 0.038000
4302.802130 29.999000 0.039000
4304.728410 29.999000 0.045000
4306.725440 29.999000 0.038000
4308.726360 29.999000 0.048000
4314.694650 29.999000 0.046000
4316.784010 29.999000 0.042000
4319.725770 29.999000 0.038000
4331.667400 29.999000 0.047000
4336.621810 29.999000 0.035000
4353.773070 29.999000 0.040000
4545.910200 29.999000 0.041000
4551.912170 29.999000 0.041000
4560.907730 29.999000 0.039000
4564.911730 29.999000 0.037000
4568.902290 29.999000 0.048000
4572.895850 29.999000 0.037000
4576.878970 29.999000 0.036000
4588.873120 29.999000 0.036000
4726.621340 29.999000 0.043000
4731.632400 29.999000 0.045000
4929.918930 29.999000 0.044000
4947.888500 29.999000 0.043000
4951.884890 29.999000 0.044000
4961.916660 29.999000 0.044000
4969.933180 29.999000 0.045000
4973.849520 29.999000 0.045000
4984.896850 29.999000 0.045000
4987.792130 29.999000 0.046000
5015.763370 29.999000 0.041000
5024.786120 29.999000 0.043000
