2156.652700 13.043000 0.040000
2180.581280 13.889000 0.041000
2040.845160 12.010000 0.041000
2177.582400 13.753000 0.047000
3366.588210 29.999000 0.035000
3382.532530 29.999000 0.041000
3387.545200 29.999000 0.033000
4622.870600 13.191000 0.046000
2143.713260 12.606000 0.054000
4966.891280 10.747000 0.048000
2473.773180 29.999000 0.049000
4228.915880 29.999000 0.047000
4231.909560 29.999000 0.047000
4576.915030 29.999000 0.043000
4609.917670 29.999000 0.042000
4975.885900 29.999000 0.046000
4985.851200 29.999000 0.048000
2770.853470 14.822000 0.037000
4338.762630 12.863000 0.041000
4715.685750 11.262000 0.040000
5085.797010 13.663000 0.040000
1869.536160 12.730000 0.034000
1872.550530 12.861000 0.032000
1878.569150 13.044000 0.032000
1880.549880 13.067000 0.033000
1887.532960 13.415000 0.035000
1903.529500 13.712000 0.036000
1907.535250 13.677000 0.034000
2025.868790 12.489000 0.033000
2030.893760 12.384000 0.035000
2032.853250 12.320000 0.033000
2052.852410 11.631000 0.033000
2053.882840 11.618000 0.036000
2057.803710 11.493000 0.033000
2061.858720 11.371000 0.037000
2070.766290 11.108000 0.037000
2085.893890 10.843000 0.037000
2088.779440 10.846000 0.033000
2094.727220 10.892000 0.034000
2103.814050 11.024000 0.035000
2104.768730 11.093000 0.035000
2105.752460 11.065000 0.034000
2106.757200 11.084000 0.036000
2113.797490 11.353000 0.035000
2115.738050 11.406000 0.036000
2116.722270 11.485000 0.035000
2117.718780 11.549000 0.036000
2128.681440 12.010000 0.039000
2129.696230 12.053000 0.032000
2130.695460 12.137000 0.037000
2131.688060 12.136000 0.035000
2132.692030 12.162000 0.035000
2133.685950 12.238000 0.032000
2136.680150 12.275000 0.035000
2141.676310 12.554000 0.036000
2144.658920 12.663000 0.037000
2145.663380 12.716000 0.032000
2156.647490 13.077000 0.038000
2167.606460 13.556000 0.032000
2168.630100 13.455000 0.032000
2169.643640 13.440000 0.036000
2171.607740 13.403000 0.033000
2172.612860 13.574000 0.034000
2173.611270 13.819000 0.034000
2174.609590 13.266000 0.041000
2195.576420 13.638000 0.037000
2196.574270 14.094000 0.036000
2443.840810 13.143000 0.039000
2446.812430 13.102000 0.042000
2460.692290 13.792000 0.035000
2540.820600 14.945000 0.035000
2546.595340 14.338000 0.039000
2552.751500 14.438000 0.032000
2561.589330 14.542000 0.040000
2562.604440 14.221000 0.031000
2563.620750 13.943000 0.039000
2622.569290 11.973000 0.034000
2628.538720 11.620000 0.042000
2634.540370 11.438000 0.031000
2636.569370 11.403000 0.030000
2638.581290 11.363000 0.031000
2640.584040 11.320000 0.032000
2645.535070 11.396000 0.036000
2647.539800 11.366000 0.039000
2650.550780 11.355000 0.032000
2655.535510 11.479000 0.036000
2659.530600 11.553000 0.032000
2734.898910 14.084000 0.032000
2743.894090 14.232000 0.035000
2841.753920 14.069000 0.034000
2851.785970 13.814000 0.033000
2854.641060 13.895000 0.031000
2859.671540 13.722000 0.039000
2860.770480 13.356000 0.034000
2866.747810 13.477000 0.038000
2871.810430 13.280000 0.035000
2876.701880 13.225000 0.039000
2879.644950 13.147000 0.036000
2884.679290 12.901000 0.038000
2886.650100 12.786000 0.037000
2888.685290 12.809000 0.043000
2892.687060 12.617000 0.042000
2893.791150 12.685000 0.034000
2894.867530 12.570000 0.035000
2896.669840 12.546000 0.037000
2898.650440 12.440000 0.042000
2900.649580 12.451000 0.042000
2905.610840 12.343000 0.036000
2911.683420 12.090000 0.038000
2915.578810 11.940000 0.040000
2916.637710 12.015000 0.039000
2923.675240 11.692000 0.038000
2926.676510 11.559000 0.038000
2930.665780 11.298000 0.037000
2932.658040 11.149000 0.037000
2934.651450 11.023000 0.037000
2942.738640 10.681000 0.032000
2944.579300 10.638000 0.037000
2947.624270 10.550000 0.032000
2949.652430 10.519000 0.032000
2951.664910 10.765000 0.034000
2955.685570 10.517000 0.033000
2964.537930 10.737000 0.039000
2966.557110 10.754000 0.035000
2968.567410 10.824000 0.032000
2970.563600 10.933000 0.033000
2972.576420 11.009000 0.031000
2974.600100 11.088000 0.032000
2976.607480 11.198000 0.032000
2978.626330 11.233000 0.031000
2983.553110 11.525000 0.034000
2985.569620 11.684000 0.032000
2987.595440 11.743000 0.032000
2992.600460 11.984000 0.032000
3000.583050 12.361000 0.031000
3007.562710 12.676000 0.034000
3011.553120 12.934000 0.033000
3013.562640 13.065000 0.034000
3154.808050 14.603000 0.032000
3166.838100 13.718000 0.031000
3169.854610 13.691000 0.033000
3180.842170 13.264000 0.035000
3186.817710 13.063000 0.034000
3189.813070 12.759000 0.034000
3211.903100 11.455000 0.037000
3458.914130 13.174000 0.035000
3467.918030 12.975000 0.035000
3471.917030 12.651000 0.037000
3479.894630 12.077000 0.037000
3497.885430 11.088000 0.037000
3506.921320 10.937000 0.039000
3510.861250 10.814000 0.034000
3538.908200 11.038000 0.038000
3541.836940 11.140000 0.037000
3544.797950 11.193000 0.033000
3547.877460 11.331000 0.042000
3554.853580 11.569000 0.039000
3558.812230 11.687000 0.042000
3561.775620 11.789000 0.038000
3563.830020 11.882000 0.032000
3568.829890 12.065000 0.039000
3575.802350 12.340000 0.036000
3577.862310 12.344000 0.034000
3581.862460 12.534000 0.032000
3584.722270 12.662000 0.043000
3586.806560 12.668000 0.034000
3589.706900 12.832000 0.034000
3591.802180 12.898000 0.032000
3595.722110 13.058000 0.040000
3602.746970 13.152000 0.035000
3618.626760 13.671000 0.040000
3620.687860 14.028000 0.039000
3622.742390 13.914000 0.032000
3628.671820 13.896000 0.038000
3640.739080 14.615000 0.031000
3663.710580 14.491000 0.034000
3676.715890 14.632000 0.031000
3702.586870 14.598000 0.032000
3712.560370 14.212000 0.035000
3714.579520 14.004000 0.031000
3716.614560 13.855000 0.033000
3722.567250 13.748000 0.034000
3725.581130 14.159000 0.036000
3732.566890 13.241000 0.035000
3735.583210 13.193000 0.031000
3738.552400 13.066000 0.031000
3754.538340 12.326000 0.040000
3818.911410 10.407000 0.035000
3831.915670 10.693000 0.037000
3835.905360 10.789000 0.035000
3849.921490 11.274000 0.037000
3853.902320 11.427000 0.035000
3861.910560 11.861000 0.037000
3868.892280 12.330000 0.041000
3871.865840 12.453000 0.037000
3875.921110 12.505000 0.038000
3883.894670 12.890000 0.037000
3887.882400 12.964000 0.038000
3893.869930 13.196000 0.036000
3900.849660 13.791000 0.038000
3903.834420 13.415000 0.038000
3906.828450 13.720000 0.036000
3909.825450 13.879000 0.034000
3913.870530 14.186000 0.040000
4103.568180 10.880000 0.037000
4111.535510 11.000000 0.036000
4307.740880 13.763000 0.037000
4309.739140 13.530000 0.035000
4311.744860 13.680000 0.036000
4331.728950 13.094000 0.036000
4333.692270 13.044000 0.033000
4336.690570 12.722000 0.038000
4342.753570 12.725000 0.036000
4346.757150 12.547000 0.041000
4348.762430 12.673000 0.044000
4350.833160 12.507000 0.037000
4353.620800 12.410000 0.031000
4355.693550 12.433000 0.034000
4357.801570 12.286000 0.038000
4362.594570 11.997000 0.033000
4364.634070 11.830000 0.034000
4366.823180 11.729000 0.034000
4368.682050 11.529000 0.036000
4372.692640 11.307000 0.035000
4375.689460 11.155000 0.034000
4379.824660 10.897000 0.034000
4382.567640 10.757000 0.038000
4384.597430 10.759000 0.037000
4386.627740 10.727000 0.034000
4388.604540 10.748000 0.035000
4392.577690 10.749000 0.035000
4398.715550 10.822000 0.039000
4403.707990 10.873000 0.039000
4407.701940 10.982000 0.040000
4410.596210 11.101000 0.035000
4413.636430 11.219000 0.043000
4419.605130 11.417000 0.035000
4422.587660 11.505000 0.033000
4428.639280 11.687000 0.040000
4431.552390 11.856000 0.036000
4433.626150 11.835000 0.034000
4436.576230 11.883000 0.036000
4441.581790 12.108000 0.046000
4444.587400 12.254000 0.035000
4452.608610 12.453000 0.035000
4455.591810 12.502000 0.035000
4458.572260 12.621000 0.036000
4461.571570 12.607000 0.038000
4464.567960 12.835000 0.036000
4477.541470 13.194000 0.035000
4482.529870 13.281000 0.040000
4589.867850 14.045000 0.038000
4593.863440 13.943000 0.032000
4600.900980 13.836000 0.035000
4617.830700 13.179000 0.042000
4621.922080 12.932000 0.040000
4627.849040 12.982000 0.037000
4632.786500 12.831000 0.032000
4638.897710 12.615000 0.037000
4641.818630 12.448000 0.034000
4643.884440 12.255000 0.035000
4649.794910 11.708000 0.040000
4661.762950 11.098000 0.035000
4663.825740 10.950000 0.034000
4665.821520 10.946000 0.036000
4671.811500 10.833000 0.034000
4674.779740 10.845000 0.036000
4685.758010 10.830000 0.037000
4691.699100 10.876000 0.034000
4694.739890 10.935000 0.035000
4697.819090 10.881000 0.038000
4701.838950 10.949000 0.034000
4704.649060 10.985000 0.037000
4709.680250 11.085000 0.038000
4720.808670 11.338000 0.039000
4722.798110 11.449000 0.035000
4725.762170 11.550000 0.031000
4728.708870 11.615000 0.038000
4730.770800 11.762000 0.036000
4733.836770 11.866000 0.046000
4740.620050 12.109000 0.038000
4744.638510 12.271000 0.032000
4746.652910 12.400000 0.034000
4748.635760 12.337000 0.033000
4750.725300 12.581000 0.036000
4752.790350 12.577000 0.037000
4755.556580 12.768000 0.036000
4761.768770 12.862000 0.037000
4764.615890 13.122000 0.034000
4766.720260 12.993000 0.035000
4769.600360 13.037000 0.036000
4773.677960 13.347000 0.040000
4775.717580 13.180000 0.034000
4785.646320 13.348000 0.036000
4985.810710 11.017000 0.037000
5023.862030 12.098000 0.041000
2039.861210 13.389000 0.043000
1874.563980 12.904000 0.035000
1876.575040 13.036000 0.037000
1884.544630 13.183000 0.040000
2040.822160 11.987000 0.043000
2054.941980 11.564000 0.044000
2055.877910 11.541000 0.038000
2067.780960 11.217000 0.041000
2068.768400 11.171000 0.038000
2069.749070 11.195000 0.036000
2080.757040 10.877000 0.036000
2083.753070 10.858000 0.046000
2087.735360 10.861000 0.045000
2093.724110 10.875000 0.038000
2095.714390 10.902000 0.043000
2096.701560 10.915000 0.042000
2135.685070 12.339000 0.048000
2907.779110 12.275000 0.057000
2990.595070 11.898000 0.044000
3183.812870 12.908000 0.047000
3191.897800 12.746000 0.048000
3276.716850 12.228000 0.039000
3475.906920 12.333000 0.047000
3483.882490 11.710000 0.045000
3517.852340 10.988000 0.043000
3521.899600 10.785000 0.044000
3551.873050 11.471000 0.042000
3719.611360 13.828000 0.037000
3728.567970 13.854000 0.035000
3748.556050 12.697000 0.041000
3822.914710 10.461000 0.048000
3827.915240 10.628000 0.045000
3865.863030 12.111000 0.043000
4084.555850 11.142000 0.044000
4106.565870 10.896000 0.046000
4329.743400 12.780000 0.044000
4340.750150 12.843000 0.044000
4344.759070 12.756000 0.051000
4359.848320 12.095000 0.049000
4377.745930 10.956000 0.046000
4426.588620 11.599000 0.041000
4470.560440 12.909000 0.045000
4624.882570 13.152000 0.056000
4646.807710 11.917000 0.040000
4657.775960 11.211000 0.038000
4677.839910 10.807000 0.047000
4757.606260 12.888000 0.045000
4779.695030 13.540000 0.046000
4802.567360 14.281000 0.053000
4824.564900 15.161000 0.050000
4948.891650 11.229000 0.047000
4952.876270 11.059000 0.048000
4961.911470 10.782000 0.042000
4969.852780 10.732000 0.040000
4973.853160 10.807000 0.051000
4987.892980 11.082000 0.041000
4990.872070 11.093000 0.045000
4993.881090 11.158000 0.040000
5008.867980 11.638000 0.049000
5012.825660 11.795000 0.054000
5019.878470 12.016000 0.046000
5040.791430 12.724000 0.041000
5047.777240 13.097000 0.046000
5049.773100 13.006000 0.043000
5088.605300 13.545000 0.042000
1919.526700 29.999000 0.049000
1923.525710 29.999000 0.046000
2007.908990 29.999000 0.056000
2009.894940 29.999000 0.051000
2018.874920 29.999000 0.053000
2178.583180 29.999000 0.033000
2179.569930 29.999000 0.055000
2183.567020 29.999000 0.040000
2184.590590 29.999000 0.037000
2185.596910 29.999000 0.036000
2189.565440 29.999000 0.038000
2190.637860 29.999000 0.036000
2191.596430 29.999000 0.037000
2193.578770 29.999000 0.033000
2194.576430 29.999000 0.034000
2197.575160 29.999000 0.035000
2198.571840 29.999000 0.034000
2199.565500 29.999000 0.035000
2213.528500 29.999000 0.040000
2219.559440 29.999000 0.040000
2222.551090 29.999000 0.050000
2225.546110 29.999000 0.045000
2236.536860 29.999000 0.051000
2241.571170 29.999000 0.049000
2243.578740 29.999000 0.058000
2254.541830 29.999000 0.046000
2465.763230 29.999000 0.042000
2466.761350 29.999000 0.043000
2468.756000 29.999000 0.040000
2470.717710 29.999000 0.041000
2471.810780 29.999000 0.043000
2482.690480 29.999000 0.053000
2486.712390 29.999000 0.043000
2489.683610 29.999000 0.042000
2494.697370 29.999000 0.057000
2497.691210 29.999000 0.054000
2498.683480 29.999000 0.051000
2499.689360 29.999000 0.047000
2502.685220 29.999000 0.046000
2512.618220 29.999000 0.053000
2520.737510 29.999000 0.054000
2521.775410 29.999000 0.050000
2538.839360 29.999000 0.055000
2539.720980 29.999000 0.044000
2553.803100 29.999000 0.048000
2559.585840 29.999000 0.037000
2560.591150 29.999000 0.039000
2564.627540 29.999000 0.041000
2566.663530 29.999000 0.044000
2726.900760 29.999000 0.030000
2730.902190 29.999000 0.031000
2737.896000 29.999000 0.036000
2740.900840 29.999000 0.032000
2755.865220 29.999000 0.035000
2758.877090 29.999000 0.039000
2764.858880 29.999000 0.035000
2776.824160 29.999000 0.033000
2785.871600 29.999000 0.054000
2787.861010 29.999000 0.042000
2805.848340 29.999000 0.040000
2813.805620 29.999000 0.042000
2821.795820 29.999000 0.036000
2921.686280 29.999000 0.039000
3109.898130 29.999000 0.040000
3131.883260 29.999000 0.034000
3158.842020 29.999000 0.049000
3162.872870 29.999000 0.041000
3357.554130 29.999000 0.040000
3625.751570 29.999000 0.033000
3637.785690 29.999000 0.037000
3646.631930 29.999000 0.039000
3651.539180 29.999000 0.037000
3661.694930 29.999000 0.032000
3665.774700 29.999000 0.033000
3669.678730 29.999000 0.031000
4191.909670 29.999000 0.046000
4196.913820 29.999000 0.047000
4204.920530 29.999000 0.037000
4228.832370 29.999000 0.037000
4234.890000 29.999000 0.039000
4246.829610 29.999000 0.036000
4250.930690 29.999000 0.037000
4255.840740 29.999000 0.036000
4258.897370 29.999000 0.035000
4282.736400 29.999000 0.037000
4284.785410 29.999000 0.038000
4290.820370 29.999000 0.043000
4292.843550 29.999000 0.050000
4299.818410 29.999000 0.032000
4301.771880 29.999000 0.035000
4303.778820 29.999000 0.039000
4305.772790 29.999000 0.041000
4314.788180 29.999000 0.035000
4560.915840 29.999000 0.035000
4609.867020 29.999000 0.034000
4611.891470 29.999000 0.034000
4683.718840 29.999000 0.036000
4771.649950 29.999000 0.043000
4777.682700 29.999000 0.033000
4783.584530 29.999000 0.037000
4797.599280 29.999000 0.041000
4804.591790 29.999000 0.036000
4809.575860 29.999000 0.049000
4815.565380 29.999000 0.044000
1998.917710 29.999000 0.052000
2016.885450 29.999000 0.048000
2175.592090 29.999000 0.042000
2192.577540 29.999000 0.033000
2201.554510 29.999000 0.035000
2202.566350 29.999000 0.045000
2203.555960 29.999000 0.041000
2204.543860 29.999000 0.040000
2205.542980 29.999000 0.041000
2206.545680 29.999000 0.037000
2207.541660 29.999000 0.043000
2215.527140 29.999000 0.048000
2217.522800 29.999000 0.048000
2227.538400 29.999000 0.042000
2232.548610 29.999000 0.037000
2234.528800 29.999000 0.039000
2251.556310 29.999000 0.056000
2257.540450 29.999000 0.052000
2453.721220 29.999000 0.058000
2454.742520 29.999000 0.054000
2464.763760 29.999000 0.042000
2487.733890 29.999000 0.055000
2490.711130 29.999000 0.044000
2495.700600 29.999000 0.050000
2501.682910 29.999000 0.042000
2526.721590 29.999000 0.047000
2544.769280 29.999000 0.038000
2548.608550 29.999000 0.043000
2558.587250 29.999000 0.042000
2565.653210 29.999000 0.039000
2577.739970 29.999000 0.049000
2722.910580 29.999000 0.034000
2761.861580 29.999000 0.034000
2783.803820 29.999000 0.035000
2809.773930 29.999000 0.034000
2818.883690 29.999000 0.040000
2829.831700 29.999000 0.041000
2832.852960 29.999000 0.040000
2839.818770 29.999000 0.047000
3018.529410 29.999000 0.036000
3124.873290 29.999000 0.031000
3177.890590 29.999000 0.040000
3363.604950 29.999000 0.033000
3385.538340 29.999000 0.031000
3390.529710 29.999000 0.037000
3615.806440 29.999000 0.043000
3630.716650 29.999000 0.035000
3632.742560 29.999000 0.035000
3643.554940 29.999000 0.041000
3653.586580 29.999000 0.035000
3655.587440 29.999000 0.034000
3657.630030 29.999000 0.032000
3659.667710 29.999000 0.032000
3672.544410 29.999000 0.035000
3674.642590 29.999000 0.033000
3680.523930 29.999000 0.032000
3699.659510 29.999000 0.035000
3705.583130 29.999000 0.035000
3708.567340 29.999000 0.035000
4231.881390 29.999000 0.035000
4268.812920 29.999000 0.037000
4278.824130 29.999000 0.035000
4546.910940 29.999000 0.047000
4552.911700 29.999000 0.035000
4564.917360 29.999000 0.036000
4568.907960 29.999000 0.052000
4572.901210 29.999000 0.034000
4576.889250 29.999000 0.037000
4585.895840 29.999000 0.046000
4597.861570 29.999000 0.034000
4603.899660 29.999000 0.031000
4806.656420 29.999000 0.039000
4818.584530 29.999000 0.049000
4821.563780 29.999000 0.039000
4827.565600 29.999000 0.041000
4830.566040 29.999000 0.045000
4833.567350 29.999000 0.042000
4836.565510 29.999000 0.045000
4840.560980 29.999000 0.036000
4844.538170 29.999000 0.040000
4847.537650 29.999000 0.042000
4851.529420 29.999000 0.043000
5021.848230 29.999000 0.041000
5070.659420 29.999000 0.042000
5083.732830 29.999000 0.052000
5092.697820 29.999000 0.038000
5097.646030 29.999000 0.045000
5099.647950 29.999000 0.045000
5122.626650 29.999000 0.050000
5129.642250 29.999000 0.040000
5131.667440 29.999000 0.049000
5144.697330 29.999000 0.042000
5156.586820 29.999000 0.043000
5164.660760 29.999000 0.048000
