1873.541080 13.322000 0.035000
1876.524320 13.445000 0.036000
1879.519060 13.559000 0.042000
1881.560680 13.481000 0.038000
1885.578530 13.716000 0.040000
1888.546360 13.778000 0.039000
1905.531820 14.024000 0.038000
2025.845880 14.308000 0.037000
2032.836910 13.923000 0.035000
2052.847980 13.387000 0.041000
2053.859740 13.475000 0.044000
2056.841520 13.287000 0.039000
2064.900940 13.020000 0.043000
2069.727980 12.521000 0.044000
2070.752630 12.441000 0.039000
2083.727930 11.492000 0.040000
2088.773180 11.313000 0.041000
2104.742040 11.146000 0.036000
2105.732100 11.153000 0.040000
2106.734260 11.151000 0.038000
2115.642070 11.220000 0.038000
2116.691320 11.244000 0.039000
2117.698490 11.250000 0.040000
2128.675420 11.394000 0.041000
2129.681160 11.408000 0.039000
2130.678160 11.427000 0.038000
2131.668580 11.503000 0.040000
2132.676990 11.552000 0.039000
2133.664220 11.554000 0.037000
2134.669500 11.597000 0.040000
2135.663360 11.890000 0.037000
2136.667380 11.654000 0.039000
2141.654500 11.844000 0.039000
2144.639370 11.974000 0.038000
2145.636020 12.053000 0.034000
2156.634660 12.328000 0.040000
2167.580050 12.823000 0.038000
2168.608110 12.850000 0.036000
2169.623840 12.844000 0.037000
2172.590830 13.080000 0.040000
2173.595980 13.094000 0.039000
2178.556690 13.188000 0.035000
2180.564190 13.346000 0.043000
2183.560730 13.372000 0.044000
2184.579810 13.092000 0.039000
2185.579310 13.741000 0.037000
2192.568840 13.637000 0.035000
2204.533960 13.822000 0.038000
2440.800870 11.841000 0.042000
2442.795460 11.994000 0.047000
2443.827490 12.004000 0.038000
2446.793740 12.095000 0.040000
2465.750280 12.457000 0.041000
2466.739430 12.524000 0.047000
2470.691140 12.507000 0.040000
2471.791060 12.655000 0.039000
2724.907380 11.305000 0.036000
2739.882380 11.004000 0.035000
2757.847420 11.146000 0.036000
2763.835170 11.255000 0.034000
2765.801530 11.287000 0.033000
2776.800160 11.659000 0.033000
2791.764630 12.052000 0.038000
2808.878110 12.679000 0.032000
2810.785390 12.659000 0.038000
2815.905520 12.672000 0.040000
2821.852170 13.116000 0.040000
2838.884950 13.628000 0.038000
2854.863280 13.784000 0.032000
3099.892720 11.815000 0.041000
3104.904690 11.981000 0.038000
3112.886420 12.215000 0.036000
3144.912700 13.319000 0.036000
3157.917950 13.312000 0.033000
3343.547240 13.771000 0.036000
3357.550600 12.316000 0.034000
3634.731300 14.064000 0.039000
3639.801820 13.683000 0.034000
3642.681570 13.485000 0.037000
3644.749310 13.575000 0.041000
3648.627640 13.245000 0.039000
3650.687520 13.132000 0.036000
3652.678770 13.325000 0.043000
3654.611520 13.179000 0.035000
3656.607230 12.818000 0.035000
3658.636280 12.778000 0.034000
3660.661780 12.576000 0.038000
3664.718430 12.156000 0.033000
3668.597510 11.895000 0.033000
3670.641000 11.742000 0.034000
3672.688600 11.517000 0.037000
3675.578400 11.361000 0.034000
3677.695960 11.250000 0.037000
3701.589300 10.946000 0.045000
3704.581470 10.965000 0.046000
3707.565250 10.981000 0.034000
3711.588830 10.959000 0.033000
3713.588380 11.101000 0.040000
3716.566390 11.065000 0.034000
3722.548620 11.173000 0.037000
3725.561680 11.203000 0.044000
3728.552090 11.307000 0.038000
3732.546890 11.419000 0.037000
3736.540720 11.489000 0.033000
3739.529010 11.609000 0.036000
3739.534100 11.579000 0.034000
3739.536480 11.623000 0.038000
3740.530410 11.656000 0.037000
3740.533160 11.623000 0.036000
3741.535660 11.666000 0.037000
3741.541440 11.666000 0.036000
3741.545590 11.630000 0.034000
3741.547960 11.666000 0.036000
3741.550460 11.616000 0.035000
3741.552950 11.679000 0.034000
3741.555490 11.686000 0.035000
3742.532830 11.650000 0.039000
3742.535210 11.684000 0.037000
3742.537780 11.698000 0.036000
3742.541230 11.733000 0.035000
3742.543600 11.714000 0.036000
3742.546110 11.728000 0.035000
3742.548660 11.707000 0.036000
3742.551190 11.726000 0.034000
3742.553660 11.723000 0.034000
3743.532150 11.805000 0.043000
3743.534630 11.741000 0.037000
3743.537230 11.666000 0.038000
3743.540560 11.714000 0.044000
3743.542940 11.747000 0.042000
3743.545470 11.690000 0.038000
3743.547990 11.693000 0.037000
3743.550490 11.701000 0.037000
4092.561510 13.301000 0.038000
4105.537080 13.885000 0.036000
4336.879200 10.781000 0.046000
4353.843150 11.009000 0.036000
4366.818660 11.474000 0.041000
4399.726960 12.616000 0.043000
4406.698710 13.044000 0.038000
4422.658820 13.276000 0.035000
4426.638640 13.630000 0.043000
4437.535460 13.276000 0.043000
4443.562690 13.632000 0.041000
2179.558820 13.131000 0.049000
2203.526190 13.615000 0.048000
2524.646720 13.732000 0.044000
2087.789030 11.358000 0.050000
2171.581260 12.664000 0.046000
2482.683730 12.887000 0.051000
2486.695110 12.874000 0.046000
2499.665220 13.435000 0.055000
2526.663270 14.291000 0.050000
3662.679570 12.357000 0.047000
3741.532390 11.620000 0.041000
3741.538040 11.686000 0.058000
3742.529520 11.774000 0.047000
2030.884570 29.999000 0.037000
2177.537580 29.999000 0.055000
2194.533880 29.999000 0.044000
2195.560970 29.999000 0.039000
2197.534870 29.999000 0.038000
2201.545670 29.999000 0.039000
2213.590540 29.999000 0.036000
2215.556680 29.999000 0.045000
2226.562990 29.999000 0.049000
2230.555910 29.999000 0.044000
2233.555610 29.999000 0.049000
2235.538010 29.999000 0.051000
2248.588220 29.999000 0.055000
2262.532970 29.999000 0.057000
2493.677820 29.999000 0.046000
2508.733620 29.999000 0.042000
2539.642800 29.999000 0.055000
2540.689550 29.999000 0.036000
2552.700000 29.999000 0.044000
2553.791040 29.999000 0.049000
2554.718180 29.999000 0.050000
2560.675700 29.999000 0.032000
2563.640460 29.999000 0.040000
2564.644320 29.999000 0.039000
2566.677360 29.999000 0.044000
2579.579430 29.999000 0.057000
2621.566280 29.999000 0.033000
2623.575650 29.999000 0.033000
2627.571000 29.999000 0.033000
2629.573500 29.999000 0.033000
2636.538190 29.999000 0.033000
2642.529480 29.999000 0.032000
2645.527510 29.999000 0.037000
2647.532220 29.999000 0.046000
2875.730650 29.999000 0.037000
2877.691690 29.999000 0.038000
2883.613200 29.999000 0.033000
2884.778140 29.999000 0.043000
2902.697990 29.999000 0.038000
2905.590280 29.999000 0.038000
2907.761430 29.999000 0.037000
2911.665660 29.999000 0.034000
2915.569530 29.999000 0.033000
2955.666150 29.999000 0.035000
2974.566640 29.999000 0.034000
2981.564730 29.999000 0.033000
2983.581150 29.999000 0.034000
2989.553360 29.999000 0.037000
3001.541310 29.999000 0.033000
3011.531750 29.999000 0.035000
3163.848690 29.999000 0.033000
3166.870250 29.999000 0.037000
3547.880480 29.999000 0.041000
3551.864110 29.999000 0.039000
3569.801280 29.999000 0.038000
3576.707710 29.999000 0.038000
3578.844670 29.999000 0.035000
3592.730340 29.999000 0.037000
3596.713560 29.999000 0.038000
3603.767090 29.999000 0.035000
3617.663770 29.999000 0.048000
3619.738370 29.999000 0.037000
3621.853290 29.999000 0.042000
3625.640090 29.999000 0.047000
3630.680580 29.999000 0.036000
3637.706980 29.999000 0.038000
3857.896540 29.999000 0.042000
3896.845070 29.999000 0.047000
4250.912110 29.999000 0.037000
2189.540940 29.999000 0.042000
2205.525130 29.999000 0.039000
2207.521110 29.999000 0.043000
2217.563440 29.999000 0.054000
2221.512010 29.999000 0.038000
2228.564050 29.999000 0.042000
2237.548350 29.999000 0.052000
2240.562590 29.999000 0.061000
2487.725530 29.999000 0.054000
2489.658840 29.999000 0.059000
2494.682310 29.999000 0.044000
2495.676530 29.999000 0.045000
2497.676150 29.999000 0.055000
2498.672870 29.999000 0.044000
2501.665560 29.999000 0.043000
2502.665610 29.999000 0.050000
2512.597900 29.999000 0.054000
2544.690120 29.999000 0.038000
2545.724340 29.999000 0.035000
2556.726350 29.999000 0.053000
2557.741170 29.999000 0.050000
2559.709800 29.999000 0.036000
2561.620960 29.999000 0.032000
2562.624260 29.999000 0.034000
2565.667080 29.999000 0.037000
2578.584730 29.999000 0.040000
2639.536230 29.999000 0.032000
2834.711150 29.999000 0.038000
2843.734600 29.999000 0.045000
2858.696430 29.999000 0.039000
2859.820570 29.999000 0.035000
2872.726970 29.999000 0.039000
2879.750040 29.999000 0.035000
2888.657880 29.999000 0.033000
2892.699500 29.999000 0.049000
2895.757560 29.999000 0.033000
2897.761330 29.999000 0.033000
2899.724120 29.999000 0.033000
2909.702610 29.999000 0.039000
2916.626150 29.999000 0.040000
2918.637130 29.999000 0.055000
2921.674100 29.999000 0.034000
2923.659680 29.999000 0.037000
2926.655590 29.999000 0.038000
2930.651650 29.999000 0.034000
2932.644610 29.999000 0.042000
2934.637980 29.999000 0.040000
2936.638860 29.999000 0.058000
2939.649960 29.999000 0.048000
2942.724480 29.999000 0.034000
2944.565760 29.999000 0.045000
2945.607290 29.999000 0.043000
2949.642390 29.999000 0.033000
2951.649550 29.999000 0.034000
2953.661130 29.999000 0.037000
2957.658850 29.999000 0.032000
2961.674840 29.999000 0.035000
2963.649980 29.999000 0.036000
2966.542070 29.999000 0.033000
2968.554710 29.999000 0.033000
2970.553570 29.999000 0.033000
2972.558420 29.999000 0.033000
2976.584610 29.999000 0.042000
2978.605500 29.999000 0.050000
2985.587240 29.999000 0.032000
2992.547640 29.999000 0.034000
3180.795500 29.999000 0.031000
3183.787370 29.999000 0.035000
3191.877140 29.999000 0.049000
3321.659760 29.999000 0.032000
3326.575940 29.999000 0.033000
3530.897410 29.999000 0.047000
3544.861210 29.999000 0.039000
3571.794860 29.999000 0.038000
3582.868420 29.999000 0.036000
3599.773210 29.999000 0.036000
3601.777190 29.999000 0.033000
3632.699660 29.999000 0.035000
4255.803880 29.999000 0.039000
4420.609120 29.999000 0.041000
4431.646350 29.999000 0.039000
4455.586200 29.999000 0.041000
4458.566570 29.999000 0.038000
4462.534960 29.999000 0.036000
4465.538790 29.999000 0.041000
4468.530000 29.999000 0.040000
1869.513760 13.305000 0.033000
1878.553650 13.529000 0.033000
1884.533710 13.471000 0.034000
1886.581340 13.601000 0.036000
1889.533570 13.475000 0.033000
1902.536080 13.985000 0.035000
2055.822750 13.268000 0.035000
2057.881040 13.250000 0.035000
2081.901570 11.594000 0.040000
2086.734360 11.352000 0.033000
2087.871610 11.334000 0.034000
2103.840070 11.124000 0.038000
2104.791440 11.165000 0.036000
2105.768460 11.178000 0.035000
2106.773200 11.156000 0.034000
2113.809030 11.143000 0.034000
2114.811450 11.211000 0.040000
2115.779460 11.237000 0.038000
2116.740610 11.236000 0.033000
2117.734890 11.214000 0.037000
2128.688650 11.439000 0.037000
2129.705720 11.424000 0.033000
2130.704970 11.456000 0.036000
2131.702020 11.480000 0.035000
2132.709040 11.869000 0.033000
2133.704430 11.550000 0.034000
2134.704380 11.608000 0.039000
2136.698670 11.646000 0.035000
2143.682600 11.938000 0.035000
2145.674430 11.986000 0.035000
2156.652700 12.453000 0.040000
2168.637600 12.932000 0.035000
2169.651180 12.912000 0.035000
2171.615290 12.822000 0.035000
2173.618800 13.028000 0.035000
2175.604140 13.217000 0.037000
2178.589450 13.078000 0.040000
2180.581280 13.271000 0.041000
2183.577290 13.335000 0.042000
2184.600420 13.246000 0.038000
2185.602200 13.570000 0.038000
2190.629220 13.561000 0.038000
2192.582840 13.920000 0.035000
2193.593040 13.719000 0.036000
2195.586220 13.693000 0.037000
2196.579530 13.965000 0.036000
2197.582680 13.665000 0.038000
2198.583880 13.753000 0.036000
2199.577560 13.837000 0.035000
2203.561190 13.882000 0.039000
2206.557790 13.965000 0.035000
2439.833040 11.846000 0.037000
2443.769420 11.895000 0.038000
2444.842570 11.922000 0.038000
2445.810020 11.882000 0.034000
2446.842250 11.919000 0.043000
2464.779730 12.374000 0.042000
2465.781430 12.526000 0.038000
2466.768350 12.499000 0.041000
2468.772030 12.639000 0.040000
2470.731590 12.494000 0.039000
2473.741640 12.783000 0.037000
2498.702030 13.500000 0.043000
2501.701550 13.596000 0.038000
2519.728410 13.862000 0.038000
2526.752730 14.136000 0.034000
2735.905900 11.065000 0.032000
2738.907150 11.003000 0.031000
2744.900950 10.927000 0.033000
2755.874620 11.098000 0.031000
2758.888250 11.199000 0.038000
2761.875140 11.200000 0.035000
2764.872590 11.297000 0.037000
2776.835370 11.592000 0.035000
2783.819360 11.788000 0.033000
2808.902810 12.604000 0.039000
2820.780670 12.936000 0.035000
2829.873200 13.294000 0.033000
2838.778460 13.615000 0.036000
2845.873580 13.669000 0.036000
2853.689220 13.870000 0.038000
2854.884660 13.667000 0.031000
2859.873320 13.771000 0.038000
2987.600700 14.263000 0.031000
3017.554950 13.338000 0.030000
3110.910290 12.094000 0.030000
3146.863140 13.237000 0.033000
3154.839540 13.817000 0.030000
3166.859030 13.717000 0.030000
3356.560130 12.346000 0.032000
3359.575880 12.274000 0.029000
3387.545200 11.827000 0.033000
3469.915540 13.527000 0.032000
3477.914630 13.859000 0.037000
3619.757780 14.964000 0.033000
3622.631150 14.188000 0.034000
3632.740730 13.990000 0.034000
3637.788990 13.836000 0.038000
3640.742420 13.555000 0.035000
3643.568700 13.475000 0.042000
3646.635150 13.421000 0.040000
3651.553590 13.126000 0.040000
3653.589910 12.913000 0.035000
3655.594360 12.866000 0.037000
3657.637800 12.698000 0.030000
3659.674650 12.772000 0.032000
3661.701070 12.484000 0.033000
3663.721470 12.399000 0.037000
3665.777950 12.111000 0.033000
3669.682030 11.804000 0.034000
3672.547530 11.610000 0.034000
3676.719020 11.287000 0.036000
3699.662520 10.972000 0.037000
3712.563230 11.048000 0.036000
3714.582210 11.081000 0.031000
3716.617270 11.035000 0.033000
3724.614920 11.185000 0.033000
3727.587100 11.275000 0.034000
3731.561360 11.405000 0.036000
3737.581400 11.499000 0.034000
3740.553960 11.653000 0.037000
3757.534340 12.131000 0.037000
3850.887730 15.142000 0.038000
4087.542090 13.130000 0.035000
4089.584280 13.067000 0.031000
4105.570230 13.642000 0.032000
4272.943880 14.037000 0.035000
4284.787910 13.875000 0.035000
4292.882330 13.399000 0.043000
4295.786980 13.196000 0.033000
4297.835400 13.217000 0.035000
4302.825480 12.846000 0.038000
4304.768820 12.618000 0.041000
4306.772410 12.505000 0.034000
4316.685770 11.741000 0.035000
4332.700200 10.831000 0.034000
4334.684000 10.819000 0.036000
4337.786580 10.820000 0.035000
4339.821130 10.841000 0.033000
4341.724800 10.868000 0.035000
4345.731730 10.872000 0.039000
4347.729400 10.879000 0.040000
4349.733530 10.949000 0.033000
4354.664100 11.053000 0.035000
4356.713920 11.095000 0.032000
4359.611410 11.205000 0.034000
4361.666170 11.217000 0.035000
4363.647250 11.280000 0.034000
4365.632320 11.427000 0.033000
4367.680600 11.443000 0.035000
4369.701120 11.555000 0.036000
4371.721800 11.631000 0.032000
4373.733410 11.717000 0.036000
4376.724740 11.866000 0.033000
4381.560800 12.082000 0.038000
4383.611680 12.142000 0.033000
4385.636880 12.240000 0.032000
4387.655160 12.410000 0.031000
4389.618390 12.414000 0.035000
4393.575960 12.531000 0.037000
4399.730020 12.555000 0.035000
4402.738440 12.789000 0.036000
4406.659730 12.950000 0.043000
4411.653600 13.445000 0.042000
4422.668440 13.385000 0.030000
4428.694770 13.805000 0.038000
4431.590890 13.842000 0.033000
4433.669640 13.774000 0.032000
4436.605050 13.753000 0.038000
4439.573440 13.799000 0.035000
4441.669310 13.851000 0.032000
4444.648040 13.874000 0.034000
4458.583310 13.916000 0.039000
4461.581850 13.988000 0.035000
4464.580080 14.128000 0.030000
4470.570720 14.177000 0.033000
4567.913640 14.842000 0.040000
4589.885450 13.758000 0.037000
4593.875020 13.776000 0.033000
4597.873400 13.753000 0.035000
4601.850250 13.659000 0.034000
4609.887550 13.300000 0.038000
4617.837120 12.820000 0.044000
4621.930930 12.645000 0.038000
4627.882420 12.276000 0.035000
4630.811700 11.928000 0.037000
4633.830660 11.676000 0.039000
4639.818690 11.343000 0.034000
4642.824160 11.073000 0.034000
4644.908590 10.962000 0.038000
4650.812790 10.667000 0.034000
4661.842230 10.576000 0.031000
4663.887850 10.622000 0.035000
4665.840880 10.666000 0.035000
4671.833120 10.777000 0.034000
4677.852230 10.923000 0.038000
4681.725620 11.090000 0.036000
4683.779510 11.119000 0.035000
4685.776300 11.192000 0.036000
4691.730570 11.417000 0.032000
4694.742920 11.502000 0.036000
4697.822220 11.613000 0.038000
4701.842150 11.880000 0.032000
4704.669880 12.002000 0.036000
4709.683540 12.126000 0.041000
4716.679270 12.419000 0.034000
4721.708860 12.611000 0.033000
4724.686020 12.721000 0.034000
4726.738820 12.944000 0.035000
4728.852310 13.065000 0.038000
4734.648390 13.282000 0.038000
4738.800420 13.347000 0.034000
4741.674890 13.328000 0.032000
4743.720180 13.388000 0.041000
4747.640100 13.738000 0.034000
4763.747280 13.897000 0.039000
4766.595460 14.174000 0.034000
4770.757790 14.075000 0.037000
4777.584280 14.335000 0.031000
4802.558520 14.611000 0.038000
5041.723560 12.550000 0.040000
1872.541990 13.319000 0.036000
1874.562140 13.404000 0.036000
1876.568680 13.443000 0.037000
2039.876640 13.967000 0.036000
2040.845160 13.757000 0.041000
2053.910260 13.387000 0.039000
2056.925330 13.217000 0.039000
2064.879720 12.923000 0.039000
2067.778440 12.744000 0.040000
2068.777280 12.784000 0.039000
2069.760300 12.621000 0.038000
2070.772820 12.484000 0.040000
2080.772850 11.685000 0.039000
2088.811010 11.290000 0.039000
2093.737820 11.126000 0.038000
2096.719960 11.146000 0.042000
2135.701380 11.638000 0.042000
2144.677490 11.963000 0.037000
2177.582400 13.067000 0.047000
2727.914150 11.195000 0.035000
2810.822000 12.668000 0.042000
2816.922030 12.944000 0.042000
3106.914860 11.956000 0.046000
3114.898160 12.295000 0.048000
3128.882150 12.867000 0.044000
3366.588210 12.026000 0.035000
3382.532530 11.879000 0.041000
3464.916210 13.451000 0.041000
3490.900460 14.236000 0.037000
3591.705730 14.709000 0.038000
3674.645690 11.382000 0.039000
3680.526990 11.094000 0.041000
3702.589830 10.931000 0.042000
3705.586100 11.037000 0.043000
3708.570250 11.034000 0.038000
3719.614030 11.035000 0.038000
3721.636000 11.125000 0.034000
3734.587250 11.396000 0.036000
3747.561430 11.738000 0.037000
3753.545320 11.996000 0.036000
4308.771290 12.225000 0.036000
4312.793540 12.117000 0.041000
4319.770280 11.321000 0.045000
4351.766750 11.023000 0.038000
4408.686450 12.909000 0.041000
4420.629250 13.655000 0.039000
4426.641760 13.820000 0.036000
4655.784870 10.586000 0.037000
4658.786770 10.576000 0.040000
4706.716090 12.121000 0.050000
4750.594610 13.694000 0.038000
4754.696930 13.932000 0.038000
4756.726060 14.145000 0.045000
4758.793850 14.677000 0.041000
4940.894000 14.028000 0.039000
4945.892060 13.129000 0.041000
4969.896010 11.513000 0.042000
4973.861880 11.398000 0.046000
4985.816330 11.279000 0.045000
4991.859950 11.391000 0.042000
4994.884510 11.454000 0.038000
5013.810560 11.852000 0.048000
5018.887030 11.967000 0.040000
5021.798760 12.000000 0.040000
5023.844670 12.011000 0.041000
5039.732690 12.451000 0.041000
5048.679640 12.642000 0.049000
5063.738930 13.096000 0.046000
5084.833100 13.736000 0.047000
5089.689610 13.745000 0.040000
1906.525560 29.999000 0.036000
1922.529900 29.999000 0.037000
2025.910000 29.999000 0.036000
2030.916110 29.999000 0.035000
2032.878180 29.999000 0.031000
2194.586200 29.999000 0.035000
2201.566450 29.999000 0.035000
2204.559090 29.999000 0.038000
2211.531810 29.999000 0.046000
2213.538210 29.999000 0.040000
2215.539020 29.999000 0.039000
2217.534680 29.999000 0.040000
2219.539490 29.999000 0.039000
2222.542700 29.999000 0.036000
2225.537670 29.999000 0.045000
2227.532180 29.999000 0.041000
2232.546840 29.999000 0.039000
2234.524750 29.999000 0.039000
2236.532790 29.999000 0.050000
2248.561560 29.999000 0.042000
2253.582800 29.999000 0.048000
2482.695360 29.999000 0.045000
2488.792890 29.999000 0.045000
2490.661610 29.999000 0.045000
2495.712380 29.999000 0.036000
2499.694410 29.999000 0.044000
2502.701630 29.999000 0.041000
2508.636570 29.999000 0.052000
2540.836250 29.999000 0.033000
2544.812820 29.999000 0.034000
2546.607980 29.999000 0.043000
2548.626300 29.999000 0.042000
2552.788480 29.999000 0.036000
2554.607980 29.999000 0.046000
2556.637690 29.999000 0.042000
2558.599540 29.999000 0.049000
2559.598140 29.999000 0.037000
2560.606280 29.999000 0.037000
2561.597430 29.999000 0.036000
2562.609740 29.999000 0.036000
2563.626020 29.999000 0.037000
2564.635080 29.999000 0.039000
2565.660750 29.999000 0.037000
2566.671040 29.999000 0.042000
2578.597160 29.999000 0.043000
2621.574270 29.999000 0.031000
2623.578560 29.999000 0.032000
2625.618980 29.999000 0.030000
2635.608420 29.999000 0.030000
2638.553030 29.999000 0.031000
2640.560640 29.999000 0.030000
2642.563310 29.999000 0.032000
2644.563710 29.999000 0.029000
2646.554650 29.999000 0.032000
2649.557980 29.999000 0.030000
2652.557650 29.999000 0.030000
2655.549790 29.999000 0.031000
2660.530140 29.999000 0.035000
2662.534500 29.999000 0.031000
2833.845690 29.999000 0.040000
2858.735720 29.999000 0.036000
2861.695370 29.999000 0.035000
2862.790210 29.999000 0.036000
2866.791040 29.999000 0.040000
2875.758600 29.999000 0.043000
2877.731260 29.999000 0.042000
2885.608940 29.999000 0.034000
2886.699620 29.999000 0.043000
2888.716700 29.999000 0.038000
2892.735760 29.999000 0.039000
2894.643560 29.999000 0.033000
2895.766860 29.999000 0.043000
2897.777990 29.999000 0.039000
2899.733440 29.999000 0.037000
2902.714330 29.999000 0.037000
2905.613890 29.999000 0.028000
2911.686460 29.999000 0.033000
2915.600140 29.999000 0.031000
2916.689150 29.999000 0.031000
2921.694510 29.999000 0.032000
2923.682720 29.999000 0.033000
2926.683960 29.999000 0.032000
2930.671250 29.999000 0.031000
2932.663280 29.999000 0.032000
2939.690270 29.999000 0.029000
2942.744040 29.999000 0.031000
2944.586800 29.999000 0.032000
2947.629640 29.999000 0.031000
2949.658110 29.999000 0.032000
2951.670310 29.999000 0.034000
2953.686930 29.999000 0.037000
2955.690940 29.999000 0.032000
2957.684680 29.999000 0.032000
2961.708830 29.999000 0.032000
2964.543170 29.999000 0.032000
2966.562400 29.999000 0.033000
2968.572650 29.999000 0.033000
2970.568820 29.999000 0.031000
2972.581610 29.999000 0.031000
2974.605300 29.999000 0.031000
2976.612680 29.999000 0.033000
2985.574920 29.999000 0.031000
2990.600270 29.999000 0.031000
2994.625190 29.999000 0.031000
3007.560230 29.999000 0.032000
3011.550480 29.999000 0.035000
3013.560080 29.999000 0.033000
3132.890480 29.999000 0.038000
3158.849130 29.999000 0.032000
3169.897450 29.999000 0.039000
3180.873000 29.999000 0.032000
3183.871460 29.999000 0.033000
3186.843210 29.999000 0.033000
3326.579870 29.999000 0.044000
3473.917420 29.999000 0.033000
3509.912110 29.999000 0.034000
3512.858640 29.999000 0.034000
3525.844140 29.999000 0.039000
3551.875540 29.999000 0.037000
3554.860370 29.999000 0.041000
3558.819040 29.999000 0.039000
3561.796180 29.999000 0.036000
3563.844740 29.999000 0.034000
3569.832580 29.999000 0.034000
3571.831820 29.999000 0.036000
3574.765990 29.999000 0.036000
3576.823330 29.999000 0.035000
3583.801080 29.999000 0.031000
3586.721420 29.999000 0.035000
3588.842200 29.999000 0.032000
3595.725110 29.999000 0.039000
3602.754440 29.999000 0.034000
3617.691360 29.999000 0.045000
3625.679480 29.999000 0.038000
3628.669250 29.999000 0.037000
3630.714940 29.999000 0.034000
3835.910450 29.999000 0.038000
3860.876900 29.999000 0.034000
3863.889680 29.999000 0.032000
3866.870390 29.999000 0.040000
3869.882680 29.999000 0.034000
3872.861000 29.999000 0.042000
3880.903020 29.999000 0.036000
3887.891460 29.999000 0.036000
3891.843250 29.999000 0.035000
3894.832200 29.999000 0.034000
3898.824490 29.999000 0.036000
3901.847160 29.999000 0.036000
3904.847330 29.999000 0.035000
3907.853310 29.999000 0.036000
3912.865560 29.999000 0.033000
4228.875070 29.999000 0.033000
4231.895590 29.999000 0.036000
4235.862290 29.999000 0.034000
4246.882190 29.999000 0.038000
4253.901030 29.999000 0.050000
4256.892730 29.999000 0.033000
4268.838870 29.999000 0.039000
4280.902420 29.999000 0.037000
4455.603150 29.999000 0.035000
4467.569610 29.999000 0.035000
4475.546090 29.999000 0.031000
4479.537410 29.999000 0.032000
4483.544230 29.999000 0.032000
4558.917940 29.999000 0.042000
4571.914750 29.999000 0.035000
4575.902510 29.999000 0.042000
4761.617390 29.999000 0.031000
4773.539650 29.999000 0.031000
4775.557360 29.999000 0.033000
4779.616900 29.999000 0.035000
4782.684460 29.999000 0.043000
4785.573750 29.999000 0.032000
4797.572040 29.999000 0.037000
4804.582910 29.999000 0.044000
4806.646960 29.999000 0.044000
4809.571050 29.999000 0.039000
4815.560490 29.999000 0.037000
4818.576570 29.999000 0.032000
4821.558770 29.999000 0.035000
4824.559030 29.999000 0.043000
4827.559770 29.999000 0.046000
4830.560180 29.999000 0.038000
4833.561500 29.999000 0.042000
4836.559600 29.999000 0.038000
4839.565920 29.999000 0.038000
4843.551870 29.999000 0.038000
4846.546080 29.999000 0.039000
4850.536230 29.999000 0.035000
4857.526800 29.999000 0.036000
5075.679950 29.999000 0.045000
5093.741000 29.999000 0.043000
5105.581650 29.999000 0.042000
5111.788710 29.999000 0.047000
5131.602750 29.999000 0.040000
5144.739040 29.999000 0.045000
5161.560400 29.999000 0.041000
2122.714600 11.327000 0.049000
2140.666550 11.779000 0.041000
