4295.812800 10.589000 0.038000
4235.886640 13.197000 0.025000
4246.784020 12.387000 0.027000
4277.757250 10.473000 0.040000
4285.814850 10.487000 0.032000
4541.908270 11.366000 0.030000
4550.909230 10.828000 0.035000
4554.886910 10.734000 0.032000
4565.891380 10.450000 0.027000
4573.858230 10.477000 0.030000
4576.887210 10.467000 0.031000
4583.919770 10.740000 0.027000
4587.851470 10.852000 0.032000
4593.898320 11.309000 0.026000
4602.840640 12.126000 0.032000
4660.718230 13.250000 0.024000
4664.723820 12.724000 0.028000
4666.755600 12.595000 0.028000
4672.745180 12.195000 0.023000
4674.843600 12.134000 0.025000
4683.725950 11.836000 0.025000
4691.644560 11.338000 0.027000
4694.694870 10.816000 0.030000
4701.756900 9.967000 0.032000
4703.770540 9.901000 0.027000
4705.849710 10.031000 0.038000
4715.624970 10.033000 0.032000
4733.796830 10.818000 0.027000
5086.720010 11.865000 0.034000
1874.515760 10.713000 0.027000
1886.529840 11.761000 0.028000
1984.899120 10.107000 0.040000
2025.851110 11.576000 0.024000
2026.907910 11.656000 0.027000
2030.850700 11.952000 0.025000
2033.814530 12.148000 0.027000
2052.812600 12.882000 0.026000
2053.830640 12.860000 0.026000
2054.827080 12.791000 0.029000
2056.818950 12.874000 0.025000
2057.813420 12.881000 0.026000
2058.831710 13.016000 0.028000
2061.852360 12.957000 0.030000
2068.708270 13.064000 0.030000
2069.718980 12.936000 0.030000
2080.709930 12.269000 0.026000
2081.828530 12.233000 0.030000
2085.705600 11.906000 0.027000
2086.765330 11.773000 0.028000
2087.754000 11.581000 0.031000
2088.748330 11.556000 0.023000
2094.670200 11.068000 0.029000
2103.729030 10.545000 0.026000
2104.716580 10.521000 0.025000
2105.711520 10.460000 0.025000
2106.713640 10.395000 0.025000
2114.728380 9.893000 0.026000
2115.706510 9.875000 0.026000
2116.681860 9.823000 0.026000
2117.677800 9.779000 0.027000
2128.654540 9.439000 0.030000
2129.657950 9.436000 0.025000
2130.657300 9.434000 0.024000
2131.647730 9.428000 0.024000
2132.656080 9.453000 0.026000
2133.647820 9.483000 0.023000
2134.652160 9.495000 0.025000
2135.644730 9.525000 0.026000
2136.644150 9.569000 0.025000
2141.633590 9.691000 0.025000
2143.629150 10.345000 0.029000
2145.617320 9.815000 0.024000
2443.760890 10.668000 0.027000
2446.768800 10.876000 0.028000
2452.691760 11.336000 0.035000
2465.717990 12.593000 0.032000
2466.717630 12.505000 0.032000
2467.714730 12.633000 0.032000
2470.663640 12.818000 0.034000
2508.723250 13.193000 0.027000
2520.656890 12.196000 0.022000
2521.658850 12.063000 0.030000
2523.788810 11.932000 0.028000
2526.563500 11.701000 0.037000
2540.681890 10.535000 0.025000
2544.670510 10.191000 0.026000
2545.704710 10.128000 0.022000
2552.692370 9.792000 0.038000
2559.567290 9.596000 0.026000
2560.577060 9.614000 0.026000
2561.579750 9.606000 0.026000
2563.611160 9.586000 0.027000
2564.617940 9.642000 0.026000
2565.643610 9.666000 0.026000
2566.653940 9.627000 0.031000
2579.508440 10.181000 0.040000
2620.529930 13.189000 0.029000
2622.561810 13.587000 0.030000
2629.542970 14.141000 0.027000
2637.531240 14.347000 0.024000
2704.901400 9.399000 0.026000
2711.906170 9.569000 0.029000
2714.900540 9.710000 0.026000
2723.877210 10.156000 0.024000
2730.884040 10.648000 0.025000
2734.865120 10.926000 0.024000
2737.867150 11.212000 0.040000
2740.859410 11.343000 0.025000
2743.859490 11.627000 0.024000
2754.899690 12.643000 0.022000
2756.913220 12.847000 0.024000
2759.885810 13.094000 0.033000
2763.855220 13.299000 0.023000
2784.853230 14.056000 0.031000
2808.844720 12.340000 0.034000
2810.757500 11.995000 0.030000
2815.879350 11.679000 0.038000
2819.805150 11.426000 0.033000
2821.822880 11.311000 0.031000
2826.801870 10.863000 0.030000
2832.686320 10.121000 0.032000
2838.872650 9.725000 0.031000
2841.692980 9.699000 0.029000
2854.587150 9.866000 0.025000
2856.827600 9.914000 0.024000
2860.704020 9.983000 0.033000
2861.803900 10.018000 0.033000
2866.692660 10.220000 0.036000
2867.750190 10.241000 0.034000
2871.792740 10.439000 0.032000
2874.635310 10.626000 0.032000
2876.649600 10.818000 0.033000
2883.637870 11.361000 0.027000
2884.804430 11.419000 0.028000
2888.647870 11.755000 0.032000
2892.648600 12.149000 0.040000
2895.695490 12.591000 0.027000
2898.657190 12.647000 0.032000
2900.628760 12.986000 0.029000
2902.799800 13.104000 0.031000
2905.578050 13.285000 0.031000
2907.749220 13.377000 0.026000
2909.690430 13.471000 0.029000
2911.653470 13.852000 0.031000
2923.621770 14.586000 0.033000
2926.617700 13.840000 0.028000
2928.617530 13.467000 0.023000
2930.614280 13.502000 0.026000
2932.607850 13.340000 0.025000
2934.602350 13.198000 0.025000
2939.606550 12.915000 0.023000
2943.563550 12.521000 0.038000
2945.560250 12.316000 0.038000
2949.636540 11.821000 0.028000
2951.646490 11.722000 0.027000
2953.658160 11.498000 0.031000
2957.655900 11.278000 0.025000
2964.556830 10.878000 0.023000
2972.588280 10.354000 0.023000
2975.548600 10.041000 0.027000
2977.581870 9.877000 0.024000
2982.576690 9.644000 0.032000
2984.582420 9.643000 0.025000
2990.549300 9.607000 0.025000
2993.540800 9.631000 0.025000
2996.541740 9.637000 0.026000
3000.532890 9.698000 0.025000
3087.909650 12.751000 0.029000
3091.900490 12.394000 0.027000
3098.893270 11.783000 0.031000
3106.905940 11.219000 0.035000
3109.895990 11.189000 0.025000
3113.875470 10.975000 0.026000
3118.920380 10.731000 0.024000
3126.877620 10.325000 0.038000
3133.857290 10.260000 0.027000
3165.806440 11.222000 0.035000
3175.849030 12.123000 0.036000
3187.805610 13.068000 0.025000
3194.852270 13.736000 0.031000
3357.547590 15.043000 0.025000
3434.900200 10.338000 0.027000
3444.907480 10.774000 0.032000
3455.893820 11.764000 0.031000
3459.884510 12.244000 0.029000
3467.881940 13.147000 0.028000
3471.878760 13.287000 0.027000
3509.867940 13.238000 0.026000
3512.824550 13.081000 0.027000
3517.808070 12.657000 0.026000
3521.838150 12.465000 0.031000
3524.815980 12.000000 0.037000
3544.801020 10.252000 0.030000
3547.865310 9.942000 0.032000
3551.852300 9.766000 0.029000
3554.801450 9.547000 0.028000
3558.753710 9.476000 0.031000
3560.792520 9.461000 0.029000
3563.716480 9.480000 0.023000
3568.808120 9.517000 0.026000
3570.723560 9.550000 0.026000
3573.746440 9.585000 0.030000
3575.769950 9.643000 0.025000
3577.793370 9.707000 0.029000
3581.822460 9.880000 0.032000
3584.659090 10.028000 0.028000
3586.703350 10.195000 0.025000
3591.638820 10.556000 0.026000
3597.683960 11.124000 0.024000
3602.721640 11.601000 0.027000
3615.785420 12.829000 0.034000
3618.578960 13.009000 0.031000
3620.617940 13.369000 0.025000
3622.698060 13.292000 0.025000
3634.779810 14.227000 0.028000
3640.733490 13.913000 0.025000
3646.578640 14.224000 0.025000
3651.497170 13.602000 0.031000
3655.558200 13.100000 0.024000
3657.611970 13.193000 0.024000
3659.643890 12.867000 0.027000
3661.663090 12.938000 0.029000
3663.675280 12.701000 0.031000
3665.723320 12.519000 0.026000
3669.648310 12.220000 0.022000
3672.533790 12.141000 0.023000
3674.631830 11.961000 0.029000
3676.665460 11.932000 0.028000
3680.513100 11.748000 0.023000
3700.563390 10.343000 0.029000
3703.554050 10.283000 0.026000
3706.548600 10.261000 0.032000
3711.526690 10.268000 0.025000
3713.548780 10.296000 0.027000
3716.555110 10.277000 0.027000
3722.540860 10.455000 0.031000
3725.549040 10.555000 0.032000
3728.545540 10.696000 0.032000
3733.528470 10.977000 0.030000
3812.910670 11.941000 0.033000
3816.904160 11.279000 0.031000
3820.906140 10.979000 0.033000
3832.875700 9.633000 0.030000
3861.908560 9.944000 0.027000
3864.826680 10.090000 0.030000
3867.826590 10.228000 0.031000
3870.810400 10.413000 0.028000
3872.870730 10.509000 0.026000
3880.872800 11.053000 0.027000
3886.894500 11.526000 0.026000
3889.829070 11.842000 0.028000
3892.764730 12.132000 0.029000
3894.802210 12.273000 0.025000
3902.854050 13.085000 0.026000
3908.764980 13.335000 0.026000
3912.808450 13.615000 0.023000
3981.622070 10.156000 0.031000
4087.567560 12.679000 0.029000
4087.581280 12.700000 0.030000
4250.856110 11.928000 0.030000
4254.740380 11.626000 0.035000
4258.766860 11.574000 0.026000
4283.809190 10.403000 0.029000
4289.809620 10.421000 0.028000
4291.811360 10.466000 0.024000
4293.795950 10.514000 0.026000
4297.838080 10.683000 0.032000
4299.788450 10.758000 0.024000
4301.740300 10.841000 0.028000
4303.744090 10.965000 0.032000
4305.730990 10.974000 0.035000
4307.703540 11.152000 0.026000
4314.768920 11.601000 0.036000
4329.689150 12.662000 0.031000
4333.633440 12.888000 0.037000
4375.659420 12.921000 0.029000
4377.701110 12.706000 0.040000
4379.726380 12.461000 0.028000
4382.557920 11.994000 0.024000
4384.591980 11.734000 0.028000
4386.621460 11.547000 0.024000
4388.597480 11.335000 0.025000
4407.673320 9.702000 0.030000
4410.583790 9.512000 0.024000
4413.624130 9.438000 0.024000
4419.593530 9.410000 0.030000
4422.576890 9.428000 0.026000
4428.621260 9.465000 0.033000
4431.545960 9.502000 0.028000
4433.607670 9.571000 0.026000
4436.573120 9.670000 0.030000
4439.563360 9.828000 0.026000
4443.551490 10.040000 0.030000
4449.559100 10.519000 0.027000
4457.527940 11.253000 0.030000
4561.873220 10.443000 0.027000
4569.889820 10.444000 0.027000
4590.891510 11.068000 0.028000
4596.908330 11.593000 0.026000
4662.821280 13.449000 0.030000
4681.675580 12.066000 0.033000
4685.694040 11.853000 0.031000
4687.679430 11.723000 0.024000
4697.777600 10.340000 0.027000
4708.680240 9.899000 0.028000
4720.750010 10.167000 0.028000
4722.728960 10.258000 0.030000
4725.736790 10.359000 0.028000
4728.688580 10.547000 0.037000
4738.564780 11.161000 0.029000
4741.554730 11.473000 0.026000
4743.574730 11.791000 0.040000
4747.577820 11.910000 0.032000
4756.560150 13.244000 0.029000
4803.548710 13.160000 0.029000
4808.579450 12.375000 0.036000
4814.574350 12.091000 0.031000
4824.541420 11.480000 0.032000
4827.543080 11.298000 0.033000
5024.774340 10.719000 0.035000
5144.676920 9.323000 0.034000
4616.896690 12.710000 0.028000
4331.672880 12.937000 0.037000
4336.606670 13.574000 0.027000
4164.902180 10.800000 0.039000
4168.905070 11.145000 0.038000
4317.653790 11.892000 0.045000
4530.903180 11.943000 0.037000
4710.693880 9.872000 0.045000
4966.813820 11.207000 0.042000
4969.862830 10.793000 0.040000
4991.857980 10.184000 0.038000
4994.872800 10.137000 0.038000
5015.748510 10.512000 0.041000
5022.770040 10.640000 0.038000
5042.722300 11.801000 0.042000
5047.715590 11.872000 0.038000
1978.910320 10.246000 0.046000
1994.898480 10.269000 0.043000
1996.892560 10.251000 0.036000
1998.884670 10.305000 0.039000
2000.887540 10.369000 0.045000
2034.902420 12.147000 0.044000
2039.814150 12.441000 0.035000
2055.832840 12.903000 0.033000
2064.869300 12.741000 0.035000
2067.691720 13.036000 0.034000
2093.665570 11.147000 0.028000
2151.602350 10.065000 0.036000
2554.578620 9.664000 0.042000
2556.606060 9.592000 0.045000
2558.558850 9.617000 0.042000
2747.907770 12.127000 0.041000
2878.653840 10.984000 0.045000
2921.639750 13.867000 0.042000
3130.847630 10.270000 0.051000
3152.904340 10.476000 0.038000
3159.809690 10.774000 0.036000
3162.868500 11.066000 0.038000
3182.753390 12.650000 0.047000
3463.893810 12.730000 0.032000
3530.878000 11.693000 0.039000
3588.746350 10.266000 0.047000
3719.557260 10.365000 0.037000
3800.899490 12.968000 0.031000
3804.905390 12.948000 0.038000
3808.905730 12.182000 0.034000
3824.895300 10.527000 0.034000
3836.876630 9.327000 0.035000
3848.923170 9.374000 0.039000
3851.891080 9.460000 0.036000
4309.706110 11.291000 0.043000
4311.726720 11.338000 0.038000
4398.703980 10.449000 0.041000
4403.675140 10.059000 0.034000
4426.578070 9.449000 0.035000
4717.698390 10.092000 0.038000
4821.540390 11.651000 0.037000
4973.819500 10.488000 0.044000
4984.893720 10.122000 0.037000
5008.800140 10.432000 0.041000
5029.771720 10.938000 0.038000
5049.735890 12.102000 0.042000
5081.774500 12.687000 0.041000
5093.592450 11.256000 0.047000
5099.599110 10.893000 0.039000
5129.629990 9.496000 0.038000
5131.638740 9.207000 0.041000
5148.631950 9.506000 0.044000
5156.568180 9.956000 0.045000
5162.557490 10.354000 0.046000
4189.910950 13.047000 0.044000
4545.909780 11.209000 0.048000
2500.637860 29.999000 0.042000
2502.649150 29.999000 0.043000
2634.532970 29.999000 0.035000
2915.566420 29.999000 0.043000
3487.928460 29.999000 0.032000
3491.846480 29.999000 0.047000
3500.918770 29.999000 0.030000
3637.761050 29.999000 0.028000
4176.910510 29.999000 0.038000
4193.872830 29.999000 0.030000
4203.909530 29.999000 0.045000
4213.921350 29.999000 0.029000
4229.862620 29.999000 0.027000
4557.897230 29.999000 0.033000
4610.769400 29.999000 0.027000
4632.771240 29.999000 0.027000
4642.844010 29.999000 0.031000
4645.759200 29.999000 0.033000
4652.805170 29.999000 0.025000
4656.770330 29.999000 0.032000
4906.909650 29.999000 0.043000
4917.913750 29.999000 0.044000
4921.904810 29.999000 0.039000
4927.917000 29.999000 0.038000
4938.895590 29.999000 0.044000
4945.867620 29.999000 0.037000
2486.672010 29.999000 0.040000
2494.659080 29.999000 0.035000
2627.523880 29.999000 0.031000
3070.902670 29.999000 0.030000
3074.903940 29.999000 0.033000
3082.901050 29.999000 0.031000
4207.922760 29.999000 0.030000
4232.877960 29.999000 0.028000
4338.734030 29.999000 0.027000
4353.596700 29.999000 0.024000
4355.673780 29.999000 0.026000
4362.549700 29.999000 0.025000
4364.575520 29.999000 0.026000
4606.923720 29.999000 0.028000
4621.848770 29.999000 0.040000
4630.775780 29.999000 0.029000
4638.836340 29.999000 0.030000
4640.842130 29.999000 0.028000
4650.736550 29.999000 0.026000
4753.712290 29.999000 0.027000
4758.679890 29.999000 0.029000
4761.583380 29.999000 0.027000
4763.678050 29.999000 0.026000
4766.564690 29.999000 0.029000
4768.619680 29.999000 0.030000
4771.552010 29.999000 0.035000
4773.596920 29.999000 0.032000
4775.576060 29.999000 0.028000
4777.591010 29.999000 0.026000
4779.623100 29.999000 0.030000
4783.567890 29.999000 0.034000
4785.622780 29.999000 0.030000
4797.582990 29.999000 0.040000
2489.612060 29.999000 0.045000
2512.564870 29.999000 0.041000
2782.921660 29.999000 0.031000
2786.822060 29.999000 0.032000
3630.703770 29.999000 0.027000
4949.865190 29.999000 0.040000
5075.649030 29.999000 0.037000
5088.737530 29.999000 0.040000
1907.525520 29.999000 0.033000
2482.676530 29.999000 0.043000
2498.645130 29.999000 0.036000
2501.648990 29.999000 0.034000
2641.527470 29.999000 0.040000
2761.873960 29.999000 0.033000
2776.775920 29.999000 0.034000
2916.623040 29.999000 0.040000
2917.720700 29.999000 0.026000
3171.813810 29.999000 0.033000
3504.835100 29.999000 0.035000
3628.657720 29.999000 0.026000
3642.789660 29.999000 0.030000
3653.533520 29.999000 0.029000
3900.791010 29.999000 0.032000
3905.781730 29.999000 0.027000
4340.734090 29.999000 0.026000
4344.737930 29.999000 0.041000
4346.736750 29.999000 0.033000
4350.812630 29.999000 0.028000
4357.707950 29.999000 0.029000
4359.742690 29.999000 0.039000
4366.810860 29.999000 0.044000
4368.654510 29.999000 0.027000
4372.662350 29.999000 0.031000
4392.561170 29.999000 0.029000
4806.549610 29.999000 0.029000
4811.576320 29.999000 0.043000
4818.547980 29.999000 0.036000
2473.678380 29.999000 0.033000
2487.697950 29.999000 0.047000
3475.869870 29.999000 0.036000
3481.876170 29.999000 0.035000
3382.532530 11.963000 0.032000
2156.634660 10.395000 0.031000
2167.580050 11.225000 0.030000
2168.608110 11.353000 0.028000
2169.623840 11.431000 0.030000
2172.590830 11.743000 0.030000
2173.595980 11.870000 0.030000
2178.556690 12.369000 0.028000
2179.558820 12.643000 0.036000
2180.564190 12.758000 0.034000
2183.560730 13.020000 0.033000
2184.579810 13.149000 0.030000
2185.579310 13.163000 0.028000
2189.540940 13.488000 0.031000
2192.568840 13.671000 0.027000
2195.560970 13.812000 0.030000
2197.534870 13.940000 0.027000
2201.545670 14.305000 0.030000
2203.526190 14.531000 0.042000
2204.533960 13.888000 0.029000
2205.525130 14.203000 0.030000
2207.521110 14.087000 0.032000
2213.590540 14.203000 0.028000
2215.556680 13.652000 0.035000
2221.512010 13.193000 0.028000
2226.562990 12.786000 0.039000
2228.564050 12.602000 0.035000
2230.555910 12.504000 0.035000
2233.555610 12.234000 0.040000
2235.538010 12.250000 0.039000
2237.548350 12.116000 0.044000
3365.564270 13.842000 0.036000
3455.898990 11.939000 0.032000
3459.900710 12.208000 0.032000
3463.910050 12.637000 0.033000
3467.899730 12.922000 0.031000
3471.894530 13.393000 0.029000
3479.885910 13.883000 0.036000
3497.863470 14.154000 0.033000
3506.895600 13.801000 0.030000
3517.827970 12.716000 0.035000
3521.870480 12.393000 0.037000
3547.880480 9.959000 0.035000
3554.829480 9.675000 0.030000
3639.801820 14.422000 0.028000
3824.903070 10.555000 0.033000
3828.904660 10.144000 0.038000
3832.898420 9.630000 0.035000
3836.888130 9.320000 0.032000
3849.906900 9.417000 0.038000
3853.879090 9.530000 0.029000
3861.861200 9.937000 0.030000
3864.870230 10.122000 0.034000
3867.861210 10.280000 0.031000
3870.829710 10.453000 0.033000
3877.889830 10.827000 0.030000
3882.879230 11.254000 0.031000
3887.866070 11.656000 0.030000
3892.908940 12.196000 0.029000
3902.804360 13.142000 0.028000
3907.796320 13.481000 0.028000
4191.898940 13.136000 0.033000
4230.879850 13.635000 0.030000
4233.920510 13.510000 0.040000
4246.862190 12.387000 0.032000
4250.912110 12.060000 0.030000
4255.803880 11.783000 0.033000
4258.848660 11.623000 0.030000
4268.779790 11.143000 0.035000
4274.866390 10.679000 0.035000
4277.811840 10.514000 0.029000
4283.841850 10.413000 0.032000
4285.827180 10.412000 0.033000
4289.829580 10.419000 0.033000
4291.828670 10.475000 0.029000
4293.818780 10.513000 0.030000
4295.883420 10.580000 0.029000
4297.872880 10.684000 0.036000
4302.786570 10.909000 0.034000
4304.735730 10.970000 0.031000
4306.736060 11.105000 0.029000
4308.742940 11.194000 0.036000
4316.646650 11.619000 0.040000
4319.730310 11.929000 0.031000
4332.671780 12.687000 0.033000
4336.879200 12.923000 0.041000
4353.843150 14.086000 0.027000
4362.693470 14.088000 0.025000
4364.620410 13.517000 0.029000
4422.658820 9.439000 0.029000
4431.646350 9.533000 0.033000
4561.894890 10.507000 0.034000
4565.893180 10.462000 0.030000
4569.898690 10.475000 0.029000
4573.873450 10.484000 0.036000
4576.898620 10.469000 0.034000
4585.892420 10.765000 0.030000
4589.861590 11.026000 0.031000
4592.919960 11.208000 0.028000
4602.864210 12.173000 0.034000
4610.829440 12.880000 0.029000
4616.925730 13.588000 0.032000
4648.853510 14.953000 0.031000
4651.779210 14.371000 0.035000
4653.820040 13.791000 0.028000
4655.843110 13.744000 0.041000
4661.797490 12.982000 0.030000
4663.843600 12.857000 0.035000
4665.791040 12.853000 0.031000
4671.775950 12.375000 0.029000
4674.738970 12.235000 0.036000
4677.799650 12.184000 0.035000
4685.704010 11.826000 0.033000
4687.685110 11.648000 0.037000
4691.659040 11.250000 0.030000
4694.709940 10.775000 0.032000
4701.762660 9.991000 0.028000
4703.794890 9.895000 0.032000
4708.823610 9.875000 0.028000
4710.744040 9.889000 0.030000
4716.650260 10.054000 0.030000
4721.641190 10.217000 0.032000
4724.669320 10.485000 0.032000
4726.720190 10.422000 0.029000
4728.841340 10.538000 0.032000
4741.659800 11.411000 0.027000
4947.883300 13.124000 0.039000
4985.791740 10.157000 0.036000
5012.860060 10.502000 0.042000
5021.838550 10.619000 0.040000
5023.852170 10.697000 0.039000
5039.710150 11.487000 0.039000
5041.701840 11.608000 0.037000
5048.663580 11.910000 0.041000
5089.626430 11.711000 0.038000
2171.581260 11.728000 0.042000
2177.537580 12.294000 0.051000
2217.563440 13.442000 0.046000
2240.562590 11.991000 0.051000
2248.588220 11.570000 0.045000
2262.532970 10.308000 0.049000
3475.890990 13.817000 0.042000
3524.871100 12.148000 0.042000
4272.860660 10.750000 0.046000
4310.757650 11.256000 0.048000
4330.664390 12.684000 0.049000
4607.824930 12.661000 0.042000
4743.681820 11.646000 0.043000
4939.889220 13.949000 0.043000
4961.888730 11.646000 0.041000
4968.884780 10.951000 0.044000
4972.907070 10.562000 0.040000
4975.895570 10.346000 0.042000
4987.874390 10.152000 0.043000
4990.827220 10.130000 0.041000
5006.857470 10.385000 0.044000
5009.796280 10.444000 0.051000
5056.912790 12.448000 0.048000
5063.700570 12.995000 0.044000
5068.660670 13.156000 0.050000
5087.579040 11.855000 0.052000
3483.870510 29.999000 0.031000
3489.886520 29.999000 0.042000
3492.895640 29.999000 0.045000
3501.870370 29.999000 0.048000
3904.884230 29.999000 0.029000
4204.893290 29.999000 0.033000
4227.890880 29.999000 0.032000
4358.628790 29.999000 0.031000
4621.867920 29.999000 0.047000
4628.822670 29.999000 0.033000
4630.832300 29.999000 0.028000
4632.830830 29.999000 0.030000
4639.806200 29.999000 0.031000
4641.860330 29.999000 0.029000
4643.891990 29.999000 0.030000
4646.787060 29.999000 0.035000
4658.762360 29.999000 0.042000
4935.914660 29.999000 0.046000
5084.771030 29.999000 0.051000
5093.690310 29.999000 0.042000
1869.536160 10.486000 0.028000
1872.550530 10.615000 0.025000
1878.569150 11.048000 0.025000
1887.532960 11.900000 0.026000
1903.529500 13.542000 0.028000
1907.535250 13.800000 0.025000
2025.868790 11.555000 0.025000
2030.893760 11.941000 0.026000
2032.853250 12.085000 0.025000
2052.852410 12.841000 0.026000
2053.882840 13.092000 0.028000
2057.803710 13.061000 0.024000
2061.858720 13.038000 0.029000
2070.766290 13.020000 0.029000
2085.893890 11.844000 0.028000
2088.779440 11.603000 0.025000
2094.727220 11.000000 0.026000
2103.814050 10.555000 0.026000
2104.768730 10.521000 0.027000
2105.752460 10.471000 0.025000
2106.757200 10.392000 0.028000
2113.797490 9.948000 0.026000
2115.738050 9.847000 0.027000
2116.722270 9.814000 0.026000
2117.718780 9.767000 0.026000
2128.681440 9.429000 0.031000
2129.696230 9.422000 0.025000
2130.695460 9.405000 0.027000
2131.688060 9.435000 0.027000
2132.692030 9.464000 0.027000
2133.685950 9.463000 0.025000
2136.680150 9.543000 0.026000
2141.676310 9.660000 0.027000
2144.658920 9.791000 0.029000
2145.663380 9.808000 0.023000
2443.840810 10.674000 0.027000
2446.812430 10.882000 0.030000
2460.692290 12.007000 0.025000
2464.763760 12.469000 0.032000
2465.763230 12.631000 0.032000
2466.761350 12.551000 0.030000
2468.756000 12.754000 0.027000
2470.717710 12.888000 0.030000
2471.810780 13.146000 0.035000
2501.682910 14.147000 0.033000
2540.820600 10.502000 0.028000
2544.769280 10.175000 0.029000
2546.595340 10.042000 0.033000
2548.608550 9.921000 0.034000
2552.751500 9.751000 0.024000
2558.587250 9.618000 0.029000
2559.585840 9.587000 0.027000
2560.591150 9.585000 0.028000
2561.589330 9.830000 0.034000
2562.604440 9.628000 0.027000
2563.620750 9.612000 0.030000
2564.627540 9.637000 0.031000
2565.653210 9.596000 0.027000
2566.663530 9.654000 0.030000
2577.739970 10.075000 0.034000
2622.569290 13.292000 0.026000
2634.540370 14.335000 0.023000
2636.569370 14.084000 0.022000
2640.584040 14.043000 0.024000
2650.550780 13.619000 0.024000
2655.535510 14.136000 0.033000
2659.530600 13.003000 0.025000
2722.910580 10.106000 0.027000
2726.900760 10.387000 0.024000
2730.902190 10.650000 0.024000
2734.898910 10.919000 0.023000
2737.896000 11.145000 0.029000
2740.900840 11.358000 0.024000
2743.894090 11.645000 0.027000
2755.865220 12.751000 0.023000
2758.877090 13.106000 0.031000
2761.861580 13.062000 0.027000
2764.858880 13.193000 0.026000
2770.853470 13.701000 0.031000
2805.848340 12.776000 0.034000
2809.773930 12.141000 0.026000
2813.805620 11.756000 0.034000
2818.883690 11.547000 0.031000
2821.795820 11.267000 0.028000
2829.831700 10.488000 0.030000
2832.852960 10.088000 0.034000
2841.753920 9.682000 0.024000
2851.785970 9.854000 0.025000
2854.641060 9.870000 0.021000
2859.671540 9.942000 0.031000
2860.770480 9.962000 0.025000
2866.747810 10.219000 0.029000
2871.810430 10.458000 0.026000
2876.701880 10.763000 0.035000
2879.644950 11.014000 0.029000
2884.679290 11.433000 0.030000
2886.650100 11.604000 0.031000
2888.685290 11.839000 0.035000
2892.687060 12.052000 0.038000
2893.791150 12.185000 0.027000
2894.867530 12.423000 0.029000
2896.669840 12.470000 0.028000
2898.650440 12.628000 0.033000
2900.649580 12.989000 0.035000
2905.610840 13.204000 0.030000
2915.578810 14.316000 0.028000
2930.665780 13.627000 0.030000
2932.658040 13.436000 0.029000
2934.651450 13.492000 0.031000
2942.738640 12.516000 0.025000
2944.579300 12.374000 0.032000
2947.624270 12.110000 0.025000
2949.652430 11.858000 0.025000
2951.664910 11.725000 0.027000
2955.685570 11.381000 0.027000
2964.537930 10.940000 0.030000
2966.557110 10.788000 0.026000
2968.567410 10.642000 0.023000
2970.563600 10.495000 0.023000
2972.576420 10.355000 0.024000
2974.600100 10.241000 0.026000
2976.607480 9.959000 0.025000
2978.626330 9.822000 0.025000
2983.553110 9.635000 0.026000
2985.569620 9.637000 0.024000
2987.595440 9.606000 0.025000
2992.600460 9.617000 0.025000
3000.583050 9.709000 0.024000
3007.562710 9.914000 0.026000
3011.553120 10.085000 0.027000
3013.562640 10.251000 0.029000
3018.529410 10.537000 0.030000
3109.898130 11.196000 0.031000
3124.873290 10.354000 0.024000
3131.883260 10.246000 0.029000
3154.808050 10.549000 0.025000
3166.838100 11.314000 0.024000
3169.854610 11.546000 0.025000
3180.842170 12.547000 0.030000
3211.903100 13.869000 0.031000
3458.914130 12.144000 0.029000
3467.918030 13.404000 0.028000
3471.917030 13.016000 0.030000
3479.894630 14.537000 0.031000
3506.921320 13.458000 0.027000
3510.861250 13.058000 0.024000
3538.908200 10.943000 0.029000
3541.836940 10.621000 0.028000
3544.797950 10.262000 0.026000
3547.877460 9.932000 0.034000
3554.853580 9.545000 0.028000
3558.812230 9.473000 0.034000
3561.775620 9.470000 0.027000
3563.830020 9.475000 0.025000
3568.829890 9.499000 0.028000
3575.802350 9.723000 0.025000
3577.862310 9.718000 0.026000
3581.862460 9.877000 0.023000
3584.722270 10.032000 0.034000
3586.806560 10.167000 0.024000
3589.706900 10.401000 0.025000
3591.802180 10.576000 0.024000
3595.722110 10.930000 0.033000
3602.746970 11.669000 0.028000
3618.626760 13.040000 0.031000
3620.687860 13.466000 0.034000
3622.742390 13.554000 0.024000
3628.671820 13.990000 0.028000
3637.785690 14.636000 0.026000
3640.739080 13.810000 0.024000
3643.554940 14.432000 0.034000
3646.631930 14.227000 0.029000
3651.539180 13.440000 0.026000
3653.586580 13.556000 0.028000
3655.587440 13.415000 0.026000
3657.630030 13.002000 0.024000
3659.667710 13.004000 0.025000
3661.694930 12.783000 0.028000
3663.710580 12.676000 0.030000
3665.774700 12.520000 0.027000
3669.678730 12.278000 0.022000
3672.544410 12.105000 0.024000
3674.642590 12.039000 0.024000
3676.715890 12.027000 0.026000
3702.586870 10.296000 0.025000
3705.583130 10.290000 0.031000
3708.567340 10.253000 0.027000
3712.560370 10.291000 0.027000
3714.579520 10.294000 0.025000
3716.614560 10.295000 0.026000
3722.567250 10.433000 0.031000
3725.581130 10.560000 0.034000
3732.566890 10.911000 0.029000
3735.583210 11.102000 0.027000
3738.552400 11.330000 0.026000
3754.538340 13.017000 0.033000
3818.911410 11.155000 0.032000
3831.915670 9.752000 0.029000
3835.905360 9.347000 0.027000
3849.921490 9.370000 0.029000
3853.902320 9.554000 0.026000
3861.910560 9.941000 0.027000
3868.892280 10.304000 0.033000
3871.865840 10.475000 0.029000
3875.921110 10.695000 0.028000
3883.894670 11.342000 0.029000
3887.882400 11.685000 0.027000
3893.869930 12.315000 0.025000
3900.849660 13.000000 0.029000
3903.834420 13.112000 0.026000
3906.828450 13.276000 0.026000
3909.825450 13.428000 0.026000
3913.870530 14.062000 0.033000
4103.568180 11.387000 0.030000
4111.535510 10.790000 0.030000
4234.890000 13.445000 0.029000
4246.829610 12.309000 0.027000
4250.930690 11.894000 0.029000
4255.840740 11.679000 0.029000
4258.897370 11.585000 0.026000
4268.812920 11.128000 0.032000
4278.824130 10.490000 0.025000
4282.736400 10.429000 0.031000
4284.785410 10.410000 0.028000
4290.820370 10.433000 0.037000
4299.818410 10.763000 0.024000
4301.771880 10.837000 0.026000
4303.778820 10.936000 0.032000
4305.772790 11.010000 0.035000
4307.740880 11.149000 0.029000
4309.739140 11.264000 0.026000
4311.744860 11.407000 0.026000
4314.788180 11.587000 0.026000
4331.728950 12.751000 0.025000
4333.692270 12.968000 0.024000
4338.762630 13.291000 0.033000
4346.757150 14.246000 0.035000
4348.762430 14.473000 0.038000
4357.801570 14.771000 0.029000
4362.594570 13.679000 0.024000
4372.692640 13.154000 0.029000
4375.689460 13.068000 0.027000
4379.824660 12.382000 0.026000
4382.567640 12.046000 0.032000
4384.597430 11.778000 0.029000
4386.627740 11.544000 0.024000
4388.604540 11.364000 0.025000
4392.577690 11.042000 0.028000
4398.715550 10.514000 0.032000
4403.707990 10.052000 0.029000
4407.701940 9.672000 0.031000
4410.596210 9.506000 0.025000
4413.636430 9.435000 0.033000
4419.605130 9.423000 0.030000
4422.587660 9.429000 0.025000
4428.639280 9.439000 0.034000
4431.552390 9.496000 0.029000
4433.626150 9.583000 0.025000
4436.576230 9.690000 0.028000
4441.581790 9.970000 0.034000
4444.587400 10.120000 0.028000
4452.608610 10.717000 0.027000
4455.591810 11.028000 0.031000
4458.572260 11.340000 0.031000
4461.571570 11.749000 0.032000
4464.567960 12.102000 0.029000
4477.541470 13.086000 0.029000
4482.529870 13.323000 0.031000
4552.911700 10.801000 0.028000
4593.863440 11.315000 0.023000
4600.900980 11.925000 0.028000
4603.899660 12.263000 0.024000
4621.922080 13.628000 0.034000
4665.821520 12.810000 0.028000
4674.779740 12.236000 0.027000
4685.758010 11.802000 0.030000
4691.699100 11.353000 0.026000
4694.739890 10.815000 0.027000
4697.819090 10.340000 0.027000
4701.838950 9.951000 0.023000
4704.649060 9.853000 0.033000
4709.680250 9.847000 0.029000
4715.685750 10.015000 0.029000
4720.808670 10.173000 0.030000
4722.798110 10.282000 0.027000
4725.762170 10.370000 0.026000
4728.708870 10.545000 0.031000
4730.770800 10.616000 0.027000
4733.836770 10.813000 0.037000
4740.620050 11.375000 0.029000
4744.638510 11.728000 0.024000
4746.652910 12.031000 0.028000
4748.635760 12.135000 0.028000
4750.725300 12.351000 0.029000
4752.790350 12.657000 0.030000
4755.556580 12.884000 0.028000
4761.768770 13.417000 0.028000
4764.615890 13.540000 0.026000
4769.600360 13.647000 0.029000
4773.677960 14.528000 0.031000
4777.682700 14.148000 0.026000
4804.591790 13.550000 0.029000
4806.656420 12.904000 0.032000
4821.563780 11.639000 0.033000
4827.565600 11.320000 0.034000
4840.560980 10.252000 0.032000
4985.810710 10.124000 0.033000
5085.797010 11.996000 0.033000
5092.697820 11.347000 0.031000
5144.697330 9.335000 0.034000
1874.563980 10.724000 0.028000
1876.575040 10.861000 0.029000
1884.544630 11.591000 0.035000
1919.526700 14.758000 0.039000
1998.917710 10.354000 0.045000
2007.908990 10.591000 0.048000
2009.894940 10.690000 0.042000
2016.885450 10.966000 0.040000
2018.874920 11.092000 0.043000
2039.861210 12.366000 0.035000
2054.941980 12.809000 0.037000
2055.877910 12.746000 0.031000
2067.780960 12.913000 0.033000
2068.768400 13.077000 0.030000
2069.749070 12.880000 0.029000
2080.757040 12.385000 0.028000
2083.753070 12.244000 0.045000
2087.735360 11.630000 0.040000
2093.724110 11.088000 0.030000
2095.714390 10.936000 0.039000
2096.701560 10.922000 0.033000
2135.685070 9.539000 0.043000
2140.666550 9.643000 0.034000
2453.721220 11.414000 0.047000
2454.742520 11.471000 0.047000
2497.691210 13.649000 0.041000
2520.737510 12.214000 0.035000
2526.721590 11.700000 0.042000
2538.839360 10.716000 0.048000
2539.720980 10.600000 0.039000
2553.803100 9.744000 0.043000
2785.871600 13.844000 0.046000
2839.818770 9.731000 0.043000
2907.779110 13.514000 0.048000
2990.595070 9.614000 0.041000
3158.842020 10.726000 0.047000
3162.872870 11.021000 0.039000
3177.890590 12.271000 0.039000
3183.812870 12.800000 0.044000
3276.716850 9.960000 0.034000
3357.554130 15.101000 0.032000
3475.906920 13.766000 0.042000
3517.852340 12.690000 0.032000
3521.899600 12.527000 0.036000
3551.873050 9.684000 0.036000
3615.806440 12.791000 0.041000
3699.659510 10.332000 0.033000
3719.611360 10.367000 0.034000
3728.567970 10.677000 0.033000
3748.556050 12.306000 0.034000
3822.914710 10.761000 0.041000
3827.915240 10.279000 0.035000
3865.863030 10.148000 0.034000
4106.565870 11.207000 0.039000
4292.843550 10.505000 0.034000
4329.743400 12.722000 0.041000
4340.750150 13.617000 0.042000
4344.759070 13.783000 0.048000
4377.745930 12.746000 0.038000
4426.588620 9.421000 0.037000
4470.560440 12.439000 0.041000
4568.907960 10.428000 0.046000
4657.775960 13.555000 0.031000
4677.839910 12.195000 0.039000
4757.606260 12.800000 0.036000
4797.599280 13.993000 0.039000
4802.567360 13.414000 0.035000
4809.575860 12.663000 0.040000
4815.565380 12.082000 0.040000
4818.584530 11.735000 0.041000
4824.564900 11.524000 0.044000
4830.566040 10.982000 0.038000
4833.567350 10.643000 0.037000
4836.565510 10.394000 0.038000
4844.538170 10.140000 0.037000
4847.537650 10.005000 0.041000
4851.529420 9.889000 0.039000
4948.891650 12.862000 0.042000
4961.911470 11.600000 0.038000
4969.852780 10.821000 0.035000
4973.853160 10.478000 0.043000
4990.872070 10.161000 0.040000
4993.881090 10.144000 0.035000
5008.867980 10.425000 0.044000
5012.825660 10.485000 0.049000
5019.878470 10.587000 0.042000
5021.848230 10.623000 0.036000
5040.791430 11.511000 0.036000
5047.777240 11.929000 0.044000
5049.773100 12.052000 0.038000
5070.659420 13.307000 0.040000
5083.732830 12.509000 0.045000
5088.605300 11.707000 0.036000
5097.646030 11.053000 0.040000
5099.647950 10.846000 0.039000
5122.626650 9.790000 0.046000
5129.642250 9.302000 0.037000
5131.667440 9.218000 0.040000
5156.586820 9.929000 0.041000
5164.660760 10.531000 0.042000
1923.525710 29.999000 0.036000
2490.711130 29.999000 0.036000
2498.683480 29.999000 0.039000
2499.689360 29.999000 0.035000
2502.685220 29.999000 0.038000
2638.581290 29.999000 0.026000
2645.535070 29.999000 0.032000
2647.539800 29.999000 0.036000
2776.824160 29.999000 0.028000
2787.861010 29.999000 0.031000
2911.683420 29.999000 0.031000
2921.686280 29.999000 0.035000
3189.813070 29.999000 0.028000
3191.897800 29.999000 0.035000
3483.882490 29.999000 0.036000
3497.885430 29.999000 0.028000
4342.753570 29.999000 0.027000
2482.690480 29.999000 0.044000
2486.712390 29.999000 0.037000
2489.683610 29.999000 0.032000
2494.697370 29.999000 0.048000
2495.700600 29.999000 0.043000
2512.618220 29.999000 0.045000
2916.637710 29.999000 0.032000
2923.675240 29.999000 0.032000
2926.676510 29.999000 0.027000
3186.817710 29.999000 0.027000
3632.742560 29.999000 0.030000
4336.690570 29.999000 0.033000
4350.833160 29.999000 0.029000
4353.620800 29.999000 0.023000
4355.693550 29.999000 0.026000
4359.848320 29.999000 0.044000
4364.634070 29.999000 0.023000
4366.823180 29.999000 0.026000
4368.682050 29.999000 0.029000
4624.882570 29.999000 0.049000
4638.897710 29.999000 0.028000
4683.718840 29.999000 0.027000
4766.720260 29.999000 0.026000
4771.649950 29.999000 0.034000
4775.717580 29.999000 0.025000
4779.695030 29.999000 0.036000
4783.584530 29.999000 0.032000
4785.646320 29.999000 0.029000
