1876.524320 12.476000 0.031000
1905.531820 9.865000 0.032000
2039.840900 13.125000 0.036000
2070.752630 14.336000 0.032000
2088.773180 14.648000 0.034000
2094.699860 14.115000 0.035000
2194.533880 12.602000 0.035000
2466.739430 14.194000 0.034000
2623.575650 10.477000 0.029000
2629.573500 10.748000 0.029000
2639.536230 11.135000 0.027000
2815.905520 14.130000 0.036000
2834.711150 11.958000 0.030000
2843.734600 11.257000 0.041000
2909.702610 9.654000 0.029000
2944.565760 10.605000 0.044000
3343.547240 13.103000 0.031000
3603.767090 11.565000 0.028000
3632.699660 13.109000 0.030000
3670.641000 13.610000 0.026000
3742.551190 15.212000 0.031000
4312.771750 13.426000 0.032000
4362.693470 14.058000 0.025000
4316.646650 13.481000 0.040000
4775.669600 11.966000 0.030000
5089.626430 12.539000 0.038000
1873.541080 12.843000 0.030000
1879.519060 12.156000 0.034000
1881.560680 11.951000 0.031000
1885.578530 11.472000 0.032000
1888.546360 11.144000 0.032000
2025.845880 12.618000 0.030000
2026.930580 12.711000 0.037000
2030.884570 12.882000 0.030000
2032.836910 12.766000 0.029000
2052.847980 13.560000 0.035000
2053.859740 13.583000 0.037000
2054.930930 13.679000 0.039000
2055.862360 13.413000 0.036000
2056.841520 13.501000 0.031000
2057.859110 13.855000 0.035000
2064.900940 13.876000 0.036000
2067.737850 13.967000 0.034000
2068.731690 14.656000 0.036000
2069.727980 13.945000 0.034000
2080.732680 14.284000 0.032000
2083.727930 14.178000 0.036000
2093.693020 15.271000 0.033000
2105.732100 14.430000 0.034000
2498.672870 13.481000 0.034000
2508.733620 12.543000 0.030000
2524.646720 11.038000 0.030000
2540.689550 9.608000 0.027000
2544.690120 9.425000 0.033000
2545.724340 9.399000 0.030000
2552.700000 9.223000 0.038000
2554.718180 9.179000 0.042000
2556.726350 9.172000 0.042000
2557.741170 9.145000 0.039000
2559.709800 9.145000 0.027000
2560.675700 9.155000 0.029000
2561.620960 9.157000 0.027000
2562.624260 9.168000 0.028000
2563.640460 9.177000 0.029000
2564.644320 9.182000 0.029000
2565.667080 9.178000 0.028000
2566.677360 9.198000 0.032000
2578.584730 9.372000 0.031000
2621.566280 10.402000 0.027000
2627.571000 10.655000 0.029000
2636.538190 11.006000 0.028000
2645.527510 11.332000 0.036000
2647.532220 11.481000 0.043000
2724.907380 13.744000 0.030000
2729.904280 14.172000 0.029000
2819.824220 13.529000 0.031000
2838.884950 11.653000 0.033000
2854.863280 10.725000 0.025000
2858.696430 10.566000 0.036000
2859.820570 10.542000 0.026000
2861.661880 10.475000 0.030000
2872.726970 10.116000 0.031000
2875.730650 10.015000 0.035000
2877.691690 9.959000 0.033000
2879.750040 9.860000 0.026000
2883.613200 9.723000 0.028000
2884.778140 9.680000 0.030000
2888.657880 9.637000 0.026000
2895.757560 9.596000 0.026000
2897.761330 9.572000 0.027000
2899.724120 9.606000 0.026000
2902.697990 9.600000 0.035000
2905.590280 9.606000 0.032000
2907.761430 9.593000 0.030000
2911.665660 9.666000 0.030000
2915.569530 9.701000 0.026000
2916.626150 9.724000 0.027000
2923.659680 9.902000 0.030000
2926.655590 9.970000 0.031000
2930.651650 10.093000 0.029000
2934.637980 10.202000 0.039000
2939.649960 10.385000 0.035000
2942.724480 10.447000 0.028000
2945.607290 10.568000 0.040000
2949.642390 10.686000 0.029000
2951.649550 10.801000 0.030000
2953.661130 10.834000 0.032000
2955.666150 10.942000 0.029000
2957.658850 10.988000 0.027000
2961.674840 11.160000 0.031000
2963.649980 11.239000 0.031000
2966.542070 11.397000 0.026000
2968.554710 11.388000 0.026000
2970.553570 11.501000 0.027000
2972.558420 11.587000 0.026000
2974.566640 11.694000 0.028000
2976.584610 11.780000 0.029000
2981.564730 11.996000 0.028000
2983.581150 12.093000 0.029000
2985.587240 12.135000 0.026000
2989.553360 12.375000 0.033000
2992.547640 12.372000 0.027000
3001.541310 12.748000 0.026000
3011.531750 12.810000 0.030000
3116.873150 14.135000 0.027000
3144.912700 12.979000 0.030000
3157.917950 11.272000 0.028000
3163.848690 10.598000 0.027000
3166.870250 10.253000 0.031000
3169.831080 9.932000 0.028000
3180.795500 9.266000 0.027000
3183.787370 9.148000 0.031000
3191.877140 9.041000 0.036000
3321.659760 12.445000 0.029000
3326.575940 12.971000 0.028000
3357.550600 13.474000 0.028000
3467.899730 13.506000 0.031000
3530.897410 10.598000 0.041000
3544.861210 10.744000 0.032000
3547.880480 10.762000 0.035000
3551.864110 10.798000 0.033000
3558.796950 11.017000 0.036000
3563.754040 11.062000 0.028000
3569.801280 11.083000 0.028000
3571.794860 11.122000 0.029000
3573.861450 11.137000 0.030000
3576.707710 11.141000 0.028000
3578.844670 11.149000 0.028000
3582.868420 11.134000 0.032000
3585.698130 11.174000 0.029000
3587.736700 11.271000 0.031000
3590.678830 11.264000 0.028000
3592.730340 11.270000 0.030000
3596.713560 11.402000 0.028000
3599.773210 11.459000 0.029000
3601.777190 11.484000 0.028000
3617.663770 12.142000 0.035000
3619.738370 12.256000 0.030000
3621.853290 12.294000 0.036000
3625.640090 12.396000 0.040000
3630.680580 12.727000 0.030000
3634.731300 12.870000 0.032000
3637.706980 12.982000 0.028000
3639.801820 12.988000 0.028000
3642.681570 13.133000 0.027000
3644.749310 13.083000 0.034000
3648.627640 13.384000 0.033000
3650.687520 13.646000 0.028000
3652.678770 13.476000 0.039000
3654.611520 13.264000 0.031000
3660.661780 14.073000 0.031000
3664.718430 14.036000 0.030000
3672.688600 14.021000 0.029000
3857.896540 9.766000 0.035000
3867.861210 9.711000 0.031000
3874.898980 9.793000 0.030000
3877.889830 9.827000 0.030000
3896.845070 10.304000 0.035000
3902.804360 10.518000 0.028000
3904.884230 10.580000 0.029000
3907.796320 10.711000 0.028000
4105.537080 14.270000 0.032000
4332.671780 13.642000 0.033000
4403.539090 14.463000 0.029000
4406.698710 14.051000 0.030000
4422.658820 12.963000 0.029000
4426.638640 12.894000 0.041000
4429.575090 12.417000 0.029000
4431.646350 12.338000 0.033000
4437.535460 12.126000 0.036000
4443.562690 11.580000 0.034000
4455.586200 10.643000 0.036000
4458.566570 10.461000 0.034000
4462.534960 10.227000 0.030000
4465.538790 10.035000 0.040000
4468.530000 9.880000 0.034000
4624.840940 13.261000 0.036000
4764.601000 13.073000 0.029000
4766.675260 12.801000 0.029000
4769.584950 12.419000 0.031000
4777.649150 11.789000 0.031000
4783.575100 11.429000 0.042000
4785.635180 11.317000 0.032000
4805.550080 10.423000 0.040000
4807.574300 10.371000 0.038000
4809.613850 10.280000 0.041000
4819.546450 9.987000 0.035000
4822.547340 9.943000 0.037000
4826.533610 9.893000 0.039000
5111.661780 10.579000 0.040000
2011.877750 11.969000 0.045000
2016.864420 12.050000 0.045000
2512.597900 12.367000 0.045000
4731.555810 13.759000 0.043000
5084.771030 13.180000 0.051000
5087.579040 12.751000 0.052000
5093.690310 11.797000 0.042000
5105.537210 10.714000 0.043000
1999.898550 11.468000 0.040000
2497.676150 13.399000 0.042000
2499.665220 13.247000 0.043000
2526.663270 10.854000 0.047000
2539.642800 9.692000 0.045000
2553.791040 9.180000 0.043000
2579.579430 9.386000 0.046000
2892.699500 9.609000 0.052000
2918.637130 9.884000 0.050000
2932.644610 10.148000 0.045000
2936.638860 10.270000 0.055000
2947.612210 10.662000 0.045000
2978.605500 11.866000 0.047000
4330.664390 13.849000 0.049000
4773.665820 12.172000 0.046000
4797.590680 10.747000 0.044000
5107.575100 10.705000 0.046000
5129.546220 9.908000 0.043000
2081.848880 29.999000 0.048000
2133.664220 29.999000 0.030000
2140.655970 29.999000 0.048000
2145.636020 29.999000 0.030000
2470.691140 29.999000 0.031000
2489.658840 29.999000 0.050000
2495.676530 29.999000 0.039000
2501.665560 29.999000 0.035000
2757.847420 29.999000 0.030000
2808.878110 29.999000 0.026000
2812.775060 29.999000 0.031000
2821.852170 29.999000 0.029000
3475.890990 29.999000 0.042000
3677.695960 29.999000 0.029000
3739.529010 29.999000 0.031000
3740.530410 29.999000 0.035000
3741.532390 29.999000 0.039000
3742.535210 29.999000 0.034000
4092.561510 29.999000 0.033000
2087.789030 29.999000 0.046000
2096.683600 29.999000 0.039000
2103.780430 29.999000 0.034000
2116.691320 29.999000 0.032000
2128.675420 29.999000 0.033000
2129.681160 29.999000 0.032000
2132.676990 29.999000 0.033000
2134.669500 29.999000 0.031000
2136.667380 29.999000 0.031000
2141.654500 29.999000 0.031000
2144.639370 29.999000 0.033000
2440.800870 29.999000 0.028000
2442.795460 29.999000 0.040000
2446.793740 29.999000 0.030000
2486.695110 29.999000 0.041000
2487.725530 29.999000 0.044000
2493.677820 29.999000 0.040000
2502.665610 29.999000 0.044000
2739.882380 29.999000 0.028000
2921.674100 29.999000 0.029000
3099.892720 29.999000 0.032000
3112.886420 29.999000 0.031000
3517.827970 29.999000 0.035000
3658.636280 29.999000 0.028000
3668.597510 29.999000 0.026000
3741.555490 29.999000 0.032000
3742.529520 29.999000 0.042000
3742.532830 29.999000 0.034000
3742.537780 29.999000 0.031000
3742.541230 29.999000 0.031000
3742.543600 29.999000 0.031000
3742.546110 29.999000 0.031000
3742.548660 29.999000 0.033000
3742.553660 29.999000 0.030000
4089.581150 29.999000 0.030000
4255.803880 29.999000 0.033000
4302.786570 29.999000 0.034000
4306.736060 29.999000 0.029000
4339.662340 29.999000 0.029000
4345.693540 29.999000 0.033000
4347.692770 29.999000 0.028000
4349.688090 29.999000 0.032000
4351.707810 29.999000 0.038000
4356.587040 29.999000 0.030000
4358.628790 29.999000 0.031000
4364.620410 29.999000 0.029000
4366.818660 29.999000 0.033000
4372.679080 29.999000 0.037000
4375.678720 29.999000 0.031000
4377.735160 29.999000 0.038000
4380.549940 29.999000 0.033000
4384.615440 29.999000 0.034000
4386.642120 29.999000 0.027000
4388.622060 29.999000 0.029000
4392.589810 29.999000 0.033000
4399.726960 29.999000 0.038000
4409.549670 29.999000 0.031000
4420.609120 29.999000 0.038000
4569.898690 29.999000 0.029000
4697.784110 29.999000 0.031000
4719.736830 29.999000 0.041000
4721.641190 29.999000 0.032000
4724.669320 29.999000 0.032000
4726.720190 29.999000 0.029000
4734.596180 29.999000 0.035000
4738.777230 29.999000 0.032000
4741.659800 29.999000 0.027000
4747.632910 29.999000 0.031000
4750.591500 29.999000 0.034000
4754.689670 29.999000 0.039000
4756.709970 29.999000 0.040000
4759.633170 29.999000 0.030000
4761.718820 29.999000 0.029000
4779.654970 29.999000 0.041000
4961.888730 29.999000 0.041000
4972.907070 29.999000 0.040000
4993.830500 29.999000 0.043000
5012.860060 29.999000 0.042000
5068.660670 29.999000 0.050000
5070.774130 29.999000 0.043000
2085.850990 29.999000 0.029000
2086.834280 29.999000 0.033000
2104.742040 29.999000 0.031000
2106.734260 29.999000 0.030000
2115.642070 29.999000 0.030000
2117.698490 29.999000 0.034000
2130.678160 29.999000 0.032000
2131.668580 29.999000 0.033000
2135.663360 29.999000 0.033000
2443.827490 29.999000 0.029000
2465.750280 29.999000 0.032000
2471.791060 29.999000 0.033000
2482.683730 29.999000 0.044000
2494.682310 29.999000 0.038000
2736.882680 29.999000 0.029000
2742.881480 29.999000 0.028000
2754.908500 29.999000 0.030000
2760.860370 29.999000 0.037000
2763.835170 29.999000 0.026000
2765.801530 29.999000 0.026000
2776.800160 29.999000 0.029000
2791.764630 29.999000 0.031000
2804.737190 29.999000 0.032000
2810.785390 29.999000 0.031000
3104.904690 29.999000 0.031000
3656.607230 29.999000 0.028000
3675.578400 29.999000 0.028000
3701.589300 29.999000 0.037000
3704.581470 29.999000 0.037000
3707.565250 29.999000 0.028000
3711.588830 29.999000 0.028000
3713.588380 29.999000 0.034000
3716.566390 29.999000 0.029000
3722.548620 29.999000 0.030000
3725.561680 29.999000 0.040000
3728.552090 29.999000 0.032000
3732.546890 29.999000 0.033000
3736.540720 29.999000 0.029000
3739.534100 29.999000 0.030000
3739.536480 29.999000 0.033000
3740.533160 29.999000 0.033000
3741.535660 29.999000 0.034000
3741.538040 29.999000 0.046000
3741.541440 29.999000 0.034000
3741.545590 29.999000 0.031000
3741.547960 29.999000 0.031000
3741.550460 29.999000 0.032000
3741.552950 29.999000 0.031000
3743.532150 29.999000 0.036000
3743.534630 29.999000 0.034000
3743.537230 29.999000 0.034000
3743.540560 29.999000 0.040000
3743.542940 29.999000 0.039000
3743.545470 29.999000 0.034000
3743.547990 29.999000 0.034000
3743.550490 29.999000 0.033000
4308.742940 29.999000 0.036000
4310.757650 29.999000 0.048000
4341.690140 29.999000 0.037000
4343.691860 29.999000 0.041000
4368.661040 29.999000 0.030000
4382.609740 29.999000 0.028000
5082.777240 29.999000 0.044000
1877.527670 12.426000 0.024000
2167.594290 14.225000 0.027000
2168.620170 14.278000 0.026000
2169.631350 14.280000 0.026000
2171.595560 14.092000 0.030000
2172.602870 13.874000 0.026000
2173.601270 14.156000 0.027000
2178.570960 13.776000 0.027000
2180.569760 13.648000 0.029000
2183.563770 13.218000 0.029000
2184.585080 13.484000 0.028000
2185.586830 13.417000 0.027000
2189.553050 12.974000 0.030000
2192.535040 12.686000 0.024000
2193.565780 12.581000 0.026000
2194.566240 12.520000 0.026000
2195.566280 12.475000 0.027000
2196.564090 12.358000 0.028000
2197.567250 12.306000 0.025000
2198.563890 12.266000 0.026000
2199.571030 12.123000 0.028000
2201.548690 12.059000 0.026000
2203.535880 11.955000 0.027000
2204.536960 11.904000 0.026000
2205.532700 11.814000 0.027000
2206.537600 11.772000 0.029000
2207.538080 11.747000 0.035000
2213.522550 11.542000 0.031000
2215.545870 11.375000 0.030000
2217.552830 11.262000 0.031000
2221.508120 10.911000 0.029000
2226.554500 10.537000 0.033000
2228.557880 10.408000 0.032000
2230.549720 10.367000 0.031000
2235.531780 10.221000 0.033000
3359.569740 13.906000 0.025000
3362.587220 13.702000 0.028000
3464.901170 13.836000 0.024000
3476.904660 12.542000 0.034000
3497.881440 11.329000 0.028000
3506.917550 11.288000 0.024000
3510.858310 11.166000 0.029000
3517.848800 10.907000 0.028000
3521.896210 10.767000 0.029000
3538.911770 10.633000 0.028000
3541.833850 10.673000 0.026000
3543.873250 10.736000 0.028000
3551.854990 10.831000 0.030000
3554.847570 10.932000 0.025000
3558.806140 10.968000 0.033000
3560.844200 11.027000 0.027000
3563.770880 11.069000 0.026000
3568.930010 11.119000 0.025000
3577.853540 11.146000 0.027000
3589.701890 11.278000 0.025000
3591.800040 11.261000 0.023000
3602.741530 11.657000 0.027000
3624.677200 12.434000 0.023000
3626.675040 12.679000 0.025000
3629.667360 13.053000 0.025000
3631.676150 12.752000 0.025000
3633.688990 12.875000 0.023000
3638.782850 12.960000 0.025000
3641.703190 13.358000 0.031000
3647.610150 13.495000 0.022000
3651.692010 13.398000 0.023000
3680.593660 14.853000 0.023000
3819.909080 11.389000 0.029000
3829.906830 10.652000 0.027000
3833.907010 10.419000 0.029000
3850.870440 9.876000 0.027000
3853.906800 9.822000 0.026000
3861.895440 9.724000 0.028000
3865.856740 9.695000 0.029000
3868.888510 9.732000 0.029000
3871.862930 9.743000 0.028000
3875.917470 9.803000 0.027000
3883.891160 9.963000 0.024000
3887.872330 10.067000 0.026000
3893.855390 10.246000 0.023000
3900.835580 10.426000 0.028000
3903.825410 10.577000 0.024000
3906.825460 10.691000 0.026000
3909.815940 10.855000 0.027000
3913.865130 11.007000 0.034000
4205.904060 10.950000 0.031000
4234.887110 11.679000 0.027000
4250.920630 12.042000 0.026000
4255.837420 12.110000 0.035000
4268.799320 12.448000 0.032000
4277.862960 12.602000 0.026000
4285.850160 13.181000 0.028000
4291.852600 12.939000 0.031000
4293.853410 13.129000 0.024000
4304.748990 13.435000 0.031000
4306.755130 13.353000 0.023000
4308.755550 14.026000 0.032000
4310.770870 13.285000 0.026000
4312.785810 13.499000 0.029000
4316.668470 13.418000 0.029000
4319.748940 13.820000 0.025000
4329.729340 13.941000 0.030000
4331.720460 14.285000 0.029000
4357.733570 14.153000 0.027000
4382.612940 14.237000 0.024000
4386.648100 14.254000 0.022000
4388.628010 14.743000 0.022000
4402.629090 13.793000 0.027000
4404.715820 14.086000 0.025000
4420.527690 13.340000 0.033000
4422.620250 13.029000 0.022000
4426.621690 13.025000 0.032000
4428.658140 12.664000 0.030000
4433.652770 12.288000 0.032000
4436.590980 12.075000 0.026000
4439.570690 11.857000 0.027000
4442.621540 11.655000 0.029000
4454.570390 10.700000 0.028000
4457.564440 10.533000 0.030000
4460.569350 10.339000 0.025000
4463.551790 10.160000 0.024000
4469.546850 9.866000 0.031000
4557.905850 10.728000 0.028000
4562.900030 10.880000 0.033000
4566.908180 11.103000 0.028000
4570.900950 11.247000 0.024000
4574.882330 11.357000 0.028000
4585.897610 11.737000 0.036000
4589.869840 11.889000 0.025000
4593.865370 12.021000 0.024000
4597.863600 12.188000 0.024000
4600.907150 12.298000 0.028000
4603.895960 12.166000 0.023000
4610.841310 12.507000 0.029000
4617.813780 12.806000 0.029000
4621.892260 13.027000 0.033000
4624.872760 13.111000 0.027000
4627.839600 13.226000 0.032000
4629.847920 13.242000 0.027000
4632.774460 13.138000 0.026000
4638.890470 13.388000 0.034000
4641.806850 13.580000 0.025000
4643.868240 13.552000 0.030000
4646.804710 14.113000 0.030000
4651.881810 14.100000 0.033000
4661.719450 14.238000 0.025000
4671.797200 14.440000 0.025000
4706.686430 14.856000 0.030000
4733.830000 15.296000 0.027000
4753.716380 13.784000 0.027000
4755.780680 13.870000 0.035000
4758.611570 13.558000 0.025000
4760.677730 13.370000 0.030000
4763.607740 13.167000 0.025000
4765.667230 12.667000 0.029000
4768.598290 12.519000 0.027000
4770.668310 12.370000 0.029000
4773.537210 12.086000 0.026000
4775.554770 11.960000 0.026000
4777.581710 11.815000 0.026000
4782.680280 11.464000 0.035000
4785.571180 11.315000 0.025000
4804.576800 10.468000 0.034000
4806.636350 10.398000 0.035000
5092.688330 11.969000 0.032000
5144.695250 10.023000 0.035000
2174.597380 13.726000 0.042000
2175.586620 13.801000 0.038000
2179.564110 13.820000 0.035000
2190.650500 12.821000 0.037000
2211.516160 11.624000 0.036000
2224.530150 10.652000 0.037000
2233.547080 10.236000 0.037000
2237.544320 10.188000 0.042000
2240.551380 10.149000 0.045000
2242.574430 10.125000 0.038000
2245.541650 10.065000 0.044000
2252.540540 9.925000 0.045000
3373.554190 14.509000 0.036000
3524.885910 10.734000 0.035000
3547.822450 10.785000 0.035000
3573.764460 11.128000 0.034000
3584.716680 11.228000 0.042000
3824.913290 11.014000 0.032000
3857.924170 9.780000 0.034000
4193.908660 10.694000 0.041000
4258.894200 12.134000 0.040000
4289.849600 12.919000 0.042000
4296.746230 13.306000 0.036000
4298.808070 13.354000 0.041000
4300.794220 13.426000 0.039000
4410.716720 13.998000 0.037000
4466.555710 9.971000 0.036000
4607.848850 12.379000 0.033000
4821.555810 9.981000 0.036000
4932.916820 13.206000 0.038000
4940.890400 13.845000 0.036000
4985.807360 14.566000 0.033000
5083.764750 13.249000 0.042000
5085.832370 13.323000 0.037000
5088.596810 12.573000 0.037000
5099.638340 11.087000 0.038000
5129.640610 9.919000 0.039000
5131.659680 9.906000 0.035000
2156.644340 29.999000 0.032000
2177.558560 29.999000 0.040000
3456.910470 29.999000 0.028000
3621.677630 29.999000 0.031000
3659.683830 29.999000 0.025000
3661.710250 29.999000 0.026000
3663.738810 29.999000 0.029000
3669.697700 29.999000 0.023000
3672.559520 29.999000 0.022000
3705.635750 29.999000 0.037000
3715.547980 29.999000 0.031000
3715.577860 29.999000 0.030000
4333.678860 29.999000 0.031000
4336.677240 29.999000 0.039000
4338.753350 29.999000 0.036000
4340.745210 29.999000 0.027000
4342.752430 29.999000 0.037000
4346.752460 29.999000 0.032000
4348.757760 29.999000 0.029000
4350.828440 29.999000 0.029000
4353.615550 29.999000 0.023000
4355.688310 29.999000 0.025000
4362.576220 29.999000 0.027000
4364.627850 29.999000 0.023000
4366.821900 29.999000 0.027000
4368.673610 29.999000 0.026000
4372.685160 29.999000 0.030000
4375.682000 29.999000 0.027000
4377.738510 29.999000 0.032000
4380.553150 29.999000 0.031000
4384.622160 29.999000 0.028000
4392.600630 29.999000 0.027000
4399.633170 29.999000 0.030000
4408.579540 29.999000 0.025000
4649.785470 29.999000 0.029000
4663.809200 29.999000 0.028000
4665.804330 29.999000 0.027000
4669.805190 29.999000 0.045000
4680.868090 29.999000 0.041000
4683.702970 29.999000 0.029000
4685.731610 29.999000 0.029000
4687.710010 29.999000 0.028000
4691.682480 29.999000 0.025000
4694.723320 29.999000 0.030000
4697.792890 29.999000 0.026000
4701.781270 29.999000 0.024000
4704.636320 29.999000 0.031000
4708.845520 29.999000 0.030000
4715.684600 29.999000 0.029000
4720.801420 29.999000 0.027000
4722.784470 29.999000 0.029000
4725.761020 29.999000 0.029000
4728.701360 29.999000 0.030000
4730.761670 29.999000 0.025000
4738.704930 29.999000 0.024000
4741.609100 29.999000 0.025000
4743.629240 29.999000 0.038000
4747.595880 29.999000 0.028000
4779.614240 29.999000 0.027000
4818.568330 29.999000 0.037000
4961.920330 29.999000 0.039000
4969.854960 29.999000 0.037000
4973.856250 29.999000 0.041000
4987.887080 29.999000 0.037000
4990.844450 29.999000 0.036000
4993.858320 29.999000 0.035000
5015.811130 29.999000 0.033000
5018.865610 29.999000 0.034000
5022.800100 29.999000 0.041000
5024.817540 29.999000 0.035000
5038.821810 29.999000 0.031000
5047.775120 29.999000 0.034000
2143.682600 15.023000 0.028000
2829.873200 12.500000 0.022000
2853.689220 10.811000 0.031000
2886.699620 9.674000 0.034000
2894.643560 9.565000 0.026000
2947.629640 10.581000 0.024000
2976.612680 11.758000 0.026000
4284.787910 12.856000 0.026000
4295.786980 13.019000 0.024000
4297.835400 13.145000 0.031000
4306.772410 13.468000 0.024000
4316.685770 13.605000 0.025000
4332.700200 14.101000 0.026000
4761.617390 13.167000 0.025000
4763.747280 13.494000 0.031000
4766.595460 12.919000 0.028000
4773.539650 12.082000 0.025000
4775.557360 11.960000 0.027000
4777.584280 11.836000 0.024000
4779.616900 11.700000 0.028000
4785.573750 11.296000 0.024000
4802.558520 10.543000 0.032000
4809.571050 10.292000 0.032000
2490.661610 13.793000 0.037000
4312.793540 12.833000 0.035000
4758.793850 13.922000 0.033000
4782.684460 11.457000 0.038000
4797.572040 10.846000 0.035000
4815.560490 10.049000 0.032000
5084.833100 13.059000 0.038000
5089.689610 12.404000 0.033000
5093.741000 11.757000 0.039000
5105.581650 10.766000 0.038000
5111.788710 10.485000 0.039000
5131.602750 9.908000 0.036000
5161.560400 10.352000 0.037000
2464.779730 29.999000 0.031000
2468.772030 29.999000 0.029000
2470.731590 29.999000 0.029000
2473.741640 29.999000 0.030000
2727.914150 29.999000 0.032000
2744.900950 29.999000 0.025000
2820.780670 29.999000 0.029000
3114.898160 29.999000 0.040000
3907.853310 29.999000 0.028000
4302.825480 29.999000 0.031000
4308.771290 29.999000 0.031000
4334.684000 29.999000 0.033000
4341.724800 29.999000 0.026000
4345.731730 29.999000 0.031000
4347.729400 29.999000 0.034000
4349.733530 29.999000 0.027000
4351.766750 29.999000 0.035000
4354.664100 29.999000 0.025000
4356.713920 29.999000 0.024000
4359.611410 29.999000 0.026000
4361.666170 29.999000 0.026000
4363.647250 29.999000 0.025000
4365.632320 29.999000 0.024000
4381.560800 29.999000 0.030000
4383.611680 29.999000 0.024000
4385.636880 29.999000 0.024000
4387.655160 29.999000 0.023000
4389.618390 29.999000 0.027000
4393.575960 29.999000 0.032000
4697.822220 29.999000 0.027000
4704.669880 29.999000 0.031000
4724.686020 29.999000 0.029000
4726.738820 29.999000 0.028000
4734.648390 29.999000 0.033000
4738.800420 29.999000 0.026000
4741.674890 29.999000 0.025000
4747.640100 29.999000 0.027000
4750.594610 29.999000 0.032000
4754.696930 29.999000 0.036000
4756.726060 29.999000 0.037000
5018.887030 29.999000 0.034000
5075.679950 29.999000 0.040000
