1879.521240 13.712000 0.030000
1886.532110 13.489000 0.031000
2025.879760 9.615000 0.030000
2027.844670 9.681000 0.031000
2032.922810 9.848000 0.032000
2056.880980 10.578000 0.031000
2057.856880 10.615000 0.032000
2069.725980 10.976000 0.034000
2070.894650 11.021000 0.033000
2080.728570 11.360000 0.031000
2081.844860 11.430000 0.031000
2085.830870 11.603000 0.032000
2086.823590 11.600000 0.031000
2103.755620 12.183000 0.034000
2104.733490 12.218000 0.033000
2114.745490 12.568000 0.031000
2116.703490 12.560000 0.029000
2117.697210 12.765000 0.030000
2129.677710 13.108000 0.034000
2130.674710 13.254000 0.033000
2131.667370 13.239000 0.031000
2132.675800 13.266000 0.029000
2133.669780 13.309000 0.029000
2135.662180 13.393000 0.031000
2136.663950 13.356000 0.030000
2145.634890 13.580000 0.029000
2191.539890 13.434000 0.029000
2194.602400 13.447000 0.027000
2196.536220 13.417000 0.031000
2198.527060 13.247000 0.028000
2216.535080 12.776000 0.034000
2221.558450 12.365000 0.033000
2225.507220 12.155000 0.030000
2237.552920 11.595000 0.039000
2439.799710 11.773000 0.027000
2440.794150 11.814000 0.027000
2442.789070 11.843000 0.037000
2443.802670 11.973000 0.027000
2444.785850 11.950000 0.026000
2445.772340 11.983000 0.027000
2446.789610 11.950000 0.033000
2460.660960 12.582000 0.035000
2464.742560 12.787000 0.032000
2465.741980 12.791000 0.029000
2466.733340 12.762000 0.026000
2467.734720 12.777000 0.025000
2473.709020 13.123000 0.033000
2489.643840 13.488000 0.026000
2520.675410 13.907000 0.027000
2523.805000 13.753000 0.028000
2526.586750 13.483000 0.033000
2543.549000 12.969000 0.033000
2545.662140 13.119000 0.027000
2559.691960 12.555000 0.027000
2560.660260 12.564000 0.028000
2562.542830 12.304000 0.031000
2563.584630 12.488000 0.029000
2564.598170 12.467000 0.030000
2566.636780 12.398000 0.031000
2621.575770 9.174000 0.028000
2625.556830 8.957000 0.028000
2628.565650 8.827000 0.032000
2636.544990 8.479000 0.029000
2640.528840 8.346000 0.030000
2727.892240 10.498000 0.033000
2730.898510 10.622000 0.027000
2734.883310 10.830000 0.028000
2737.882850 10.906000 0.029000
2740.883360 11.011000 0.028000
2743.874180 11.147000 0.030000
2751.859220 11.431000 0.031000
2755.839900 11.541000 0.026000
2760.864780 11.707000 0.029000
2765.803380 11.988000 0.027000
2776.795390 12.148000 0.029000
2783.790960 12.497000 0.028000
2787.837390 12.402000 0.034000
2791.756810 12.632000 0.032000
2810.775650 13.094000 0.032000
2812.773250 13.198000 0.028000
2815.903770 13.017000 0.031000
2819.817520 13.151000 0.029000
2821.845550 13.160000 0.028000
2829.775490 12.805000 0.032000
2831.721740 12.954000 0.027000
2832.799740 13.006000 0.026000
2838.883540 12.823000 0.029000
2843.730890 12.917000 0.030000
2853.650750 12.570000 0.034000
2854.862040 12.648000 0.029000
2858.687000 12.805000 0.026000
2859.814000 13.028000 0.026000
2861.660680 12.663000 0.033000
2865.768620 12.862000 0.037000
2867.661000 12.970000 0.029000
2872.760780 12.786000 0.026000
2872.873220 12.898000 0.028000
2872.875430 12.948000 0.027000
2872.877640 12.848000 0.026000
2872.879850 12.812000 0.027000
2872.882060 12.789000 0.027000
2872.884270 12.868000 0.027000
2872.886500 12.885000 0.027000
2872.888710 12.859000 0.026000
2872.890920 12.846000 0.027000
2872.893130 12.851000 0.027000
2872.897560 12.803000 0.027000
2872.899770 12.837000 0.027000
2872.905040 12.875000 0.026000
2872.910390 12.904000 0.027000
2872.920640 12.877000 0.031000
2874.599300 12.868000 0.026000
2874.732220 12.876000 0.029000
2874.781270 12.828000 0.026000
2875.769180 12.819000 0.027000
2877.718620 12.823000 0.029000
2879.803660 12.781000 0.030000
2883.609710 12.679000 0.026000
2886.619890 12.709000 0.028000
2892.739100 12.556000 0.029000
2895.753820 12.444000 0.030000
2899.720350 12.338000 0.029000
2902.694210 12.351000 0.031000
2905.584470 12.340000 0.027000
2907.755600 12.292000 0.028000
2911.659800 12.138000 0.027000
2917.674840 11.935000 0.028000
2924.735150 11.581000 0.029000
2927.664770 11.381000 0.028000
2929.670640 11.301000 0.032000
2931.676700 11.171000 0.029000
2933.666450 11.093000 0.030000
2937.667840 10.799000 0.030000
2940.691610 10.555000 0.027000
2942.607490 10.371000 0.030000
2949.622290 9.629000 0.030000
2953.643720 9.188000 0.034000
2957.643990 8.832000 0.027000
2964.552670 8.330000 0.028000
2966.572160 8.212000 0.027000
2968.582350 8.124000 0.028000
2972.525660 8.012000 0.028000
2974.553940 7.980000 0.028000
2976.579660 7.959000 0.028000
2978.597320 7.952000 0.029000
2981.562120 7.962000 0.030000
2983.578420 8.002000 0.031000
2985.584450 8.003000 0.030000
2989.550500 8.095000 0.028000
2992.544820 8.169000 0.028000
2995.546510 8.235000 0.030000
3000.527280 8.385000 0.032000
3100.899400 12.160000 0.034000
3110.893040 12.395000 0.031000
3144.915090 13.404000 0.040000
3154.779720 13.482000 0.028000
3157.904640 13.617000 0.030000
3160.855120 13.684000 0.037000
3163.898140 13.473000 0.028000
3179.900100 13.915000 0.028000
3185.798070 13.730000 0.028000
3187.832950 13.477000 0.029000
3266.615190 10.314000 0.028000
3296.592320 8.233000 0.029000
3355.531210 8.909000 0.028000
3358.554970 9.008000 0.029000
3455.906300 12.616000 0.036000
3465.893570 12.866000 0.031000
3473.888190 13.224000 0.027000
3489.879770 13.402000 0.034000
3492.888830 13.638000 0.035000
3506.905290 13.624000 0.038000
3521.860360 13.383000 0.032000
3530.887410 12.898000 0.034000
3547.869180 12.141000 0.034000
3551.858140 12.245000 0.031000
3560.811980 11.991000 0.033000
3563.748950 11.868000 0.027000
3569.821930 11.673000 0.028000
3571.805730 11.569000 0.029000
3573.864800 11.493000 0.030000
3576.699280 11.388000 0.028000
3578.842330 11.292000 0.028000
3582.907250 11.077000 0.033000
3585.686400 10.889000 0.028000
3587.726200 10.786000 0.028000
3589.875760 10.649000 0.031000
3592.672380 10.412000 0.031000
3596.702330 10.083000 0.027000
3603.637140 9.530000 0.028000
3617.655390 8.728000 0.031000
3619.735260 8.656000 0.036000
3625.634660 8.397000 0.032000
3628.623830 8.300000 0.029000
3630.678280 8.226000 0.031000
3632.697300 8.168000 0.030000
3634.722160 8.081000 0.031000
3637.705530 7.970000 0.027000
3639.800340 7.902000 0.030000
3642.680020 7.788000 0.028000
3644.747780 7.713000 0.035000
3648.622150 7.629000 0.032000
3650.685100 7.612000 0.027000
3652.677090 7.586000 0.035000
3655.655390 7.670000 0.034000
3659.711980 7.722000 0.030000
3661.740790 7.784000 0.033000
3664.536960 7.841000 0.032000
3666.636780 7.946000 0.029000
3670.540640 8.098000 0.027000
3672.590600 8.189000 0.028000
3674.688480 8.290000 0.029000
3680.617820 8.565000 0.029000
3699.563090 9.340000 0.029000
3704.614070 9.510000 0.031000
3707.592340 9.603000 0.029000
3713.593650 9.746000 0.033000
3716.568630 9.867000 0.030000
3720.533740 10.001000 0.030000
3727.529950 10.227000 0.035000
3735.529050 10.537000 0.033000
3827.902150 13.654000 0.028000
3835.892010 13.966000 0.033000
3853.882810 13.721000 0.026000
3857.898510 13.931000 0.032000
3861.867490 13.984000 0.030000
3864.919730 13.457000 0.032000
3867.866340 13.215000 0.031000
3870.835570 13.245000 0.032000
3875.894920 13.503000 0.031000
3887.859510 12.399000 0.028000
3894.866400 12.007000 0.030000
3904.806690 11.723000 0.030000
3906.857520 11.686000 0.029000
3913.835430 11.605000 0.034000
4204.905100 12.194000 0.030000
4255.810530 10.420000 0.032000
4272.838860 9.096000 0.035000
4277.822100 8.592000 0.025000
4293.817100 7.896000 0.031000
4310.755410 7.901000 0.027000
4312.768730 7.922000 0.033000
4319.728130 8.052000 0.037000
4341.671530 8.721000 0.033000
4347.673210 8.953000 0.038000
4356.577840 9.312000 0.026000
4362.691130 9.568000 0.025000
4364.609000 9.671000 0.028000
4367.639950 9.781000 0.029000
4369.671380 9.851000 0.032000
4371.697800 9.948000 0.030000
4373.707950 10.023000 0.029000
4376.700810 10.142000 0.029000
4383.635490 10.374000 0.030000
4385.664760 10.431000 0.037000
4393.607380 10.781000 0.038000
4409.654880 11.077000 0.033000
4413.594570 11.214000 0.029000
4429.626340 11.593000 0.032000
4432.593380 11.701000 0.027000
4435.568490 11.780000 0.028000
4438.562260 11.920000 0.029000
4440.606010 11.829000 0.027000
4444.544140 12.090000 0.031000
4466.528400 12.743000 0.037000
4564.904130 11.425000 0.027000
4572.890750 11.023000 0.028000
4585.885120 10.221000 0.029000
4588.921190 9.985000 0.027000
4601.858190 8.685000 0.027000
4607.810600 8.108000 0.035000
4610.819110 7.866000 0.033000
4617.796260 7.389000 0.032000
4621.860340 7.246000 0.035000
4624.843590 7.200000 0.028000
4630.819710 7.196000 0.027000
4632.819390 7.198000 0.027000
4639.803420 7.224000 0.030000
4641.853900 7.255000 0.029000
4653.818200 7.477000 0.027000
4655.840460 7.536000 0.026000
4661.795030 7.737000 0.027000
4674.729690 8.245000 0.033000
4677.789750 8.384000 0.034000
4686.733980 8.810000 0.031000
4690.719840 8.993000 0.028000
4707.697430 9.679000 0.038000
4716.637420 10.048000 0.027000
4724.660650 10.367000 0.031000
4726.706960 10.446000 0.030000
4729.666350 10.549000 0.030000
4739.567650 10.900000 0.030000
4746.554430 11.161000 0.034000
4753.585060 11.403000 0.030000
4755.614440 11.583000 0.036000
4767.654380 11.974000 0.032000
4774.590520 12.056000 0.034000
4776.610140 12.125000 0.035000
4780.631050 12.354000 0.037000
4784.587370 12.587000 0.038000
4787.587820 12.795000 0.036000
4807.551950 13.047000 0.036000
4816.556730 13.432000 0.036000
5041.692060 10.324000 0.036000
5089.693890 11.999000 0.035000
2757.889090 12.106000 0.036000
1876.540390 13.993000 0.029000
2058.870300 10.660000 0.032000
2105.730660 12.184000 0.030000
2106.732840 12.204000 0.032000
2115.723630 12.601000 0.031000
2128.674190 13.177000 0.033000
2134.668350 13.620000 0.033000
2141.651130 13.503000 0.030000
2143.646750 13.725000 0.032000
2144.644980 13.540000 0.030000
2205.509420 13.034000 0.030000
2874.623460 12.854000 0.026000
2874.646460 12.819000 0.029000
2874.670740 12.818000 0.025000
2874.756960 12.885000 0.026000
2874.805570 12.898000 0.027000
2874.829780 12.821000 0.026000
2874.853550 12.920000 0.030000
2874.877390 12.961000 0.032000
2951.637750 9.398000 0.029000
3131.846250 13.149000 0.031000
3169.823440 13.783000 0.028000
3459.902410 12.593000 0.029000
3469.898920 13.025000 0.036000
3554.824310 12.162000 0.031000
3831.903870 13.734000 0.034000
3849.897830 13.758000 0.028000
4230.882800 11.393000 0.038000
4233.929150 11.348000 0.029000
4250.891740 10.602000 0.031000
4258.844860 10.276000 0.028000
4285.824580 8.109000 0.034000
4291.826970 7.924000 0.027000
4297.869680 7.825000 0.032000
4302.778350 7.826000 0.038000
4308.734540 7.875000 0.034000
4332.682180 8.366000 0.029000
4336.877860 8.505000 0.029000
4339.672540 8.614000 0.028000
4349.672910 9.017000 0.033000
4351.679320 9.096000 0.033000
4353.814640 9.198000 0.030000
4358.618140 9.387000 0.030000
4379.527330 10.225000 0.027000
4381.586620 10.315000 0.031000
4387.688030 10.483000 0.034000
4403.653000 10.912000 0.028000
4407.638630 11.007000 0.031000
4423.604540 11.376000 0.033000
4427.604860 11.513000 0.032000
4453.561190 12.270000 0.031000
4457.547960 12.322000 0.035000
4560.902800 11.579000 0.028000
4568.897270 11.300000 0.037000
4575.918200 10.920000 0.030000
4594.896220 9.405000 0.028000
4643.851050 7.248000 0.032000
4648.834390 7.353000 0.028000
4651.769930 7.395000 0.034000
4663.840890 7.810000 0.032000
4665.782960 7.884000 0.030000
4671.767170 8.139000 0.026000
4682.773770 8.647000 0.028000
4684.776020 8.709000 0.033000
4696.837290 9.252000 0.031000
4698.760760 9.338000 0.031000
4700.760990 9.397000 0.030000
4702.812160 9.483000 0.026000
4721.624330 10.214000 0.030000
4741.748630 10.987000 0.032000
4748.580870 11.218000 0.037000
4750.707780 11.251000 0.032000
4757.677710 11.551000 0.033000
4765.585160 11.843000 0.031000
4772.598810 12.030000 0.029000
4947.876720 9.321000 0.035000
4975.889460 7.774000 0.036000
2168.604640 14.012000 0.029000
2553.708500 13.071000 0.034000
3177.804400 13.737000 0.031000
2039.842820 10.052000 0.038000
2052.841170 10.483000 0.034000
2054.921420 10.516000 0.038000
2067.749480 10.968000 0.034000
2068.729670 10.950000 0.032000
2087.784770 11.515000 0.037000
2229.569130 12.035000 0.040000
2556.714800 12.653000 0.042000
2578.651000 12.006000 0.033000
2721.907010 10.245000 0.037000
2769.928720 12.074000 0.039000
2897.757550 12.340000 0.033000
2922.669840 11.613000 0.035000
2935.661150 10.932000 0.030000
2945.535630 10.077000 0.031000
3127.847410 13.008000 0.039000
3294.541930 8.313000 0.032000
3477.885500 13.209000 0.035000
3542.796510 12.299000 0.038000
3600.876700 9.719000 0.036000
3621.851920 8.527000 0.036000
3657.677550 7.644000 0.039000
3677.576740 8.458000 0.034000
3701.627420 9.398000 0.040000
3711.594140 9.715000 0.033000
3731.529020 10.368000 0.038000
3823.901830 13.715000 0.033000
3883.865860 12.579000 0.040000
3898.791860 11.898000 0.036000
3909.788040 11.628000 0.034000
4227.903570 11.515000 0.039000
4268.776190 9.625000 0.041000
4289.824400 8.000000 0.040000
4304.733430 7.829000 0.035000
4316.645260 7.971000 0.042000
4389.663420 10.552000 0.041000
4400.637290 10.850000 0.040000
4420.645170 11.316000 0.040000
4646.774220 7.308000 0.037000
4658.759650 7.599000 0.042000
4705.617100 9.585000 0.039000
4709.781030 9.759000 0.039000
4719.729270 10.172000 0.038000
4731.759510 10.627000 0.039000
4760.583030 11.687000 0.039000
4770.562100 11.992000 0.042000
4778.598320 12.247000 0.036000
4792.599120 12.670000 0.041000
4820.552500 13.986000 0.037000
4827.530240 13.478000 0.036000
4951.869170 8.878000 0.042000
4972.910340 7.732000 0.037000
4987.861590 8.047000 0.041000
4990.820430 8.120000 0.039000
4993.828220 8.216000 0.037000
5015.772280 9.135000 0.042000
5018.830600 9.293000 0.038000
5022.780490 9.479000 0.040000
5024.799740 9.586000 0.035000
5048.662180 10.627000 0.039000
5063.707430 11.116000 0.041000
5070.771830 11.459000 0.042000
5082.797330 11.734000 0.042000
5104.632810 12.506000 0.039000
5110.738940 12.934000 0.042000
1873.588650 13.986000 0.034000
1997.896210 8.905000 0.039000
2011.867730 9.190000 0.042000
2053.852910 10.469000 0.034000
2083.723930 11.470000 0.041000
2088.771520 11.665000 0.032000
2093.689120 11.782000 0.033000
2094.693770 11.809000 0.033000
2096.682060 11.884000 0.037000
2884.777000 12.365000 0.037000
3524.855610 13.942000 0.042000
3544.813330 12.380000 0.034000
4090.539450 11.578000 0.041000
4334.662750 8.468000 0.041000
4734.732870 10.733000 0.040000
4798.590560 12.855000 0.038000
4801.565230 12.978000 0.039000
4804.544330 13.024000 0.038000
4961.891770 7.852000 0.040000
4968.887870 7.710000 0.039000
4985.789340 7.987000 0.039000
5039.701680 10.231000 0.039000
2227.545470 12.167000 0.038000
2235.510790 11.806000 0.037000
2551.580790 12.986000 0.039000
2156.629010 29.999000 0.035000
2171.577580 29.999000 0.029000
2178.555450 29.999000 0.029000
2207.523970 29.999000 0.035000
2482.682440 29.999000 0.039000
2499.661770 29.999000 0.029000
2834.717210 29.999000 0.032000
2167.578880 29.999000 0.031000
2173.587950 29.999000 0.028000
2203.515650 29.999000 0.032000
2493.676600 29.999000 0.034000
2494.678840 29.999000 0.033000
2498.664940 29.999000 0.032000
2508.693050 29.999000 0.029000
2510.678000 29.999000 0.037000
3182.839450 29.999000 0.033000
4823.543830 29.999000 0.035000
2184.573880 29.999000 0.030000
2189.537320 29.999000 0.030000
2193.534200 29.999000 0.028000
2201.516620 29.999000 0.029000
2490.687980 29.999000 0.030000
2497.672690 29.999000 0.027000
2539.717990 29.999000 0.041000
2554.702090 29.999000 0.041000
3497.866510 29.999000 0.029000
5129.628750 29.999000 0.042000
2179.557560 29.999000 0.038000
2185.571180 29.999000 0.030000
2214.518380 29.999000 0.035000
2471.787300 29.999000 0.033000
2486.693810 29.999000 0.032000
2495.675270 29.999000 0.032000
2521.685000 29.999000 0.027000
2804.729510 29.999000 0.032000
3190.837620 29.999000 0.036000
3901.877280 29.999000 0.031000
2156.640820 13.779000 0.036000
3363.544520 9.227000 0.033000
2040.816880 10.058000 0.035000
2177.548250 29.999000 0.036000
2473.733500 13.149000 0.032000
2853.687950 12.577000 0.029000
2894.642470 12.577000 0.031000
3177.839300 13.525000 0.030000
2453.724170 12.311000 0.039000
2490.714940 29.999000 0.034000
