2524.657770 13.201000 0.038000
2526.683830 13.241000 0.046000
2543.649320 11.697000 0.050000
2545.630560 11.532000 0.045000
2564.568690 11.512000 0.052000
2565.605890 11.554000 0.056000
2578.557670 11.887000 0.044000
2782.897330 14.037000 0.038000
2784.848130 13.922000 0.043000
2786.835380 13.845000 0.046000
2790.853410 13.421000 0.053000
2804.792010 12.123000 0.048000
2809.831760 11.658000 0.042000
2811.767420 11.431000 0.039000
2812.873180 11.255000 0.038000
2816.873460 10.931000 0.049000
2820.727030 10.729000 0.033000
2829.747700 10.488000 0.037000
2831.700060 10.496000 0.031000
2832.760550 10.477000 0.036000
2843.705960 10.724000 0.038000
2851.712170 11.039000 0.033000
2858.758300 11.381000 0.034000
2860.655900 11.453000 0.033000
2867.617160 11.789000 0.037000
2872.649150 12.095000 0.037000
2875.658500 12.262000 0.041000
2877.645250 12.342000 0.039000
2879.657430 12.454000 0.038000
2884.633010 12.691000 0.038000
2886.581130 12.747000 0.036000
2893.700550 12.947000 0.044000
2895.663210 13.302000 0.041000
2897.674690 13.323000 0.044000
2902.546780 13.404000 0.037000
2905.573730 13.483000 0.034000
2908.592350 13.610000 0.045000
2910.612590 13.493000 0.047000
2912.568580 13.861000 0.038000
3146.849650 12.394000 0.045000
3153.873130 12.762000 0.040000
3156.850140 12.870000 0.038000
3164.859720 13.371000 0.036000
3179.843300 14.040000 0.038000
3621.562040 13.683000 0.049000
3624.590970 13.705000 0.036000
3629.588080 13.044000 0.049000
3631.585780 12.737000 0.050000
3633.603250 12.473000 0.047000
3638.693430 11.951000 0.054000
3641.662120 11.768000 0.055000
3647.661070 11.424000 0.038000
3650.532830 11.299000 0.041000
3657.518390 11.240000 0.051000
3659.572090 11.291000 0.054000
3663.597760 11.261000 0.046000
3669.588340 11.435000 0.045000
3894.805690 13.591000 0.036000
3902.833650 12.742000 0.046000
3904.858330 12.546000 0.046000
3906.904340 12.412000 0.056000
4192.909640 12.171000 0.040000
4205.909420 11.831000 0.043000
4227.917180 12.087000 0.044000
4232.854680 12.367000 0.043000
4253.852370 13.415000 0.050000
4258.866140 13.796000 0.042000
4724.551380 13.687000 0.058000
4739.534320 11.793000 0.044000
4742.524060 11.647000 0.059000
4744.537620 11.569000 0.050000
4750.523400 11.467000 0.051000
4753.538150 11.468000 0.046000
4764.535560 11.609000 0.048000
4767.531830 11.748000 0.044000
4778.515750 12.097000 0.051000
4785.526650 12.303000 0.054000
5038.831890 12.176000 0.045000
3616.625810 13.707000 0.043000
4235.879520 12.505000 0.041000
4247.859770 13.122000 0.036000
4561.907350 14.075000 0.045000
4726.604720 13.420000 0.059000
4729.597900 13.040000 0.048000
4772.556580 11.821000 0.039000
2018.850470 12.879000 0.054000
2520.723450 13.532000 0.063000
2552.613350 11.461000 0.047000
2553.636210 11.476000 0.075000
2579.561720 11.875000 0.066000
2836.760280 10.584000 0.042000
2882.702050 12.676000 0.050000
3142.874120 12.191000 0.060000
3170.804690 13.685000 0.055000
3177.775000 13.943000 0.048000
3596.669590 15.140000 0.075000
3618.762390 14.001000 0.070000
3644.558970 11.600000 0.073000
3652.539880 11.353000 0.088000
3661.592550 11.325000 0.065000
3665.619420 11.314000 0.070000
3672.529010 11.512000 0.067000
3701.518430 12.571000 0.085000
3704.517110 12.901000 0.078000
3892.847950 13.560000 0.067000
4430.526910 14.478000 0.076000
4731.620300 12.712000 0.073000
4734.643280 12.261000 0.074000
4755.588070 11.473000 0.061000
4758.549470 11.505000 0.062000
4761.538620 11.669000 0.063000
4770.517090 11.876000 0.055000
4782.523700 12.256000 0.070000
5013.740340 12.589000 0.048000
5015.743600 12.512000 0.058000
5018.779500 12.440000 0.046000
5023.773460 12.241000 0.044000
5040.776380 12.258000 0.051000
5067.694490 12.651000 0.052000
5082.683060 13.058000 0.049000
5084.721150 13.424000 0.050000
5087.562930 13.472000 0.058000
5089.613830 13.557000 0.048000
5093.677670 13.540000 0.049000
5097.714170 14.145000 0.048000
1995.897990 13.167000 0.056000
1997.907040 13.100000 0.049000
3588.798960 15.087000 0.078000
4798.518940 12.986000 0.068000
5008.783730 13.072000 0.052000
5042.711680 12.201000 0.055000
2196.543960 29.999000 0.066000
2198.543550 29.999000 0.055000
2203.547810 29.999000 0.067000
2439.783930 29.999000 0.036000
2443.777700 29.999000 0.036000
2464.724940 29.999000 0.039000
2465.723960 29.999000 0.034000
2466.716790 29.999000 0.034000
2467.718530 29.999000 0.030000
2486.671860 29.999000 0.042000
2489.632640 29.999000 0.053000
2510.570830 29.999000 0.060000
2738.898850 29.999000 0.037000
2758.866420 29.999000 0.037000
2761.846670 29.999000 0.041000
2913.676100 29.999000 0.048000
2918.546710 29.999000 0.043000
2921.655040 29.999000 0.038000
2926.628880 29.999000 0.045000
2930.625810 29.999000 0.041000
2932.618860 29.999000 0.039000
2934.613290 29.999000 0.042000
2939.618070 29.999000 0.039000
2949.538070 29.999000 0.038000
2954.525470 29.999000 0.045000
2956.552080 29.999000 0.041000
2958.553040 29.999000 0.034000
2960.559330 29.999000 0.040000
2966.522160 29.999000 0.040000
2969.519860 29.999000 0.040000
3182.787930 29.999000 0.039000
3274.556760 29.999000 0.043000
3276.651460 29.999000 0.056000
3292.547060 29.999000 0.037000
3456.912300 29.999000 0.040000
3474.899990 29.999000 0.041000
3497.890710 29.999000 0.042000
3516.874330 29.999000 0.047000
3526.825260 29.999000 0.043000
3554.777190 29.999000 0.043000
3560.768210 29.999000 0.043000
3562.871210 29.999000 0.088000
3564.763270 29.999000 0.039000
3569.739420 29.999000 0.045000
3571.739060 29.999000 0.041000
3574.753390 29.999000 0.038000
3576.768650 29.999000 0.042000
3588.786480 29.999000 0.083000
3588.791480 29.999000 0.073000
3588.796450 29.999000 0.075000
3588.812360 29.999000 0.082000
3588.823720 29.999000 0.065000
3602.662130 29.999000 0.043000
3829.908740 29.999000 0.043000
3850.872820 29.999000 0.042000
3853.903950 29.999000 0.041000
3857.920520 29.999000 0.044000
3861.889430 29.999000 0.042000
3867.868700 29.999000 0.040000
3870.838700 29.999000 0.042000
3872.866450 29.999000 0.048000
3880.855190 29.999000 0.039000
3887.838520 29.999000 0.053000
4276.771940 29.999000 0.041000
4278.776810 29.999000 0.036000
4282.731540 29.999000 0.073000
4303.719540 29.999000 0.040000
4305.717980 29.999000 0.044000
4307.694860 29.999000 0.049000
4319.689820 29.999000 0.055000
4329.660840 29.999000 0.039000
4331.657190 29.999000 0.051000
4333.625330 29.999000 0.035000
4336.603440 29.999000 0.036000
4344.638510 29.999000 0.066000
4346.635740 29.999000 0.060000
4348.641200 29.999000 0.071000
4350.647460 29.999000 0.079000
4353.591230 29.999000 0.045000
4355.670590 29.999000 0.039000
4362.547270 29.999000 0.044000
4368.563540 29.999000 0.046000
4372.585740 29.999000 0.068000
4377.628630 29.999000 0.063000
4382.554170 29.999000 0.034000
4384.587460 29.999000 0.043000
4386.617570 29.999000 0.038000
4388.590080 29.999000 0.043000
4400.538910 29.999000 0.073000
4407.577420 29.999000 0.048000
4410.567120 29.999000 0.058000
4427.521740 29.999000 0.057000
4433.520490 29.999000 0.062000
4569.913810 29.999000 0.041000
4573.897430 29.999000 0.050000
4577.887480 29.999000 0.044000
4587.887520 29.999000 0.039000
4591.873400 29.999000 0.041000
4602.845900 29.999000 0.045000
4606.896320 29.999000 0.049000
4615.886690 29.999000 0.036000
4627.843760 29.999000 0.042000
4629.827100 29.999000 0.037000
4631.826010 29.999000 0.044000
4633.819890 29.999000 0.056000
4700.671150 29.999000 0.039000
2201.535320 29.999000 0.060000
2212.546500 29.999000 0.065000
2215.569140 29.999000 0.077000
2219.502800 29.999000 0.068000
2224.518440 29.999000 0.084000
2444.770260 29.999000 0.033000
2445.759060 29.999000 0.038000
2446.771750 29.999000 0.051000
2473.689110 29.999000 0.035000
2724.908080 29.999000 0.037000
2728.900860 29.999000 0.033000
2732.909650 29.999000 0.041000
2755.851660 29.999000 0.034000
2764.853450 29.999000 0.039000
2769.903360 29.999000 0.052000
2928.628660 29.999000 0.045000
2946.515620 29.999000 0.048000
2951.549220 29.999000 0.037000
2963.534940 29.999000 0.040000
3187.783390 29.999000 0.040000
3191.785170 29.999000 0.060000
3279.538430 29.999000 0.059000
3295.521140 29.999000 0.052000
3466.914140 29.999000 0.055000
3470.910110 29.999000 0.039000
3478.892260 29.999000 0.048000
3501.872570 29.999000 0.055000
3508.912910 29.999000 0.043000
3511.862830 29.999000 0.046000
3520.883730 29.999000 0.073000
3538.832020 29.999000 0.039000
3547.812190 29.999000 0.063000
3551.802550 29.999000 0.049000
3579.830500 29.999000 0.051000
3585.823740 29.999000 0.059000
3588.765860 29.999000 0.067000
3588.768270 29.999000 0.082000
3588.770760 29.999000 0.067000
3588.774090 29.999000 0.077000
3588.776460 29.999000 0.076000
3588.778960 29.999000 0.079000
3588.781460 29.999000 0.069000
3588.783960 29.999000 0.070000
3588.788990 29.999000 0.082000
3588.793990 29.999000 0.081000
3588.806510 29.999000 0.069000
3588.817710 29.999000 0.065000
3588.839760 29.999000 0.072000
3589.797800 29.999000 0.060000
3589.826310 29.999000 0.051000
3590.707730 29.999000 0.062000
3833.911770 29.999000 0.046000
3864.913540 29.999000 0.043000
4273.790170 29.999000 0.036000
4285.793470 29.999000 0.045000
4289.785160 29.999000 0.039000
4291.786500 29.999000 0.039000
4293.773650 29.999000 0.036000
4295.785220 29.999000 0.040000
4299.746010 29.999000 0.043000
4301.727880 29.999000 0.051000
4316.704140 29.999000 0.038000
4340.642780 29.999000 0.054000
4342.638840 29.999000 0.055000
4357.701920 29.999000 0.038000
4359.733400 29.999000 0.051000
4375.601300 29.999000 0.057000
4379.657680 29.999000 0.051000
4403.576890 29.999000 0.050000
4565.911150 29.999000 0.047000
4595.856360 29.999000 0.039000
4609.861170 29.999000 0.042000
4622.794540 29.999000 0.043000
4641.816390 29.999000 0.040000
4643.823630 29.999000 0.045000
4646.755720 29.999000 0.046000
4648.793060 29.999000 0.053000
4651.738180 29.999000 0.040000
4653.766290 29.999000 0.053000
4655.767100 29.999000 0.041000
4658.721150 29.999000 0.044000
4661.711230 29.999000 0.045000
4663.744200 29.999000 0.039000
4671.729120 29.999000 0.037000
4674.694120 29.999000 0.049000
4677.754630 29.999000 0.064000
4679.765510 29.999000 0.052000
4684.744730 29.999000 0.061000
4686.683540 29.999000 0.067000
4690.672290 29.999000 0.044000
4696.775490 29.999000 0.038000
4698.675400 29.999000 0.045000
4702.679280 29.999000 0.042000
4704.715250 29.999000 0.043000
4706.751280 29.999000 0.045000
4709.663960 29.999000 0.052000
4715.671140 29.999000 0.046000
4937.893510 29.999000 0.051000
4948.894840 29.999000 0.049000
4952.879700 29.999000 0.046000
4961.884610 29.999000 0.067000
4969.914170 29.999000 0.057000
4973.829350 29.999000 0.056000
4984.874610 29.999000 0.059000
4988.854420 29.999000 0.053000
4991.808370 29.999000 0.051000
5031.841650 29.999000 0.043000
5099.684120 29.999000 0.052000
5105.548050 29.999000 0.048000
5116.536690 29.999000 0.052000
